SpecificEnergy,SEIGrouth,TempIncrease,Price,UpperViolation,LowerViolation,VolFracViolation,C,la,lp,lo,ln,lz,Lh,Rp,Rn,Rcell,efp,efo,efn,mat,Ns,Np
-241726.840405411,2.3644057450279305,0.06693421182739834,79517.04132376442,-1.0708828852683183,-3.729117114731693,-0.4437869657339325,0.22453947650204847,1.3972914598402016e-05,8.934472427612923e-05,8.483449715537836e-05,7.179632036720754e-05,2.9921291502820902e-05,0.06856321148103567,2.6773353206937483e-06,4.657045397819258e-05,0.024487798491462168,0.2439016181480615,0.06653681345530871,0.17577460266269732,LFP,13,21
-53086.74493047637,2.236606717212501,0.008848551681940509,57412.71035550779,-4.239975573158972,-0.5600244268410393,-0.599311707713999,0.20111110343382463,2.4212291470272307e-05,0.00011860283075073582,7.658341077085148e-05,0.00010865024165478554,1.6040723747790152e-05,0.07940042243316704,2.683589397052017e-06,4.199901399244305e-05,0.00980473473167014,0.04074496758112231,0.24820704300883328,0.04173628169604549,LFP,12,82
-26553.203680807328,2.307917905321947,0.010901945697674964,18936.86818807346,-4.180804126131051,-0.6191958738689607,-0.43690743642138663,0.20215453621564505,2.5196287215232186e-05,0.00010887893439671541,5.4393593428100204e-05,5.333333674064589e-05,1.3775043916461552e-05,0.041480362003957896,2.0428075455895276e-06,3.637159151563464e-05,0.008650132184781622,0.3511050683684055,0.03721944125389406,0.10476805395631389,LFP,12,73
-35896.03019036267,2.804536421789155,1.6155573201270577,2755.5197178489943,-2.6116231942511803,-2.188376805748831,-0.6280339434061916,0.21267959886215937,1.2044170574355219e-05,0.0001569169945518481,4.959133817189562e-05,0.00014232987983739365,2.8242235675695046e-05,0.05557894461204109,3.027572243153831e-07,8.970474814254121e-06,0.009837270415795851,0.029509008827759954,0.1456904366128931,0.12676661115315546,LCO,13,5
-18471.75411340075,2.2219351313966644,0.010318330514873209,30625.30279256665,-0.5624407188207599,-4.2375592811792515,-0.3097188593647394,0.25816000763087155,1.933563250224146e-05,0.00021230437833218017,6.0604905947722864e-05,0.00010999208295129496,2.6189113461442508e-05,0.040796313843087156,1.935151236182664e-05,4.411792333677798e-05,0.009038203381991503,0.533514519217726,0.02696129001854436,0.0598053313989903,LCO,13,97
-126935.05062247356,2.2420697983975417,0.08511441081606913,74061.89852101856,-0.8721339230370759,-3.9278660769629354,-0.3789915310545081,0.6300822308861981,2.155401741047768e-05,9.315918195023062e-05,7.375719847723793e-05,0.00013935984997208128,2.6767576789579555e-05,0.042192870996557066,4.366082751673918e-06,3.911191606164837e-05,0.021721879121536357,0.16849186058537766,0.1701877802302742,0.21232882812984005,LFP,13,41
-19460.201289190438,2.242038514744908,0.01426654079232587,20015.468249913334,-0.36509660083359563,-4.434903399166416,-0.20841006545222174,0.25713811514228774,2.3830377391055764e-05,0.00021256070414231733,5.924409406838921e-05,0.00013363438323531896,1.3570508273670752e-05,0.04226508540785961,1.3163682973079766e-05,4.1882082737301897e-05,0.00881852085483769,0.39206941380101434,0.28817857946617204,0.041341941280592015,LCO,13,67
-35733.883284568714,2.2677837975317128,0.009709371890762663,37413.24020950979,-4.210083954555593,-0.5899160454444186,-0.6001269344028868,0.22450250188529722,2.4209603333133834e-05,0.00015126796265364878,7.576513735619658e-05,0.00012075946598321486,1.6118943900648727e-05,0.0795325379051084,2.890196678735201e-06,4.200454536205652e-05,0.008062188702703092,0.03962058273109055,0.24852855465823703,0.041723928207785775,LFP,12,78
-10414.924263232806,2.412234527540554,0.047523107787891025,3339.993673055569,-4.682073425133012,-0.11792657486699909,-0.25042650429652624,0.23042502821962443,2.4161873538334696e-05,0.00011936562858587358,7.377556260171109e-05,0.000145249796742042,1.2652301831008302e-05,0.07833148395903648,2.613025823733876e-06,3.935704942319054e-05,0.0043184144073888575,0.31899965956056464,0.3289364713439926,0.0316373647989166,LFP,12,28
-260146.8898186672,2.552505598118907,1.1288736023471286,31105.52954063812,-2.3541661655803523,-2.445833834419659,-0.7447416217557394,0.3139374764157293,2.8698569408842216e-05,6.347675757202265e-05,2.4476295078214847e-05,5.524822626156718e-05,2.5313546299301667e-05,0.08046328052851803,1.8920570559863788e-05,4.13116545044987e-05,0.024753233733440873,0.013100575196406714,0.023736415599053207,0.1484213874488007,LCO,13,7
-109621.90803305125,2.2485792740663015,0.011214620807178935,64715.00400633171,-4.254822713041932,-0.5451772869580793,-0.5562819924658946,0.20722177930682664,1.5186068692106165e-05,9.430379210526637e-05,1.2059758919182181e-05,5.280589792180751e-05,2.9964047513232684e-05,0.053618563795051165,9.190188059875476e-06,4.2130367006418194e-05,0.013219387763148353,0.016115837001321853,0.2969228860254327,0.06067928450735096,LCO,12,83
-10271.300485959708,2.3296274370421917,0.009715581023112027,13982.290736611321,-0.5567166600926399,-4.2432833399073715,-0.665863953135801,0.2292684659120938,1.2617893225948337e-05,0.00020610931934642038,7.415066641588424e-05,0.00012018311654474529,2.8917609952976054e-05,0.060648884495163355,3.3947957389335287e-06,4.11290213283368e-05,0.004720967802421778,0.06727907156873583,0.11943118493720041,0.07742579035826273,LFP,13,99
-6099.651318661458,2.074704973118114,0.009239498542609755,9671.864134007177,-0.5242164958049997,-4.275783504195012,-0.2793038962480262,0.20248533367057442,1.2555687889596558e-05,4.203839313775342e-05,7.085270003920823e-05,0.00010641156030861458,1.5606181372589276e-05,0.06985893874947359,1.6386810756933088e-05,2.774443968809392e-05,0.004067800826510402,0.5556597498528579,0.017825468198719975,0.07721088570039594,LCO,13,93
-86479.47651699651,2.1124336149424434,0.00949121822226971,154575.97487876914,-0.5572606661724819,-4.242739333827529,-0.13092875318916242,0.21038174578095664,1.598085609383771e-05,5.929975111848629e-05,8.76529593556657e-05,8.865375692290446e-05,2.4618234465665308e-05,0.04048230567270906,1.8850865381758644e-05,2.769859521566829e-05,0.021498941492279204,0.5805772889692026,0.14214160417540644,0.07635235366622863,LCO,13,99
-29548.436501810676,2.2724095260852915,0.0285418703110704,15758.65016468197,-0.5673561019742976,-4.232643898025714,-0.7418352461263077,0.20486535964897118,1.659728323081306e-05,0.00011909244154795088,9.300116509385018e-05,0.00013401575035953828,2.722688220372682e-05,0.042182291778785186,2.9175358533687854e-06,3.887149932216467e-05,0.009075744301279658,0.02335654629247577,0.11981234148245312,0.04499586609876349,LCO,13,43
-379585.7999678212,2.2185968782877517,0.011105877613237072,309316.9268165713,-0.3151757021491406,-4.484824297850871,-0.7059086642568276,0.2080145796736654,2.4467498079654684e-05,8.508415067952889e-05,2.0185179703305565e-05,8.89985474801203e-05,2.708936327476026e-05,0.08022687863406641,1.2584545290289082e-06,3.3421032092542e-05,0.02372333459948149,0.022469559812636205,0.1166783775522855,0.08494339837825074,LCO,13,72
-162383.05107884086,2.1543719333731515,0.02100233273315138,135652.0129036772,-0.38030295986646934,-4.419697040133542,-0.7126981710087046,0.2618440371080981,2.320429491743335e-05,8.552075091017715e-05,1.905090197706371e-05,0.00010923790199195575,2.894950827401692e-05,0.06891107613982657,1.8224707471225863e-05,4.327493455079332e-05,0.018126320394702383,0.020089288380398862,0.10321779944329969,0.09399474116759693,LFP,13,62
-176866.08988350935,2.1910960783176066,0.009183825737171821,215320.97492677864,-0.519663112859881,-4.28033688714013,-0.6309605738376749,0.20494333421118466,1.2846659544414018e-05,5.1436981493112e-05,4.7294170057868156e-05,4.362101368165012e-05,1.5251000999845714e-05,0.04010495039756501,1.7598063758663744e-05,4.856398298415432e-05,0.024545772829659043,0.011354224578029436,0.15027232880666433,0.13741287277763137,LCO,13,92
-34681.25649002605,2.6423319767851363,0.01882789343423527,15322.390151875425,-0.5077308049581717,-4.29226919504184,-0.39091618749195944,0.22040078340089694,2.7877649871948285e-05,0.0002228928655437243,5.523235193913612e-05,6.222352309560338e-05,1.5587061106244266e-05,0.06356402557180596,2.477757617435303e-06,2.922497177121921e-05,0.007239432421011107,0.010686615986575929,0.09313982729121593,0.4352573692302487,LFP,13,50
-14933.362649977858,2.14443824803345,0.05150925830867041,4911.726024549595,-0.8917645183215441,-3.9082354816784672,-0.20033585969494283,0.2900369738909689,1.7821453135469903e-05,6.484474737434427e-05,1.9416912796752926e-05,6.71597433021709e-05,1.4425172226707056e-05,0.057333450547398926,2.718808351716256e-06,3.8470109636385714e-05,0.006244528787266699,0.018805737542298383,0.523700553923329,0.18715784883942982,LCO,13,27
-517987.12792877585,2.3419165183905997,0.009730969905473712,410855.68186434923,-0.5541758810755013,-4.24582411892451,-0.605776157384037,0.23286432724745781,1.2613494545144422e-05,9.819975510718715e-05,1.3733142905638354e-05,4.019734014461589e-05,1.9724201771212527e-05,0.07857320273377649,8.300696860247494e-06,2.727855866006901e-05,0.023795954448473752,0.09377082815481355,0.1007269694127357,0.12972604504841373,LFP,13,97
-96391.71150152858,4.605666047557691,17.609946176184568,2320.6389432657406,-3.5869788897238593,-1.2130211102761521,-0.05980273521464308,0.4673172805891306,1.7767314533896942e-05,0.0001198786076541808,1.7207281408854135e-05,5.154283871047504e-05,1.3266754902852585e-05,0.06447530082544113,3.5907245510412835e-06,3.190061191209969e-05,0.020913972720609922,0.40546104119227344,0.4467233432931279,0.018012880299955653,LCO,13,1
-249901.51006651964,2.3877638803508874,0.009235249443548223,441531.0845922675,-0.5471901198133864,-4.252809880186625,-0.3274555087882125,0.2041309002743678,1.251210691619067e-05,0.0001540691162001368,7.575064673875418e-05,0.00013463252226648265,2.5065641485091254e-05,0.09651901710279093,2.79448059555327e-06,2.113445813877021e-05,0.022266457909681014,0.3684597976120061,0.14152557945783797,0.09255911414194351,LFP,13,100
-7602.549696275519,2.0800361531366383,0.013189131792404319,9032.264359515517,-0.3342398597665337,-4.465760140233478,-0.5280685887489379,0.22173614730092442,2.4505401060481155e-05,4.006700255863192e-05,9.321730139499673e-05,0.00014568964196125673,2.9569066216564656e-05,0.046797025820194266,1.9100199443528834e-05,3.9697294901242596e-05,0.00553755653021571,0.125734503538453,0.23459755507725735,0.04159935263535178,LCO,13,67
-4193.120497649186,2.1278784388296073,0.012344334310116856,6482.06766410472,-0.4995827307806806,-4.300417269219331,-0.6460232821156979,0.28106913097234687,1.3698995603057216e-05,7.160361800764298e-05,8.560836616167396e-05,0.0001343548264444073,2.545528227543701e-05,0.04210203091372025,9.055559019445127e-06,4.194639548740539e-05,0.004112813762375621,0.24138260250858126,0.03171733004548902,0.010876785330231818,LCO,13,89
-298516.87149492244,2.2718005469179214,0.0189614149028882,234024.60747497203,-4.218208745418039,-0.5817912545819723,-0.4538311289921667,0.2950850013327896,1.2780928606477225e-05,0.00016873915252043546,9.968386377680905e-05,0.0001477690487440431,1.4342813012046077e-05,0.06340193301103829,1.8308919685353465e-05,4.533360657885005e-05,0.02464651248562418,0.10425009198990043,0.30022606569455457,0.07169271332337832,LCO,12,66
-40362.125867836316,2.301495400201889,0.04967414458252832,36881.75700386492,-4.386266005154312,-0.4137339948456997,-0.3152941354981874,0.8116208053167869,2.4210778339346906e-05,0.00015177595965078634,7.37211971387692e-05,0.00011998350511141344,2.705865169190319e-05,0.09692824996928903,4.439674498977469e-06,4.201317255908484e-05,0.007705200743889318,0.03909793329314411,0.285034631452687,0.29057329975598156,LFP,12,78
-100771.68215549232,2.1347765799225513,0.02529253673396032,70957.18420501017,-4.369599042616535,-0.43040095738347617,-0.28797563104456547,0.2437537724242183,2.4529907298763797e-05,6.310910690613382e-05,4.057777126575328e-05,4.134138712207552e-05,2.963984555744677e-05,0.05184512194587302,2.359684319845879e-06,4.310736074429431e-05,0.01915929078406958,0.5124620828499733,0.1098990704200644,0.019663215685396904,LFP,12,52
-232909.97321354263,2.504168398923686,5.437078365441381,21052.994353814134,-2.578367802951533,-2.2216321970484785,-0.5911440626324219,0.6327612721383893,2.8708930054736375e-05,9.411613170922746e-05,2.3962392247352243e-05,6.489362586034806e-05,2.4639382682702722e-05,0.08112675907219952,4.174948536724591e-06,4.228194549370686e-05,0.02031733878889058,0.08103317058648364,0.01557544396854663,0.24224732281254788,LFP,13,7
-33817.80510376705,2.349311998445967,0.009172527415647525,32016.028735661686,-4.237866584371531,-0.5621334156284803,-0.4319065853919418,0.20095816276993453,2.9554990659349982e-05,0.0002230841018820676,7.761538943758325e-05,0.00013015619613919221,1.5578892117419636e-05,0.08624852063027807,2.7662859447421435e-06,4.200237028917363e-05,0.00717762171078022,0.040992926327631754,0.020550625376482445,0.43654986290394404,LFP,12,82
-226162.69186913478,2.1666663405257998,0.01477685175909772,133249.46722069543,-0.3530500564513872,-4.446949943548624,-0.4266722733838265,0.30222859610282,1.2971594749665748e-05,9.405967795695281e-05,1.2055139691506584e-05,0.000140704721713828,1.57474306139794e-05,0.07226061649431047,4.423154451234975e-06,3.6249222454199875e-05,0.016282573910208514,0.011197481558696386,0.04838297532761776,0.44374726972985934,LCO,13,73
-142407.9896737912,2.2452922734347283,0.035366626431495504,59992.10064578753,-4.630982119745418,-0.16901788025459297,-0.612637456396429,0.28029764771500537,2.4085975673951967e-05,5.0602461647906644e-05,1.5300665116069065e-05,0.00011191949419740323,2.9987907719093873e-05,0.052247395180970824,3.442294843822555e-06,1.3230600555598836e-05,0.021426161781586385,0.10659776737881446,0.10950971512571592,0.10125506109904074,LFP,12,30
-20279.153138886795,2.3239518392505363,0.028374137197003508,11666.03772009195,-0.4923496901692843,-4.307650309830727,-0.8032316473134103,0.20651744045448836,2.803592905972373e-05,8.073236262183177e-05,6.881995646917718e-05,6.047841224893458e-05,1.5508533193414423e-05,0.0507185216336588,2.4762233751008184e-06,3.11212092945337e-05,0.006752748063063923,0.029043220048756712,0.019298213239946592,0.0784269193978864,LFP,13,50
-16226.306563104328,2.3440429749014005,0.014818778263317959,8874.10412984159,-4.200621041118978,-0.599378958881033,-0.6691531950042386,0.28941269492890537,2.6077972093161197e-05,0.00011960713258653384,1.7624331829485438e-05,5.2987456013046943e-05,1.655973707705476e-05,0.08085496416347594,6.057536674497109e-06,3.635181175629178e-05,0.004125854893761759,0.1542518369877673,0.012640526237229856,0.09395444177076423,LFP,12,73
-287255.0676737371,2.302449993465839,0.06006660973469437,110738.98674844364,-0.8215413581322366,-3.9784586418677748,-0.15998485563243425,0.24396988532925684,2.972460068094185e-05,9.863612170103936e-05,5.3026325550544845e-05,4.135000721433608e-05,2.9929737951316012e-05,0.07975501631835308,1.0997820309409675e-05,4.337563474146609e-05,0.024246427905176064,0.4879433004670073,0.11007545457734988,0.17199638932320854,LFP,13,31
-203909.1745352911,2.1429834662164318,0.00985716755828312,294586.36644712725,-0.4578014027425539,-4.3421985972574575,-0.32225858944366936,0.241774359891673,2.0835404328343572e-05,5.228041996552439e-05,8.50200684371035e-05,7.231968994475104e-05,2.9943414672696515e-05,0.06674395272851676,4.741280310162291e-06,3.98042872928802e-05,0.024586158308776196,0.12007113449621931,0.2776232649415603,0.21004701111855104,LFP,13,86
-9174.82865268279,2.0870522447054176,0.026549469167081396,7333.297527931418,-0.5012238841659098,-4.298776115834102,-0.6065175523403606,0.22034310223472553,2.4497356740664142e-05,4.11894656263652e-05,3.794365793939361e-05,5.6629038521399316e-05,2.4155053696504452e-05,0.04662396132179601,1.3723522144824784e-05,4.003902478687537e-05,0.006001182708814069,0.010287907257331863,0.301937878005772,0.011256662396535538,LCO,13,50
-338109.1555179906,2.475831643356398,0.046203243707119014,141628.77588659668,-0.7731984886806771,-4.026801511319334,-0.3905834140852884,0.21573265674140132,1.732342485186647e-05,9.869512049312035e-05,8.543808141982866e-05,4.6002950816522126e-05,2.9933665404907982e-05,0.0850237589246019,2.397004339147863e-06,4.228648672086921e-05,0.024599195613919957,0.23831671594644352,0.13071090605994704,0.17038896390832112,LFP,13,31
-4351.84775237959,2.11959597651404,0.022974397507799765,4237.187875065879,-0.3399353448798408,-4.460064655120171,-0.30621427830779957,0.22720443357595577,2.9158059993649027e-05,4.456711327169563e-05,8.82874595578694e-05,4.189544661863318e-05,1.2989556319397298e-05,0.04056381337788918,5.6979959099417564e-06,3.6403330090976014e-05,0.004126833877232165,0.46151394589292094,0.06308279660559993,0.0991889791936797,LCO,13,73
-167237.8538705776,2.238133290694951,0.011418741239760657,141067.94027982064,-0.311934909853683,-4.488065090146328,-0.7774981281016479,0.2080237889988156,1.712056336192517e-05,0.00010393105158569232,1.9386252753210943e-05,8.522692697550989e-05,2.7829504180188464e-05,0.06545343460743192,5.426546381965327e-06,2.5110809792061923e-05,0.017233151370799157,0.016956594360318045,0.04735356320130037,0.08819171433673377,LCO,13,72
-546556.2382548415,2.6866110859797105,0.41051256815242876,111134.60107288869,-1.485541641549851,-3.3144583584501603,-0.38300756025898197,1.1265370970854973,1.2579564312656951e-05,0.0001615407761169531,1.5253083640326772e-05,6.943458248504543e-05,2.35354123146638e-05,0.0841359545843772,1.6683848284133596e-05,4.543074511200707e-05,0.023883380843703825,0.13341796456495783,0.3390332440904969,0.07454123108556329,LCO,13,25
-359116.9981947334,2.5602060587277027,0.013239429965128589,493720.67786958645,-4.334323540251802,-0.4656764597482095,-0.5994023108399744,0.2815541362965662,1.2521537531784015e-05,0.00023882164216970197,9.956616475926475e-05,0.00014673384183600777,1.4640205801522112e-05,0.09535224313749778,1.8293097296151332e-05,6.766355835224587e-06,0.024487444353634442,0.22169742438029497,0.04970396788200905,0.05919629689772156,LFP,12,89
-311542.21716267866,2.546709623383104,0.011929497116324761,512024.6179771522,-4.337388781923096,-0.4626112180769155,-0.7929932051059874,0.27980913556231357,1.3024148449082504e-05,7.086024538859949e-05,5.425220696181476e-05,0.00013412461195909145,1.2040643756115774e-05,0.09570265095490363,1.8366040348544133e-05,6.785761629324974e-06,0.024439786481501184,0.013416692509765165,0.0646526434107377,0.05893745897350981,LCO,12,89
-14965.44714870823,2.2194090235612043,0.01284652825839156,24337.48559403079,-0.5464675684719396,-4.253532431528072,-0.29473389834615826,0.2139191376656462,1.348065695370961e-05,9.11112118769983e-05,1.0775201650242251e-05,4.093595886793143e-05,1.5102566555702538e-05,0.09973440935867954,1.2411165475226146e-05,2.52003460505903e-05,0.005365768534719399,0.551976418370884,0.0717989833830946,0.011490699899863264,LFP,13,99
-24029.687362931945,4.474932949739826,12.293421131525587,1074.5740003568385,-3.208535901901236,-1.5914640980987755,-0.2582699400790428,0.2863414413572449,1.2825071485496325e-05,4.647108595710723e-05,8.501352072177938e-05,4.262378832052347e-05,1.9836746714972852e-05,0.07925145954229183,3.4800631846092422e-06,2.1423065162998425e-05,0.008905242239592069,0.10110814322671705,0.06013461481583142,0.5104873018784089,LCO,13,2
-25485.754848186436,2.21381961728289,0.01192564012750781,39822.322459990006,-0.5835529114059881,-4.216447088594023,-0.23962256773850565,0.2851702582654373,1.2412998730804764e-05,4.644617987769272e-05,8.799492559675095e-05,4.3395409929329644e-05,2.5390836322842318e-05,0.09166443458901395,1.4573907062436464e-05,4.270078319381394e-05,0.007275557980446108,0.020570501482848128,0.07586467143464987,0.5939422593439964,LCO,13,98
-411137.2286334223,2.2673461791762746,0.01707337692263902,380917.60425543226,-4.342555926171649,-0.4574440738283627,-0.6369866017269642,0.28769004128246417,1.3089991742709088e-05,8.199361735354306e-05,1.0027473114954918e-05,6.899559613415137e-05,2.507303694170236e-05,0.08108709772874542,1.546138842053834e-05,2.8430931732477776e-05,0.024495763785483834,0.04805039050350085,0.18744411666089753,0.05751889110863748,LCO,12,89
-202074.22189885302,2.6034999674460506,0.06817368552085389,41931.77674588023,-4.790915315615294,-0.009084684384717434,-0.6306316896303286,0.26696505853965363,1.6638482858827113e-05,0.00019447434419363023,1.3404171827964586e-05,0.00012429429509290573,2.546519873340311e-05,0.047261819729715784,4.583432355136219e-06,2.0375199125075838e-05,0.02029488940364608,0.046633965068103855,0.24082585084221056,0.0119084944593571,LCO,12,23
-149301.37903583026,2.176180314524783,0.029985170103813418,72054.84727058151,-4.604412382094374,-0.1955876179056375,-0.4757069662022261,0.2952027375949545,2.853660929381103e-05,7.48340755906046e-05,1.0001172130776087e-05,4.572547959636627e-05,2.992781993216694e-05,0.05048633157382451,1.65320341975131e-06,2.7804098890211243e-05,0.024480047948421634,0.1511693219740485,0.2179456687923852,0.08517804303134023,LCO,12,32
-73757.11466115869,2.121763468239281,0.01539883310703393,33651.3935094212,-0.4240559038565195,-4.375944096143492,-0.23973467155308015,0.2029046423466355,1.6295946677168188e-05,4.731795547989302e-05,3.868922798881541e-05,0.0001435160483717873,1.3957852835472661e-05,0.040662384865844906,1.8519733906687166e-05,3.343062133538304e-05,0.012903366752514401,0.061194258755952385,0.5218158157164507,0.10725525397451677,LCO,13,57
-8135.946288906423,2.1018202348240793,0.010861379869738608,12347.172411082558,-0.44727168457731636,-4.352728315422695,-0.4016186373394478,0.2139114088433356,1.7939267881946794e-05,5.0091908430679536e-05,4.1761955774936025e-05,0.00014177423616943606,2.8861299318786635e-05,0.05546647831318318,1.3003191986700747e-06,2.7426997958659257e-05,0.005354734549751791,0.43719084734765257,0.0512348573503623,0.03995565796253732,LCO,13,86
-173230.6710419583,2.1728068478194906,0.032528505272827295,80960.6292884274,-4.477994323951492,-0.32200567604851926,-0.19970999084462793,0.28399132804591803,1.3089394440767406e-05,4.5619110641502794e-05,1.0049730174446898e-05,6.89934543473184e-05,2.4924760457949863e-05,0.043847985172834024,1.64180619439982e-05,1.8254611681045847e-05,0.024848082442930873,0.047878687990537225,0.18745385621494595,0.49495746494988896,LCO,12,41
-36076.38346585448,2.329164479516191,0.03184213263098065,26930.02642288995,-0.4313674538871908,-4.368632546112821,-0.23476845748420505,0.46193617201319037,1.3526416740862297e-05,0.00022386373983818454,4.688444842380929e-05,0.00014024275365546576,2.1173361523259204e-05,0.07402399209483673,1.856592592051835e-05,4.934428505956913e-05,0.007765896123625738,0.027228670631600012,0.09310341377964244,0.5748994581045526,LFP,13,67
-75125.92244100972,2.1510614197794733,0.04234050228969239,42145.993738936886,-0.8197135751936884,-3.980286424806323,-0.2715277477983443,0.24501395289158887,1.7415025021618737e-05,6.818337865843833e-05,3.214729632601755e-05,4.387192010965161e-05,2.114434953661264e-05,0.046224224099225275,9.73771124155315e-06,4.495858100754833e-05,0.019031493868072614,0.3958586274811496,0.21334129313968042,0.04927233158082568,LCO,13,30
-201075.2173111021,2.60407261104617,0.009145281714189395,241825.78699072762,-4.390460111405133,-0.4095398885948782,-0.5180703364961641,0.21280945480118763,1.2828111518029232e-05,0.0002496915418581061,9.966921606984939e-05,0.0001472350694128714,1.4820428221346908e-05,0.041867627604908184,1.8304161962283157e-05,8.854851989758668e-06,0.024879317602838465,0.1043534920361522,0.23605198663582072,0.07152418483186301,LFP,12,99
-5594.714858002512,2.2043337082606356,0.027647705907851206,2441.05684087524,-4.4687633691309685,-0.33123663086904287,-0.3526400280777471,0.28415799934451613,2.1363435591619613e-05,4.6787103928471336e-05,8.150042740846313e-05,8.053861940627469e-05,1.5479966032936796e-05,0.04066902394513258,1.5458750636869123e-05,3.5577456429753695e-05,0.004121906026985597,0.05027087611500989,0.4686561082390416,0.058432987568201505,LCO,12,43
-38353.0885519327,2.1174603042115963,0.022663165966426632,33897.173264884994,-0.37160905891806095,-4.42839094108195,-0.7067050791927466,0.24714037843204173,2.6387688358741454e-05,4.353639645620394e-05,5.596897211786357e-05,6.986629964905204e-05,2.8335291370046633e-05,0.04136540091803403,1.661091407535945e-05,2.7493694372853127e-05,0.01059719234637729,0.15142978996481582,0.04890031018397281,0.02296482065846478,LCO,13,79
-383785.176636995,2.449528438728886,0.01476510083362519,170076.36921660995,-0.675223063747552,-4.124776936252459,-0.4292313415802357,0.20852544514887084,2.9281907405483733e-05,0.00014502643477592967,1.69831033638237e-05,5.2498612315511775e-05,1.7160296081076626e-05,0.08147021320640553,1.5131374789484344e-06,4.131444619446762e-05,0.024893457520906142,0.3208209513186574,0.1369866138290386,0.04296109327206836,LCO,13,37
-50773.9478683978,2.381844719527323,0.013504937731590625,49850.891956960855,-4.4152894346492815,-0.3847105653507299,-0.06945985478420635,0.31803398325382204,1.67406831536712e-05,0.00011206760283363405,8.435337328192501e-05,7.959047687419997e-05,1.404781886703679e-05,0.09423127081276844,5.758812455734587e-06,4.3951111915611374e-05,0.008471861350929595,0.02464392657493853,0.2380400775660021,0.5978561410748531,LFP,12,97
-301112.0054375737,2.84748242839095,0.07850400623756229,84484.9998526797,-0.9822708631302461,-3.8177291368697652,-0.6366754051518682,0.2048217540943023,1.3143063017706778e-05,0.00023487701073514295,9.271111544075755e-05,0.000121186647526381,2.547291730908137e-05,0.08531776862276583,4.89034423584139e-06,1.0500026393233435e-05,0.020710254967338634,0.05998514549219572,0.19323835022499536,0.040101099130940815,LCO,13,22
-16500.48788389716,2.2373960302055758,0.015036005456814671,19442.485208452956,-4.197530396518438,-0.6024696034815733,-0.6107055714863922,0.2792710090139673,1.3348080434598198e-05,5.6342719360506815e-05,6.801869615329148e-05,4.0267574742881386e-05,1.4864024837557582e-05,0.09847948972299905,4.0377323670094195e-06,2.9940747314420464e-05,0.005655655857057054,0.1555895612299441,0.10797802453798573,0.0557268427456781,LCO,12,68
-60099.95540806062,2.4459565687975724,0.4183585724821913,4042.519454785391,-2.4606245914051996,-2.3393754085948117,-0.36092306198065516,0.21655870908666677,2.79712453948739e-05,4.2988496629235934e-05,2.041133874009657e-05,7.663371223880935e-05,1.6102315452679734e-05,0.04815842765566693,1.524070235472222e-05,3.139343730538395e-05,0.013069715004934592,0.1191917501057062,0.02616312555634165,0.42372206235729704,LCO,13,6
-35116.191318358484,2.7471846085674883,0.12268105053015801,7020.463480682526,-1.295096289213859,-3.5049037107861523,-0.07929710600859274,0.3302001332739005,1.6827667343108528e-05,0.00014201779788251037,8.168961252838017e-05,6.585135379019907e-05,1.3514566756160491e-05,0.04334584199765226,5.235413540014495e-06,1.1960515065182417e-05,0.010423873217866822,0.057344229436019564,0.23956051326601083,0.5537981512893769,LFP,13,18
-226098.5396614437,2.178536472773112,0.05593529515933252,52675.3236618871,-4.735742529452779,-0.06425747054723274,-0.20335332773465187,0.4492485897693621,1.2913476324367325e-05,8.680645794764913e-05,1.1122702775712351e-05,4.418565360655479e-05,2.4886482167629735e-05,0.042167380249539324,1.6937569756647898e-05,4.9927446236099516e-05,0.024104447464739852,0.03830046579749381,0.18648709315711914,0.5018591133107353,LCO,12,29
-42526.587210973004,2.459277488960398,0.021490267426656752,28062.02433235458,-4.228408198415494,-0.5715918015845176,-0.4070631392424021,0.32774880576324966,1.2709148881356257e-05,0.0001930318400849989,7.763055007598331e-05,7.958999307468152e-05,1.3918275582705796e-05,0.09435907913745628,1.911479292852928e-05,4.5972820972651094e-05,0.0071014625392940775,0.024510842996010744,0.3222527393696967,0.17617327839189054,LCO,12,66
-199561.43208659597,2.243101610431503,0.01656006905489913,144649.4182748777,-4.3460871130163525,-0.45391288698365884,-0.627601227698205,0.35366620858231224,2.646658668057401e-05,0.00010421595182958153,1.9488168665868907e-05,4.490176391062218e-05,1.3243125690380353e-05,0.0699159416391571,1.8462697124157683e-05,4.3148487080330456e-05,0.016517467010894207,0.013388279103999375,0.1010586993874833,0.1879517938103124,LCO,12,88
-343562.8020548752,2.373407888074209,0.10900238053293732,60833.50556665143,-1.5871224825952623,-3.212877517404749,-0.1775841943929629,0.20438287549793338,1.3143379733638295e-05,4.327679320127213e-05,4.183431664143401e-05,4.472104875051512e-05,2.492342472310753e-05,0.09614269015914642,1.8167376838346373e-05,1.0346909098218629e-05,0.024869429011327177,0.060471042114583165,0.19325308045319511,0.4986916830392588,LCO,13,13
-178021.41906906798,2.6155916037020623,0.027334874343884992,68267.44225844952,-4.405696845581943,-0.3943031544180684,-0.28434007588877297,0.32705037970917816,1.3150893179674118e-05,0.0002348338800341216,9.446955295659188e-05,4.3129142539184225e-05,1.227812998234816e-05,0.043086152663146235,7.645067926833575e-06,3.946730113266758e-05,0.0194273131917517,0.06035364408352434,0.1940716154903102,0.39123466453739253,LCO,12,49
-142663.12384451216,2.270892097973534,0.013360523013596557,138534.82165106383,-4.1785999684442885,-0.6214000315557229,-0.6159299723375262,0.21717978392435688,1.2155076943461252e-05,8.948873268941793e-05,6.816613870206727e-05,7.25893460692751e-05,1.4750801904215248e-05,0.05274271617596692,1.7073655417306457e-05,4.21990541991583e-05,0.02038648335067613,0.15186872830295386,0.10801556771911584,0.05418573164040409,LCO,12,67
-5571.251555507113,2.170413212478473,0.01721923419065284,3284.9691429265263,-4.244536164463085,-0.5554638355369264,-0.20944896411976,0.28436773101665114,2.1473580892061387e-05,4.754261259672104e-05,9.90747427471489e-05,8.001298307036005e-05,1.6189531604772803e-05,0.040671613648976354,1.4016526612761318e-05,3.648303594036876e-05,0.004039238095178737,0.06611548897291962,0.5466765336516617,0.1077590132556587,LCO,12,63
-407372.36974054086,2.4132049116317047,0.058161242881859955,148500.3383871129,-4.562725298126267,-0.23727470187374422,-0.6737539466453004,0.26296684914131696,2.096093173108017e-05,0.00017737294839724992,4.657348505895741e-05,0.00011090876295850015,2.8782728675227125e-05,0.08695082732793895,1.0960864238678476e-05,3.808648177720156e-05,0.023851689991535606,0.04503853935284473,0.05196646627844068,0.15924104772341416,LCO,12,32
-370036.70043545,2.5715664276742727,0.052674697125707715,101635.99310184897,-4.590725029247395,-0.2092749707526167,-0.4154880215879416,0.4807694143016116,1.3325662401216223e-05,0.00016524434524290853,1.5553134087526684e-05,6.878448821250993e-05,2.35077436377847e-05,0.05269140303145372,1.6297741167207143e-05,6.185631156883118e-06,0.023437846673255353,0.0473027235214959,0.40693370599108714,0.06027554889947542,LCO,12,41
-59884.1124767354,2.5993606123164774,0.008252538165876839,53830.48761052935,-4.392159206095087,-0.4078407939049242,-0.5545782024076077,0.21774821118015816,1.669313866445672e-05,0.00019911905565660033,9.951290195270787e-05,4.271812818488155e-05,1.5139811181867759e-05,0.04185887248635285,1.6611057199148718e-05,4.574185964798159e-05,0.011819330320680447,0.04958486252667954,0.23582038865636482,0.090016546409348,LFP,12,99
-77515.37824452997,2.217319286581628,0.009337488297441437,95310.7696727798,-4.395241793132769,-0.4047582068672426,-0.6152765138447241,0.21673774805915597,1.3374617627663771e-05,5.583664466096179e-05,5.3550604597019504e-05,4.3780718479360124e-05,1.4860742444869756e-05,0.07605221185161602,1.999635551415035e-06,2.9715985773214558e-05,0.011839785035743013,0.20273893179951266,0.05656058581186814,0.055423968543895086,LCO,12,99
-250091.56191293843,2.508480464283243,0.012008997526498531,482915.5886654512,-4.338105681668189,-0.46189431833182226,-0.5672350857783877,0.2786776515844213,1.2490018347615333e-05,6.379977749157332e-05,9.96129661908424e-05,0.00014944590783308933,2.5195701161982975e-05,0.09811185631666525,1.5460941833303355e-05,6.477728260609785e-06,0.02448364409707147,0.049607145674699274,0.25325340860728884,0.05990435993962424,LFP,12,89
-168857.59388545825,2.5107093011633714,0.01793810036395487,137572.13265250582,-4.353156392714482,-0.44684360728552974,-0.6640367409624359,0.38837412367825813,1.8673189037865543e-05,0.00021215665064677338,4.7115680343890666e-05,6.481269498617218e-05,1.3021251030871118e-05,0.0948109848189527,1.83425841153646e-05,4.31782880808746e-05,0.01310051643433263,0.013162057427149893,0.05134518262468807,0.20145601898572613,LCO,12,88
-114055.9464100524,2.260264083134864,0.024943383563267488,79863.77418261892,-4.334584024275983,-0.46541597572402793,-0.41556580935486387,0.3313982106995209,1.8312708289982807e-05,0.00018911396330026977,1.1390333214865901e-05,0.00010037242967510956,2.2380149006730476e-05,0.04038924952635703,4.614312486415652e-06,4.4946541238082665e-05,0.01985139238859548,0.4377935974415734,0.03753190553304801,0.0391086876705147,LCO,12,56
-8811.18595716138,2.1772426692183773,0.015476216683768213,17443.182605959955,-0.5703911189190052,-4.229608881081006,-0.3633159740285078,0.33196252026242384,1.356642596646798e-05,0.00016966373429072237,9.95345201412688e-05,0.00014776944658910092,2.464667425182998e-05,0.06703931375718467,1.839929442767246e-05,4.5468005782551615e-05,0.005319794030852956,0.44016082436203535,0.039756663428573494,0.0867665381808834,LCO,13,95
-465005.5561957172,2.8084825979776182,1.2351097106107547,32111.062859390895,-2.550217141208364,-2.2497828587916473,-0.6058783169798219,0.379376671339119,2.1376058001887567e-05,0.00013948001795547317,1.899366026262224e-05,7.137794426732482e-05,1.2686095708210715e-05,0.09521163125388472,1.5987680196743753e-05,4.544837569139989e-05,0.023901779939084076,0.011222841678415682,0.04890829585488199,0.26399054548688045,LCO,13,6
-234223.858988349,2.1989453088105555,0.014611422533380936,203113.69584799043,-4.184993312396514,-0.615006687603497,-0.650320364411663,0.2627754195529049,1.4168676467068007e-05,5.3170610167795935e-05,3.664088666376765e-05,7.30250491558397e-05,1.4836878142564156e-05,0.09601116204879426,3.956651785323879e-06,2.9785960376242294e-05,0.018481594811973895,0.04261907331630088,0.03140520456226872,0.20565535770976745,LCO,12,68
-105546.59503097394,2.590063619398843,2.660466969382067,6712.142217614397,-2.827529433187671,-1.9724705668123406,-0.3212349960256011,0.2423011337176653,1.811885920254204e-05,8.795064205299375e-05,5.5513222611955374e-05,0.0001479296041386829,2.5682598445920446e-05,0.04908136069655212,1.8662149876710765e-05,4.661790717326827e-05,0.019560088595723973,0.03590118324710835,0.5024112832481763,0.07045253747911433,LCO,13,4
-31623.5170215358,2.279652254391388,0.0324972475405791,5765.654823586572,-0.8863386480162347,-3.9136613519837766,-0.18614456803253032,0.20191306780536833,1.3653419047538371e-05,0.00010710591200224384,1.1510370207128004e-05,7.381608547627895e-05,2.9709474176091153e-05,0.048997562726075194,2.4304745164321682e-06,3.998545976978973e-05,0.007581042979744948,0.08207598076345113,0.3081791759426371,0.3536002752613815,LCO,13,25
-397166.0928950012,2.1416467877829923,0.047262090024997934,90625.29039786119,-0.9500745389024132,-3.849925461097598,-0.3562721016107586,0.21241576205560309,1.387590349604224e-05,5.442485125300982e-05,1.1346168142276121e-05,6.967909054933373e-05,2.741208528583938e-05,0.07582524580685232,1.906739347515621e-05,4.789738722806204e-05,0.0245030692457256,0.12695931105555738,0.4035205875803546,0.043247999753329464,LFP,13,24
-69007.05461844988,3.1203287386248495,0.5324243382012364,5642.339514162522,-2.327412589874136,-2.4725874101258754,-0.45243221624018054,0.20912177408649246,2.019501729563604e-05,0.00022231086865111705,2.9673096189199115e-05,4.385329526167955e-05,2.6224560822770434e-05,0.07640723210442003,1.5682872829514062e-06,4.9527509142272934e-05,0.010650376534278635,0.08137611487527428,0.35541076615654765,0.04078090272799756,LFP,13,7
-467987.15896413603,2.310877702904531,0.05396544721742389,99437.10419692365,-4.799716217045301,-0.000283782954710432,-0.6539082506541876,0.29107422545999834,2.7000506380149813e-05,9.437900304014656e-05,1.9910076629371133e-05,6.99450282360133e-05,1.735077345766373e-05,0.09130191408804528,1.3981155635568764e-05,2.6944940375098257e-05,0.02334856685115654,0.011787588593775464,0.22134099082780898,0.042963169924228065,LCO,12,23
-17038.602497106323,3.755175057429367,11.17957540328135,164.03122016786708,-3.207294402125555,-1.5927055978744562,-0.37758877448652195,0.24172476239269247,1.2120747210300526e-05,8.775960743131476e-05,9.882390569083462e-05,0.00011700320413005055,2.991602754367494e-05,0.04175828745413187,1.929101192756747e-05,4.910376671790761e-05,0.004587044897677705,0.26141928762135636,0.19814533573082346,0.0928466021612982,LCO,13,2
-179249.80439169463,2.2893306492518755,0.0483173023493193,22907.998406640618,-1.5240831589671586,-3.2759168410328527,-0.3478725652304724,0.2086386008970117,1.7872355602585038e-05,5.762505132846812e-05,1.2957966477567439e-05,4.752209022572332e-05,2.8948290700079007e-05,0.05428141330126831,5.4562181454180265e-06,4.2725286508640165e-05,0.01956280793352771,0.017287575545437632,0.5394403411413518,0.02539951808273834,LFP,13,14
-352628.83332046785,2.316756878036853,0.20498315514169838,38334.08179797063,-2.043679535880308,-2.756320464119703,-0.5766999878857905,0.21261824150711536,2.2956489389830325e-05,4.1375585718672615e-05,2.027717055803814e-05,8.941334285661017e-05,1.814014400515204e-05,0.07597722517795243,1.4930720783777923e-05,2.1633865955094142e-05,0.02491201250366947,0.1531782906775914,0.03149164157201888,0.16863007986459935,LFP,13,9
-184793.7534452589,2.3890029440952008,0.40994194588368904,18706.79543550725,-2.3344832825122026,-2.4655167174878088,-0.33586791200593813,0.21222287391261452,1.3267326878688554e-05,4.581274040207258e-05,3.811831023594163e-05,8.142958446143611e-05,2.248898158690504e-05,0.09392702937161973,7.677923199855982e-06,3.8453235560903173e-05,0.01808444704429851,0.14980709154477498,0.40432623676186596,0.03999875968742096,LCO,13,7
-639087.791658106,2.586455640071806,0.01079186493318818,318537.14447555813,-0.3376461281635983,-4.462353871836413,-0.3154545841447062,0.20860420979315372,1.7330059718208926e-05,0.00021720701588662375,1.7486954996434087e-05,4.6478355717847035e-05,1.6217379443963687e-05,0.08959150278629222,2.1217068306361776e-06,3.795377030668924e-05,0.023091047233787965,0.01710678503885966,0.4532157924728861,0.14422283834354807,LCO,13,74
-84281.37508641358,2.8342096817722187,0.4166474163259208,7030.677628405068,-2.456933209771215,-2.3430667902287965,-0.46401520036357496,0.20338867816953862,1.2889033061928329e-05,0.0001226748123306405,3.825277316495329e-05,0.0001424317702621951,2.7373949657610972e-05,0.07695013760497853,5.217537500317883e-07,6.139339856400715e-06,0.012627326282798538,0.02951564634712149,0.30817818577073064,0.12829096751857294,LCO,13,6
-20848.080846713852,3.145656257947974,6.437387783536762,285.0891337117133,-2.9714900276278087,-1.8285099723722027,-0.506855895863533,0.20009877887339045,1.679109544088862e-05,0.00020678629683261167,3.8065109262596335e-05,9.748496023494787e-05,2.2465417906576243e-05,0.04850083129426687,1.9387299846088546e-06,2.497150618252158e-05,0.004434250676715335,0.2143488354909799,0.01396420400783796,0.19483106463764926,LCO,13,3
-285996.50529021566,2.5661079291024116,0.347706537859034,23687.986219689126,-2.3398334599512154,-2.460166540048796,-0.6662956951608914,0.2651107278162551,1.3199864793420519e-05,5.215467082637003e-05,2.4143922216826863e-05,6.684775927567875e-05,2.5368547700019623e-05,0.09402577148823374,6.442070433538586e-06,1.5181354000774358e-05,0.019508166554490027,0.06629128062616294,0.1768537508707089,0.02055927334223688,LCO,13,7
-391141.6209719677,2.1971887716079017,0.23624203333284802,56637.645687843746,-1.814935873698012,-2.9850641263019995,-0.5258905700244519,0.3915353474090716,2.2252593845120386e-05,4.161626177295217e-05,1.519643502352333e-05,8.876928867393612e-05,1.3677327384719973e-05,0.0976663771707117,1.993674779557426e-05,4.618963187402745e-05,0.02321060472068416,0.04366130663962938,0.23074327748513407,0.12970484585078465,LFP,13,12
-327379.15798360115,2.2161323155732418,0.052479662735862756,55888.10226496666,-1.5231298942211282,-3.276870105778883,-0.6777325876197711,0.2670749404653267,2.8775730013923224e-05,5.499922447724687e-05,1.7511019196533874e-05,6.768759659072848e-05,2.5804691678656312e-05,0.09856414315015194,2.2419756711551873e-06,1.8518746841655693e-05,0.02149636830597062,0.02237215274377087,0.16106335417298775,0.06883190546347029,LCO,13,14
-711322.1069454021,2.51314580377384,0.05049760953247655,142687.02267854998,-0.8593899130156188,-3.9406100869843925,-0.4170780223965683,0.2946210045181514,2.197748241071425e-05,0.0001347056439248614,2.0581087564964518e-05,4.518468247296247e-05,1.2039360121008744e-05,0.0998531967153503,7.380802371236371e-06,1.8389073032689105e-05,0.02366137063591483,0.09472621724547772,0.2643591885755958,0.1538365717823582,LCO,13,28
-137897.2001186063,2.0882236002106405,0.04336679861096155,40283.40834220265,-0.9319304195535096,-3.8680695804465017,-0.2966420644878339,0.21243219207904943,1.2062681890309021e-05,4.490966225310342e-05,1.0526643633977448e-05,0.00014974907483853272,2.4643844963252877e-05,0.05601480621222943,7.503819971799216e-06,3.658840976784811e-05,0.018496774053287465,0.08190621395753736,0.19685048441261935,0.35460123714200936,LFP,13,24
-162725.12133948147,2.4798715775868825,0.8397523410080657,8749.01577057622,-2.314255208569662,-2.485744791430349,-0.3939046223926792,0.20540568624287078,2.7802076830707977e-05,4.6529010816397855e-05,1.0344326662902716e-05,0.00013615026539644105,2.245765542199047e-05,0.041852058341750646,2.0016648868598567e-06,5.715158250823506e-06,0.018690830333421518,0.10125772219831344,0.25970175507774396,0.17513590033126347,LCO,13,7
-240967.66957975115,2.202670930666553,0.2368655654690841,21165.457973875997,-1.8971891115731339,-2.9028108884268775,-0.7735345758116737,0.21292145881172722,1.695622192918822e-05,4.3049109757096235e-05,2.01120173219756e-05,8.957929462905738e-05,1.813662601055795e-05,0.07622982062415867,1.5040975716648497e-05,4.942660013352089e-05,0.016707575749024456,0.06508512117162718,0.029329256510043464,0.06205104650665565,LCO,13,10
-387644.6780364477,2.3599369743492553,0.6529176328412912,36456.51580722041,-2.1808922640555224,-2.619107735944489,-0.35078428735609557,0.20807515581328812,2.260790889296632e-05,4.5317460303677864e-05,1.2076642308729507e-05,8.061228817290574e-05,1.860810664936981e-05,0.09785129358155066,1.8647627147511765e-05,4.5544937201770125e-05,0.02385684464411205,0.02034633957507939,0.5210134060685334,0.037855967000291674,LCO,13,8
-28533.973188311425,2.452032486303354,0.5370930469237983,864.6816315510783,-2.3059062382112927,-2.4940937617887187,-0.23183804033971145,0.20533889528545107,2.7823854809479823e-05,4.6480560989951584e-05,1.0411565361757842e-05,0.000125040287428347,2.2489856887241157e-05,0.05712667588586686,6.665998727302468e-06,5.6217566841832235e-06,0.005201459274930716,0.020569392213866777,0.2607596354122738,0.41683293203414795,LCO,13,7
-80842.88967189597,2.1791787799481974,0.06739386582956128,9590.541431751884,-1.5260824794837689,-3.2739175205162425,-0.25804992055588316,0.22957365873622107,1.4131820088312377e-05,4.428331581811444e-05,1.8082671625943033e-05,7.555634219712153e-05,2.95734176237232e-05,0.05365068633480732,2.0401886970155087e-06,4.0278787179141406e-05,0.012645178469585855,0.016418099017075735,0.5153062663291292,0.14022571409791196,LCO,13,14
-48204.98678448153,2.2173123194026503,0.6273450915332701,3355.2158280035624,-2.058460271216255,-2.7415397287837564,-0.309420847396895,0.2179362265763775,1.3166580206781177e-05,6.525159213365973e-05,1.793713320294312e-05,4.365733385539569e-05,2.8689735562539246e-05,0.04254786424328469,6.115742291338867e-06,4.6569133700943086e-05,0.01041151040532858,0.014503879815449705,0.5801081973939181,0.025967075393737337,LCO,13,9
-102558.60792067424,2.3220870276415826,0.22122890393515693,11302.057068457698,-1.9070999275348584,-2.892900072465153,-0.5990565789688134,0.21294623896094345,1.3035428047306337e-05,7.101203637641606e-05,3.834493185322491e-05,6.668317838947338e-05,2.8872744751383506e-05,0.0762242489111602,1.8161131264874415e-05,4.0464841706896284e-05,0.01252830653395107,0.07989264652238466,0.12198879003027273,0.1290619844785293,LCO,13,10
-55322.20177509582,3.2054411300263523,9.865375916814981,1170.1058476500516,-3.377371078019287,-1.4226289219807242,-0.10422028244832193,0.20333879695020174,2.4941765009832965e-05,4.4958392253708056e-05,1.0618227781339443e-05,0.00010530390445597502,2.4182279330766786e-05,0.0979374704853109,1.6321223698688044e-06,2.397661585734959e-05,0.012656460781190986,0.017090727038970438,0.5401488053458646,0.268540185166843,LCO,13,1
-369506.1191054396,2.5626108448811413,0.027120812508045572,99274.01682963368,-4.380395601716465,-0.41960439828354623,-0.2540099909283349,0.28829842119144306,1.2500323090379328e-05,0.0002405157095029256,1.0128018546036777e-05,6.831190028457518e-05,1.605253187064051e-05,0.04343294508349882,7.573486188101815e-06,3.8146962120131866e-05,0.023635368029044514,0.047658334477558524,0.06687952697178122,0.5614521476223254,LCO,12,49
-236021.2958210166,2.8791390178238903,8.056151820398537,9486.96556928625,-3.1860496220916303,-1.613950377908381,-0.34098688745699335,0.21270631887387345,1.206643809949535e-05,4.021281458637957e-05,2.4528632838894982e-05,0.00012149998757291367,1.5155048495800022e-05,0.0848423403731727,3.97042189910692e-06,3.662387763306413e-05,0.024922869615281583,0.15542701855980642,0.2694979169267205,0.16408817705647982,LFP,13,2
-394225.40277143655,2.188385575620912,0.02040918953163675,344754.55752366956,-0.40520281288994653,-4.394797187110065,-0.4709556098091622,0.38653401656634717,2.254239671033719e-05,0.0001094118958705124,2.506712365931557e-05,0.0001274580563042816,2.3795026619034327e-05,0.07904595807902624,1.4407625576650799e-05,4.799176371191475e-05,0.024611151555258084,0.18691726830809308,0.11261899030232021,0.15950813158042457,LCO,13,77
-16518.689999949467,2.093718150713319,0.009733509275981999,22317.916275028947,-0.48882419626620077,-4.311175803733811,-0.7013911727274613,0.2317525248648304,2.1919201320330003e-05,5.3863325203908286e-05,2.5227800084594643e-05,0.00012902584538839737,2.9020418821571943e-05,0.06458688054688752,1.9825543842449736e-05,3.9929569263382604e-05,0.006342950176491261,0.04902955818943634,0.10120307761925638,0.07837619146384606,LCO,13,89
-109037.84971378601,3.2098100997410683,5.845777618207363,6137.60019391246,-3.0196919066710137,-1.7803080933289976,-0.6047687838348653,0.29197560510905674,2.7856203430210766e-05,4.6194245183419505e-05,2.42721055527683e-05,0.00012700239830255855,2.4936600748498304e-05,0.041022237988021154,3.374748306224809e-06,4.6387055617678425e-06,0.02335141081796472,0.012352624620348931,0.27948421688353886,0.03339437466124698,LCO,13,3
-8317.660420177559,2.318231091160153,0.1660721667323656,1880.2952135661417,-1.3877147704410078,-3.4122852295590036,-0.4733955840309296,0.2675552991342594,1.2039275155522283e-05,8.797756999874169e-05,3.846810701807169e-05,0.00011719638539655991,2.998150363772171e-05,0.05898079695535704,1.2700229083178368e-05,4.910697531277652e-05,0.004582606216975522,0.2651343881282616,0.054582329863903045,0.1368876979769058,LCO,13,16
-180671.64992310427,2.3550751041593943,4.279251069595832,9639.16976676903,-2.8143183729005585,-1.9856816270994528,-0.2610024294807791,0.2238263463806311,1.8467538842438945e-05,5.4761835640385006e-05,1.9259526455045346e-05,0.00014690678713632593,2.8588432012208096e-05,0.05597366292703806,1.536611742735053e-06,4.906693375372331e-05,0.022646916694063962,0.012887316172720237,0.5155345890490026,0.1405756652974981,LCO,13,4
-290070.91321729694,2.32644922506135,1.0857618279252805,12921.942678039224,-2.6727818497912708,-2.1272181502087406,-0.19566836907356622,0.243240307176878,2.783893608410198e-05,6.142615709166161e-05,1.0836905435342763e-05,0.00014538449398749745,1.9138954301659388e-05,0.08658602437434529,1.2127184670814733e-05,4.933730433415546e-05,0.019238191724271284,0.1011602035673124,0.4727853962380464,0.16038603112107508,LFP,13,5
-321587.69386360067,2.332565151607627,0.754848717345839,23587.982489562433,-2.0575322832862355,-2.742467716713776,-0.30333952892235094,0.21588608011323443,2.8381917722890355e-05,6.596042744597663e-05,1.98359765642717e-05,6.20565886367185e-05,1.710265278744987e-05,0.0769774997289483,3.14199907193534e-06,4.672103427113276e-05,0.020678758383384337,0.011464862118557092,0.5924679702995792,0.022727638659512793,LCO,13,9
-88915.18932497206,2.9031610565231243,7.095713378472555,4585.832252526288,-3.1683893633750273,-1.631610636624984,-0.414485966715056,0.21273121737427383,1.346496168543527e-05,6.931668682591586e-05,2.059861342306019e-05,6.695889377500373e-05,1.3290768387780419e-05,0.0877749286261776,1.916370107895948e-05,4.867361882262732e-05,0.016932047433088876,0.04914941572165603,0.3057855420053092,0.1605790755579788,LCO,13,2
-183111.85569153322,2.460756350866011,0.3340168789550225,14067.66958744918,-2.447275612181322,-2.3527243878186894,-0.6583161672635086,0.2033399205177108,1.695937659935991e-05,4.094539375004878e-05,1.3260771993837981e-05,6.672131051961455e-05,2.7418590376777888e-05,0.07621320762642338,1.805837135075039e-05,3.0042843102594244e-05,0.018575194550667393,0.012947152817813702,0.10144207963070649,0.1572946002879712,LFP,13,6
-118223.40892845327,2.5878238082494343,8.469305035556967,3970.345490908538,-2.997943769503422,-1.8020562304965893,-0.24446448751765404,0.20054621632846178,1.205422932599947e-05,4.470242384366163e-05,1.0352947600815864e-05,0.00014977082716819014,2.414961763114854e-05,0.045841715860836206,2.7175131533740917e-06,4.6924819827395824e-05,0.018426072115787378,0.10388001301997984,0.5185121289014265,0.06314337056093966,LFP,13,3
-437333.52640311944,2.6413038201162364,0.923467212016029,33015.816074639966,-2.3738251081480755,-2.426174891851936,-0.24664113954859956,0.2908647098167194,1.7363405076523478e-05,0.00010664480365366127,1.4502043232631618e-05,6.686968105651874e-05,2.5770357855638425e-05,0.09408404744731973,2.118588041554608e-06,4.383755810726822e-06,0.024626194607760672,0.025568577382939165,0.4556073745837552,0.20218290848470616,LCO,13,7
-28772.641838533378,2.223349520946697,0.3890571178531295,2497.0545054084696,-2.2224220016260148,-2.5775779983739966,-0.5189604240813239,0.3014743383495432,1.8064621516736197e-05,4.394053133524036e-05,1.8625408611611322e-05,0.0001153692752944699,1.2079175244646391e-05,0.049054030657770885,1.0601074929735453e-05,4.360546555908976e-05,0.008213266487950873,0.039160097540869424,0.2117263713001398,0.16015310707766695,LCO,13,8
-294983.23410948983,2.4138862055306847,0.43567657499829443,20404.38460074118,-2.35681634551964,-2.4431836544803716,-0.33038716109910427,0.26584648599543287,1.3082018236186224e-05,5.2030417554299054e-05,2.530010114362835e-05,6.684118135798664e-05,1.3178104425355732e-05,0.08716842569810815,5.948088542816841e-06,4.904431312031178e-05,0.01951071211765503,0.07419684782955219,0.3597044752542656,0.16571151581707802,LCO,13,7
-169663.99931841315,2.247208210160788,0.2576135426276734,17356.462752837444,-2.2272144030650765,-2.572785596934935,-0.23358585743603777,0.2775703231148404,1.8163448709561158e-05,4.0672617488918605e-05,1.8629894146256918e-05,0.00011497077559696438,2.565422922708343e-05,0.049048519449015865,1.0602224011720162e-05,4.3589544762221395e-05,0.023320823131366353,0.02446086325560859,0.5079178824184184,0.16403539688993524,LCO,13,8
-256961.22554590204,2.4934690213819684,3.476099886668087,13133.43692593335,-2.807689730686569,-1.9923102693134425,-0.2527459948833616,0.20968590081571326,1.9373940200057243e-05,7.841764900588303e-05,1.1616003225930226e-05,0.00014873123840503766,1.6173261467995783e-05,0.07123060046553308,2.1299613970355178e-06,3.8399143077980246e-05,0.023118031543237987,0.02962759554100926,0.5195174544825724,0.1281089550930568,LCO,13,4
-19216.867346417253,2.2348878846101625,0.011763127618499215,24354.102349934645,-4.4024373165818105,-0.3975626834182009,-0.3595672238913803,0.2801408369361687,1.2650273760077791e-05,8.104153255368114e-05,6.839703587115865e-05,8.080054978777318e-05,1.4897759144405456e-05,0.0896996789724732,2.358124740751489e-06,3.5093671370952536e-05,0.0057324080322850674,0.0352712535911132,0.023496441696371634,0.5116650808211349,LFP,12,97
-98932.67326324127,2.1591105181519534,0.006375772855703463,97191.51945185363,-0.5652933472529185,-4.234706652747093,-0.7524955529108984,0.2499943210675125,1.8181024278471433e-05,4.254828204413793e-05,2.2303515371808706e-05,4.4719451544465105e-05,2.33709018409468e-05,0.06648001241614196,1.1704275248232733e-05,2.7576491183760706e-05,0.012869833890192875,0.03517221863890115,0.03595309652401632,0.10637913192618416,LCO,13,97
-239896.54778296236,2.1519496402011407,0.00848239870209537,213921.0494613691,-0.5562334115814167,-4.243766588418595,-0.009519152384997676,0.21532712066230078,1.7614835046324962e-05,6.647468699921944e-05,1.2423994013375547e-05,7.504757229479848e-05,2.519747832332951e-05,0.0995726297757567,1.2958833411419617e-05,4.696347569431081e-05,0.017479604793453014,0.11239493815513839,0.4398687009341472,0.36821720852571677,LFP,13,96
-214453.06267396215,2.536857052311922,0.04053021344934717,129913.23576594277,-0.6776992528842385,-4.122300747115773,-0.2846759464139049,0.8174455262130773,1.7715464297630947e-05,0.0001799020549782128,1.3351087217620998e-05,7.031189296244303e-05,2.6078075642646342e-05,0.053065463223048046,1.8798881983208342e-05,3.72200871479403e-05,0.01731114670825499,0.06913011547327966,0.19056546539068567,0.38562847272212974,LFP,13,94
-192994.89621984694,2.1432972600725413,0.016237733604483245,145070.67862990947,-0.41729990638158654,-4.382700093618425,-0.16444196465653005,0.26440049059853743,2.4657417152676332e-05,4.4346111867846135e-05,1.3542482216078198e-05,0.0001119711269018041,1.3093509749352095e-05,0.06338679885545885,6.514468236715972e-06,1.3518600240360391e-05,0.02174365501402152,0.35771875587630453,0.09903523970313158,0.3088040397640339,LCO,13,60
-60162.77593405956,2.652038349066161,0.049590641840623464,31767.09565228894,-0.5486226847387456,-4.251377315261266,-0.5047433627729087,0.8194260265492268,1.783640939226308e-05,0.00018730265763733443,1.3013266378849379e-05,4.2943837942686875e-05,2.6202661955710265e-05,0.05583441206590064,1.9184454307663146e-05,3.496137408537071e-05,0.008827874526687863,0.13156198653506068,0.049800896130335115,0.2438937545616956,LFP,13,78
-155757.83054845614,2.117999087720894,0.0442535949953226,137217.42060107182,-0.5838711254369073,-4.216128874563104,-0.25208196792977955,0.8313307915996325,1.771221929503538e-05,4.0247500708653273e-05,1.652496237942377e-05,0.00013464522158047857,2.9927442947476847e-05,0.052532051828040785,5.824607558525844e-06,2.5199166329248037e-05,0.01959768361323649,0.06959875336202395,0.19100383148483727,0.4173154472233592,LCO,13,82
-376710.82133010577,2.35936451717448,0.00904878413668967,347791.9512033242,-0.487714595192827,-4.312285404807184,-0.7416953152454857,0.2025671021633651,1.2348957743053982e-05,0.0001787453109862422,2.6134300153275638e-05,0.0001097176955801991,1.5311840567456927e-05,0.08409128847016983,1.4328390079898239e-05,2.9875561588346364e-05,0.020637154494013453,0.03238437137395756,0.04828205180214592,0.10763826157841087,LFP,13,90
-49150.155085055456,2.5522322747050254,0.04620598998783558,34735.22058495348,-0.5508128131298591,-4.249187186870152,-0.38217651857388635,0.8393035396877766,1.2435799068681256e-05,0.0001248699167854638,1.4512584174569147e-05,4.204041942360675e-05,1.4409503825268344e-05,0.07964962909197486,1.8702019341106006e-05,2.3676506790605678e-05,0.007884357086461265,0.010571682440114633,0.11889215929908584,0.41835963968691325,LCO,13,77
-145430.18249825874,2.6114328242130123,0.015885712823390415,88178.22524119608,-0.37042724234541424,-4.429572757654597,-0.507578328498111,0.27050881510689684,1.577043051455432e-05,0.0001827586928542261,2.079534588798376e-05,8.822405801688473e-05,1.2127424008649856e-05,0.05275817924293178,4.521689101135543e-06,1.3423006664667545e-05,0.01626964157960023,0.06843944745763814,0.04915592158044159,0.3048263024638093,LFP,13,64
-4211.914332024526,2.5133831975749152,0.023750052108423677,3658.931389006821,-0.5151669163311183,-4.284833083668893,-0.04068975835130961,0.2822598374230223,1.3246119149536002e-05,7.311511017896728e-05,6.007410288196581e-05,0.0001464772652549906,1.3456952827876146e-05,0.04318761378866606,6.753961378096553e-06,4.082882821129523e-06,0.004398664909224028,0.015571875902638203,0.5678682506953667,0.3058701150506855,LCO,13,53
-151146.7022488932,2.140203054414573,0.06549893444360501,48880.97755323927,-0.8189254157728243,-3.981074584227187,-0.0024422068900472604,0.23751142213889564,2.4885812686978236e-05,4.3955904068838904e-05,3.2578881230114785e-05,4.200672493464614e-05,1.458844028866926e-05,0.06339523587282556,5.018082995881828e-06,4.010111380875446e-05,0.018957134598173265,0.3972131271624216,0.2162832787185196,0.31406138722901167,LCO,13,30
-11512.602305420562,2.3704985222692283,0.07841573797521012,8152.861146970694,-0.6227830700022139,-4.1772169299977975,-0.49739528957855184,1.0583861750689627,1.6044684285942052e-05,0.00018778003910017245,1.3011882852206222e-05,0.00011717362630901998,1.343523202663176e-05,0.055814214852173985,6.98984361881173e-06,4.9328357601376095e-05,0.004386909213859758,0.012437381944671602,0.13954547885250493,0.28062184962427167,LFP,13,77
-253856.7486780865,2.121461652867489,0.015804439378225767,266158.76950189914,-0.41844901320042993,-4.381550986799581,-0.14321646247124575,0.23873937618672228,2.4101376637781796e-05,5.131337023315922e-05,1.114504969695007e-05,4.919964399700683e-05,2.909989191873305e-05,0.07568322735942368,1.993337098255261e-05,4.384719513162304e-05,0.024766065166443356,0.09691180839921773,0.5674272975432958,0.12244443158624074,LFP,13,82
-266844.5295628585,2.5016069034575716,0.011318943739067857,179874.18166606547,-0.574432397022683,-4.225567602977328,-0.5964705363532748,0.26876098013300875,2.547047198864369e-05,0.00013405405954566147,1.5532776191832863e-05,9.008727058622937e-05,1.2067850108090318e-05,0.0404822020483063,1.3798487371455678e-05,1.3436884127053478e-05,0.021396610666652036,0.11435882227041058,0.14352373108260036,0.0756469102937143,LCO,13,99
-378259.41129724006,2.1799932868061704,0.015651958055821414,432138.49458105734,-0.5758618060767873,-4.224138193923224,-0.4167589743893053,0.3539185024958537,2.0027549596345833e-05,0.00010132408568541006,4.6129521219734174e-05,0.00010318510509392745,2.7709496152460074e-05,0.099653669140444,1.858847434179453e-06,4.851064537941012e-05,0.022478541724220483,0.013291683534528441,0.1415566441143568,0.35839269796180945,LFP,13,95
-12287.453096061658,2.378291132055025,0.12552308056848188,10671.078668883094,-4.565939404813065,-0.23406059518694633,-0.380945031681465,1.3712106297240532,1.3449818606302893e-05,0.0001645898186018139,4.513990905735145e-05,0.0001456131967257442,1.2548379919490313e-05,0.08884833587372841,1.9480254895834677e-05,4.400053107670446e-05,0.0043710274757968025,0.012437017431332777,0.18115175167904526,0.35546619920815703,LFP,12,71
-39810.12622757885,2.5647851600869416,0.011150459061112445,28156.03772952639,-0.49027853780091135,-4.3097214621991,-0.6343201659149356,0.24948924640878106,2.4209935992282495e-05,0.0002203772226783849,1.974493031445891e-05,4.785824377781013e-05,2.4147586987908754e-05,0.06851338617237589,1.69134692460488e-05,3.95053537297693e-05,0.006851457863753928,0.0931577329249711,0.17280799403363134,0.029714107126461994,LFP,13,89
-142666.13543769697,2.0934712413188885,0.04711340812292727,132496.62922162045,-0.548356276790912,-4.251643723209099,-0.2512702673550137,0.8108222962600574,1.7715480877592424e-05,4.016657296806077e-05,1.1956142737243082e-05,6.91669208903621e-05,2.6063638659390057e-05,0.05229596791819148,1.896279695292252e-05,4.2641201536383604e-05,0.020572453841487648,0.06911424257497795,0.19119931531522372,0.41841617475478476,LFP,13,77
-311473.51590722427,2.1667895737070735,0.0117075189749627,422555.68702419626,-4.177640891101689,-0.6223591088983227,-0.7466877002166622,0.22060400443707595,1.3460152656537291e-05,7.723500052173168e-05,7.205558955825496e-05,0.00013475034024009556,1.339825441138748e-05,0.09788250448033783,1.8986396134903208e-05,4.247198806129644e-05,0.02442249858731147,0.1298423523662579,0.040791751379539845,0.01267819603754015,LFP,12,73
-129957.45404875313,2.2863547000976325,0.008582842088413036,129049.19809952463,-4.393303702134702,-0.4066962978653095,-0.7442391300349418,0.2197902964562242,1.8218418857283365e-05,0.0001022322334779852,2.7886857634194426e-05,0.00011127042653506696,1.52832505235043e-05,0.08411568201686853,1.1641363459711356e-05,2.6480436632705446e-05,0.012821669782933403,0.03105262845289046,0.04835682968270981,0.10635141182945801,LCO,12,97
-290730.08321605244,2.1609488923578573,0.15617018997409676,176916.22759430966,-0.6432873328981827,-4.156712667101829,-0.09167961979680761,0.26413472890531603,1.8321690526585764e-05,0.00010310528818412463,2.1912829374324402e-05,0.00011215699151309303,2.6025243619371376e-05,0.09966348587763038,6.577941709170396e-06,3.84577973924207e-05,0.02248437493876081,0.3594528981161237,0.09738537148065197,0.3814821106064168,LFP,13,44
-12589.5170828144,2.225950320331072,0.017751140610950993,14070.789198058377,-0.37704404731336183,-4.4229559526866495,-0.5076341885575961,0.3442235349230892,1.2964411833299463e-05,4.945238018495017e-05,7.336612479284709e-05,4.616481717098516e-05,2.4780066054441325e-05,0.07543116116800551,1.9939726061306008e-05,4.442502946037859e-05,0.005266467167088515,0.012627183719533641,0.26081470227411585,0.1489239254487545,LFP,13,73
-343222.3377371777,2.1321330625032937,0.022808730431034707,190677.15732073542,-0.5975890697493327,-4.202410930250679,-0.31695639159819566,0.2255662061241388,1.4179924491513038e-05,6.830578646266498e-05,2.7944367547623957e-05,0.00010965627794925974,2.889329300151986e-05,0.09319534894023183,1.790795125139298e-05,3.857083171592484e-05,0.0231683602037875,0.13267977799678946,0.0977258434948482,0.38263798691016676,LFP,13,44
-141419.19486157858,2.6184377211733443,0.015606361306091675,87506.3074755558,-0.3648181312250003,-4.435181868775011,-0.5079994952065516,0.256891497350254,1.576523995296885e-05,0.00017668674557840097,2.0730724130085616e-05,9.462039890425842e-05,1.835026399291978e-05,0.05275629858089919,1.2593266259176771e-05,1.3382970199325918e-05,0.016301981708998593,0.06813259244656174,0.05044510625267905,0.30342280609420763,LFP,13,64
-59817.03690742806,2.9760407063038232,9.346522430789395,1639.7961620632025,-3.367635058172894,-1.4323649418271174,-0.615005745053067,0.21017009045445567,1.2869741987689568e-05,8.56206321611383e-05,1.5733448459134465e-05,8.881715709262825e-05,1.8280660829463546e-05,0.04611462671287528,9.72464006473412e-06,4.72912715811356e-05,0.019028529595388498,0.06480989799399774,0.21631333933029032,0.03387101762264494,LFP,13,1
-71792.01504361242,3.0460978785727106,0.372591027038571,9324.152005924308,-1.8927441258208901,-2.9072558741791212,-0.41462963444344414,0.4821206303684745,1.8990350606282203e-05,0.00023244202798363716,5.2704169546942745e-05,4.818630799918557e-05,2.3947784722619878e-05,0.04579502291265303,1.4829886784688412e-05,4.048893986808976e-05,0.013469991316618697,0.16152144293962706,0.2613934235058176,0.09245549911111119,LFP,13,12
-37527.914393772066,2.441570706650363,0.003414280855716664,44169.76689971553,-0.41553322999624953,-4.384466770003762,-0.09455121858214033,0.23861436946226663,1.5536534767284984e-05,0.00023346108977615157,2.5146156949153987e-05,4.8841282754424796e-05,1.8306005268238022e-05,0.04201578218719447,1.982531896569364e-05,1.6649839159801735e-06,0.012443484654840598,0.05622597884070239,0.39453932129493485,0.3846834812822224,LFP,13,82
-47185.60360713453,2.1698852512722486,0.03427191452201275,17146.839603754106,-0.70200800948043,-4.097991990519581,-0.23681994084803515,0.25209041616363137,1.9275779403941934e-05,5.062979604360737e-05,1.0742221766598454e-05,0.00012760128274048752,2.3044905527328378e-05,0.047727393277279304,5.118995560047289e-06,1.914328774260323e-05,0.011116452153070965,0.01776599196089419,0.21913369597896032,0.4562803712121104,LCO,13,35
-189694.03294841212,2.1482889193887478,0.006659363226174454,284570.4032146199,-0.40480119504701406,-4.395198804952997,-0.29330732341191,0.2265533662938789,2.384583166121468e-05,4.174472021134725e-05,1.4575248664893737e-05,4.8389183608945383e-05,2.359200207760696e-05,0.08138165136517467,1.3851762638241997e-05,1.2700412267723625e-05,0.023931245748296495,0.47793674483141513,0.0973566440986961,0.061399287657978696,LFP,13,82
-10564.911886216596,2.4620907676988235,0.06086089585746879,11598.8637335953,-0.6305638408381498,-4.169436159161862,-0.3707245438287974,1.0589570064892775,2.002183736121988e-05,7.305654285801611e-05,2.793048678619839e-05,4.279670714450414e-05,2.6501696343042607e-05,0.055886239600925314,1.8733546089806806e-05,1.1150909435699372e-05,0.0056863981324996255,0.13549122887232481,0.2091854937407965,0.21459873355808134,LFP,13,78
-55776.45346764392,2.1166094942487903,0.006044178302288018,37753.62050436269,-0.42472253714873887,-4.3752774628512725,-0.37316307735072984,0.23868704835357496,1.7080015493819944e-05,5.134246655813722e-05,1.1292717211648147e-05,4.725595636671757e-05,2.3019824298383604e-05,0.04733776333397605,1.979931251998435e-05,4.387204529468084e-05,0.010932829686685398,0.035920149865688936,0.5004030444310439,0.020513728352537407,LFP,13,83
-138258.76497904843,2.6048090532030646,0.015951104677154722,87592.9377807568,-0.3739099799530834,-4.426090020046928,-0.4903690202375263,0.2767526609567802,1.602083916218247e-05,0.00017386660935489646,2.0730631564522075e-05,9.739029957465678e-05,1.2123347441345128e-05,0.05275907071315918,1.3172300893857172e-05,1.3440336245996878e-05,0.016269512264204224,0.06856894588597276,0.0657545324623959,0.30530750141410506,LFP,13,64
-45033.45509865733,2.354695771921131,0.03328710181121931,29819.924149958057,-0.48476411702371536,-4.315235882976296,-0.2621498433527546,0.6137951453322981,1.8469865342578635e-05,0.0001912353757262906,1.2708877305152564e-05,0.00013434015583875614,2.8233296147747458e-05,0.05299689910061047,6.932504988909372e-06,3.698949885967895e-05,0.009120437692020797,0.06962343941669427,0.21012625697330037,0.38810046025725076,LFP,13,77
-145210.34516226043,2.097649950212989,0.01669640817299373,209855.85385402341,-0.5376037527622373,-4.262396247237774,-0.21307425132422608,0.39055507609839246,1.829292209247696e-05,6.141004309286101e-05,3.072937148504606e-05,0.00011271687603985235,2.650991946846209e-05,0.05535526487036602,1.5459406744567503e-05,3.8822651196593694e-05,0.022643270491552736,0.4583378188131756,0.04488260658286965,0.21370532327972866,LFP,13,90
-263836.9673616971,2.13218866878104,0.02207290129442965,230874.53579748402,-0.48610062829172307,-4.313899371708288,-0.40175928892400836,0.20875844443522892,1.3561310379239447e-05,7.305687211333352e-05,5.966031056172573e-05,0.00014680917892479457,1.3035764358449821e-05,0.07806798988116567,1.5279731932445473e-05,4.0889416593608305e-05,0.024435813223492437,0.1823896524728948,0.0393067800677655,0.30654427853533134,LFP,13,52
-451575.437638067,2.2603128072664274,0.06002032312196291,391192.5367861181,-0.5927425503620469,-4.207257449637964,-0.6305405951974032,0.9644541968309761,2.297638986855774e-05,0.00012121673271021618,1.7385003697877352e-05,0.0001055044340406259,2.0449046515925643e-05,0.09895516887888069,5.436902889025264e-06,4.8531565586027956e-05,0.022791147812552193,0.019299795515334325,0.10870209592841236,0.17145751335885012,LFP,13,78
-127815.79030570644,2.525360008864655,0.013897202744983805,81753.13900334452,-0.35652666197218963,-4.443473338027822,-0.7291508494234591,0.24982527693136272,1.501983282371511e-05,0.0002351943709146707,2.0022785133963505e-05,6.261297264720074e-05,2.3486808701222543e-05,0.046245189960366584,1.1023742651955665e-05,6.753043037442477e-06,0.01628175801506576,0.06880047630036451,0.03407473456808005,0.09797393970809638,LCO,13,63
-14528.29780851096,2.122916399657933,0.05572563186242181,19227.519471748572,-0.6714645661821024,-4.128535433817909,-0.3667083997905354,0.9929434616860155,1.2079718113612893e-05,5.413653657984746e-05,7.387926798910447e-05,0.00014091783928429417,2.9484985099197304e-05,0.07696305840368513,3.128008089058356e-06,4.8481728209290244e-05,0.005599856575552066,0.18366973925385457,0.2555507126523221,0.12407114830328807,LCO,13,87
-299300.41391465446,2.1589171825353746,0.01631596337646205,514345.0433541676,-0.5878865672431957,-4.212113432756816,-0.6225177697443723,0.3811687593487877,1.3650926211614051e-05,7.752232366912799e-05,7.922281100707712e-05,0.0001360839791273421,1.963524542872954e-05,0.0994300737442387,8.304205884061338e-06,4.4988771687722604e-05,0.022857297188457443,0.020483342570021962,0.11120390803163353,0.1757949796539722,LFP,13,97
-80737.81702649167,2.1233438168669183,0.0164642264875691,78080.61434171979,-0.5454856163730071,-4.254514383627004,-0.3647843191977177,0.388614014930746,2.9604552962451686e-05,4.048440897224022e-05,3.4351441451772324e-05,0.00013427747703647976,1.5025599630818027e-05,0.08181876960143428,1.8114766616288486e-05,2.5077959213109784e-05,0.011050670686414812,0.03502724597190215,0.11959993206637828,0.41058850276400194,LCO,13,90
-397268.83585103916,2.5852632921376104,0.17507102630182553,90680.56039240622,-1.3599754948613096,-3.4400245051387017,-0.316550643558538,1.0397263363829221,1.6046466844489023e-05,0.00013457233376862768,2.0697936483225655e-05,4.5200495924690576e-05,2.6893648258186397e-05,0.09669665493455724,1.5463558138350727e-05,4.1999229810343195e-05,0.01976898333126633,0.14757649447513205,0.3548436912326003,0.11102917073372966,LFP,13,28
-77307.65752193748,2.1313981145238103,0.08548028674715755,38987.07602829835,-4.702745360148896,-0.0972546398511156,-0.2378538423760722,0.8320645981069825,1.6088406242408046e-05,5.81254388166259e-05,3.171964388649058e-05,0.0001277414211630137,2.4939637930349187e-05,0.06351673582798192,6.20194111287189e-06,3.448406266557888e-05,0.013030662631456193,0.06304143390232814,0.06855308419220381,0.5605516395293959,LFP,12,46
-253025.72023013042,2.120176698588196,0.030800000739614093,136900.67782687885,-0.4156714095598417,-4.38432859044017,-0.27379765422349445,0.47072656934102713,1.3411488648214622e-05,4.446655004481393e-05,2.17624787490455e-05,4.214094635926193e-05,1.2986697506472975e-05,0.08576772100248253,1.872114042807262e-05,3.4606398682041e-05,0.016346908529680303,0.06136964533780745,0.09234737327883859,0.5024853271598596,LCO,13,72
-411742.7887481518,2.2269575743452426,0.05053539022478646,83681.08546805593,-4.74326730845695,-0.056732691543061264,-0.4875113854444074,0.29168134879762697,1.923046239323371e-05,6.107313764025884e-05,2.05823530467632e-05,6.976930812317311e-05,1.733024313544138e-05,0.07431465792383149,1.0181843511078561e-05,1.4678841035700715e-05,0.023338042284033553,0.06797578203175575,0.22077288498080924,0.1537399475430277,LCO,12,25
-284414.2701219193,2.190978699456685,0.3602849027125193,36042.81034647215,-2.0203670725825447,-2.7796329274174667,-0.46575967989911404,0.381761484104848,1.353815036701176e-05,5.408255284380312e-05,2.723545010260167e-05,0.0001370333954619237,1.628086831674822e-05,0.07408800215412731,1.0185428263470537e-05,4.442121614419143e-05,0.022630021797405458,0.01929448988421206,0.26878608556848993,0.17615974464818399,LCO,13,10
-427478.4966433478,2.5581537913074,0.00961807894064411,254028.12321233968,-0.35797348904798554,-4.442026510952026,-0.26458582740852254,0.20614622215683967,1.9922115059763546e-05,0.00018897140256284576,1.0626047995313764e-05,5.397083527914873e-05,1.9948381880198544e-05,0.06414643863521195,1.7411777234996293e-05,3.3151735852107304e-05,0.023865664658128914,0.2591625226024581,0.07592840749316279,0.33032324249585665,LCO,13,78
-488031.6300515818,2.1397785032113865,0.04326850541834544,100057.45910590132,-4.758814865158506,-0.041185134841505544,-0.6535262546593964,0.2223001628661929,2.827656318764072e-05,4.277579811406197e-05,1.9814600236044513e-05,6.20294259287935e-05,1.733637911263187e-05,0.09703906390986133,1.3498020335334355e-05,4.0784370671450546e-05,0.023577284116458208,0.0114745679255613,0.22223739455263875,0.042761782862403605,LCO,12,23
-181759.62721867388,2.095339069544142,0.01090803162973945,432448.38938526873,-0.5454382632143364,-4.254561736785675,-0.6112971742567981,0.25010147300232877,1.8432519222487443e-05,4.017360137668691e-05,8.740766614121646e-05,0.00013118718173977904,1.4518187867914497e-05,0.09825498531554688,1.7058369038759046e-05,2.976238816649207e-05,0.021584500389143325,0.1982143714462939,0.05589388799875185,0.06459456629815623,LCO,13,94
-358624.9157921855,2.231200338157802,0.010605255039770127,306132.896671245,-0.3362633324348394,-4.463736667565172,-0.5584099882463714,0.2510498138255781,1.6869894494777833e-05,7.181003205520519e-05,2.722502312341631e-05,5.944578531437676e-05,2.955632920883516e-05,0.09825373872376773,1.748852997704892e-05,2.9777170575718728e-05,0.02214458919285022,0.19881212548367827,0.11470885919593116,0.05806902707401919,LCO,13,70
-452406.4094902073,2.499412664128962,0.011473032034958874,447019.96100309264,-4.404943476680913,-0.3950565233190986,-0.5988748974942664,0.2499295915351038,1.311629009676685e-05,0.00023977288739472535,8.181390152867064e-05,4.086919901029856e-05,1.2442607075216694e-05,0.09930674210020965,1.4049125078496413e-05,8.465149789087483e-06,0.021855176654563272,0.03317625784712101,0.1839639687462359,0.11398487591237681,LCO,12,98
-239706.77214596784,2.2586032629932147,0.00955389932147246,287786.16400179686,-4.255509767872574,-0.544490232127437,-0.8306925831487063,0.20212554059497775,1.2413249059480462e-05,8.382144469421794e-05,6.822260156297822e-05,4.184978593914159e-05,1.511256117821347e-05,0.08954224647152786,3.5872345222570264e-06,4.891339503042984e-05,0.019675846423460028,0.04295813785353507,0.03901923930943674,0.017330039688321926,LFP,12,84
-655311.8180688722,2.394632448971673,0.06535836434412044,490016.1424205517,-4.604280424020573,-0.1957195759794388,-0.6737344943349262,1.2782910948076809,1.3065896028857703e-05,0.00011154891283598953,1.328595381304125e-05,4.083623834107683e-05,1.2137819734994867e-05,0.09961145553265885,1.573111261186765e-05,3.2775700346416437e-05,0.02309663494280573,0.03291524338195251,0.15417956200449223,0.06917070027862918,LCO,12,99
-232529.25431737257,2.1563182251290764,0.010832941878624835,326556.9629177053,-0.516192806267,-4.283807193733011,-0.7542488869372692,0.24968215222282825,1.5499645729671528e-05,4.363932822815119e-05,3.8606572825053886e-05,0.00013201504615605546,1.795626940586198e-05,0.07396583664472181,1.333261127593021e-06,2.2985189227353768e-05,0.021641227502685507,0.026927031048487798,0.044649606890431334,0.10417447512381166,LCO,13,91
-148537.03872131935,2.0979314079149356,0.008537445455751955,200060.58181672957,-0.5586628576852846,-4.241337142314727,-0.3988971144290018,0.2116759180084407,1.4385410101376637e-05,4.554534764411707e-05,1.0346941709024666e-05,0.00014711886517557903,2.9639915528965497e-05,0.05127027460366736,1.1801207728507556e-05,4.200610440995775e-05,0.021061597566075663,0.015471575038857377,0.2529142589533236,0.2627170515788173,LFP,13,99
-268252.5444714007,2.090059233889263,0.09357600696391627,86625.5798085262,-1.1299170528607902,-3.670082947139221,-0.24224790609804303,0.5029837244003438,2.693791846000422e-05,5.444116808737152e-05,2.7393129726523808e-05,0.00013127988491338596,2.469109878902983e-05,0.08524260924774611,1.0185560762234112e-05,4.3838405411360715e-05,0.022694505648356567,0.2426720654560789,0.26878111123448,0.1762989172113981,LCO,13,24
-240880.1407687823,2.140086223872983,0.02231864480478271,179133.18558798148,-0.3839448214650858,-4.416055178534926,-0.41389551610287834,0.3506434092150427,1.331048806639012e-05,4.042285244116617e-05,1.5917769033644613e-05,0.00013815694738011079,1.298366486416996e-05,0.0857957810750168,1.8996532499075944e-05,2.0766720430355452e-05,0.018375952114100823,0.06254747527620089,0.09217315179494201,0.3613838568259788,LCO,13,66
-22262.72501840711,2.1618372683878047,0.10133853667189427,3871.7231395990757,-1.0690136752468646,-3.7309863247531467,-0.26495661767231626,0.2078617502169714,2.024804849959568e-05,7.12446241856817e-05,2.749659322539959e-05,0.00012842374502594357,1.779561630790899e-05,0.08236662458415575,6.611690028635242e-06,4.9442036804672617e-05,0.005205851700023305,0.021885048770698867,0.047187951145439236,0.5959703824115457,LCO,13,20
-130917.80957400387,2.167628206668115,0.023383431508560558,44318.20019009203,-0.7103209684760401,-4.089679031523971,-0.3587892049577587,0.2969926717996828,1.3242001211401803e-05,4.251010650476662e-05,2.4642299215644915e-05,4.5236209979445695e-05,1.5087335239020766e-05,0.08608691035860946,9.620867262506203e-06,4.0600103148017137e-05,0.012783754528751107,0.06776937885427076,0.010771597998786058,0.4926698181891846,LFP,13,37
-448875.7342455755,2.298746003041999,0.046746331833285484,345900.3716206445,-4.372589690962933,-0.42741030903707866,-0.3298151475303972,0.7667506342441064,1.925247858714706e-05,9.905688313779566e-05,2.5138173385423012e-05,6.977495172067685e-05,2.0055119055939742e-05,0.08990316668798506,1.877596164958623e-05,4.1244338058515304e-05,0.024631354662949235,0.26546521223734476,0.21833576875761262,0.11638387147464549,LCO,12,78
-240187.7117899055,2.3204812628390705,0.008649152162912219,210224.81783374783,-0.5526952967885919,-4.2473047032114195,-0.6847582202762537,0.20632681075212664,1.3415134153404886e-05,0.0001131137845576191,4.7296763301289365e-05,6.180383450673562e-05,1.2220338841358687e-05,0.04471906624149545,1.8822322920544902e-05,4.183635197337452e-05,0.021403241431992126,0.018535431804391427,0.06691742479195262,0.1597889231274023,LFP,13,99
-313209.6082085745,2.3876810768503445,0.016391093580801853,275772.71494709124,-0.3814561993635479,-4.4185438006364635,-0.611358763349387,0.24967645188898796,1.4851312298691192e-05,8.346973085377085e-05,3.866680755548614e-05,5.712265324324639e-05,1.7500702221018447e-05,0.09825835662134258,6.649939819656204e-06,2.000718861608379e-05,0.021640149717645326,0.198865467034401,0.01438137739713645,0.10539439221907561,LCO,13,61
-174175.1783234759,2.1494078916447954,0.02062576642043465,130522.52207362169,-0.37918098562746394,-4.420819014372547,-0.6865833236103502,0.3350330443737005,1.3418069086847609e-05,4.58848928378195e-05,2.1806193765770957e-05,4.0848973446395e-05,1.5253783027924606e-05,0.07933161276812667,1.4296247708141407e-06,3.469949470555498e-05,0.016345244174004334,0.03184944220654014,0.11118200037496291,0.10038523380814679,LCO,13,65
-160605.282002887,2.1692471306461703,0.1653836307538233,36320.54159280083,-1.6976807749195117,-3.1023192250804996,-0.6310987145491638,0.24405810921579532,1.327174748714299e-05,5.193267296671565e-05,3.871068704197297e-05,0.00013669738459992924,1.525100898690265e-05,0.049880974694681196,1.937148157429055e-05,3.149403152424754e-05,0.02445870302041048,0.011360752770724337,0.1495767746492246,0.13796375803088734,LCO,13,12
-108628.46280221707,2.4215411097136696,0.01622776766944885,140982.63523583405,-0.46066056247263276,-4.339339437527379,-0.3415579277755759,0.22003384915665253,1.532677591370643e-05,0.0002174612656347199,3.831373942423839e-05,0.00014352153201722945,1.6583336959033508e-05,0.05872648323579191,8.091717499126121e-07,2.2897013540782124e-05,0.017143621911214556,0.3521909906237882,0.1458697210208786,0.09038136057975737,LFP,13,87
-257370.24107062575,2.167945635011196,0.008849772021061679,321471.518110714,-4.329393616906145,-0.47060638309386604,-0.3002273784780016,0.21841091153494066,1.3676557565920208e-05,8.021106129095459e-05,8.62418261840033e-05,0.00013652444073797081,1.311505118720552e-05,0.09211580483839885,7.25355137070589e-06,3.93937428501746e-05,0.021436284346669304,0.07591383167455591,0.10586488198863948,0.447993907858803,LCO,12,89
-518972.1536849964,2.3432649578534233,0.0169651984357367,389612.4374150264,-4.428905752441622,-0.37109424755838916,-0.7374904818772082,0.3881703599401815,2.375825382400882e-05,0.00014233752725766364,2.4788618638319568e-05,8.422070878351643e-05,2.3844715098764723e-05,0.08615612690438144,1.8096145548017836e-05,4.861208378981778e-05,0.022103878690117054,0.10299628922582213,0.01224328090506811,0.07726994799190158,LCO,12,99
-27862.078201707394,2.102959792375832,0.03630664606753879,6801.141047777784,-0.9682213878715018,-3.8317786121285096,-0.6155320617173239,0.22447533828405725,2.4055972702578307e-05,4.291446810835205e-05,1.4894651060376855e-05,6.717263902929706e-05,1.590681055223646e-05,0.05778839457355463,7.099479400228561e-07,4.127694152432691e-05,0.007601363707695615,0.011900622066202866,0.27366475965395365,0.02890255656251965,LFP,13,23
-43494.214585551075,2.3041065778915,0.00881958478821324,48934.17406584693,-0.5271906519729583,-4.272809348027053,-0.2940980079830352,0.2078335102603437,1.4136863522140242e-05,0.00016926811626714015,4.64060079178359e-05,0.00013026631418253456,2.1020823362986574e-05,0.0903489233598968,1.786521673579307e-05,3.376926252586763e-05,0.007988937347465721,0.029370399255361734,0.03601454169796691,0.5705170510636361,LFP,13,93
-197862.68880110886,2.1063429389477966,0.00946550752067362,290007.18286850833,-0.532192130672648,-4.267807869327363,-0.4299296702237162,0.24607786946806587,2.2407734342228645e-05,4.2965492407207774e-05,1.1469734385467223e-05,0.0001265620682599772,2.1679262414944538e-05,0.064223669747828,1.972626649792707e-05,3.0765883194828904e-05,0.023634215804725165,0.018298144039008268,0.15102515257913923,0.3307470331581364,LCO,13,92
-125150.34025969896,2.642175249066917,0.8721581939178014,16423.751886780443,-2.72611807208164,-2.0738819279183716,-0.6332249282651493,0.38981805233870226,2.564926315322098e-05,6.1202503501522e-05,3.444607408432996e-05,6.895207128829512e-05,1.733817863785021e-05,0.0715334974616335,1.0174764352889209e-05,2.8972473604519212e-05,0.0222508295097205,0.06921405409869638,0.07758509790200442,0.14997591973414995,LCO,13,5
-414671.32953290374,2.2590541189930864,0.010481660929430862,389949.9332137308,-0.37823225972184815,-4.421767740278163,-0.31595934035363415,0.23636491568830392,1.290979704210492e-05,9.943879017981784e-05,4.5013046654090236e-05,6.847579258944623e-05,1.5173465049947814e-05,0.09009046484762609,1.8762134645292008e-05,4.566999162820465e-05,0.02437862723762129,0.35941395884005045,0.14848113503497112,0.10614556577134437,LCO,13,79
-376372.54398722074,2.128829572502677,0.04622015437834388,93435.75888468993,-1.193462460249009,-3.6065375397510024,-0.24172714156241049,0.6121442513225648,1.6868946108997727e-05,4.629876468822329e-05,2.7148085809336756e-05,5.046892546061208e-05,2.8138617471370266e-05,0.09567589476035335,9.839140920918139e-06,4.395009254058927e-05,0.022821213136459975,0.17832246411601274,0.28647255520465487,0.22347783911692196,LCO,13,24
-563375.5350515277,2.632130110810844,0.025178114974582853,246992.44141516526,-0.3960157594551035,-4.403984240544908,-0.7424396232605976,0.3676200092885691,1.3344482003703292e-05,0.00024126970317209272,2.0713013980810734e-05,4.0720389991313226e-05,1.2650947689704368e-05,0.08160488366302064,1.0476464274511944e-06,4.412909403082386e-05,0.02091483780123143,0.024036111820568522,0.04625903483058724,0.11726523008824669,LCO,13,64
-75358.97670198213,2.182208220900935,0.10339683066461651,41013.20784075936,-4.646624709892009,-0.1533752901080021,-0.30365597784280063,0.33139528466006046,2.990642358308081e-05,7.462863894979703e-05,1.2247941533473307e-05,8.189720583433484e-05,2.9495294134216096e-05,0.05051556647670023,1.4043996438656858e-05,2.7686169551674284e-05,0.018437526580939983,0.4305669260233931,0.04863602872500007,0.14714106740880628,LCO,12,32
-141273.25908638365,2.0845039365982116,0.06985642326783609,79881.46419932327,-0.811323193185082,-3.9886768068149294,-0.462412270557075,0.3832346529410293,1.3534169430532163e-05,4.5342308537998116e-05,1.0083316970445413e-05,0.00014871732781822675,2.469187400416079e-05,0.05114845614359946,9.469760149534877e-06,4.1949874619803564e-05,0.022654201029265197,0.019443983933470056,0.27613997439315136,0.1720037711163036,LCO,13,33
-338298.7449475249,2.230251750659314,0.011522439716910382,389632.8706270722,-0.4335722809679936,-4.366427719032018,-0.23780524656999458,0.2524332239699872,1.3079392055613537e-05,0.00010676531043479946,4.4766263538383036e-05,6.849432626520279e-05,1.5085036060797772e-05,0.08929306522495335,1.4367027311202643e-05,4.415653592567166e-05,0.02438308309476812,0.5104313206892857,0.033213286412289156,0.1485501463284306,LFP,13,84
-312379.7290714483,2.490940344671701,0.012971043035520194,126675.85749565095,-0.36173179104343944,-4.438268208956572,-0.37356788631527293,0.20223707117293158,1.2664688504167385e-05,0.00010626985494869828,1.4630476190517248e-05,6.061667654125583e-05,1.2979899569492026e-05,0.07996227400044634,6.317234300177243e-06,1.9983833142174084e-05,0.016829748388931285,0.06251957057305134,0.1279212820312461,0.3659912610804297,LCO,13,61
