SpecificEnergy,SEIGrouth,TempIncrease,Price,UpperViolation,LowerViolation,VolFracViolation,C,la,lp,lo,ln,lz,Lh,Rp,Rn,Rcell,efp,efo,efn,mat,Ns,Np
-58281.605292464745,2.184803233697454,0.0255339743716091,40871.74339757504,-0.4729488433961393,-4.327051156603872,-0.2800081287080167,0.2009148839368777,1.4736537289073668e-05,6.550974459763682e-05,1.8417862412681785e-05,4.0133592419071824e-05,1.2214927082585534e-05,0.0796596049319611,1.2997086266865583e-05,4.93458364267318e-05,0.0106611648699568,0.0239986664389105,0.5812606102220736,0.0447325946309991,LFP,13,54
-42612.4444915939,2.064386373365505,0.0098307989535049,57152.00524651143,-0.3837400387833227,-4.416259961216689,-0.1087964147950124,0.2032422962329797,2.1242638352984416e-05,4.05616146347613e-05,6.708478843749092e-05,0.0001069820340074,2.5476709866756574e-05,0.097912763228397,1.551267059851616e-05,4.911936939910337e-05,0.0096248964965895,0.3481907391722553,0.2875447531851478,0.1854680928475846,LFP,13,80
-42930.01383420134,2.294044795879444,0.04030952958876,18548.15380460146,-0.6558347547137373,-4.144165245286274,-0.4896527505801213,0.2352923077201222,1.5281284787249706e-05,0.0001716534063105,1.546630778381082e-05,0.0001287194942431,1.8050850456396517e-05,0.0860576024268407,4.2113044801129e-06,4.564173296248401e-05,0.0076260176752386,0.0190113387110526,0.2968251696926258,0.1245107410162003,LCO,13,38
-296872.9853236034,2.5103033502584,0.0112057962107696,174105.55381177756,-0.4979228979849779,-4.3020771020150335,-0.3731733778055512,0.2705006593414719,2.9028517208008583e-05,0.0001741833718593,1.9900046011294044e-05,5.632686602796764e-05,2.5941025057529888e-05,0.0495669462463291,8.341332407964214e-06,4.888285030490828e-05,0.0213448574991039,0.1154787884992014,0.0713434028925936,0.3700044308026536,LFP,13,89
-5860.455811523832,2.052566791084439,0.0275865082402878,2518.825632916596,-0.5519337681952763,-4.248066231804735,-0.0091750063751062,0.2295839239960515,2.791694043183161e-05,4.351502797944332e-05,1.0716731407046457e-05,4.876837767639558e-05,1.8055770017011192e-05,0.0459884733909129,8.810036504118144e-07,4.612886670161956e-05,0.004065514026894,0.3098960281385223,0.2856277830338005,0.3253011824525709,LFP,13,50
-237497.35785168805,2.1122698819998664,0.0247070062527359,135943.15167057287,-0.6506899711739678,-4.149310028826044,-0.2637809875988969,0.2817538880630285,1.962832726741488e-05,4.62888534350045e-05,2.6257028710027197e-05,0.0001321185589635,2.470880570953443e-05,0.0878389731044299,1.5057388310678735e-05,4.260072982823324e-05,0.0205270820017583,0.0665272304701245,0.5780935604605181,0.0215982214704605,LFP,13,44
-16177.809196114897,2.166470803658449,0.0146099223026319,16073.589225738631,-0.5532060960107898,-4.2467939039892215,-0.7752209236842098,0.2152385663217937,2.46205580056521e-05,4.079524139286888e-05,6.728646316840823e-05,4.73108779471541e-05,2.9839096094582304e-05,0.0414945105525,1.055256901414107e-05,4.216765045087011e-05,0.0064896798184176,0.0298593350128203,0.1011382577629085,0.0237814835400612,LFP,13,99
-8354.572957161978,2.094901856729216,0.0290780218859636,8643.46645365681,-0.6151591785160306,-4.184840821483981,-0.7550450314254832,0.2837909659930363,2.624871027850877e-05,4.071818235121856e-05,2.810736333371844e-05,7.34550628263617e-05,2.4668883295329496e-05,0.0607095029990079,1.5060391604064942e-05,4.251651851489645e-05,0.0059497278388939,0.0205748360595739,0.1295489563999773,0.0248311761149655,LFP,13,44
-117029.99022416906,2.1694909822430053,0.0084909220235011,86750.97299396625,-0.5220422586460813,-4.27795774135393,-0.1653030020083546,0.206718917725859,2.0234356458131685e-05,0.0001098031799398,2.079437444303633e-05,0.0001137696566179,2.8353808677967327e-05,0.088201065376874,1.1462910403391436e-06,4.893961486617944e-05,0.0114756135514613,0.1583304470856343,0.50838559624627,0.097980954659741,LFP,13,92
-28073.608075492997,2.1771189819936563,0.0111315341759673,19425.222051069228,-0.5586184799942515,-4.24138152000576,-0.3802019517826801,0.2193477140189411,2.952262522466852e-05,5.486489679238773e-05,1.6677828418767476e-05,4.054193688733896e-05,2.31263525376827e-05,0.0412365564974717,3.2074247964606154e-06,4.905162615392488e-05,0.007958449109926,0.0305131366786118,0.1036659390887224,0.4156189724499856,LFP,13,98
-30645.284327924368,2.093685581731911,0.0099854891370264,27745.46143197026,-0.3668856071350674,-4.433114392864944,-0.6494678918710441,0.2186481348388613,2.2441752730790877e-05,4.646815750919011e-05,6.702421805732213e-05,8.476210636165805e-05,1.4568910413991774e-05,0.0798930935278307,1.1678588910751398e-05,4.221018220059278e-05,0.0067150756131274,0.0764415464907217,0.1938809885322857,0.0102095731059483,LFP,13,79
-175516.6605119947,2.1977287521931927,0.010429572124812,196434.9078786997,-4.199633450109388,-0.600366549890623,-0.3225354113104802,0.211291825409907,1.5221984830881403e-05,6.862452907119285e-05,1.87793481429133e-05,0.0001498007133871,2.832391323074487e-05,0.0509889387543395,1.7990489015420584e-05,1.874592231138719e-05,0.0246547554257199,0.3476241802988313,0.0182378146969469,0.2416025936937416,LCO,12,77
-11601.132275084652,2.467109504322183,0.0135626381083839,10592.140325098624,-0.3532308845553444,-4.446769115444667,-0.4182709378670198,0.2557697131840825,1.319124574284538e-05,8.80666428524363e-05,1.8461357171371667e-05,4.049410778121287e-05,1.8964649990455373e-05,0.0855232036194896,1.176682025946661e-05,4.161542916788569e-06,0.0044957796136217,0.3137777021807816,0.159347961434093,0.0386033985181055,LFP,13,69
-93507.11814293402,2.095315378278901,0.0221248499783773,65352.68424273808,-0.4048361021662003,-4.395163897833811,-0.453988729929148,0.2555626593878483,1.6089699444804848e-05,4.237101260573602e-05,1.840789849633626e-05,0.0001099162241323,2.8847115813425676e-05,0.0883666080395772,1.0678256261775833e-05,4.947293195917726e-05,0.0117559526771242,0.0230674947968825,0.4335057735556896,0.0194380017182798,LFP,13,61
-14527.735794469769,2.451083864199876,0.141406848960025,4902.8009214562135,-0.86978232593993,-3.9302176740600814,-0.5099823459383678,0.248715154519742,1.9082214277502864e-05,0.0002339745939794,7.513674396721325e-05,0.0001195241705824,2.0799944749868006e-05,0.0755278209149043,8.282028740154238e-06,4.305217337704435e-05,0.0049222281731528,0.1420702103163485,0.1926779400524278,0.0852695036928559,LFP,13,27
-193427.3101957269,2.2786327173458525,0.0184189623375383,104029.51370956512,-0.4025527880364166,-4.397447211963595,-0.6313489995083398,0.2583742748164742,2.5298233834486e-05,9.476763505156988e-05,1.687820716473211e-05,4.329133239133783e-05,2.3170596758856737e-05,0.0628777693055933,2.56831362761813e-06,4.908020664339126e-05,0.0175042071206119,0.1386035500608068,0.0115746879918968,0.1484727624389565,LFP,13,60
-14429.956644543632,2.165857345439379,0.0332665005331649,5303.485674974767,-0.7889764499333722,-4.011023550066639,-0.5280299580107928,0.2006145775448758,2.04163285290407e-05,9.01683229699179e-05,1.4655038451697372e-05,8.122696806874093e-05,1.3576449431693814e-05,0.0876493934009015,3.897551246172927e-06,3.69994965645953e-05,0.0046773593902032,0.2901913681121015,0.1014784640908886,0.010300209786217,LCO,13,29
-100766.7073691626,2.25598089105519,0.0119192867705456,71373.0682141703,-4.24903216307375,-0.5509678369262616,-0.4024083037228543,0.2650465390199056,2.736940035023736e-05,5.920150694301988e-05,2.1354610170184645e-05,0.0001246663208172,2.6999890760481814e-05,0.0813114168451254,1.8019176374814694e-05,8.971363913648398e-06,0.0116653511869488,0.2186200451222895,0.1523897640976029,0.1565818870572532,LCO,12,81
-322771.7032489419,2.182879698271352,0.0085351102090469,303751.2687879481,-0.5371445918797022,-4.262855408120309,-0.4835943399971211,0.2093127887774722,2.041491503435289e-05,8.080365990276524e-05,1.4650255877472045e-05,8.580088157834635e-05,1.6188295071060442e-05,0.0759271858944255,5.246254336991912e-06,3.6985224634856126e-05,0.0215000697176102,0.2637589489837011,0.1009409387605746,0.0817057722586032,LFP,13,95
-11949.799247776513,2.1378658432397994,0.0149680977607238,15238.505123606335,-0.3542986229211706,-4.445701377078841,-0.4119264034585193,0.3020530517496099,2.705415390544788e-05,7.580250496360869e-05,4.1483785620068846e-05,0.0001459123311003,2.5256502380644697e-05,0.0973752236507261,1.92506417598176e-05,4.647456625936832e-05,0.0048819827811231,0.0921878958606953,0.0248971783643182,0.4009885223164672,LCO,13,73
-17425.815525407706,2.1748708965947787,0.0151441093454064,12617.20606653398,-0.5882556465140567,-4.211744353485955,-0.0511060745927072,0.3279875737087426,2.9534085945077138e-05,5.485741462347109e-05,1.845496639081787e-05,4.012546864237165e-05,1.6423919581512607e-05,0.0409623601960576,3.1803388289606557e-06,4.904508804100696e-05,0.0067740500686573,0.0307682851117094,0.4309817066804466,0.4171439336151367,LFP,13,98
-451258.6875315265,2.4800307632150544,0.1000665015726854,86472.58434042819,-1.4817809018632886,-3.3182190981367228,-0.7648201517972113,0.2053829393370648,1.756891257694982e-05,0.0001349919962312,1.0168987639766351e-05,0.000113154942915,2.3214483251362292e-05,0.0966482185895981,7.025263376083023e-06,3.453499206488317e-05,0.0247455946913375,0.0882500037362272,0.0321059418887866,0.0448239025777748,LCO,13,14
-149758.84448473452,2.085310591225815,0.0118825792981027,123323.65284892132,-0.326620897827965,-4.473379102172046,-0.8767535202912686,0.2421378219254636,1.6043406069086365e-05,4.31420895054774e-05,1.3813116895279378e-05,7.298385675253398e-05,2.272178808255075e-05,0.0897549804678802,1.060185581119029e-05,4.962710132832174e-05,0.0141982013363492,0.0193940361845362,0.0145615018248182,0.0192909416993769,LFP,13,69
-259627.8913355405,2.1321834992797437,0.0094796008807852,296158.703140476,-0.450888994999687,-4.349111005000324,-0.3047480215765507,0.2085822516410526,2.0703320236981265e-05,5.851239374417625e-05,3.0585966216072936e-05,8.227946406566234e-05,2.7590504706606076e-05,0.0797478848527515,5.5447130124716e-06,4.7167698078448736e-05,0.0229163255582677,0.0283354688332146,0.3706188737359474,0.2262976358542874,LFP,13,86
-12426.757788252338,2.2446528695148578,0.0106593951424058,12044.62906844714,-0.5629903703530772,-4.237009629646934,-0.1621683330923478,0.2545263698878035,2.4438837139676944e-05,0.0001030708382053,1.856578381610628e-05,4.015908767657209e-05,1.359935824772014e-05,0.0573674420248516,2.386057127588154e-07,4.875738967865141e-05,0.0052188169314055,0.2906613034218009,0.0968520013289772,0.380318362156874,LFP,13,98
-8217.936539016304,2.1520872251790664,0.0131224949980835,10654.272434640669,-0.4570532701019658,-4.3429467298980455,-0.7326707875065763,0.3024601620840749,2.6068098048830423e-05,7.614505754222177e-05,3.387108688502224e-05,0.0001476265860627,2.813209068001644e-05,0.0536514609178306,1.4356764243226625e-05,4.172434803944568e-05,0.0048531320824008,0.0284683035995495,0.1549711806956903,0.0138897281981839,LCO,13,85
-309785.6069644297,2.1239119635048227,0.0294031970910696,227069.0881161959,-0.5105923833921366,-4.289407616607875,-0.7559315447944186,0.2843298373575383,2.2148366577688383e-05,4.223732639709522e-05,3.397423728826615e-05,7.264620559476518e-05,1.4719475346521143e-05,0.0878321538555939,1.1535134060561369e-05,4.2602912613305845e-05,0.0228499544162222,0.0203079066839993,0.1289197740654856,0.0248407744560963,LCO,13,51
-9904.940511947894,2.1145688573941066,0.0274381477808406,8746.255464533668,-0.5917021671583313,-4.20829783284168,-0.5011349879319413,0.2165478930850355,2.467186364827232e-05,5.2077606613079615e-05,2.846926441077296e-05,6.974393667504349e-05,2.9881967061651424e-05,0.098016995185652,1.1281227170412457e-05,4.683655670726891e-05,0.0050060113624708,0.0946942389601076,0.0545730970354834,0.2795976760724676,LCO,13,42
-253880.9279776903,2.1167940774706344,0.0092507676907252,289356.1692252006,-0.5472799071020802,-4.252720092897931,-0.7170313596820492,0.2242971087098284,2.9913696464083023e-05,5.481761145010419e-05,3.650209915094898e-05,8.275213699497405e-05,2.010966676376967e-05,0.0810238248235387,6.513278998466412e-06,4.6309029913889135e-05,0.0199399898394379,0.0315303894430611,0.0437535394002566,0.1376847114746329,LFP,13,96
-18555.29239605866,2.1389215769750924,0.0202455073231435,12982.39327415666,-0.5904327407511332,-4.209567259248878,-0.2827862063712598,0.3626223586236696,2.964014964895345e-05,5.262443087470413e-05,1.5967658548466266e-05,5.126670953573405e-05,2.818020696068056e-05,0.040032585398939,1.9652453081256813e-05,4.9043694663274384e-05,0.0067617190652491,0.0375838298276865,0.4320772806433193,0.1775526831577344,LFP,13,97
-243576.40836277307,2.101749768324007,0.0114108729338954,354601.036078872,-0.5712935533188173,-4.228706446681194,-0.3020674038986267,0.2777934702071009,1.394840733967973e-05,4.493768302442937e-05,1.4535473382015594e-05,0.0001225240793252,2.8916683382519368e-05,0.0884699487279538,5.538682576951247e-06,4.71267688745547e-05,0.0220864457277099,0.028503133597876,0.3704983074308401,0.2289311550726571,LFP,13,97
-61965.2200562914,2.101529939005853,0.0728085647008127,18347.51349460344,-1.091808394530965,-3.708191605469047,-0.605787997773756,0.5237759777140765,2.731197033638821e-05,4.646456970651798e-05,1.4466015568222636e-05,8.6518390833807e-05,1.4536376783169256e-05,0.0799976249820427,1.17318243839677e-05,4.46725744070653e-05,0.0101053786810756,0.0206529199890496,0.2658322907578151,0.0377267914793792,LFP,13,25
-206905.8076131037,2.0852622085485613,0.0290874944205493,108946.40441873188,-0.555071207292805,-4.244928792707206,-0.3471659422718475,0.3164207721035973,2.0571225935951843e-05,4.060279220667987e-05,2.828228678171601e-05,7.247587758070278e-05,2.508571344363205e-05,0.0603125574500592,1.6498203030714183e-05,4.312225599288984e-05,0.0208210743495008,0.0661539200778334,0.4916164913429018,0.0250636463074172,LCO,13,51
-29446.30223480196,2.127694261434063,0.0333914654469817,19345.0002751576,-0.4496112655047781,-4.350388734495233,-0.7723575117798143,0.5284876270958121,2.9600125963966957e-05,4.641431702975159e-05,1.4439641852837464e-05,4.164379533655026e-05,2.7043915867963773e-05,0.055191218183034,1.1810317821006252e-05,4.891444755620361e-05,0.0079288477138439,0.0164153716804972,0.1038947874552008,0.0373323290844877,LFP,13,67
-8943.231750858202,2.0819202559996315,0.0183810180306556,9795.451235078594,-0.4293768176891035,-4.370623182310908,-0.5883077091451556,0.2540852334441089,1.6054826221474157e-05,4.176408189833759e-05,9.057443552156818e-05,0.0001402959804445,2.9032727096435868e-05,0.0883733754531224,1.843589586578545e-05,4.4492451450208e-05,0.0044211901621703,0.1055162984154903,0.1790295893822719,0.057146403057082,LFP,13,58
-150480.99244695908,2.375118926599722,0.0125817081366494,125231.35456020111,-0.3477197823271112,-4.4522802176729,-0.3519576431719328,0.2302140990246878,2.083945979626787e-05,0.0001093935811813,1.8366107832269427e-05,5.413314065031678e-05,1.88828357583752e-05,0.0485273075004503,1.1771053592358547e-05,1.5297219688383888e-05,0.0208326763603178,0.4333399527829736,0.125987205316103,0.0187151987289904,LFP,13,69
-10852.173102664148,2.464242257605401,0.0061923603696791,13338.725743226909,-4.248736171446289,-0.5512638285537221,-0.1717882462860014,0.2543187520011986,2.6043100581600646e-05,5.878015723262893e-05,2.146448595400336e-05,0.0001239082287974,2.7200170602340516e-05,0.0496524776397363,1.8013005258747836e-05,1.346365703213002e-06,0.0066897242050455,0.4628750829774391,0.0532644916960211,0.2420721790405383,LCO,12,81
-325407.97439541505,2.1641018218165424,0.0135852346887134,378211.7403972148,-0.3548187096171631,-4.445181290382848,-0.3514505302509823,0.2565227722918767,2.084301108263127e-05,0.0001098630268716,1.8408637825575847e-05,0.0001100829295169,1.4573483315578623e-05,0.0934997930834109,1.020047017433804e-05,3.494365296016698e-05,0.0248684743517826,0.4342885745416735,0.1244786448425823,0.0197822503647618,LFP,13,73
-174541.70672801958,2.085969761496647,0.0084778004873435,252480.8633654775,-4.382709663428386,-0.4172903365716252,-0.5277128281484205,0.211229296977024,1.5558375204238104e-05,4.9439378216121134e-05,1.8482618809761703e-05,0.0001232487224986,2.7754362660162384e-05,0.050618396130933,1.6652190316818107e-05,4.684156459692572e-05,0.024671058406148,0.0297961625615094,0.0814525177662984,0.2910384915237717,LFP,12,96
-45382.43316879503,2.4050093442249114,0.0129590377806149,22495.44198972417,-0.3750746681037924,-4.424925331896219,-0.6256871571580284,0.2250947820024153,2.0839050071395863e-05,0.0001312947787571,1.6747664253507465e-05,4.49762910000007e-05,1.4964762323055283e-05,0.0787180928563738,1.5968714982721147e-05,4.926176447217618e-05,0.0069637169813199,0.0207162793056488,0.1036609998936215,0.1799355636427013,LFP,13,61
-684557.821730359,2.537206026264847,0.0091031252807207,507115.9493731485,-0.564542206405811,-4.2354577935942,-0.3986991628499098,0.205768415889878,1.752867809807593e-05,0.0001591237854905,1.0494508775854385e-05,4.349908048463863e-05,2.494612835033807e-05,0.0942527427367703,7.024685075271165e-06,1.5399904137687512e-05,0.0247484888750396,0.0882817144180784,0.3980033798690521,0.0450157428629596,LCO,13,98
-469864.0621950984,2.2679684878853097,0.0098348125774298,464207.5354520064,-0.574675034658739,-4.225324965341272,-0.1415639356733536,0.2247991697718436,2.6503956311998916e-05,0.0001861797522912,1.4831179341314503e-05,0.0001317653477861,1.4157352862240909e-05,0.0987992645584407,7.82092777369516e-06,4.837827630195579e-05,0.0239696910737708,0.0150143231409757,0.539247492471871,0.2341742487137996,LCO,13,98
-314621.9399401809,2.172821869879792,0.0089403774915448,300604.0576646826,-0.4877233280994346,-4.312276671900577,-0.6450926630048033,0.2232156015596109,2.891114904420754e-05,9.7070192811859e-05,2.944975823939553e-05,0.0001437670023373,1.4031636345219496e-05,0.0739216266420823,1.2046023943102717e-05,3.76593660086274e-05,0.0214685511832359,0.0921989666929384,0.1522221187065235,0.0404862515957347,LCO,13,89
-549002.9757712779,2.645887360549829,0.0165410858471364,400478.1992700504,-0.6002492046587591,-4.199750795341252,-0.647282224068689,0.4049022856364849,2.369864162110685e-05,0.0002073338654707,3.760809076078716e-05,4.257826430631912e-05,1.2825102677190243e-05,0.073941249098139,1.4459577443614656e-05,3.0614311273904874e-05,0.0234022673942531,0.0841361232763837,0.1586843972264126,0.0398972554285147,LCO,13,97
-13658.755167091547,2.371782523991347,0.224808766113366,2796.566120241039,-1.7469275594855205,-3.053072440514491,-0.1613909579296316,0.2063822808953777,2.61052428830155e-05,0.0001078350195115,8.055369141345741e-05,0.0001301100452677,1.306917462908478e-05,0.0876528215500665,1.2485428872607297e-06,2.0989167441152108e-05,0.0055314594720306,0.5489786658957437,0.1362826387818353,0.0833477373927893,LCO,13,12
-435432.1098708512,2.228593115011773,0.0087348866599371,435344.91404891503,-0.5673910354316831,-4.232608964568328,-0.0869794413559691,0.2027343048053991,2.9978288308520297e-05,0.0001462931852479,1.0980927327478276e-05,0.0001265767485083,2.936650842690281e-05,0.0920983956866201,8.179859486821216e-06,4.8517163705701606e-05,0.0247569512839981,0.1220900149748903,0.3979973721242099,0.3229331715449306,LCO,13,98
-419039.3062495754,2.2691243248115387,0.074287645618527,114980.10029133024,-1.0358708635217084,-3.764129136478303,-0.443252485490205,0.4718808907908637,1.5494354020514158e-05,9.586637472629816e-05,4.029231340670326e-05,4.816867595896049e-05,1.3424728838313824e-05,0.0907043972429468,2.856904561079114e-06,3.210129304181195e-05,0.022705277057889,0.2898886306988563,0.0761226883714564,0.1207361954394823,LCO,13,26
-33637.635918909284,2.1485444327412373,0.008451975251514,38375.36380334644,-0.5618400461815085,-4.238159953818503,-0.571204246353887,0.2124931308898374,1.9333273667431265e-05,7.297476004056766e-05,1.2600265168260845e-05,0.0001311193137096,1.7435180391447732e-05,0.0590995929554528,1.0630630969377797e-05,3.5522585761981986e-05,0.0082748110562379,0.0771911659255982,0.0224525008773555,0.2591520868431593,LCO,13,98
-45338.91631265004,2.1369534505635253,0.0123949513519263,29332.249154647478,-0.3398774090546226,-4.460122590945389,-0.3996118523502503,0.2122567617644741,2.165313550197967e-05,5.494431650159317e-05,1.2780847217540089e-05,7.070343096486087e-05,1.413790121159043e-05,0.0911394915374738,2.5315175396981466e-06,3.544823691636878e-05,0.0075609302595744,0.0647735309597566,0.3908636094203788,0.0747510072696142,LCO,13,66
-37374.9591964832,2.1849833365587528,0.0393763137019331,14255.570451693007,-0.7198751662531535,-4.080124833746858,-0.6757508746119384,0.3587080315766879,2.587081916309394e-05,7.260058513244012e-05,2.417809687936932e-05,5.689333497168713e-05,1.55377849383108e-05,0.0573343087386872,1.474853542451898e-05,3.244870303561545e-05,0.0083711746292972,0.0537208145535596,0.1322759204198617,0.0682523904146402,LCO,13,38
-29788.416947012203,2.7987847248666853,2.794884867648475,632.2116382371388,-2.822850282781829,-1.9771497172181824,-0.4712194784592281,0.2756892004728645,2.9971536298578983e-05,5.132800584342314e-05,1.4665939621774143e-05,4.665853800866969e-05,1.5352264080438454e-05,0.065475213028089,4.782826318443985e-06,2.868385000538669e-05,0.005477527344743,0.0301995640735874,0.1201731908684479,0.3084077665987365,LCO,13,4
-158705.52014547685,2.459129720163109,0.1252876140363429,24642.121352353748,-1.338334468497692,-3.4616655315023195,-0.537279408748125,0.3381654165500773,1.899646211028181e-05,0.0001366082813623,2.3890679199026604e-05,0.0001187661611099,1.5524907679088845e-05,0.0966903750574162,1.5373536063926088e-05,3.428901514187085e-05,0.0123344029845921,0.0854773146645781,0.0504747466022794,0.2567685299850175,LCO,13,17
-191261.57739782543,2.166402751204564,0.008759990386721,177730.79826210177,-0.4799814165390401,-4.320018583460971,-0.8079196879371892,0.2055960025489356,1.2730554869420982e-05,7.88527909298846e-05,1.0957899301470743e-05,0.0001173333461756,1.322207520920124e-05,0.0636696337480845,1.1916116739505474e-05,3.823610327466309e-05,0.0170750825771919,0.0509072560950785,0.0484227898645366,0.0227502661031957,LCO,13,89
-55236.23988238812,2.391547599282387,0.0102103048518962,49811.81915371979,-0.5354825714489593,-4.264517428551052,-0.3474290260350802,0.2439529483438089,2.855603522373476e-05,0.0001337428265228,1.9167212734280137e-05,6.468315475623265e-05,2.6118216889001414e-05,0.0969590250983567,1.4486180118141003e-05,3.467163434215093e-05,0.0080947577225423,0.014292035880691,0.0731542960087973,0.4951246420754314,LFP,13,93
-57521.75211754344,2.3499429700143226,0.0090354956440953,54838.41899669169,-0.557407639272526,-4.242592360727485,-0.4157148197298724,0.2090768098201879,2.182775315342845e-05,0.0002024340720632,1.137393070971296e-05,0.0001409708724307,1.4427087277816846e-05,0.0883798263526499,1.9869254461154868e-05,3.522516067515556e-05,0.0081458312266182,0.0563487108223344,0.3922700849151669,0.0656663845326262,LFP,13,99
-148636.19153873547,2.155328020085919,0.0093550613472625,139078.37609489265,-0.5688416086487535,-4.231158391351258,-0.087194502653765,0.2088177187659947,2.952627161429872e-05,5.7000641743164336e-05,2.1058929662381373e-05,4.056169307991795e-05,2.9899126532179905e-05,0.0923611919975865,5.176364348589497e-06,4.859198200702023e-05,0.0148632152707565,0.1136408658967189,0.402039545869822,0.327125085579694,LCO,13,100
-18124.57420104685,2.0935027715964925,0.0119170034369057,31512.295109462106,-0.5630042371574717,-4.23699576284254,-0.6035340355642075,0.2808094586587717,2.586771082624559e-05,5.9075890294111016e-05,3.619185697066166e-05,0.000149497768862,1.2004528315190833e-05,0.0530340491473599,8.642868495452895e-06,4.152359055744809e-05,0.0079850680253763,0.0371242812593913,0.0231351315661648,0.2662065516102363,LCO,13,95
-305967.11343321257,2.613024095363565,0.0114364246325747,265428.186777572,-0.5564531334564293,-4.243546866543582,-0.7472978242960898,0.2715571305302204,2.0938819563637403e-05,0.0002001788291156,1.94826363943319e-05,4.149153458494863e-05,1.446248300980326e-05,0.0676361302647481,1.2065906543476331e-05,3.0609788493091624e-05,0.0198088842084039,0.0843171484307948,0.0585532917131642,0.039831735559951,LFP,13,96
-274853.80189631775,2.2457442463061508,0.0085995053611084,265371.53798230685,-0.5657061349873729,-4.234293865012639,-0.4383824283576449,0.2024256700714349,1.80626022166689e-05,0.0001455152397037,1.1561739878200183e-05,0.0001200863340946,2.459144704871389e-05,0.0935747611350999,2.7536269178779034e-06,4.862246347089428e-05,0.0175714582189119,0.0307163303827929,0.3896567032649949,0.0712445379945671,LCO,13,99
-348890.0110497741,2.1259917049309074,0.0106314799000009,297352.8888619305,-0.5716315923033406,-4.228368407696671,-0.0055158670744163,0.2088388816600835,1.751426841859638e-05,5.495521244948856e-05,1.455132432303689e-05,5.053451577964958e-05,2.9966678786121905e-05,0.0951316466407766,5.126959561374261e-06,3.644033040453454e-05,0.0212389708958973,0.0880819958289208,0.3961649158331041,0.4402372212635588,LCO,13,99
-9394.559643690103,2.435506249921373,0.0998059874826557,1621.5836310018149,-1.4861457381961998,-3.313854261803812,-0.741883917433837,0.2134698103844759,1.624727376134217e-05,0.0001263006462489,1.1121522526399164e-05,0.0001340247770407,1.20303158223999e-05,0.0407301707584811,7.007305427156872e-06,4.142595339759704e-05,0.0051549337623617,0.081922036857201,0.024150542818179,0.0820435028907828,LCO,13,14
-501320.7031899132,2.3369662782520946,0.3068722029308033,40229.8940707719,-1.9759072408443143,-2.824092759155697,-0.0984026570919834,0.2460992393105608,2.888751881771606e-05,0.0001006036853352,2.1066710580276807e-05,4.063010615243887e-05,2.8377236067603544e-05,0.0916518199967748,6.144352202836598e-06,4.933500847981643e-05,0.0245966921996042,0.2458050820167196,0.2847143120884937,0.3010779488028033,LFP,13,10
-32908.81279036384,2.351956530053411,0.0158441346876663,27955.25329866077,-0.456329771526704,-4.343670228473307,-0.3807497980124487,0.3279829319536479,1.2275052452220842e-05,0.0001998908368592,1.7472406691441847e-05,0.0001428066756772,2.326498872203882e-05,0.0905182620278161,1.980510823108716e-05,3.067811866158864e-05,0.0062158340548032,0.0836034218223704,0.1359196557470842,0.3297271244180967,LCO,13,84
-219837.61210278072,2.2379605943163186,0.012020025853758,172664.63043215862,-0.3476777470402865,-4.452322252959725,-0.0403754646441864,0.2072787540826326,1.8147730786140184e-05,8.291073488724926e-05,1.2002788787788497e-05,0.0001436392296951,2.458672863544396e-05,0.093599860202173,1.829015294426988e-05,1.5490553178885398e-05,0.0185481488725682,0.248203523237401,0.5486512092705803,0.0927698028478322,LCO,13,68
-201482.68153810388,2.308156999473733,0.0088728012850481,168121.3869065201,-0.5705353345167126,-4.229464665483299,-0.1831960904665125,0.2088810811233481,2.937990757411232e-05,0.0001854890505586,1.280176958117401e-05,0.0001217835984588,2.9976029178143977e-05,0.0940786798231494,6.246190113113124e-06,4.859181121313537e-05,0.0148045816935761,0.0300333405661021,0.3847422300976775,0.3320283388697077,LCO,13,99
-168962.7786080733,2.161651322644553,0.008368591090582,169383.85462490833,-0.562706700967766,-4.237293299032245,-0.569593097339846,0.2126944309504063,1.2722603530669003e-05,8.149686331304637e-05,1.0261407627028073e-05,0.0001312699904106,1.2789094880194554e-05,0.0569758954857215,1.2523338558434028e-05,3.428648958098935e-05,0.0173925562901241,0.0504489147069704,0.0492355321662172,0.2607224557869664,LCO,13,98
-7545.351047883172,2.090128899619105,0.0132008517856602,9151.15038240066,-0.5665449943412852,-4.233455005658726,-0.7801879709223652,0.3127017203828192,1.5879565777140797e-05,5.052859113551355e-05,4.713472623161574e-05,0.0001433452997356,1.2007425814185878e-05,0.0530898409064391,9.39928635179859e-06,4.156679125824425e-05,0.0041143500085342,0.1023896868802795,0.0246183337338507,0.0228040084635044,LCO,13,95
-171995.9117583636,2.094709497677563,0.0141278307897508,128260.43728847904,-0.3840745978778912,-4.41592540212212,-0.3730825119708335,0.3171308514781236,2.982022601775997e-05,5.3786696031716194e-05,1.083793783254919e-05,6.308768711031122e-05,2.313620686934635e-05,0.0972904803477681,1.092327745435445e-06,4.7926123237166885e-05,0.0149130505389767,0.119008777422429,0.4019699827594241,0.0359387278473133,LCO,13,76
-12749.975723460107,2.160924784873408,0.0092659760911136,12559.526017207738,-0.4470565376658797,-4.352943462334132,-0.0723347830170837,0.2126904863532399,1.2062390351270007e-05,0.0001037123142004,3.6531737212337976e-05,0.0001313195864475,1.4598671321377158e-05,0.0750476276194831,1.2118540404267122e-05,3.913656773375312e-05,0.004843928200833,0.1345556318041799,0.4827550433678587,0.2403545418108776,LCO,13,85
-404170.62543572986,2.602386502205796,0.0217785886114504,334291.91283306177,-0.388611073653287,-4.411388926346724,-0.490116711679595,0.3780754272352945,2.3785860421890536e-05,0.0002087808759949,4.148673416754688e-05,5.068907856529543e-05,1.3700604020837756e-05,0.0910016910325144,1.5182983445500452e-05,3.169285458120588e-05,0.0224180175515962,0.2909341515130963,0.0756546266110967,0.0732945101962119,LCO,13,74
-55501.07325855122,2.6308137581674247,0.0104160030280162,39294.336115515885,-0.5771198103966242,-4.222880189603387,-0.4274151770219498,0.2733430136343404,1.9273431697612296e-05,0.0002016630680099,1.0175193194868388e-05,4.011239079802978e-05,1.3081983981762614e-05,0.0716967887108248,1.049217085294416e-05,3.052368598148073e-05,0.0077070214458245,0.0740821773032461,0.0668477141162295,0.3616549315585745,LCO,13,98
-488688.33163649513,2.3271398046846103,0.0124179607489699,337504.2410956885,-0.330007827442742,-4.469992172557269,-0.4741603284055867,0.2201604624415234,2.3860293159446156e-05,9.339003142784146e-05,2.92858210080624e-05,4.9791048950485367e-05,1.3543897018324566e-05,0.0988459336899792,1.603224723635841e-05,2.897520443076096e-05,0.0226693698500945,0.0267376964819266,0.1208215309720608,0.3082804441404258,LCO,13,74
-214235.8423574532,2.34788786198926,0.0105640400381374,206487.44141067824,-0.3897407258088705,-4.410259274191141,-0.7871004469721871,0.2472423511870913,1.2105404800098928e-05,0.0002003140611939,2.043795595647226e-05,0.0001431003745924,1.322245396178446e-05,0.0576045807708574,1.982054145800192e-05,3.114630145307888e-05,0.0199714829113661,0.0835778951330415,0.0218552019805295,0.0374664559142419,LFP,13,81
-11267.716934207458,2.18655864015585,0.0087100465322727,11728.032976328088,-0.5595317394199597,-4.240468260580052,-0.3620745150941595,0.2135875366793201,2.7463045191997684e-05,0.0001099314306015,1.6244220466652427e-05,0.0001412013439344,2.345416930527457e-05,0.0446877404126423,2.632708744165222e-07,3.4519770527043984e-05,0.0055021208965947,0.0563996623397962,0.4457283514609784,0.0657974711050657,LFP,13,99
-8157.061421453919,2.0688033457447697,0.012189363781653,9233.953460809233,-0.5871837219628091,-4.212816278037202,-0.4154406360342469,0.3096562841315177,2.9111334870507307e-05,4.157806224562567e-05,2.4068490674284868e-05,0.0001443411337329,1.2160918329726298e-05,0.0509541032695261,1.170001071575512e-05,4.364612615738953e-05,0.0045282072344646,0.0366012311758322,0.1113527585168416,0.3666053742730792,LCO,13,99
-67692.80276077516,2.607828742005404,0.0120819467781759,31424.5246952194,-0.3406069638783293,-4.459393036121682,-0.4469223201444884,0.2027030202133053,2.1865572981414805e-05,0.0002089047601677,1.3752913325269895e-05,4.333967909777008e-05,1.3976592413301055e-05,0.0910999817147101,2.4537439364062997e-06,3.547228272376869e-05,0.0075131373123844,0.0540585672299729,0.3981218665657661,0.0308972460597725,LCO,13,65
-7704.191380785051,2.1636973454813337,0.0164260525787716,8718.76679132649,-0.5928767159808999,-4.207123284019112,-0.5509204203447184,0.3592701838768173,1.2701926850096791e-05,8.164314685689653e-05,4.7510956681059456e-05,0.0001312670945353,1.2277106739350968e-05,0.0529818803980427,7.950079573314538e-06,4.177296057700301e-05,0.0040762076836865,0.1043456985993292,0.0129053211043473,0.261828559951605,LCO,13,98
-47168.70016981817,2.101703872912508,0.0154318745448836,31756.27739689469,-0.4236548026978326,-4.376345197302179,-0.3593773814092507,0.3140284537769182,2.2244978764337295e-05,4.530153658658156e-05,1.3648708414448483e-05,5.044317616144988e-05,1.3416849114975938e-05,0.0907038294372693,2.413175782063205e-06,3.548095851783852e-05,0.0073156447421122,0.0506731053029335,0.3991963336393715,0.1207531796484443,LCO,13,81
-11232.411601168762,2.1491679267758474,0.0165838089633252,9342.60757353489,-0.3935353380105013,-4.40646466198951,-0.5870774250856614,0.2147127411480847,2.466850002072409e-05,4.012249321793112e-05,6.70735221875634e-05,7.006411028544808e-05,2.9858721667946066e-05,0.0577222643160891,7.918658441669068e-06,4.458085971642389e-05,0.005538103417855,0.082787683897695,0.0613038435520456,0.1988310474645979,LFP,13,59
-11939.304317545964,2.125600038524337,0.0343260017390727,9430.520669561784,-0.654467104754282,-4.145532895245729,-0.4870427406051122,0.3117100087345034,2.870797342567275e-05,5.564830803793307e-05,1.0273816803039684e-05,0.0001485517155549,1.5363880056196397e-05,0.0721887980222226,4.736059061026288e-06,4.934434148893028e-05,0.005911612213567,0.0273600978950296,0.107295104995583,0.308302056504275,LCO,13,41
-560139.0301272033,2.4687866657222086,0.0225207397304543,178364.42433444058,-0.6027120337365233,-4.197287966263488,-0.1668985047388461,0.2987952451226932,1.5164986502532413e-05,0.0001007694074006,1.584931823990116e-05,4.00904581811064e-05,2.809563963724343e-05,0.0870052602357215,1.4615180124051918e-06,1.7569925734446237e-05,0.023582040297361,0.129163109914518,0.1212841120474931,0.5126542732991427,LFP,13,47
-240804.87040349556,2.1196891258383275,0.0405732856012222,59832.588078068366,-0.8690184399159406,-3.930981560084071,-0.2314538311270596,0.3265004644582572,2.702039813411797e-05,4.3112210810953685e-05,1.6522575844366923e-05,7.507280128958436e-05,2.4545402082449424e-05,0.0894942692881858,4.10095944231321e-06,4.781438430279271e-05,0.0177373877912833,0.064569705357891,0.1155964377829298,0.5183800257321195,LCO,13,28
-42416.26074367524,2.4879921904891225,0.0095631132322077,37265.04033583847,-0.5520297615322605,-4.247970238467751,-0.09827733240253,0.2320505747386211,1.936238439679233e-05,0.0002075565749127,7.58744197759281e-05,7.358210171557571e-05,2.5114990324584657e-05,0.0698308616527013,4.576303081340315e-06,4.253209301382325e-05,0.0082615471432981,0.0723136896678261,0.194285861663175,0.5651231162664689,LCO,13,94
-79254.27250478344,3.642172009449721,11.39741383407753,2629.2921915192383,-3.349463951180674,-1.4505360488193375,-0.4487831892961895,0.2111897012140252,2.9412803890781364e-05,0.0001149516548782,2.025334179956427e-05,0.0001161275277176,2.5023400946416856e-05,0.0593291157193978,1.866502888165908e-05,2.053013679735019e-05,0.0222162840331533,0.0382986743267964,0.0122524062886319,0.4306657300883821,LCO,13,1
-30021.399635914888,2.1184215887176228,0.0120777767365177,22859.3034565506,-0.3555868657146064,-4.444413134285405,-0.04940164199571,0.2449145002673762,2.548795311054984e-05,6.913100598967519e-05,1.838459229148501e-05,9.64559830881577e-05,2.28123512253184e-05,0.0736780865577617,1.8602878233950565e-05,4.071135989990803e-05,0.0074294574429793,0.2651657315921614,0.041227563857104,0.5742050625550246,LFP,13,75
-9907.333276185063,2.108207953134172,0.0195202977875595,9119.30694663481,-0.4856066351847943,-4.314393364815217,-0.6759249987622449,0.2178593292751373,1.340699159958084e-05,4.746686561600785e-05,1.1368694634149145e-05,0.0001017882807386,1.498708862762576e-05,0.0497370104728832,1.1500906780807022e-05,4.930018098531251e-05,0.0060644617098782,0.0169048470771453,0.0360587565361613,0.2011113976244485,LCO,13,50
-128430.77175918529,2.456804043500237,0.0048928424998997,179705.67759891355,-0.5805599860040189,-4.219440013995992,-0.5751377243775008,0.3736505581056298,1.5572988587214232e-05,0.0001623188069589,1.4619562519822982e-05,7.455525313032671e-05,2.90791447478523e-05,0.0871591329693753,1.987035578780949e-05,2.115752167436603e-06,0.0149212055134615,0.1119228757129678,0.0156703590055098,0.2272690409040215,LFP,13,96
-498790.5214942952,2.4021338719738936,0.0094521272579195,527072.8608812192,-0.5598753931752753,-4.240124606824736,-0.6582789345788116,0.2013611611992031,1.7550251630376468e-05,0.0002005673492025,1.1217507624053163e-05,0.0001022445751693,2.509378241495529e-05,0.0845043678318496,2.564930873048748e-06,3.472408819355657e-05,0.0248164079777765,0.0885223830238737,0.1385422978753891,0.0446563845219255,LCO,13,99
-264612.6059416469,2.242837087396232,0.0273327909922399,59418.32533894423,-0.8244010944436724,-3.975598905556339,-0.2466670347898331,0.2645121980472403,1.4048078033692484e-05,5.8966056058273696e-05,1.285220725735561e-05,5.212311926460227e-05,1.2724265288745263e-05,0.0764149275616499,1.5965665728185615e-05,1.1151437619638515e-05,0.0179708439633544,0.0722490003903009,0.125719627076414,0.4853643377434521,LFP,13,29
-15105.613388233294,2.53607027063612,0.0100235901936758,12305.616180712152,-0.52042112196186,-4.279578878038151,-0.1903129640111086,0.2495584169007164,2.775035396236735e-05,8.397692019898205e-05,2.4490996360284785e-05,0.0001285630025295,1.2392927447236864e-05,0.0944376318417103,9.376781184710689e-06,9.294002858606795e-06,0.004151359972425,0.0498847123973478,0.2446470998081164,0.4451552237834271,LFP,13,91
-47881.59396132322,2.5818206004513136,0.0276227775093298,24872.45664879281,-0.6315103165859952,-4.168489683414016,-0.7241588086853421,0.2390633206430018,1.4002113056786264e-05,0.0001808821335773,1.3456356319706614e-05,0.0001277160971565,1.3826719593408707e-05,0.0585290055483403,4.4676976890935234e-06,9.640143447208424e-06,0.009827126992166,0.1427965436793493,0.0146176552183185,0.04842699241699,LFP,13,41
-12494.128060774608,2.3543609004086745,0.0757476983790829,4451.705325180509,-0.8600904878335953,-3.939909512166416,-0.3885440230337232,0.2079396732029535,2.772624486957541e-05,0.0001462184474277,9.218866853331943e-05,0.0001194627349505,2.008575893564581e-05,0.0769358803853049,1.498198367406789e-06,4.302109321019186e-05,0.0048231523599049,0.2031564932220441,0.3057507452475673,0.0325487384966654,LFP,13,27
-9321.510989796316,2.369381025870849,0.053911493489412,1942.9613327301304,-0.8751240756504615,-3.92487592434955,-0.2808344756152501,0.2065787231119613,2.989611470837093e-05,0.0001951889380664,1.4658226333113934e-05,0.0001188740725941,2.058152533973909e-05,0.0500053281219796,6.024725467779558e-06,4.300305659560724e-05,0.004069733230938,0.3210227117246403,0.3083670121665975,0.019775800493512,LFP,13,27
-63343.89728153306,2.4144123614135413,0.0102881881881124,52941.76746400413,-0.5629740958846767,-4.237025904115335,-0.1660379469711109,0.2463940021165641,1.4963318256969153e-05,0.000163495003037,5.645350874523935e-05,6.14530629887049e-05,2.4857442812411667e-05,0.0838236094395673,9.001209302552983e-06,4.670016871467878e-05,0.0087411085036442,0.2115237337076974,0.1018377118805429,0.4506006074406487,LFP,13,98
-565714.1020156473,2.487347713462295,0.0231831205025473,269757.06438836263,-0.4057731897453394,-4.394226810254672,-0.0935810692938865,0.3779529390942698,1.3468499344264507e-05,0.0002061804122332,1.8657580889494026e-05,4.307648561261051e-05,2.7887065095306016e-05,0.0920559571010404,1.383679983836329e-05,6.992089925061236e-06,0.0232321771486347,0.0735114023705026,0.1926200839156238,0.570287444419987,LFP,13,67
-189215.77379297023,2.4284443020120765,0.0104048150481161,208900.39328662388,-0.5498452604775892,-4.250154739522422,-0.1606177338513367,0.4503572102069926,1.5896577361886807e-05,0.0001106697059309,1.4600497511966024e-05,8.408788951726865e-05,1.2612906205466178e-05,0.0463736531003471,8.374229107416146e-06,2.114753457805156e-06,0.0245726362282626,0.1565898673851541,0.3284714453226924,0.2843209534408166,LFP,13,89
-454543.12026799953,2.2994517272003514,0.0513939984783134,114498.77316676744,-0.7898493249881255,-4.010150675011886,-0.4540349143195192,0.2025614983979184,2.2041600788602205e-05,0.0001002153804572,4.416035463187107e-05,5.037106370981035e-05,1.2785006954705418e-05,0.0750637008845939,1.598986697263156e-05,3.9218766367356656e-05,0.0240088748887419,0.0724175448435663,0.2397878850619641,0.1637596557749503,LFP,13,29
-50499.82703387916,3.160036821965995,3.270031657915699,2682.91306926842,-2.8430044809894213,-1.95699551901059,-0.1671750530205766,0.2171417306412101,1.4638871521863869e-05,0.0002467435389842,1.3293677036132692e-05,7.236413111362025e-05,1.2232545152872652e-05,0.0466204430315538,2.3297173278089803e-07,7.257604450132011e-06,0.0128363162417733,0.3501311626094525,0.2328306044176306,0.1798631799523401,LFP,13,4
-45921.12224605696,2.45267333100516,0.010679259980375,38893.38706371452,-0.5779101745990403,-4.222089825400971,-0.2308890697782845,0.2526706439034104,1.4952371790835706e-05,0.0001633935543582,5.636173275087042e-05,6.13520037494331e-05,2.4851818623284767e-05,0.0694403240406878,9.3553451927079e-06,4.6707686838925184e-05,0.0080400092606356,0.0140935472383731,0.2381658571612288,0.4468515258221135,LCO,13,100
-67692.20016632137,3.205397478952244,1.972546182731424,5021.211702244805,-2.803543228837597,-1.9964567711624144,-0.184539553432936,0.2150492078043658,1.4632508910130508e-05,0.0001898301980672,1.212718788416166e-05,4.084200704569313e-05,2.4535523557654656e-05,0.0938007789579709,2.000162615216263e-06,7.161695459736258e-06,0.0126367903760559,0.1282458296530914,0.0720199106805108,0.5451947062334617,LFP,13,4
-160660.54724842493,2.1187229660065428,0.0147230222057685,144595.15580624656,-0.3639106063170629,-4.436089393682948,-0.5275980280512065,0.2111634838756695,1.328854419591576e-05,4.474617591239416e-05,1.1369540470389272e-05,0.0001017863267007,2.6455449705123017e-05,0.0539311233975698,5.233781225589692e-06,3.496316457277217e-05,0.0219465131633777,0.049624860129631,0.1543163832913039,0.1984607285278586,LCO,13,61
-5729.959660022787,2.0825970794958257,0.0156458710902847,2818.760515710393,-0.5500126056682646,-4.249987394331747,-0.322426174843571,0.2460590116859816,1.5353027689031776e-05,4.6774247633317e-05,1.5499815314073733e-05,5.993294195104155e-05,1.2024229920374994e-05,0.0401477995942199,4.885763640997301e-06,4.592005365251008e-05,0.0040723618966102,0.3036878235209004,0.1809797345609829,0.1229062670745456,LFP,13,50
-46786.43297925629,2.474055957481586,0.0482400278803777,11354.937382090253,-0.8461878544554864,-3.953812145544525,-0.2294402150356848,0.2261250489365015,2.2630950560671105e-05,9.59952057397512e-05,1.292502363149834e-05,0.0001420179113069,2.4163487470616484e-05,0.0476573671272917,1.779138628527073e-05,4.900802817343251e-06,0.010221864136218,0.0917039512087463,0.082671265057268,0.5261845686983009,LFP,13,27
-273189.01230787864,2.23403545624684,0.1915595208205676,32838.028110501575,-1.6466953419981678,-3.153304658001844,-0.2785799596679238,0.2649252307173642,1.4895450768580073e-05,4.1423887523797625e-05,1.3668513238293775e-05,0.0001167559353143,1.818291129775757e-05,0.0919077502610405,1.1658588993343407e-05,4.921325754319179e-05,0.0179466820017544,0.0108118321819954,0.4554191384777344,0.1851890696723463,LFP,13,13
-82533.15808593557,2.2842440501388017,0.0120804382647328,78440.82076860289,-0.4833138628801663,-4.316686137119845,-0.2722216278803241,0.2975582247523886,1.372381118557704e-05,0.0001004932306571,1.585633132612017e-05,4.0038144127767547e-05,2.3950185122203936e-05,0.0922529114904037,1.353125822159307e-06,2.526917278154627e-05,0.0108420776409254,0.1044833525444826,0.1347656844874437,0.4185293350877496,LFP,13,87
-386585.9273024859,2.512021438523276,0.015948755248447,272887.77045479213,-0.6057243345730683,-4.194275665426943,-0.2689307348547252,0.4374066403784318,1.735116478432897e-05,0.0002398028657802,1.8417285265597507e-05,4.058290493416789e-05,1.2294072165810016e-05,0.0944537255807113,7.373011588994225e-06,9.316606360046089e-06,0.0180641387141257,0.0838551743145223,0.1913462456654685,0.3858678451652839,LFP,13,99
-307956.66599661007,2.220746724171602,0.0344613800113797,73804.30618384783,-0.7445508472577558,-4.055449152742256,-0.3220868554390023,0.2077041729705761,1.3535206440670316e-05,4.0144689006199616e-05,3.675018917242359e-05,4.067227319407394e-05,2.571029806807873e-05,0.0862312448445951,2.764478393231052e-06,2.0435959315553268e-05,0.0184529917197495,0.0494649673103819,0.0865650212784683,0.4718831559721474,LFP,13,31
-53069.82777276261,2.2119253810416533,0.0575921312950263,12309.017183965592,-0.920674830073061,-3.8793251699269504,-0.3266077995176776,0.3004535457295141,2.677016292588528e-05,9.596713298733342e-05,1.2265203670008524e-05,0.0001097311631071,2.4166382067901136e-05,0.0473922095296832,1.502834970854094e-05,3.43324486153038e-05,0.0108524776534154,0.1045291752558107,0.0818474081310075,0.4170156170955042,LFP,13,26
-95188.53278581447,2.425168514132387,0.0056951425258834,115572.7002343503,-0.4275304963876181,-4.372469503612393,-0.2899871214805524,0.4208472865194071,1.3435378309086986e-05,0.000145931475825,1.2498931125961344e-05,5.342996583632767e-05,2.740518140225834e-05,0.0765195621220898,1.1924371247661491e-06,6.801932535596525e-07,0.0150918717620613,0.298120993814543,0.304415351157332,0.0374765335475726,LFP,13,77
-41239.2028076494,2.5725914991825345,0.0383209283600786,15391.577256641312,-0.8037738643066348,-3.9962261356933766,-0.3007720643750687,0.2357377807918037,1.913342737193524e-05,0.0002088008483991,1.4471421792543535e-05,8.03101131252488e-05,1.8377115952659035e-05,0.0743018336501455,6.0920430760173644e-06,3.966050514938946e-05,0.0086316177504175,0.3492870884102308,0.1948405661919962,0.0851002810227042,LFP,13,31
-417154.1997380507,2.190450137143164,0.0087189752021617,497256.0467882451,-0.5639447797153707,-4.236055220284641,-0.6269724970185895,0.2261963961364638,1.7393277714296202e-05,9.633921301693924e-05,1.1210884728166394e-05,0.000141402999108,2.885058153715472e-05,0.0831472362706926,1.7070540194909052e-05,3.5165359102452784e-05,0.0249411275474177,0.0864083396330347,0.0604754928234946,0.1561436705248812,LCO,13,98
-123420.61922875738,2.27398214357672,0.2163929335334989,23685.668969862123,-1.7386691033994452,-3.061330896600566,-0.3657159301690853,0.2285120153838491,1.539707196644295e-05,0.0001087529364534,1.047337045767032e-05,0.0001037067229768,2.564496209298733e-05,0.087538293167301,1.4976054696166176e-05,2.980915877953119e-05,0.0156611583286564,0.4500966041778041,0.0190697840902811,0.0951176815628293,LCO,13,12
-26978.835492046743,3.120477676512369,9.24540241347633,1015.3086756205428,-3.178496414925064,-1.6215035850749473,-0.189933215479485,0.2226683704579262,2.2764783767341783e-05,6.499989392581384e-05,1.2180928030253564e-05,0.0001263973144058,2.9096462897361115e-05,0.0942358996687272,1.9880032735366016e-05,5.146957325508309e-06,0.0081912181849805,0.1207369623251594,0.0827407506223823,0.5365890715729732,LFP,13,2
-25169.519706774478,2.6346483419551867,0.0595376496614011,8755.829496127899,-0.7803774314274818,-4.0196225685725295,-0.1366930328785844,0.2403949034226797,1.3357739264824117e-05,0.0002455731871559,1.3023571532393371e-05,0.0001289857617347,2.606400279682691e-05,0.098190973544171,2.754297795839954e-06,4.500643851292407e-06,0.0057960543652863,0.1439635624639892,0.1198501427722129,0.5294932618852134,LFP,13,31
-238416.6974585826,2.458187278573109,0.0094361479920926,190339.1016697713,-0.4661778850202225,-4.333822114979789,-0.4791861226747286,0.2294597391002046,1.5886715437840847e-05,0.0002473221505702,3.382957227108141e-05,8.856870195320361e-05,1.2533339275956538e-05,0.070366213415949,8.581957192345132e-06,4.267774402710511e-05,0.0177057817126377,0.0373593447373268,0.1305047788298129,0.2829497537581316,LCO,13,87
-249282.0568491956,2.626545131150692,0.009905484089673,119499.91646205854,-0.4356782224594795,-4.364321777540532,-0.1772990362741818,0.2220415163781828,2.691685251439852e-05,0.0002393564704308,1.1113318530545534e-05,4.399827306438029e-05,2.0315673914001997e-05,0.087504383613597,5.322091518189343e-06,4.9586437065760695e-05,0.0139999012306858,0.0365295271714568,0.4787796264889642,0.2373918100653971,LCO,13,84
-12083.154840290252,2.644419875321968,0.0505977328808204,3322.470238569108,-0.702462202811688,-4.097537797188323,-0.1402795534952166,0.3001196465092938,1.3999701493303634e-05,0.0002189344602231,1.345362087834235e-05,7.914795445124678e-05,1.6797421993336686e-05,0.0468861515524574,3.539610046444679e-07,2.1341875034511983e-05,0.004630189704281,0.1513888237242424,0.1225578121780836,0.5157738106024574,LCO,13,38
-181837.03642640132,2.0667580959129075,0.0399420975682605,66482.65039696163,-0.8286108454154899,-3.9713891545845215,-0.5267150722321856,0.2054903723019158,2.272826830868201e-05,5.974273158484821e-05,1.3644628919292762e-05,0.0001421184870299,2.308090321628782e-05,0.0540431512098413,7.217051596638972e-07,4.931098279096497e-05,0.022210245488465,0.0490903688296758,0.1559907667916821,0.1982037921464564,LFP,13,27
-52716.65474894269,2.4219276965469434,0.0296884460026257,19075.787837196007,-0.6486889288423257,-4.151311071157686,-0.1528880584805915,0.2130876502311088,2.649947982068609e-05,0.0002084263537361,1.158801291940297e-05,0.0001486362868598,1.2892234566192206e-05,0.0852751810836588,9.134978281660992e-07,2.907658393644925e-05,0.0082667401494238,0.1206216495338544,0.1408304974010958,0.5156597945844582,LCO,13,38
-160379.3579332609,2.1026858015094496,0.0116394485671805,219057.94400399315,-0.4590826734477105,-4.340917326552301,-0.1859577657110801,0.2577240282896627,1.265704332190231e-05,7.249509967183429e-05,1.9720783484553223e-05,0.0001496013651484,2.713649469736991e-05,0.0496553080048236,1.951954941697648e-05,3.643329193430032e-05,0.0246739437648413,0.4624146831755492,0.0397631684795628,0.2418643826338078,LFP,13,86
-728759.5000911327,2.5457856272025454,0.0200983935555964,158014.97212222102,-0.6869014543843122,-4.113098545615699,-0.2685949514249727,0.2304851371582152,2.957518729232126e-05,0.0001379661987549,1.087090503625413e-05,4.10743444876779e-05,1.265931113404606e-05,0.0942967575959808,4.3120456453177405e-06,1.1588302034601709e-05,0.0237947099564197,0.0621995445518041,0.0633333346526313,0.5358721693705919,LFP,13,36
-300039.27301812527,2.4083471474699625,0.0107623149236325,195979.590335236,-4.3708092791880375,-0.4291907208119738,-0.4301712562551634,0.253406052866275,2.5156948994098437e-05,0.0001978009711298,1.9764412149896517e-05,8.949406994595469e-05,1.87850120408837e-05,0.0800785882556333,5.18113111546999e-07,4.88633184316938e-05,0.0175275544272467,0.0867115187349438,0.0405802302440413,0.3725369947658514,LFP,12,93
-161031.3175643104,2.652240976799868,0.0481119363709543,41613.18960258916,-0.819764743024237,-3.9802352569757744,-0.3134843835893146,0.2180003565031803,2.544022819073733e-05,0.0001635029553347,4.0876312040038576e-05,6.353392544997534e-05,2.349638596283412e-05,0.0455344774948298,5.125445275392836e-06,3.2913477660029614e-05,0.0196997713730226,0.0717594279631844,0.041371509221662,0.503384679225839,LCO,13,27
-431893.1437612727,2.531000695188802,0.0101987387797723,244207.24965174755,-0.5594025278769124,-4.240597472123099,-0.4125806778824175,0.2429401234820511,2.988914943201505e-05,0.0001646476633406,1.6587438585639034e-05,5.242639577746362e-05,1.2414664663190534e-05,0.0535286186637216,1.484106955525932e-05,3.6969876562088686e-05,0.0229519860288534,0.0706631157168365,0.0575476259859643,0.3892085804147817,LFP,13,97
-25887.81495564907,2.0824476980232047,0.0096421429298477,22217.391866380814,-0.5549504077936405,-4.245049592206371,-0.1212657466695011,0.2407785641594572,2.629970068952629e-05,6.027346696072426e-05,1.1129500598029678e-05,0.0001192683173289,2.016819408173107e-05,0.0486805419170414,2.849558740167397e-06,3.711530705337674e-05,0.0078153674000299,0.2578466070694364,0.0778018535125103,0.473085792748552,LFP,13,96
-20261.096770513694,2.2802320830123337,0.0101085403963476,17882.955727454144,-0.5115238415882573,-4.288476158411754,-0.3689223165178175,0.2334411966191625,2.288302737722739e-05,0.0001808534318494,2.5858712117479776e-05,0.0001437959813202,1.8789783615496563e-05,0.0476524356641067,3.610726162063909e-06,4.780336858274623e-05,0.0066759055970689,0.0599236779293747,0.0233454722932448,0.477808533259563,LFP,13,91
-9877.152115535637,2.1412028268420378,0.0133231597668648,11152.185751559306,-4.211151754113217,-0.5888482458867941,-0.4245125277889832,0.2577522247318061,2.312805861016736e-05,5.307738764097688e-05,6.061920877766485e-05,0.0001078358094697,1.9238923547502926e-05,0.0544978857605795,6.566108481993248e-07,3.1410364717311486e-05,0.0056360729179137,0.2099285441861137,0.0608094041216127,0.2347495239032904,LCO,12,77
-291363.0181300538,2.1899759757395896,0.017068524967633,64821.49201137763,-0.7707112918637407,-4.029288708136271,-0.3647245156359074,0.2807943897659253,1.3713284138531846e-05,4.113467560226048e-05,1.230897353515335e-05,4.0112816265508776e-05,2.9754238823046026e-05,0.0862099549552164,2.7269554323619287e-06,2.769157530786832e-05,0.0176364440658562,0.0427228015164401,0.050842237962349,0.4717104448853033,LCO,13,31
-330783.22595602454,2.543669257151921,0.009113585325493,221084.7234367743,-0.5581375592595208,-4.241862440740491,-0.1726633937493528,0.2033355892699187,2.3561516949702443e-05,0.0002151355096634,2.621613101999645e-05,5.2827412629074295e-05,1.2839944865134906e-05,0.0532744551529476,3.305427200598721e-07,4.5239107008216746e-05,0.0222783357291517,0.0950874881544383,0.2677007864432228,0.3945483316529862,LFP,13,99
-37227.35796446548,2.715091015928688,0.1121720948818494,4395.572412103024,-1.5945878123613824,-3.205412187638629,-0.5959141167571045,0.2400240688237846,2.3868207147050028e-05,0.0002107883967009,1.8853023121050756e-05,9.646931120624497e-05,2.332387259976912e-05,0.0556313279176084,1.551656835667726e-05,4.381581792664864e-06,0.007835999468102,0.0440363792875874,0.0600920969315379,0.2299574070237701,LCO,13,13
-28702.19517900772,2.321243239634577,0.0089317311421213,23281.22711368721,-0.5488769600533558,-4.251123039946656,-0.7178904191720665,0.227081924463385,2.600885996666012e-05,0.00014214529861,1.9036243549293545e-05,9.514953943383708e-05,2.8881058316575605e-05,0.0402151106696412,7.270376713583149e-06,3.8159158573675565e-05,0.0078478782243181,0.0731514632323973,0.0587887414387632,0.0801693761567727,LCO,13,95
-81431.88642100964,2.5373250248835792,0.0526372964893259,16471.134564312364,-0.8583881075348927,-3.941611892465119,-0.0751203382238829,0.2034567122846056,1.2598011395427848e-05,0.0001519808664636,2.555334322882648e-05,6.791692797409175e-05,2.3964690234636333e-05,0.0462218403680691,1.9815016515001063e-05,4.150928935405456e-05,0.0127861517464244,0.0604668343269375,0.5224161423866658,0.2719966850625137,LFP,13,27
-17827.55232492463,2.5267396503594024,0.009295177150988,16565.028322114802,-0.5487678217108964,-4.251232178289115,-0.4057679793849786,0.2254670760381852,1.5513696593478137e-05,0.0001951387016796,1.606024980394496e-05,5.655782704447636e-05,1.5636350051749727e-05,0.047947923712977,2.3173617040563641e-07,4.238647191159589e-05,0.0061334007457614,0.2687145916003156,0.0174708835727899,0.2380465454419159,LCO,13,95
-5751.902655863779,2.094940539781598,0.0335915240243955,2012.557057180517,-0.7314681231428466,-4.068531876857165,-0.3683158117956189,0.2342855429273083,1.2651570891882468e-05,4.100386746803452e-05,1.916399943745221e-05,9.289648282898509e-05,1.600413949297546e-05,0.0401297311539865,9.910984790802038e-06,4.6133020805174376e-05,0.004020873238684,0.3203640448347162,0.1030769485266364,0.1382431948430285,LFP,13,35
-32439.990850410908,2.400060803746883,0.008536768647683,46195.91676722824,-0.5625375442488192,-4.237462455751192,-0.3767143753626721,0.241755819890458,2.8182695458681904e-05,4.4557723974958095e-05,1.3665208206317185e-05,0.0001186402281972,1.2569479434654743e-05,0.0835078108048319,1.4465971261182912e-05,4.799072804759867e-06,0.0080899445463558,0.0445548392660385,0.0189641882858667,0.4897665970854227,LFP,13,98
-248292.41330351823,2.385641172037299,0.0107955458993243,233264.18753522748,-0.5654132421637215,-4.23458675783629,-0.4001343115009016,0.2575848800083278,1.4893384188631796e-05,0.0002359067491699,1.2012129011712893e-05,0.0001233840698289,1.303572149142156e-05,0.048747471878184,1.4824712219433582e-05,3.640857610911658e-05,0.0225138233225885,0.0595273682802966,0.0178561907903936,0.4524821294284081,LFP,13,98
-35008.95240335,2.1269384260473227,0.0144331221728713,24856.983016460345,-0.362318522344438,-4.437681477655573,-0.4045824547295055,0.2442163082909617,2.5514737374570525e-05,7.042273110679836e-05,1.8974652206916493e-05,9.530485595148574e-05,2.313443591747464e-05,0.0737180863487652,1.9961816443692253e-05,3.7120910436767606e-05,0.0077832431203766,0.2652393917705274,0.0407582975219449,0.2194198559780221,LFP,13,65
-65230.50887887502,2.4904921701752767,0.0092077870216815,55191.14802137639,-0.5439325018851022,-4.256067498114909,-0.3448184999574859,0.2179378927373373,2.501831388601658e-05,0.0002496106945536,1.8894622406311392e-05,8.632967916236042e-05,1.6223168725288146e-05,0.0968250147127084,1.4460803483874588e-05,3.478338100356672e-05,0.0081047243085535,0.073862012388357,0.0184552730363296,0.4928642146178274,LFP,13,95
-132207.39018611616,2.830978163071326,0.1617498455059171,18215.542298507225,-1.805314174683332,-2.9946858253166795,-0.426939379402326,0.2394913566967494,2.3871366378062965e-05,0.0001769450519282,6.810636698605986e-05,5.229411772262757e-05,1.348818997461679e-05,0.0515780085954694,1.390510252430472e-05,1.6522076618270754e-05,0.0184762087904563,0.0782186758214292,0.030591558499936,0.3942503862763088,LCO,13,11
-50880.838154418816,2.548071991901648,0.0093482824293023,28753.42250506986,-0.4854055867023774,-4.314594413297634,-0.3329796163503723,0.2171476286577899,2.917281163334028e-05,0.0001744131066169,1.1359605422406258e-05,5.745941280549852e-05,2.592075387550509e-05,0.0592542965387723,5.941057804480382e-06,3.692295915085119e-05,0.0080129015434559,0.0131984105062784,0.0369692748542207,0.5468526982891285,LFP,13,89
-306976.9411355644,2.446917222017525,0.008161963756764,436051.4320548356,-0.5349878001830817,-4.26501219981693,-0.3613508512791902,0.2253733422375689,2.416544415373104e-05,0.0002095096468589,1.0839121225333844e-05,6.315944780495804e-05,1.262819529177948e-05,0.0879091043644431,1.832083904499996e-05,4.3334694700632205e-06,0.0240754711277725,0.26980026677547,0.0634257690967351,0.2354231128486048,LFP,13,94
-58659.52444715701,2.4673843988961366,0.0091210600034539,49842.60566836056,-0.4884303809896053,-4.311569619010406,-0.4090881754042854,0.2179584286581866,2.4937565950452405e-05,0.0001407247009485,2.2069501219957304e-05,5.6801684614381245e-05,2.6059119550324727e-05,0.0972771661857749,1.4561264202230675e-05,3.4768976518794514e-05,0.0081057548906602,0.0342098770182054,0.0181280108049886,0.4685739367725205,LCO,13,89
-10551.731415809269,2.315137254876489,0.0101085403963476,8375.958698355815,-0.5182397638338188,-4.281760236166193,-0.323716540955104,0.2332024197627312,1.3026283107745296e-05,0.0001813180441423,2.5871015171847296e-05,0.0001188155333124,1.863628315459209e-05,0.0476321435013052,7.567990357406523e-06,4.799899354109824e-05,0.0045591047417944,0.058532994791287,0.0714763534542681,0.4762741107993408,LCO,13,91
-424291.1630768144,2.8927794421538224,0.9769477389934672,19111.20642712504,-2.637968258595613,-2.162031741404398,-0.110245032895729,0.2153568461655188,2.454454717178409e-05,0.0001348685724987,1.75803062731343e-05,5.055338847206889e-05,2.8291390678694908e-05,0.0868137884461357,5.097618077076207e-06,4.818204417884562e-05,0.0239780271781646,0.0729418258375263,0.2398927591034994,0.5069203821632452,LFP,13,5
-24356.314539502862,2.458997176247311,0.009780387500544,20979.57144985393,-0.5649614402492702,-4.235038559750741,-0.7268560456854748,0.2363268270902293,2.1506154628730342e-05,0.0001686624273936,2.888430020566041e-05,7.479360939565978e-05,2.8927168806051043e-05,0.0476599818400605,7.2882212745482e-06,3.3845020288444765e-05,0.0066585178972118,0.0702015228225926,0.013040561059729,0.1199018704322035,LCO,13,98
-29975.3683382774,2.402344087560036,0.0109734918596322,22244.65213640218,-0.5498524044229569,-4.250147595577055,-0.2391741544148055,0.2721511815540379,1.3757591008003994e-05,0.0001897990213869,1.011068928115725e-05,0.0001362226613898,2.301563980893964e-05,0.0478371294546711,1.7798873837222093e-06,2.687618876963318e-05,0.0074807656061973,0.0512695445943251,0.0699459853079161,0.5696103156829533,LCO,13,93
-93538.03640749186,2.2126165747087496,0.0212059883651186,70161.07754412107,-0.405608402533737,-4.394391597466274,-0.1356178982669976,0.4038010254645229,2.741650018328978e-05,0.0001333022689318,1.936204714753739e-05,9.79199340848741e-05,2.3234775393370573e-05,0.0842665673882677,1.638047384915435e-05,4.505427883686724e-05,0.0117597629611457,0.3832052625995723,0.1782466983870174,0.2329301407464126,LCO,13,73
-89542.71936768176,2.452206060105039,0.0082572766740213,103165.04499714548,-0.5571616129590637,-4.242838387040948,-0.410505598538568,0.2544392751843227,2.4124861587435384e-05,0.0002097311421179,2.2991811288731355e-05,9.973375035260838e-05,1.2587781916901686e-05,0.0825633156860941,1.909023867154429e-05,3.828239430438205e-06,0.0117007000004863,0.2690824176737718,0.0138083732706052,0.2366036105170549,LFP,13,97
-11014.43326131608,2.554842137932388,0.0529687048731132,2604.5606210713336,-0.9943107832425682,-3.805689216757443,-0.6948661818637341,0.2271174657687893,1.771486698901846e-05,0.000142105779513,2.8226368409210298e-05,5.504953685434426e-05,2.3950264097356508e-05,0.0425976271816646,6.488926745159178e-06,3.809060844238751e-05,0.0052647814307596,0.0732802705301135,0.1406509160334824,0.0212026315726699,LCO,13,22
-30382.09669199255,2.094511791729626,0.0099897031792182,30573.72658093882,-4.40012742718254,-0.3998725728174719,-0.409181884726205,0.2534668745167127,2.382685476229384e-05,5.478628795381032e-05,1.0872652047542032e-05,0.0001318657007818,1.439914276637596e-05,0.0619256504001161,1.3235830048733985e-05,4.902203712324062e-05,0.0077625922087073,0.0353184568944047,0.0141778116422859,0.4713218467371043,LFP,12,99
-230393.50639385745,2.3432163744090744,0.0145589890386806,221983.51455526735,-0.5577470689520325,-4.242252931047979,-0.4812911407904284,0.3508883574108971,2.5272260930560624e-05,0.0002463956692363,1.192690563681398e-05,0.0001394773228961,1.2845085882219022e-05,0.0478769305731734,4.059011572632202e-07,4.591891804996268e-05,0.0226023460692551,0.0593014087360647,0.017414464011523,0.3719929864619838,LFP,13,93
-103959.92757997711,2.704086984906851,0.0522266146152625,22349.775788966617,-0.8872062977354531,-3.9127937022645582,-0.490444788671561,0.2341969264051583,2.413903209623193e-05,0.0002095440555812,3.0288249853285738e-05,4.74868853346316e-05,1.243435285385516e-05,0.0988816793684093,1.566362657065709e-05,4.078003690767986e-05,0.0095440893756739,0.041733591388689,0.3739830719344299,0.02383854800532,LFP,13,26
-17959.685172511505,2.3037352056122757,0.0109277408846535,16671.15246447962,-0.5805949965389274,-4.219405003461084,-0.1968020304689185,0.272721573039612,1.3352554452932377e-05,0.0001588021999958,3.0455982407098727e-05,0.0001393347809227,2.025894099892915e-05,0.047641931983673,1.2303703824320953e-06,3.697814644389426e-05,0.0062942257531654,0.0704491228609718,0.0888808360842497,0.5738680105858599,LCO,13,100
-74975.30474895537,2.095569081633585,0.0136354931613968,83914.80268246167,-0.5573921905635615,-4.24260780943645,-0.4297421169576434,0.2442842360437907,2.2690710043671003e-05,4.384367766206114e-05,1.9187216631794688e-05,6.543725918964623e-05,1.323548502298903e-05,0.0905319989568212,1.638343160696476e-05,3.8176277026434976e-05,0.0106544660946815,0.0117152033211509,0.2332903510570603,0.2552523286641453,LFP,13,96
-12457.109869978158,2.2248825936985352,0.0091244253201633,16425.785161380165,-0.5536339740910634,-4.246366025908948,-0.3114878966788471,0.2224530333164853,1.6530728436228735e-05,0.0001955801127083,1.1648662453369196e-05,0.0001189865166895,1.559834157936372e-05,0.0476306031432782,7.661108957363328e-06,4.986205186383044e-05,0.0061531047766959,0.3645908094611751,0.0169038736825728,0.2370174201774049,LCO,13,96
-37105.72356038101,2.888913206867226,3.885278890327719,3280.492184634785,-2.871240237380924,-1.9287597626190875,-0.4116985335637456,0.3341840548022339,1.2197294614752696e-05,0.0002123058477851,2.9254636592030837e-05,0.0001210509612078,1.3465176934703336e-05,0.0900961269387036,1.9709983572294856e-05,3.0652170695407635e-05,0.0096502868526712,0.0855053144020361,0.1750695783434921,0.2577265736907261,LCO,13,4
-311997.1906248514,2.3366609176163826,0.0089687255313175,284927.09944065014,-4.386441057913004,-0.4135589420870076,-0.2423565916594705,0.2008367674983811,1.938254253353337e-05,0.0001093602283158,5.292413173009754e-05,4.068675176191978e-05,2.6021241353120686e-05,0.0975874413683063,3.2866816691779384e-06,4.911216237466706e-05,0.0199177144816364,0.0891519200743486,0.573235805791296,0.0252556824748849,LFP,12,96
-12844.773706411204,2.20797424783079,0.0108615072014476,15206.47141265536,-0.5738123455031428,-4.226187654496869,-0.3422404479151038,0.2637766876743403,2.6343963087163992e-05,6.000810463063757e-05,1.1128040119327373e-05,0.0001190335817394,1.4263952624411348e-05,0.0490011753632412,1.46109540776753e-06,2.223588084487611e-05,0.0060885668329029,0.0582210186782885,0.0783969794581248,0.4511415539484828,LCO,13,97
-35732.58990571231,2.239147501162255,0.0089995921138891,25803.12010534667,-0.5500269038880461,-4.249973096111965,-0.0388269507360977,0.2169541563551507,2.9701671317675205e-05,0.0001054777225132,1.4689015417916848e-05,6.476118269153468e-05,1.5180190609009649e-05,0.0543285997520706,6.771030505333933e-06,4.2444429294380753e-05,0.008149670104255,0.2794379477172306,0.0248242688447248,0.5869108327019468,LFP,13,96
-74246.92404524758,2.2004589529397607,0.0289406007324814,61400.69329587272,-0.4348629284958534,-4.365137071504158,-0.142231850465919,0.4882478474983975,2.750362527635322e-05,0.0001385412133151,1.9418899123258983e-05,0.0001190244079376,1.270094344648057e-05,0.0493786390663015,1.6679822186084183e-05,4.989292669564097e-05,0.0142618616969865,0.3643619358786319,0.1863795920955723,0.2370266215598767,LCO,13,72
-510691.9316893066,2.279048274988923,0.2047907984873169,48114.03366469038,-1.9870923900708772,-2.812907609929134,-0.1948750858020727,0.2915937381115719,1.3893940571031034e-05,8.820145800745419e-05,1.6393005379260433e-05,4.126922133699047e-05,2.4310792305745788e-05,0.0987066222147597,6.90232895416148e-06,4.735075262701212e-05,0.0247079926353439,0.1630837732110626,0.1796866496909215,0.3923544912959431,LFP,13,10
-331607.48089919775,2.1594344434226915,0.0082617275300372,460342.6708079092,-0.550589885954544,-4.249410114045467,-0.3012488598013023,0.2003909048780385,2.391258625760184e-05,0.0001073210994149,6.671637920088353e-05,0.0001442212410109,2.9989281477671853e-05,0.089649094723984,1.1699358790632232e-05,4.3701000714244345e-05,0.0243465371588275,0.2532792033070032,0.0244704408092456,0.3510014960824488,LFP,13,99
-462324.4900793272,2.271036723064854,0.2097832486169514,39038.188644859314,-1.9563827802196343,-2.843617219780377,-0.1082635227396995,0.2432022403847635,1.3328395535373245e-05,9.338955418049416e-05,1.3297183815766771e-05,4.062377024729329e-05,2.430865953366623e-05,0.0919757990455139,1.769569369597167e-05,4.907410871295477e-05,0.0233944859566166,0.2414467393605704,0.0165891084262354,0.5637006294734946,LFP,13,10
-443213.7608295487,2.4108659729482538,0.1176216511535512,44797.16641237696,-1.856820471039633,-2.9431795289603784,-0.1264667371775462,0.2457277662574899,1.3339902351422162e-05,9.318128454823876e-05,1.9167540406701e-05,4.0670529449088496e-05,1.5665016339796883e-05,0.0918132366786693,1.2529408458913018e-06,4.971263549242574e-06,0.023493627716904,0.2172843593938034,0.2832284121776889,0.3030204912509615,LFP,13,11
-465005.5561957172,2.640638589665515,1.269950731334815,31351.04096518874,-2.5525542472695264,-2.247445752730485,-0.4329690164273075,0.3224903172959319,2.9654028866487032e-05,0.0001373382308894,1.6800644198245788e-05,6.455329095599099e-05,2.4970327529479327e-05,0.0979853879467884,1.5475700587297468e-05,3.492715402838628e-05,0.0247521513988903,0.2396686540054651,0.053401157225233,0.2039611723419943,LFP,13,6
-13653.92837768695,2.583837976797161,0.0891591120376426,1570.8096915855394,-1.1778838213122145,-3.622116178687797,-0.8075262392903853,0.2139805591473152,1.6217259709753195e-05,0.0001779167301625,1.3745585160607752e-05,0.0001273559021203,1.2010176901993712e-05,0.0416972416091599,6.866998240794668e-06,4.158601527044634e-05,0.004357647752229,0.0165208703698903,0.0242358470528507,0.0817170432868736,LCO,13,18
-5057.5461915498645,2.044174005002914,0.0191831993310999,2684.1021396865685,-0.5434501572111827,-4.256549842788829,-0.1922013358681128,0.2327231250079845,2.4972655471543204e-05,4.016597718080929e-05,1.405302557520667e-05,0.0001246797767498,1.2974243803016209e-05,0.0401809449126926,5.931472418786841e-07,4.759320289641611e-05,0.0040651145136894,0.2875491545016563,0.17611093121657,0.2741385784136607,LFP,13,50
-526570.6800677029,2.259153022068624,0.2097832486169514,48970.91487944179,-2.0064767412043736,-2.793523258795638,-0.2646283245241374,0.2917489913254585,1.308009845872014e-05,8.815399695837737e-05,1.1062883445887477e-05,4.068136125859492e-05,2.437200439966997e-05,0.0980188926891609,6.701558253204878e-06,4.803604912983469e-05,0.0247207129647326,0.2429605151619182,0.3355507333796583,0.086860426934286,LFP,13,10
-5969.794367031136,2.111341064581178,0.0349523694605497,2035.775319095091,-0.7561745723971924,-4.043825427602819,-0.19262235437747,0.2342209680243006,2.4736016423080047e-05,4.139617316913185e-05,3.2581996855281635e-05,0.0001187424702845,1.6096131176154835e-05,0.0445746446373529,7.330129193700758e-06,4.615994777648568e-05,0.0040744724416828,0.2674188848411382,0.3335670740803045,0.1363916867010872,LFP,13,34
-5289.075596452199,2.0926521045579145,0.0301882211548895,1925.5534492173404,-0.8091097020396063,-3.990890297960405,-0.5693194714853367,0.2430819654167403,2.9200308891796197e-05,5.4905850807282215e-05,1.7754113218812922e-05,7.018179404625895e-05,1.2128785681301236e-05,0.0438901812347575,1.0697733074059236e-05,4.297848955573716e-05,0.004072310739304,0.3191732553881438,0.025098835680611,0.0164084374459085,LFP,13,30
-399282.938540981,2.291481609623079,0.2961231104547355,38681.929836856034,-1.9513331937490648,-2.8486668062509466,-0.042782988502854,0.2370542748294754,2.8993171617473984e-05,6.323397209923498e-05,1.926864683521881e-05,5.740476841175465e-05,2.6131071193230203e-05,0.0918654682650062,1.0638413832479771e-06,3.012002243548738e-05,0.0246073410272504,0.0450573815722545,0.3841839455268754,0.457975684398016,LFP,13,10
-454560.9586057864,2.373938862468756,0.1743098678860463,39026.97858670818,-1.9557549871431303,-2.844245012856881,-0.1160412459150493,0.2431985167364801,1.3334994248698408e-05,9.32830437522819e-05,1.0725621539732249e-05,4.070224447411926e-05,2.4541300943763027e-05,0.0919765796720666,1.067852306716684e-06,5.240017434808829e-06,0.0233944797234749,0.2135667641881738,0.0648192499338084,0.5355727399629684,LFP,13,10
-441083.00166349736,2.300775378924129,0.1443756718674179,47692.28632937885,-1.8255474438985075,-2.974452556101504,-0.22126411142767,0.2255228958126153,1.331210047229524e-05,8.583706431368557e-05,2.034578981793313e-05,4.066865411807107e-05,1.5585525540190848e-05,0.0991559240869845,9.369326965881556e-06,3.2069618033811215e-05,0.0229288890927023,0.1376018460162004,0.178583357001508,0.3925506855546216,LFP,13,11
-33272.41055516082,2.182999303455213,0.012183549292376,29389.059898594103,-0.4514490468277472,-4.348550953172264,-0.6158593719076786,0.2432480274720257,2.087059539854021e-05,5.953725146437632e-05,1.6761011036132912e-05,4.767814949057288e-05,2.7505709059514257e-05,0.078486655524887,1.4655388723350048e-05,4.909900988823698e-05,0.0070947842689766,0.0305766839850427,0.1037010826257281,0.1798628614815504,LFP,13,86
-444713.1209020939,2.423909440395476,0.1743098678860463,38609.94572571815,-1.9566247469045663,-2.843375253095445,-0.0924343437387934,0.2431778908382665,1.3328395844828474e-05,9.332183400911536e-05,1.0732710641078564e-05,4.062376963465143e-05,2.4550715841014483e-05,0.0918255178459689,1.7509497945495947e-05,4.302833768901862e-06,0.0233944886662617,0.2366311967669584,0.0272748904895616,0.5736595690046866,LFP,13,10
-5670.4799619858295,2.097705727479664,0.0041561727425021,5241.207899143453,-0.4846718371010965,-4.315328162898915,-0.3701617182600003,0.2292673372097471,1.5634017550265027e-05,4.1154827661432695e-05,1.7890214816479932e-05,6.826284977747312e-05,2.924284088240534e-05,0.0446614532149002,1.2903205578745455e-05,3.972660048526935e-05,0.0040182417694389,0.3333090235164213,0.0167787773482408,0.2097504808753376,LFP,13,89
-5887.477391259825,2.05445819564902,0.0199241498975985,3261.820573648828,-0.5379828273726872,-4.262017172627324,-0.3998176699448037,0.2292350931849484,2.921984865041549e-05,4.507075892513566e-05,1.0637730501169453e-05,0.0001262351250962,1.8055828337547343e-05,0.0460193406005368,6.183919076020415e-06,4.807577672084241e-05,0.004085282920733,0.3094704443536245,0.1290293680043946,0.0916825176971772,LFP,13,50
-5969.794367031136,2.10593093082639,0.0339952417223489,2506.631478962117,-0.7182571945608558,-4.081742805439156,-0.5059605916443268,0.2342586412986639,2.470903316964971e-05,4.116742876924969e-05,3.1630024854969374e-05,0.0001178761976414,1.4789875948548347e-05,0.0446294152486723,7.269125069483502e-06,4.614276997969852e-05,0.004192001884959,0.2674157229541933,0.0143002983489481,0.1423233870525318,LFP,13,35
-494373.28565061616,2.2682857535126777,0.2291551074503444,48181.38177218931,-1.956048128050135,-2.8439518719498764,-0.1132490184219014,0.2406057879804215,1.5653710493004478e-05,8.803849433300819e-05,1.639111325441807e-05,4.865166984033892e-05,1.3807830272002095e-05,0.0989768982556146,8.341762784495129e-07,3.657850887200669e-05,0.0247143470736194,0.2527539836817012,0.0164379256554124,0.5475590722409849,LFP,13,10
-5956.45883465375,2.0552653060458264,0.0164239119448637,2967.524414737364,-0.457391896731508,-4.342608103268503,-0.2146878392277809,0.2347999292494563,2.504406411136989e-05,4.281140273290593e-05,1.4860336347714408e-05,8.470447448755212e-05,2.4641276982721288e-05,0.0422975271567123,1.6766204682490329e-06,4.3742782079132015e-05,0.0040249401105208,0.2880690759977286,0.34376119820759,0.0834818865669006,LFP,13,57
-422152.6315592198,2.344620909629921,0.1590557347108769,36050.30546991823,-1.961214499919812,-2.838785500080199,-0.0058923894810335,0.2418390425081596,2.437137937369712e-05,0.0001038208068233,2.1276148018067764e-05,4.063309444034399e-05,2.4542036840767057e-05,0.091575467790244,1.7252561269550334e-05,1.7665025304157334e-05,0.0233892371256107,0.2322547099007567,0.1054629814858242,0.5863899191323855,LFP,13,10
-460761.45785028616,2.423909440395476,0.1092268794271796,47505.29424369888,-1.8223565439229148,-2.977643456077097,-0.0814545088254433,0.2146028321016808,1.2974175406041938e-05,9.32454724412694e-05,1.0653663771032689e-05,4.043377546805281e-05,2.4548703475318423e-05,0.0917975204417983,1.756057834229822e-05,4.370052816345289e-06,0.0247830921161227,0.2365669742300714,0.0125230772024166,0.5994554397420687,LFP,13,11
-429175.2576960108,2.4653028657373284,0.1092268794271796,40677.57867007233,-1.8316689908356023,-2.968331009164409,-0.0009638268236767,0.2007267705207499,1.348707336525224e-05,9.340850787922871e-05,1.0459217802530208e-05,4.031546749290396e-05,2.4677609771809896e-05,0.0917296741115844,1.741567460405609e-05,4.437173263676413e-06,0.023392632561127,0.234231023379588,0.2909672106538166,0.4038379391429185,LFP,13,11
-5468.867087328088,2.056050570327698,0.0243328469692173,2263.213678247075,-4.398932033526684,-0.4010679664733274,-0.1175752484283828,0.2459143872653071,2.9789817476980475e-05,4.5999781500187925e-05,1.135187720657156e-05,0.0001460502332052,2.733410276500083e-05,0.0405418881321802,6.226397120913644e-06,4.177433553782541e-05,0.0040028488410857,0.287769489588717,0.4448260754010175,0.0798291865818826,LFP,12,50
-5752.790843171346,2.111670824663674,0.0237335830621353,2146.1333261841023,-0.7383063379416015,-4.06169366205841,-0.2013742121646853,0.2295371168831634,2.673655161957993e-05,5.353112695302058e-05,2.6521327843530876e-05,5.472094192038958e-05,1.6755644877693585e-05,0.0479174627431648,4.960055889727396e-06,4.651630364460349e-05,0.0040990816789359,0.3031124271743962,0.2543821553128905,0.1711312053480279,LFP,13,35
-442497.2652111946,2.33341443126318,0.1515686775730688,46071.73411571179,-1.727792710953466,-3.072207289046545,-0.0594488104783578,0.2190312180890389,1.2939455401059628e-05,0.0001185273430945,2.1719787279110647e-05,4.061925013566344e-05,1.544236809672563e-05,0.0880340747212841,9.367536856192372e-06,3.760053009060181e-05,0.0233935644324108,0.2772740953722803,0.0713946579989011,0.5218824361504608,LFP,13,12
-423149.0408725771,2.3287756673690345,0.1895451331846404,43826.35664022949,-1.943696566042412,-2.8563034339575992,-0.4553911869642671,0.2512194650988114,1.2996823907327954e-05,9.654036179856337e-05,2.4910451973644824e-05,4.070259377741918e-05,2.8089292991484327e-05,0.0886609099847753,3.1125360254997e-06,3.222092784765617e-05,0.0236131742487312,0.1370030371386557,0.0132750741612098,0.3243307017358674,LFP,13,10
-5893.070782747956,2.067401870668261,0.025734757895329,2419.551780376252,-0.608123123350353,-4.191876876649658,-0.0312570665907607,0.2463406508203041,1.471642712220332e-05,4.599770994970279e-05,1.0314289831619306e-05,0.0001289747000505,2.6512687122404445e-05,0.0400229303467983,1.0465701331653136e-06,4.813401492993496e-05,0.0041109424558962,0.2875134984220012,0.4467254499415466,0.1645039850456914,LFP,13,47
-511117.9824221668,2.262517067277387,0.2291551074503444,48340.83767704789,-1.945393645273569,-2.8546063547264424,-0.0974507611250001,0.2189860694484086,1.2343361285856972e-05,8.773521342293687e-05,1.731174065441961e-05,4.295214434431688e-05,1.5468905205090926e-05,0.0995431546047089,8.088870843061628e-07,3.761046101009472e-05,0.0246899633380275,0.2509561684885267,0.071512545512472,0.5100805248740011,LFP,13,10
-5986.5465798241785,2.11220198409126,0.0294758358428962,2028.6150663943915,-0.7364115711610921,-4.063588428838919,-0.2371200802204006,0.2274513402313852,1.3966687407047154e-05,4.5695000027064426e-05,2.143691222067085e-05,7.214690528725545e-05,1.6548007237353242e-05,0.0424548393824147,8.75870508927779e-07,4.617251073670731e-05,0.0040641806206611,0.3034860177657824,0.251074517588598,0.1383193844252189,LFP,13,35
-5986.5465798241785,2.116698615520572,0.0320662293881197,1916.4750296291456,-0.7427644336510326,-4.057235566348979,-0.183629523889515,0.230551383918245,1.3422558905916476e-05,4.248621962092443e-05,2.171210787314997e-05,7.222392754506825e-05,1.652776917779613e-05,0.0409187876456779,8.758387261760025e-07,4.612780192620157e-05,0.0040661177000098,0.3101260529673565,0.2996225017537713,0.1366219213893572,LFP,13,35
-162474.6308547827,2.463210440805929,0.0027787975942641,128137.08399993456,-0.4062422370013365,-4.393757762998675,-0.2683170932603302,0.4160350813079958,1.4173646292252843e-05,0.0001162348087447,1.283576334041943e-05,5.329493203461031e-05,2.406864460847676e-05,0.0921072441336928,1.6873613804947945e-05,1.1176130317676251e-06,0.0149185293895757,0.1121034842324581,0.1304491631569417,0.4191302593502699,LFP,13,74
-5377.521737038657,2.1277912472233824,0.0590262959618676,1850.817746009512,-0.7504226863536658,-4.0495773136463455,-0.2384057084132352,0.2273662356160979,2.4748920333875364e-05,4.580002905413895e-05,1.6253062283891452e-05,5.0111280574796986e-05,1.6757731980105844e-05,0.043825632845491,1.0285024901797954e-05,4.61729755487865e-05,0.0040595727680381,0.3051513203774879,0.2509592117113778,0.135483759497899,LFP,13,34
-20235.51761449368,2.312774706683565,0.0097569919418922,17676.959760613467,-0.5543909274169181,-4.245609072583093,-0.6210567060040653,0.2334419610913444,2.1401163346700187e-05,0.0001847166030096,1.54655242108164e-05,0.0001439003893361,1.4300136351988123e-05,0.0429210960331181,3.591256897905963e-06,3.175024956003931e-05,0.006444234972494,0.0592692960549444,0.011119200950417,0.2385547969905734,LFP,13,97
-5396.564828991583,2.0580668404639058,0.0207438968048008,2847.1523575572446,-0.5501518170716508,-4.2498481829283605,-0.1908852070501585,0.2461559155634042,1.3185505443619308e-05,4.271410422035556e-05,1.3401080627246893e-05,0.0001287654598289,1.2021645119211471e-05,0.0401941828953663,1.795377655541754e-06,4.514914811353852e-05,0.0040756913110796,0.2800308207263859,0.183130366012854,0.2759536062106015,LFP,13,50
-5737.3421018195895,2.074713719986724,0.0051468448817602,4429.582119297027,-0.4724134957171344,-4.327586504282877,-0.0274002202991453,0.2342804115673917,1.5640897710498724e-05,4.091377057694608e-05,1.2346244882033562e-05,6.82408671750436e-05,2.9750880074128697e-05,0.0446835261226311,9.89849713032097e-07,4.895242221898618e-05,0.0040076322178407,0.3034574253141335,0.3563643639078824,0.2427779904788387,LFP,13,87
-5372.730948736097,2.0979987140325336,0.0446326527894821,1718.556878294884,-0.7828797038056834,-4.017120296194328,-0.0958328284384335,0.2079689396308315,1.4063026703549464e-05,4.114746045156672e-05,1.0671850652838704e-05,7.594861674054457e-05,2.672675660382789e-05,0.0446611743367928,8.502882110810228e-07,4.899151572899311e-05,0.0040668694340078,0.3339055757750793,0.1205547696882734,0.3797068260982136,LFP,13,31
-180878.93387368048,2.0743527226311285,0.0087388667185982,366065.5897089853,-0.5477642900713491,-4.252235709928662,-0.4798020830651516,0.2012128059126042,1.5172393817299688e-05,4.646316506784415e-05,8.908216469270041e-05,0.0001458987268826,2.1706460793806336e-05,0.063210343343739,1.7770258231567793e-06,4.366875719875632e-05,0.0245989947148062,0.2532683918886927,0.1815813381078603,0.0153481869382952,LFP,13,100
-439402.01710695215,2.264377101783608,0.1515686775730688,45230.083225146045,-1.743922962138342,-3.056077037861669,-0.0562230962216784,0.24329417528229,1.3338187764383824e-05,9.172371504442138e-05,2.173155711870737e-05,4.0617661102988455e-05,1.530310663698571e-05,0.0879940661481049,3.088346477425997e-06,3.761981008889789e-05,0.0233949009276644,0.2774825199213945,0.0744813116026967,0.5218130722542305,LFP,13,12
-482366.7764152264,2.439732450736531,0.1743098678860463,49616.97352169166,-1.975431823482765,-2.8245681765172463,-0.2660015800493307,0.243027420534073,1.3330952352545431e-05,8.806383988197164e-05,1.0731714645871109e-05,4.062296942405736e-05,2.4557445171025035e-05,0.0990826394798789,1.767836606084429e-05,4.083187281231306e-06,0.0247723096320807,0.2451052419091153,0.3427356491499029,0.076157528891651,LFP,13,10
