SpecificEnergy,SEIGrouth,TempIncrease,Price,UpperViolation,LowerViolation,VolFracViolation,C,la,lp,lo,ln,lz,Lh,Rp,Rn,Rcell,efp,efo,efn,mat,Ns,Np
-247450.47069167093,2.174957059338453,0.0146127655880042,164137.04733312037,-0.3899336578357619,-4.410066342164249,-0.3343503579856283,0.2076510837245004,2.93756479024682e-05,9.86380784346943e-05,1.2604568232686846e-05,0.0001479105745137,1.6595365720589906e-05,0.0507158598248917,6.8907001252948135e-06,4.607193978896502e-05,0.0249691228240275,0.1091068038738009,0.1862371097487427,0.3003057283918281,LCO,13,59
-24695.028605705545,2.5827505632944705,0.4640499793917541,1691.9215473539589,-2.1940630867516617,-2.6059369132483496,-0.3424564943419422,0.2487147891441123,2.594521045178441e-05,0.0001784578749343,1.1665001422543548e-05,0.0001065447130511,2.6361471874765303e-05,0.0555412371914687,1.4109043503177728e-05,4.495819703208263e-05,0.0065738794290362,0.0129487464284125,0.1881046562193236,0.3864901030103215,LFP,13,8
-15020.772003434078,2.09697491882812,0.0212529635449204,17378.246693138793,-0.3659968431638205,-4.434003156836191,-0.5258375677263336,0.3395310584756275,1.7940542686104992e-05,5.827300071153064e-05,4.296174608641418e-05,0.0001367999072618,2.998258965271191e-05,0.0437434402017744,1.5314913941056034e-05,4.646283509837034e-05,0.0078886868199851,0.0423413448379065,0.0233122055944518,0.338508881841308,LCO,13,68
-231198.2627872002,2.89241560086393,0.3126401792099432,26461.72550929341,-2.180398453991181,-2.6196015460088304,-0.3228141832647487,0.2333757939359136,1.3432377693084605e-05,0.0001823381208051,1.1587784199730536e-05,5.455117325199942e-05,2.941892074458029e-05,0.0819299329493504,1.86211975210878e-05,4.4831173890014745e-05,0.0213496303848259,0.0473844019036956,0.1920892548298816,0.3677121600016739,LCO,13,8
-219045.97104600264,2.1971278151585287,0.0090333562057921,174404.61505525638,-0.4761907399350136,-4.323809260064998,-0.3476494876143743,0.2163798886007455,1.822771588943828e-05,9.911967285196124e-05,1.626542450803755e-05,9.231226286087449e-05,2.8761329981022824e-05,0.0440023623427587,1.3823882870482831e-05,4.0549284962623953e-05,0.022748551611969,0.0936852549531101,0.046235741282316,0.4424295161501995,LCO,13,88
-121162.14595078664,2.102346485932622,0.0156491790249387,103576.76897548012,-0.5892504309163513,-4.21074956908366,-0.3241379765376344,0.3881651718208261,2.743710428623889e-05,5.595031760722521e-05,3.488335974472099e-05,0.000148982169266,2.8057042472305755e-05,0.0795144549992428,1.0794353818825231e-06,4.600078171731789e-05,0.0125993478816146,0.023798312433108,0.0216847061317183,0.5603790048975392,LFP,13,96
-380787.0322394316,2.799349508143204,0.7187927499180544,80754.68417983668,-1.1698833518666447,-3.630116648133367,-0.3975005713101078,0.3092066912910505,1.6354822816658727e-05,0.0002408828262156,1.6617613956483638e-05,4.0292040138070025e-05,1.4254421099649565e-05,0.093300681159002,6.62605990620581e-06,4.242076870578803e-05,0.0214716051028013,0.0316344524960219,0.386397012957235,0.1144679632366351,LFP,13,20
-41889.22517075668,2.2357940921012416,0.0093792147479236,35159.9029965384,-0.5271598486469316,-4.27284015135308,-0.6597089931840452,0.2018076944171564,2.2981129270032303e-05,8.087051046258949e-05,1.6786284792916983e-05,5.422664137768438e-05,1.295521720706593e-05,0.0455650805378957,7.576586432870748e-06,4.287654986467072e-05,0.0093567945006283,0.0511506191930532,0.0569576085495809,0.1621827790733206,LCO,13,93
-235556.4696642153,2.1930074667463537,0.0308896062629855,53949.066318098216,-0.8399287064491219,-3.9600712935508895,-0.319094879868013,0.2849116376664182,2.7812701186820728e-05,7.904744832502411e-05,1.8684677353309065e-05,6.133278149105367e-05,2.387999390451248e-05,0.0452075677433409,5.260517889054482e-06,4.5952454345738166e-05,0.0230467423461863,0.0281247590035487,0.1567978410154722,0.4259825201129661,LCO,13,28
-105003.89064748578,3.864438976111521,11.239065807811349,12277.716900661668,-3.015368462930631,-1.7846315370693802,-0.2016413982068968,0.2798271105901415,1.377324579617356e-05,0.000154811619452,8.069969138628077e-05,4.141020942510927e-05,2.67850699768608e-05,0.0935965782432106,3.640874499637086e-06,3.471883912886775e-05,0.0225397701653182,0.1151331706320319,0.0472039441920972,0.566021486968974,LCO,13,3
-34714.92798252311,2.334529529049752,0.0088226320167653,19355.372569173065,-0.5353607503605318,-4.26463924963948,-0.0941832538692452,0.2039400843652513,1.4797866307067864e-05,0.0001057095467384,1.6945159139321388e-05,6.225603793756046e-05,2.667319444323491e-05,0.0403777408472067,1.7738750250242874e-05,3.803050125621484e-05,0.0080614739332655,0.1316213142571219,0.1562748141094506,0.5479206177641822,LCO,13,93
-154008.54655229903,2.2328918681539918,0.0172564550661428,89671.23744494167,-0.3753582432768709,-4.42464175672314,-0.299496425506862,0.3396363894359666,2.085228597355212e-05,0.0001483040667922,2.6822585823757964e-05,0.0001496433103892,1.4880811617134912e-05,0.0825288969261194,1.444811561073958e-06,4.202973350110983e-05,0.0126313972761918,0.0140327784282815,0.0244086341853155,0.592062161879541,LCO,13,75
-28366.01191514805,2.3793437359707115,0.0113104216098395,17161.46341474035,-0.3098895604199043,-4.490110439580107,-0.8403610074028414,0.2013401061109556,1.6533560832190454e-05,9.683665632852008e-05,2.5231811242604847e-05,4.770604231661592e-05,2.9953845920568717e-05,0.0435993149243411,1.6384014020907338e-06,2.08020473258106e-05,0.007683588989382,0.0189970882399647,0.0184230762169669,0.052218828140227,LCO,13,67
-297595.02734257584,2.6833195623448405,0.2416808429427119,29052.870839006464,-2.1622507382980487,-2.6377492617019627,-0.3665256729871984,0.2097905291888796,2.810158566535516e-05,4.3490338626313735e-05,1.161046942742582e-05,5.330150468521056e-05,1.605379635359594e-05,0.082312868908643,5.620095721285621e-07,1.0093453093282877e-05,0.0238319467793327,0.054714938269497,0.1402675020863502,0.3684918866569545,LCO,13,8
-259625.36422039755,2.1704740598881047,0.0261399443668162,89388.32065786123,-0.793504785161673,-4.006495214838338,-0.4750193796166234,0.2150755863435825,1.4372646085321044e-05,6.981603279757655e-05,1.4733666185972727e-05,4.9659532565937815e-05,2.3874706361719427e-05,0.0593223782863353,4.446429650535135e-06,4.843144918965358e-05,0.0247794147563731,0.0283978982735796,0.1560876438046544,0.2704950783051426,LCO,13,28
-23964.16227282871,2.540617674624692,0.0278458151873374,11489.295008611214,-0.4812208834500069,-4.3187791165500045,-0.2379942482083253,0.3677267830077949,1.969605110201414e-05,0.0002465329354326,3.607659832118181e-05,7.418938014768471e-05,2.996939253419613e-05,0.0513794320078466,1.017642455336606e-05,4.941011046819762e-05,0.0066795751491019,0.1160684590919273,0.0199127387755945,0.5560245539241528,LCO,13,57
-130994.67540105755,2.491888018525922,0.065096222553992,24505.63611703308,-1.0151116744454782,-3.784888325554533,-0.3877762732507601,0.2029780298317528,2.797686526473457e-05,0.0001875471651251,3.622250652947936e-05,0.0001340092094557,1.9664548231436163e-05,0.0916712922557309,1.920770806211341e-05,3.6200178424744745e-05,0.0117416660813568,0.0346443450506078,0.026958552260513,0.480620829438119,LCO,13,21
-62976.79801290187,2.24401101051367,0.0132809802294085,51153.07322682096,-0.5907949139607496,-4.209205086039262,-0.3118030309795276,0.3220790703835355,2.860572783601577e-05,4.267202337572767e-05,4.495970072672308e-05,5.222610208746557e-05,2.920812504962858e-05,0.0428437390383742,8.496367849300373e-06,1.3895186078999026e-05,0.0125276721438567,0.0419692543613497,0.0211359747541729,0.5550917399049496,LCO,13,99
-36315.1519206048,2.0901053650904413,0.0119452438548148,29318.07952136728,-4.3764387376768,-0.4235612623232114,-0.2564786860614817,0.292392095192473,2.320432036614025e-05,6.637007816637171e-05,1.3267599321582634e-05,0.0001105444070632,1.3406833906322228e-05,0.046183968603167,6.08637908615954e-06,4.944640623812692e-05,0.0093597853012819,0.2275509975825547,0.0389376655365964,0.4070326508193671,LCO,12,92
-24002.35702773989,2.610992525240312,0.008551922843687,17244.71689796284,-0.53664124217498,-4.263358757825031,-0.0809052681993658,0.2064321799992526,2.317476268835347e-05,0.0002364311185996,2.6923155915465996e-05,4.683343587791997e-05,1.5065785263669914e-05,0.0513056029040719,1.0524544154492697e-05,3.772690264996538e-05,0.0066156107312901,0.1168217654156201,0.1896028759234175,0.5426700904615965,LCO,13,93
-160361.84511128318,2.6434339711872963,0.0418546474139215,49623.91658851161,-0.7910692117799698,-4.008930788220042,-0.7101713527965914,0.2192977618058866,1.3147029493047086e-05,0.0002400804411638,2.1176724256868768e-05,4.4815442320887325e-05,1.7185294311986216e-05,0.0486658135005372,1.6377742486166323e-05,9.732820716890944e-06,0.0184844019625273,0.0621163825332321,0.0624950608211597,0.0952172038490168,LCO,13,28
-89648.43064574047,2.576450379680692,0.0173654518390829,62317.24827789494,-0.5722779976209864,-4.227722002379025,-0.1731794761138404,0.4074315716580146,2.219177397488924e-05,0.0002467804299286,3.5724660136980146e-05,7.413702095205541e-05,2.9910975630312185e-05,0.0511223981331439,1.0175405556940629e-05,3.255032945108435e-05,0.0124647081532294,0.1264649973084213,0.0695594296668787,0.5607960969108595,LCO,13,92
-10804.892571139382,2.3316742263888504,0.0218877947355793,7398.243217265031,-0.563871302315242,-4.236128697684769,-0.2486668897336761,0.5057131425989279,1.2765590567974e-05,0.0001785027706491,1.1524439709549758e-05,0.0001077612846595,1.5538181164803004e-05,0.0439163502805145,1.919446103114901e-05,4.125492308444238e-05,0.004570943101053,0.0780208206344237,0.0104384394614092,0.5928738501704909,LCO,13,89
-147816.6249593424,2.204015335182309,0.0668389952371334,35878.224691824056,-1.1497926019454283,-3.650207398054583,-0.5758229868979223,0.3132965018429668,2.3536989261948312e-05,7.104533574226257e-05,1.3771885028912496e-05,0.0001236654245919,1.3467451478061344e-05,0.0484483426701321,4.9194581795216665e-06,2.109083080462449e-05,0.0196675277605861,0.0921536354419157,0.1576582923452715,0.1043650853148904,LCO,13,20
-239024.6207294703,2.135342528126738,0.0150829481608695,155083.6507605796,-4.320424085762404,-0.479575914237607,-0.200659408703456,0.3282662824073984,1.821260131285236e-05,0.0001000446587418,1.3176666967418729e-05,0.0001188238799501,2.4644697035485032e-05,0.0439972836048668,5.68586701037993e-06,4.030000273789612e-05,0.0228254100983208,0.2866358219412057,0.0359146689208687,0.4067901004344695,LCO,12,86
-23119.896835371525,2.0884869167142863,0.0207089088556943,18628.092152815705,-0.3788440896517357,-4.421155910348276,-0.4928968033711184,0.3731721706768319,2.9288642752445887e-05,6.194264378308965e-05,1.4568108589484948e-05,0.0001099737424674,2.1932433779857756e-05,0.0492008822049627,8.499740234906535e-06,4.885072894525141e-05,0.0077946122600645,0.0477477622572595,0.1612577831122202,0.2280976512594019,LCO,13,71
-38105.5574609591,3.3094728525208685,7.206890888963571,2173.1920811776813,-2.951846611669048,-1.848153388330964,-0.5847755109741475,0.202581141114697,2.774884159487094e-05,5.152742239818359e-05,4.298742405348716e-05,0.0001381048386378,2.5926068555961555e-05,0.0431487911520897,1.5296245104240768e-05,3.613521621721004e-05,0.0134066482261889,0.0459861069654,0.02699327796275,0.2722451040977025,LCO,13,3
-486097.02884016966,2.604612335306973,0.0238402294946703,74647.09103385944,-4.647056643754382,-0.152943356245629,-0.294755395062991,0.2812370120132639,2.8810891533207445e-05,0.0001429362621269,1.463523199712199e-05,4.501369746942765e-05,2.185384277256525e-05,0.0697107674613568,2.858805728115346e-06,1.3595901692609138e-05,0.022419212601539,0.0154274877061038,0.0435794438445425,0.5762376733863626,LCO,12,28
-162188.23627052578,2.1668263794168308,0.0345129815025504,53172.07381644642,-0.7501505719116608,-4.049849428088351,-0.1434945237921771,0.201284560154577,2.273295203144349e-05,4.170798290089594e-05,1.2517051658851112e-05,0.0001174138009614,2.910348472555585e-05,0.0448760864322848,1.834046928692197e-05,2.154429068267993e-05,0.0226416677481098,0.0173349289522951,0.2176785168530383,0.5514920304024895,LCO,13,30
-21784.34371623837,2.913074937623543,7.811688311034031,655.3532668740688,-3.143049872930149,-1.6569501270698623,-0.5904338217241007,0.2025810392690975,2.7747287086872704e-05,9.918555053718638e-05,1.5965125490874383e-05,7.205220712002402e-05,2.460994890567523e-05,0.0444007041252362,1.5311088896547654e-05,4.064248411892977e-05,0.0090136512335172,0.0526067897104961,0.0178070748531422,0.2691523137122609,LCO,13,2
-452968.7856145195,2.4108417886501594,0.0398387064836211,100378.69261771603,-0.7982448850219654,-4.001755114978046,-0.2527993632089852,0.2147962126232834,1.601949211492096e-05,0.0001802642742956,1.4838818333935936e-05,9.120553726073696e-05,2.5782142061299063e-05,0.0667268731302841,1.3142425156044977e-05,3.65330330352149e-05,0.0248140133385677,0.0268683756007515,0.1887948411464724,0.4615374200437909,LCO,13,28
-10530.88927905977,2.5742204435971723,0.0082182644906035,8783.03124145862,-4.393500798415879,-0.4064992015841326,-0.3221349898457922,0.2196320632094022,1.612701231184251e-05,0.0001787005133496,8.629948015039544e-05,4.90327618245889e-05,1.985409413065392e-05,0.0411485514645657,1.0305631639257064e-05,3.856015786273875e-05,0.0051220030818006,0.0944627255215345,0.1503821894573787,0.3630200951752944,LCO,12,96
-363379.61690411496,2.6500525434047546,0.0310205316273474,83724.7574343704,-0.8166912375488735,-3.983308762451138,-0.2737103356377902,0.229175437375475,1.2571267852634313e-05,0.0001762630576853,1.228536126681458e-05,4.363395083003344e-05,1.9744847674242613e-05,0.0538488149206138,6.485137919359144e-06,4.516107772485762e-05,0.0249576926094836,0.1156285502438687,0.1736649120532901,0.3669962020650509,LCO,13,28
-328059.5635457492,2.2147967800704125,0.0216337756805384,275681.30752874474,-0.605291021650352,-4.194708978349659,-0.2815685688034611,0.4560714579572966,2.776109473143693e-05,5.575327323196489e-05,4.411486188162674e-05,4.352398319208152e-05,1.605702331976565e-05,0.0907381108593955,1.850313341615531e-06,4.3961834796972375e-05,0.0199893356252576,0.0208653926622939,0.066655930795048,0.5609101077391969,LFP,13,96
-27208.698204626933,3.138039715359889,4.83069308732825,831.6671280389089,-2.9789201399697163,-1.821079860030295,-0.0603171743222774,0.2037569365044925,1.4807502498653248e-05,0.0001055891641787,1.9027351970108447e-05,4.3467115464611575e-05,1.7339958155755083e-05,0.0540665098438627,6.385152535643665e-06,3.782246464304407e-05,0.0080489451561815,0.1320899910916161,0.1809132626539288,0.5566795719321775,LCO,13,3
-271143.1564786512,2.1188031927141173,0.0084871292462921,428157.750791444,-0.5564646561864777,-4.243535343813534,-0.2747203787876606,0.2004431103319807,2.7743605757951383e-05,4.0303679851668414e-05,4.701839192691124e-05,8.320596223342511e-05,1.4464215690782628e-05,0.0908861725495379,5.700320214014892e-06,4.0988376458087097e-05,0.0244483568419688,0.0274091371485024,0.0677929365304979,0.560077547533339,LCO,13,96
-33137.58689725022,2.0784018228569385,0.0333651277582791,13378.587636527607,-4.49431963341835,-0.3056803665816616,-0.4044982539657781,0.2929280097676913,2.954578668889188e-05,5.073265261317127e-05,1.5996937681854903e-05,0.0001263783224782,1.3289475849279337e-05,0.0443119362532928,5.726047802593901e-06,3.648604709381177e-05,0.0095195219380324,0.3095630554952772,0.0118517088818884,0.2040869816570562,LCO,12,41
-32187.7628974318,2.0790445199297247,0.0567815552288312,11295.58148693189,-0.815684616496398,-3.984315383503613,-0.4045866649308839,0.3733842156371647,2.806232579762356e-05,6.19433016954193e-05,1.5095601462859336e-05,0.0001103964255106,2.1932086253838937e-05,0.0491358749199678,8.49979761738098e-06,3.654520534866386e-05,0.0091626685125746,0.029121028002974,0.1564894844625785,0.3398028226035635,LCO,13,32
-141234.07414571033,2.325183830304164,0.0307938660285856,40236.01133705152,-0.8729378089132567,-3.9270621910867543,-0.556235121741517,0.3255887693755833,2.783277324789452e-05,7.912735556029688e-05,1.197778082447021e-05,4.387843693515904e-05,2.407460714295926e-05,0.0437873239953286,4.908513717393836e-06,9.90935484746321e-06,0.0196507920556803,0.1160702141431633,0.1564180873855191,0.1012765767298005,LCO,13,28
-179388.33191825153,2.326574969498171,0.2673244087912486,16526.211120458283,-1.9388306308895835,-2.861169369110428,-0.2640452092674045,0.2398852746325544,2.916443818964845e-05,7.92864756807405e-05,1.9913498277121323e-05,4.764996045761953e-05,1.4784025054909112e-05,0.0406230546114474,1.7055926537078647e-05,4.314838048648606e-05,0.0227234300772193,0.1276222690396949,0.0322858055315748,0.5060467161613258,LFP,13,10
-523428.0338613242,2.360855797783082,0.0096344991503675,507750.0494576342,-0.5605824854479806,-4.239417514552031,-0.2270140391720038,0.2208220068348093,2.9320468132621355e-05,0.0002386039461549,1.2712126403191018e-05,0.0001100558442878,2.0847858942733805e-05,0.0960898435504234,5.881065891167533e-07,4.974430850970526e-05,0.0248018115368963,0.0361078524863724,0.1389344730754335,0.5279436352661903,LFP,13,100
-721927.0144734783,2.626545131150692,0.012481440626759,458812.1397677896,-0.4193121148532341,-4.380687885146777,-0.4675706490627833,0.2796232907846794,2.5238859718344788e-05,0.0002349048844821,1.5650369442595532e-05,4.374675789661087e-05,1.646122853757945e-05,0.0996624135531597,3.600260409109715e-06,4.3485362939994594e-05,0.0244108769794116,0.0428815985034132,0.2309841007597995,0.188563651674004,LCO,13,82
-329445.51622083853,2.550604658868716,0.0119070414801723,170812.3809905614,-0.476617579584321,-4.32338242041569,-0.672545888306816,0.2973517994481875,2.33116489435351e-05,0.0001951989405775,1.7005515774061404e-05,5.16573245971146e-05,2.6996628151632997e-05,0.0408429776223583,1.194051962233537e-05,4.377275248275926e-05,0.0221102723625521,0.0407975592560492,0.0335057981565891,0.1831507542805456,LFP,13,87
-107915.90786249375,2.613380698855805,0.0095741358327822,87866.81670851132,-0.5044166647079109,-4.2955833352921005,-0.7217425388824339,0.2289313619198816,1.8174110230904217e-05,0.0002404230066581,1.0799593159493758e-05,4.625598926476308e-05,2.412279121399321e-05,0.0504732892765646,1.6734152977944782e-06,3.350078697874307e-05,0.0136016963001645,0.1251146644117957,0.0106200193104277,0.0725227773953427,LFP,13,91
-457322.1917135954,2.574547738122157,0.0129534410071708,251511.9482530692,-0.4332521533881248,-4.366747846611887,-0.1548638164115466,0.2958587847120546,2.538766914735938e-05,0.0002018448069345,1.4793896664972404e-05,4.250206430972526e-05,1.6464432409332943e-05,0.095416456233874,8.232201406756854e-07,4.291839398018607e-05,0.0197714539569531,0.0518878321542413,0.4583469617379015,0.2649013896963105,LCO,13,82
-528147.6753227722,2.626545131150692,0.0143414950523868,357678.609369201,-0.4192682589923961,-4.380731741007615,-0.6729362325253928,0.3055861891869265,2.3261999579829776e-05,0.0002464744738074,1.5619418837433798e-05,4.0083248019672815e-05,2.8350960868092782e-05,0.0990260713905006,3.5738124051073296e-06,4.389866273265988e-05,0.0210297376543892,0.0438586533223979,0.0326402222029902,0.180564891949219,LFP,13,82
-19863.408892458167,2.1048775036206555,0.0089943166717369,31496.234694337825,-0.5267211152436815,-4.27327888475633,-0.3053401756517109,0.221732112077155,1.964253373628905e-05,5.418256685558708e-05,1.6981418852301332e-05,0.0001197918244897,2.032372302285312e-05,0.0971762733430987,1.7091609797593056e-05,3.979294838042016e-05,0.0063964543247432,0.0245889767706193,0.0371587586078097,0.56291208896986,LCO,13,92
-754346.2029245065,2.569218716766144,0.0148911682083357,314543.37647992175,-0.3692757861060585,-4.430724213893953,-0.023185230729538,0.2767526455489874,2.5390898268856517e-05,0.0002017710375166,1.461085623842295e-05,4.248316407698081e-05,1.3931669259801674e-05,0.0954142057936396,8.409218625483233e-06,4.89280838115124e-05,0.0244823458628291,0.0615356921124096,0.5728169570007167,0.2724621201573357,LFP,13,71
-8341.06851973897,2.1882288512504484,0.003655869285391,4578.0229462224015,-0.5722786659555439,-4.227721334044468,-0.3887456438122633,0.2469434842705533,2.8074521559367485e-05,4.062982804079581e-05,1.1761297039211172e-05,4.09844920105104e-05,2.861281388706448e-05,0.0405674768189104,5.030569089292887e-06,2.603864127947321e-05,0.0040165873077954,0.0200370018443974,0.3826604507156541,0.1385569036276852,LCO,13,97
-105660.38717105868,2.386107390596476,0.0577678553435638,16624.225543633074,-1.0621350733845103,-3.737864926615501,-0.1446822508569343,0.2269424385833919,1.3828038472335234e-05,9.995767370512384e-05,2.0922389997203616e-05,6.10603574883003e-05,1.406424413871948e-05,0.0412738130599506,3.6372741464016053e-07,4.981655247861367e-05,0.0151165176061087,0.1667632271501025,0.2049062695574001,0.413648252435563,LCO,13,21
-513681.109845535,2.564843112283662,0.0137209935077904,303726.95183885173,-0.3963777214975863,-4.403622278502425,-0.6676964650873984,0.2972701985761055,2.3335042188006977e-05,0.0002306834364163,1.7629206039641772e-05,5.710748512359336e-05,2.6989765336980665e-05,0.0743604097382665,1.204814494951928e-05,4.371516923624395e-05,0.0226184135082698,0.0451749653308885,0.0339162351399876,0.1832123344417255,LFP,13,80
-161113.43478845825,2.606502675064493,0.1404888747149286,42326.05695133431,-1.0708116087394617,-3.72918839126055,-0.0981542796914045,0.6109706510941212,1.4720193352828771e-05,0.0002452367002301,1.0476912508605332e-05,0.0001474584048999,2.6955382716263414e-05,0.0410236990409322,1.8437380928426247e-05,4.3012007773077735e-05,0.0209325341943813,0.0801594702103921,0.1542312225299393,0.597455027568264,LFP,13,28
-257432.1371589153,2.3656812936027505,0.0097279060763995,204478.28742577563,-4.244837080693465,-0.5551629193065466,-0.5021575075181213,0.2268649651930095,2.547974024461544e-05,0.0002493004001624,1.2731522723565148e-05,0.0001168652278711,1.497095642301984e-05,0.0584187129687081,1.2142156571204202e-05,4.9383936032511366e-05,0.0217782282561317,0.0253007441681973,0.0654345948577899,0.3371071534558914,LFP,12,82
-46675.36287223593,2.571970396227828,0.0083454791019126,26895.34682989104,-0.5529562412647735,-4.247043758735238,-0.5491148082872274,0.2021328687286886,1.9174063793736545e-05,0.000244350795298,1.067229576940672e-05,5.706654833765784e-05,1.7414944321992624e-05,0.0410965232973054,4.511684894892471e-06,3.915850911168341e-05,0.008152071871299,0.0289456908009118,0.2203983543182651,0.1315411465935956,LFP,13,100
-292779.05560154363,2.5952308620241205,0.0098486434561123,215970.38549404687,-4.362613970619719,-0.437386029380292,-0.571342000123771,0.2198216303646469,2.4653505671028585e-05,0.0001974353382938,1.0789461795436542e-05,9.917479329204927e-05,1.557500655921084e-05,0.0470311865346958,1.828093247258016e-05,1.6310678306100867e-05,0.023337230230495,0.1165097836428424,0.1726256359946532,0.0695225802387334,LFP,12,93
-169582.59936521295,2.357469615129637,0.0098464220326743,149950.21786555566,-0.4756489368393559,-4.324351063160655,-0.7372769908792277,0.2330883473526036,2.2999611673767644e-05,0.00024667840337,1.2811192422701492e-05,0.0001215146668733,2.8844750383244904e-05,0.0492765126580491,1.85584049189136e-05,4.1077012507521365e-05,0.0181949865841476,0.0271919533651025,0.0623941335846936,0.1031369221709761,LCO,13,88
-38465.76193007466,2.636625767126003,0.0115402139730167,20513.019418672004,-4.261982203839821,-0.5380177961601902,-0.4928020042453535,0.2510954306614186,2.969492055233165e-05,0.0002182353404151,2.0267960557459437e-05,4.40611439136424e-05,1.2298023345268408e-05,0.0447908281058215,3.977231060295637e-06,3.4879583165155125e-05,0.0079774125707203,0.0311733802469681,0.0542960441444385,0.3517285713632397,LFP,12,83
-31260.60976035057,2.2465479157518238,0.0164923620822282,13855.06398954206,-0.3798875338731022,-4.420112466126909,-0.3438391075514496,0.23805300356852,2.900507878431256e-05,7.728373914640716e-05,1.6871058565274946e-05,4.785408798074746e-05,1.5002980581179213e-05,0.0441918714557092,1.748715994715989e-05,3.115499483025751e-05,0.0079150220657657,0.1274193332516507,0.0754035855769743,0.3833379736199253,LFP,13,62
-426599.3836632706,2.626545131150692,0.0125126740723387,260879.54517590537,-0.4211980447903443,-4.378801955209667,-0.4135487694112413,0.2804697897541999,2.5131954170521905e-05,0.0002494200305804,1.5754868217920943e-05,4.214015994420359e-05,1.4958868632598258e-05,0.0578950200846782,3.413805741785351e-06,4.084125908437392e-05,0.0243830640085251,0.0250894015344324,0.3043692719362491,0.1869925571180772,LFP,13,82
-188505.09618099895,2.575923959919258,0.0105874975205257,121288.7211660046,-4.3950228979189205,-0.4049771020810908,-0.158288855309976,0.2702706832658172,1.5014582459025376e-05,0.0002446344044084,1.060591985291732e-05,5.590716606963344e-05,1.7413109707978617e-05,0.0410726997100517,2.184074281534933e-06,3.953109493152768e-05,0.0198608496583355,0.0516460876347651,0.2595671875842677,0.460497869470991,LFP,12,95
-39914.42369599213,2.5677496237778423,0.0136731964839252,18235.72730898674,-0.3448175794775778,-4.4551824205224335,-0.3520859501232846,0.2533201943366382,2.8963920183964925e-05,0.0002465416257079,1.852971616862292e-05,5.706937807361751e-05,2.640588850530177e-05,0.0432401784371932,1.972923315654242e-05,3.914389630682468e-05,0.0080820473261939,0.10473000108009,0.0901759666259306,0.3830080821706947,LFP,13,73
-15614.829857348552,2.2912402872078816,0.6688554006404328,3637.126351905497,-0.9527960113356996,-3.847203988664312,-0.1425223886506973,0.2499988196239996,2.9566936435342034e-05,8.903835285632834e-05,3.6442184063092406e-05,9.114941518046312e-05,2.443499013898061e-05,0.0962601414597701,5.347409088798008e-07,2.626833500559606e-05,0.0044881454206434,0.0470868592560946,0.18139011468135,0.5590006374118581,LFP,13,24
-374766.0610658488,2.5781879207767564,0.0167985752473547,162119.6535700064,-4.274586233284879,-0.5254137667151326,-0.4073632004785376,0.3316661283188752,2.9992283440575583e-05,0.0002087018447103,1.729902095250257e-05,6.138125258888447e-05,1.2826959921809564e-05,0.0401111251214851,3.933495379221667e-06,3.5340680797736155e-05,0.0242080096997715,0.1090067721100903,0.0560118199114156,0.3576182074999564,LFP,12,82
-44153.5098012922,2.3292225416191807,0.0130448998298725,27587.19326909415,-4.186364360265131,-0.6136356397348806,-0.4991360365513173,0.2510896930153681,2.97463123112843e-05,0.0002399491408827,2.6652865480966982e-05,0.0001452633614741,2.995537349550989e-05,0.0447582766675389,1.4561902835864188e-05,4.952753823590152e-05,0.0100708620644514,0.0274997529657204,0.0163467359938071,0.3870174744891552,LFP,12,69
-35612.925361018555,2.5657269530173776,0.015966569121611,17809.702910402375,-0.3973730749938795,-4.402626925006132,-0.4667555176555769,0.2515510477636414,1.3796231420225618e-05,0.0002398454194003,1.466768936169886e-05,6.325236102651004e-05,2.3609062873931783e-05,0.0510673197032365,1.333813678508759e-06,3.303843201260652e-05,0.0077777920202793,0.0384559019976364,0.0355092262801681,0.3892793540666186,LFP,13,60
-320451.40011004545,2.173052307056164,0.0192813761036562,237554.43709909657,-0.3974437184843467,-4.402556281515665,-0.2741420355564171,0.3647630170616214,1.676133560592739e-05,9.297612958843018e-05,1.6451234389466842e-05,0.0001151798992547,2.5726653315309448e-05,0.0869530307799262,8.293532557991752e-06,4.3809530627496695e-05,0.0206366153707432,0.0235990721678529,0.3905067210550323,0.2417521712206976,LFP,13,75
-274770.28314299247,2.4528087832806165,0.0122806878603308,192829.8311583897,-4.262439597785708,-0.5375604022143037,-0.4552336660840422,0.2672964485218362,2.776100012747556e-05,0.0002086929312173,1.2839011224078526e-05,9.686692939386484e-05,2.9283168951877676e-05,0.0585323251352916,1.8874284622886446e-05,2.7388228279839855e-05,0.0217614504935019,0.0522907893701579,0.3564298919403339,0.0660456526054659,LCO,12,82
-222068.89585125635,2.105905506752012,0.0145531913861854,250178.99868116635,-4.415916116572447,-0.3840838834275644,-0.0935961120506405,0.3648424516199574,1.4223596468095771e-05,5.781593382827838e-05,1.680470125508768e-05,0.0001160546331487,1.7375728436904e-05,0.0925314595764038,2.104239415443192e-06,3.950922186669151e-05,0.0194962672377978,0.0232176336455534,0.2574725836047439,0.5557136706990622,LFP,12,95
-358299.95684905787,2.6206883247751014,0.0098990997850449,173870.9709718551,-4.254734195736042,-0.5452658042639698,-0.4090255907816703,0.2188012952461966,2.9993345879004087e-05,0.0002043594371846,1.5928500978522315e-05,4.333665027972049e-05,1.207189741219972e-05,0.0418577373258367,3.997329538554523e-06,3.554861235025055e-05,0.0244889998898785,0.1090663912148255,0.0542146392029978,0.3576933788005062,LFP,12,83
-180601.70144879151,2.209060132444704,0.171051332935213,19020.466019099065,-1.6268468602813115,-3.1731531397187,-0.1061782140390407,0.234085299019031,1.463222830951282e-05,7.866265692221883e-05,1.988530126101439e-05,0.0001089697068292,2.7201878044837985e-05,0.0409257821639406,1.7057840883129565e-05,4.313483068334532e-05,0.0211316620185236,0.1279256963057329,0.1910832160644873,0.504812873590739,LFP,13,13
-512793.0384342011,2.363824714537952,0.0167430894765328,307930.15499257826,-4.218248358918821,-0.5817516410811905,-0.0678233232196666,0.2945281633891676,2.5390384462422834e-05,0.0002290730693654,1.4738274388283774e-05,0.0001180890458369,1.3929532947679122e-05,0.0958857179100377,6.716378081588681e-06,4.871446326182763e-05,0.0245050105124868,0.0788131593171974,0.416189483046574,0.3671740344165619,LFP,12,71
-7804.679315742554,2.090779898425043,0.039374089048658,2600.0067241588285,-0.615521060260285,-4.184478939739726,-0.2086861681710605,0.450403462682538,2.7454276493069625e-05,4.1655510702660025e-05,1.0500706113018807e-05,0.0001031859695248,2.5742895015583685e-05,0.0412547059834191,1.661610977889512e-05,4.915789295895828e-05,0.0040080864855443,0.1286511835083537,0.2097808922500131,0.3828817560705726,LCO,13,51
-319662.6367550218,2.3619890158721235,0.0114536497253066,226976.5340593619,-4.214574049050228,-0.5854259509497837,-0.4722980542670701,0.2513696256928133,2.566277157446341e-05,0.00024039226777,3.447675429880381e-05,0.000115039240245,2.826160144040715e-05,0.0647212862341267,1.4621701357104485e-05,4.129569646915412e-05,0.0226620459467212,0.0240212027654259,0.0264706848065248,0.407210058160979,LFP,12,78
-234740.77970941743,2.537415442447577,0.1549725572368681,69389.6961991798,-1.1021348627603658,-3.6978651372396456,-0.5211548351362274,0.3018336242010332,1.4381197070689543e-05,0.0001737436527851,1.574391059078973e-05,0.0001406722147301,2.721145830376487e-05,0.058349649249897,1.717498685427843e-05,4.198057316275688e-05,0.0240853473019599,0.0360994932174672,0.1898788855461454,0.1828667861001598,LFP,13,21
-306830.39101627213,2.248260837143171,0.0085351102090469,297569.3090598013,-0.5139302837547461,-4.286069716245265,-0.6206110413136322,0.2064909107821824,2.9332550056856095e-05,0.0001186409672843,2.624116913405552e-05,7.177788729280274e-05,1.259391923014628e-05,0.0938657011607759,6.976202342984501e-06,4.916510367926556e-05,0.0190000484240404,0.0653817387067733,0.230205202657844,0.0138020173217503,LFP,13,92
-38604.78914029914,2.1547980534874545,0.011028569698128,24346.17895731153,-0.3227343605448212,-4.47726563945519,-0.4116216576216832,0.2033121564709407,2.5539794397071383e-05,9.42542880381546e-05,2.02173569184409e-05,0.0001198736986075,2.548235619464554e-05,0.0418036525996624,1.857338696875498e-05,4.891819585315356e-05,0.0097672762888161,0.0729739944158187,0.0753975099658903,0.3700068379966077,LFP,13,69
-384348.2172473402,2.3051281942804307,0.0110873729512984,245190.36907232544,-0.3400141872654316,-4.45998581273458,-0.1509000907040084,0.2030325197984818,2.253356984840722e-05,0.0002110900894135,1.0658709991873025e-05,0.0001199011384144,2.5517195597177672e-05,0.0649695525578265,1.2984367208551226e-05,3.822697638937335e-05,0.0247359138835944,0.0425960017650579,0.3649897626839795,0.371514144846954,LFP,13,74
-7804.679315742554,2.15456790589442,0.0123116931609459,2154.130991777357,-0.6110953471468434,-4.188904652853168,-0.0698316953462784,0.2008313065365493,2.790427169773177e-05,4.9169541345112674e-05,1.9551801495287423e-05,4.62110223570109e-05,2.5980495122766983e-05,0.0400197202472604,1.0500900024019455e-05,3.84809479749894e-05,0.0043737595697259,0.1208832501003494,0.1905665804238098,0.5487184741295623,LCO,13,41
-180572.22029642243,2.1043957118088605,0.0160243796554625,114132.2086478485,-0.3345298775304499,-4.465470122469561,-0.1656410042617954,0.226713866146598,1.3826512929099323e-05,4.473130707019289e-05,1.4042064317363744e-05,6.119899457762229e-05,1.7417851407116317e-05,0.041274951090503,2.1969076701481268e-06,3.550143756692663e-05,0.0221107626649116,0.1707006767482419,0.1803568356175434,0.4133014833724193,LCO,13,71
-317825.3367758192,2.380402320415804,0.0100923977711718,233603.5676856115,-4.286640452078913,-0.5133595479210982,-0.4870479787715562,0.2135189329877025,2.9750689549507444e-05,0.0002088693068137,1.021379408877056e-05,0.0001154686355658,1.2409671529862077e-05,0.0627680010781736,3.9376951607604414e-06,3.462904476975607e-05,0.0221551106221959,0.0371140935290024,0.0539989231688734,0.3518390045305679,LFP,12,86
-599964.0198019457,2.607148368380611,0.0327995861934307,84922.7299459985,-4.638386392537669,-0.1616136074623426,-0.273274476618203,0.2601586160414468,1.742261472677118e-05,0.0001761068932602,1.4615710402849062e-05,4.517765397732817e-05,1.838690128158993e-05,0.0716517228601773,7.400100126647577e-06,4.529145835085452e-05,0.0229097106730402,0.0447639017857157,0.0460637274818162,0.5658978941142649,LCO,12,28
-149341.7311862624,2.2168981666898238,0.0154988975164538,113534.23151412683,-4.398504112449714,-0.4014958875502969,-0.519553841621246,0.2601704464704332,2.5662565028509243e-05,9.29468226621746e-05,1.4483242726211707e-05,5.554947832951556e-05,1.619740031190242e-05,0.040469860906191,1.9088454570755506e-05,4.820347761868747e-05,0.0185698291644349,0.1090963056249895,0.0309503995522609,0.2703994532015035,LFP,12,99
-40878.42087850225,2.1886172204844554,0.0654285264207086,6879.4391513443015,-1.4102407037432698,-3.389759296256741,-0.390763525840302,0.2258374274012069,2.7262686982861573e-05,6.052885541776707e-05,1.2155267211591002e-05,6.044107759644647e-05,1.6999042371508965e-05,0.0734285802367665,3.7431248561597137e-06,4.998924061345693e-05,0.00874697353954,0.0231813431642367,0.0833085451503025,0.4327465858451587,LCO,13,15
-101922.370398935,2.323396027323983,0.0118456541561614,78587.05704066942,-4.331418024278747,-0.4685819757212641,-0.7309794450031839,0.2689286625321875,2.677186515442845e-05,9.797008475782772e-05,6.647916847481571e-05,5.319723976421362e-05,1.2596765160558895e-05,0.0401710910943194,1.6572222221558625e-05,4.308022102440382e-05,0.0154182129080662,0.0857431745772824,0.0815636831732553,0.0317136972462783,LFP,12,89
-71184.9168009604,2.5158721535749096,0.011901819541144,31138.98644980028,-0.3471553521765145,-4.452844647823497,-0.1797310492779164,0.2469145511715342,1.340421000327066e-05,0.0001722621935283,1.142266050110329e-05,5.140602789813449e-05,2.862689620059057e-05,0.0470745720245504,5.744244533113713e-06,4.841054835327912e-05,0.0106747134074768,0.0196434529716275,0.4914011240336052,0.2392243737168508,LCO,13,70
-32187.7628974318,2.0866015397172566,0.0543066374567577,11771.050325269154,-0.7913763860523559,-4.008623613947655,-0.4105880363661766,0.3600801721356962,2.3666392937779933e-05,6.166933526941901e-05,1.5248686884639049e-05,0.0001090790452076,2.4194529583879407e-05,0.0491360221423059,8.488227647160914e-06,3.933103380556501e-05,0.0091572463773019,0.0291625237167564,0.1564944342422444,0.3337550056748226,LCO,13,33
-299592.4592544654,2.197489433767699,0.0547819904034474,114594.19609800549,-4.628950275215047,-0.1710497247849645,-0.5271174997614654,0.352767033227317,1.9916742099463603e-05,9.287725468179942e-05,2.2931738607230093e-05,0.0001491038473286,1.7794914973976287e-05,0.0893016706452606,1.9866122065534007e-06,3.6496786698081805e-05,0.0209354954457525,0.0133169631640172,0.3444318185770531,0.0451337184974643,LFP,12,33
-13459.605027416914,2.324248163121046,0.0447934800336534,4342.939663915648,-4.521901209134292,-0.2780987908657195,-0.0618159924394526,0.2018582995240831,2.8553921510277295e-05,0.0001024127548418,1.593024454381391e-05,9.925898033584256e-05,1.7928905604230998e-05,0.0877612751000611,1.4143674139356212e-05,1.972464427117589e-05,0.0044723595379219,0.0328252279974431,0.5406782975749507,0.2946804819881535,LCO,12,35
-410152.74271070026,2.190826978814416,0.0166044159476987,432157.3341398681,-4.315327493138973,-0.4846725068610382,-0.6218952370247135,0.3638904555937383,1.680532544732227e-05,9.268325561865493e-05,1.6981555000534512e-05,0.0001453084670997,1.7898202225036355e-05,0.0896130943832978,1.9673151087410045e-05,3.1325860466362105e-05,0.024741374263532,0.0863055980290219,0.1884360321396685,0.0333631328065961,LCO,12,85
-39694.54592493196,2.2320963675406214,0.0110382718250551,29669.06002856396,-4.1840701473213215,-0.6159298526786898,-0.2641634010176502,0.204816029017143,1.517411114173332e-05,0.0001179326752951,2.479717013705438e-05,0.0001174602448367,1.6216606076933725e-05,0.0873548122489211,1.764126135336012e-05,3.488141327862905e-05,0.0074806049437434,0.0195053990034164,0.1956930867066544,0.4506381132722789,LFP,12,74
-640909.1837541324,2.7360565543439024,0.0197272018776959,104226.91095882536,-4.589851123846422,-0.210148876153589,-0.2570906225570749,0.2085484728046641,1.5493357643541276e-05,0.0001609714874365,1.1899008850841252e-05,4.265643936457952e-05,1.3598153677763985e-05,0.0870833958418154,8.144934202194146e-06,1.5137110625540528e-05,0.0226183044149104,0.0285253115760594,0.1086398242354366,0.535744241631429,LCO,12,29
-325606.1609482251,2.166852272551261,0.0110708513274975,271060.16309702845,-4.184905806373372,-0.6150941936266392,-0.2823998194411439,0.2174982634805054,2.22294673946517e-05,8.493140969607805e-05,2.458679811133294e-05,0.0001097957510996,1.3122605425380338e-05,0.0745014054751341,1.3780207535515324e-06,4.4409481807077546e-05,0.0245455777457605,0.0384211714615873,0.0152076113163718,0.593971397780897,LCO,12,75
-26556.18759800084,2.450159202775537,0.0093282346656127,23439.82129050277,-4.304773970519207,-0.4952260294808042,-0.6045536103697464,0.2283621509425331,1.918396677957337e-05,0.000159101054966,7.608078761313184e-05,7.417880848189114e-05,1.4532438256105854e-05,0.0633267262983915,1.5142888934574211e-05,3.125941680906756e-05,0.006720177485187,0.1094265739186125,0.1730563748245837,0.0429634408870573,LCO,12,87
-143188.55568452267,2.291984088683667,0.0400192670612997,71031.8423353496,-4.571456218009956,-0.2285437819900551,-0.4154800909383378,0.2282254212836703,2.6528366504514696e-05,6.559035352169469e-05,8.298416037433674e-05,0.000149559649641,1.7823532011800318e-05,0.0429635800174778,1.9960963969166506e-05,3.0147073412378208e-05,0.0246133166418246,0.1198267704301912,0.3491237943132795,0.0455693443181915,LCO,12,32
-270373.2599419558,2.0940896864775027,0.0219849117220148,359298.4040826971,-4.315643009495368,-0.4843569905046436,-0.5666020850457805,0.4402084119412726,1.677960398982723e-05,4.252600587601581e-05,1.6174682108341186e-05,0.0001493744067015,1.9085147344457352e-05,0.0899952834726704,1.9687329992993285e-05,3.727730322149228e-05,0.0232986896604257,0.0904773780608171,0.2569551151462775,0.0159654217471248,LCO,12,83
-208609.6178188725,2.2155315917600205,0.0087726979653089,200673.29296341632,-0.5081823051563603,-4.291817694843651,-0.47420869153833,0.2008267027702808,2.258296737982053e-05,7.629918431989043e-05,3.184833112594837e-05,7.140800042360713e-05,2.4638874431114665e-05,0.0447442264690317,1.6725663083795337e-05,4.954329654152347e-05,0.0236296155843958,0.0317811139066146,0.0377519011383921,0.3862582934166633,LCO,13,91
-117272.78397565518,2.0658039981929632,0.0231266115422637,105621.34649349484,-4.290921217694418,-0.5090787823055933,-0.599725806026414,0.4543079803183334,1.3191354099317487e-05,4.111871057749436e-05,2.73448194748602e-05,0.0001488633134844,1.9020244056368736e-05,0.0448865734824605,1.30976428863087e-05,3.728586238834812e-05,0.0179502046002902,0.0905942340841187,0.2283044538929816,0.0113755059964857,LCO,12,80
-182064.97031305596,2.426082639461556,0.033432517767678,54000.18232980832,-0.6859063715449452,-4.114093628455066,-0.1978701989140056,0.2234650936450183,2.460136094934504e-05,5.332409839178181e-05,1.386779174666742e-05,7.986981951286057e-05,2.8903964290958224e-05,0.0407281540164086,1.589113847204963e-05,3.034048572132391e-06,0.0220816908449066,0.0259227780118841,0.4235250551507168,0.2826819679233935,LCO,13,36
-236297.9309808708,2.100228985637775,0.0192443766663129,205670.8132084605,-0.3522220895002874,-4.447777910499724,-0.4645274665037795,0.3096409042680217,2.920194476857353e-05,4.252336469561411e-05,1.824028916757857e-05,5.8045117380330855e-05,1.9090209384006697e-05,0.0651511261491181,1.975103762410632e-05,3.725220081799772e-05,0.0233159185696687,0.0264751155263769,0.0177436497067368,0.4212537682631067,LCO,13,72
-92904.47823013888,2.222298519420316,0.0118267528589335,89873.59407801721,-0.5194434545843265,-4.280556545415685,-0.8688574165115593,0.2694076188453322,2.8732158482460257e-05,0.0001081669184578,1.6379554378944857e-05,7.998483604538544e-05,2.4716249164373577e-05,0.0419708909538495,1.6728793024785775e-05,4.965647394767606e-05,0.0153330039335368,0.0119569357798966,0.0184982315761075,0.0306874161324365,LCO,13,91
-164631.0366103246,2.521470689449994,0.356132354016064,13926.984925047838,-2.116211102629329,-2.6837888973706825,-0.0450870376536738,0.2997557592407568,2.8552171322597057e-05,9.978800234174374e-05,1.5733536563471327e-05,9.973089174215752e-05,2.7932078032546143e-05,0.087878491766852,1.7107147858084528e-05,5.657381918525322e-06,0.0153734645915991,0.0425509404112888,0.5461232347957478,0.2962387871392896,LCO,13,9
-356286.59028685954,2.337742940146192,0.0095681035577884,259779.07512733585,-4.368311589442904,-0.4316884105571077,-0.3917209206675462,0.2414015275725713,2.458605889489489e-05,0.0001179694515861,2.701503622481782e-05,7.162476132868441e-05,1.815773983879405e-05,0.095150821923773,1.439409714190432e-05,3.269663208647747e-05,0.0190449992361164,0.0610410512773974,0.3233184435705698,0.1539195844844865,LCO,12,92
-8277.267601979333,2.1912529874581894,0.0090955774121396,7055.967240817602,-0.4132847854023751,-4.386715214597636,-0.1623751492599475,0.2018489204883532,2.982501635150969e-05,8.699744010275665e-05,2.2531816075841487e-05,0.0001458137031385,2.7107229786297916e-05,0.0447890214499918,3.489045541442114e-06,2.667933240135197e-05,0.0048554033285773,0.0674607978286541,0.2286985231372818,0.4714655297741166,LCO,13,83
-99170.52015234064,2.4239085564348763,0.008951866552047,69731.76884244593,-4.327656126629172,-0.4723438733708391,-0.5565878518178832,0.224954798879742,2.8417289676407453e-05,0.0001436533232093,2.7014206863680752e-05,7.515581998366511e-05,1.8969957139604364e-05,0.0646416653775049,1.4000092335301263e-05,3.0428376090926364e-05,0.0117812805098815,0.0960866812720342,0.1225316090050409,0.1547938579050417,LCO,12,89
-119706.72372972398,2.34499792698727,0.0090438875248354,77763.4813078828,-4.311914971733955,-0.488085028266056,-0.5144841728325669,0.2042126704141392,2.882155973392148e-05,0.0001605535247844,1.6260879901265636e-05,8.213108828431747e-05,2.7429590830240863e-05,0.0748877468443258,1.2756917092279513e-05,4.968450438733369e-05,0.0117765828304255,0.097648947360987,0.1588234950924239,0.1590433847140222,LCO,12,88
-399898.6540172387,2.2604786835992803,0.0124284559954969,222527.90434772047,-4.347584247872597,-0.4524157521274148,-0.1825253759448482,0.3010601411160684,2.254809554453088e-05,9.592945344529985e-05,1.57537975535198e-05,4.836644568621134e-05,1.2612765911541372e-05,0.0615092633539082,1.6726360970043016e-05,4.750092717369394e-05,0.0234653429656676,0.0394855560721876,0.1676012918156954,0.5403877761672687,LFP,12,89
-181720.32579712788,2.108637187561332,0.0088108220886354,177235.02654306786,-4.32864775578485,-0.4713522442151614,-0.2574301915903948,0.2029185849843634,2.9584359471957877e-05,5.028638161928129e-05,2.322175978071592e-05,0.0001492244118522,2.5104059489837995e-05,0.0449596683094914,1.5700955372811216e-05,3.5710716647220884e-05,0.0241531105908006,0.0147583477906049,0.2339477654467061,0.4238636951722941,LCO,12,89
-29360.510318864603,2.470863135177115,0.0087568997810799,24568.71461399633,-4.304522783849478,-0.4954772161505332,-0.240196136534641,0.2088187373456097,1.907661126730081e-05,0.0001677333984768,7.786943666413161e-05,7.205350317598992e-05,2.5675328062696967e-05,0.041367535711058,1.596223656903773e-05,3.1251773577745606e-05,0.009188682788299,0.1092189237248793,0.1474027473470437,0.4331821923934359,LCO,12,87
-342954.4546211078,2.547591033401292,0.0322780126064816,66266.58796227045,-4.520653198990473,-0.2793468010095381,-0.1887669387235343,0.2234347398275237,2.9845602342695243e-05,0.0001456101036118,1.2280631717342378e-05,7.291542742014801e-05,2.680632673645077e-05,0.0502101660771783,1.6676344280800707e-05,1.0607442836886849e-05,0.0223811814732404,0.0234588611077401,0.5635039769876443,0.1542702231810812,LCO,12,36
-37449.60393732004,2.1515339988305864,1.3130592543522968,9002.524931908223,-1.1313034829961737,-3.6686965170038377,-0.4047556185710541,0.2260542837964794,2.7220532596128228e-05,4.822408106912173e-05,2.267449171259527e-05,0.0001494873506487,2.7147869003073757e-05,0.0485264632156706,3.484683321985126e-06,4.987843167049022e-05,0.0105749440565373,0.021744261064802,0.0139009119627209,0.4895992084014229,LCO,13,19
-15885.716449047257,2.328593738679481,0.0133465967371521,13647.15016681049,-4.41389535535798,-0.3861046446420317,-0.2966493002333358,0.3142035014008476,1.4175542895285384e-05,0.0001104682276856,2.121169970582228e-05,4.161759369331085e-05,1.6076376027911228e-05,0.0586629849388853,1.6326018311195414e-05,3.9569544405645605e-05,0.0054200554261117,0.0866662430787325,0.3908413848051951,0.1558430718827366,LFP,12,99
-128497.48233551628,2.1721883736776304,0.0124975441636831,101271.44185945894,-0.5702957120907755,-4.229704287909236,-0.3014753215057737,0.2321112878363043,2.774591755298568e-05,5.5769092766167375e-05,2.732937031062201e-05,6.038980407937417e-05,1.729227437804262e-05,0.0736108089609921,1.4119385234591377e-05,3.217566128818556e-05,0.0131078584464781,0.0866026645865118,0.1068448841520566,0.4350771297556578,LCO,13,100
-150623.95688295603,2.0658039981929632,0.0104967500433334,147856.96304016368,-0.4459420591253433,-4.354057940874668,-0.384032286137395,0.2405452368454644,2.9334086721081936e-05,4.1106005671267386e-05,2.7462107387138528e-05,0.0001086936524315,1.9119813428653547e-05,0.065314486273181,1.3032736346323264e-05,3.694607926928892e-05,0.0177615367870359,0.1207497672851314,0.2264844189730173,0.1987335276044562,LCO,13,85
-250541.56612164289,2.1901406546705764,0.0089806348114825,239959.28118589384,-0.5133739045261478,-4.286626095473864,-0.6947839560194926,0.2269722731842412,1.2423195327799112e-05,9.25594608402246e-05,1.698323798506778e-05,0.0001255847968536,2.476232168924416e-05,0.0600340836592548,1.670865528284582e-05,3.113266868171531e-05,0.0207898383138117,0.0114924839812287,0.1890996372950152,0.0346239227042633,LCO,13,91
-92922.53527617372,2.237759827685983,0.008759990386721,68182.68484924879,-4.319360182023928,-0.4806398179760833,-0.6902847204066471,0.2093911643747745,2.8630400839059524e-05,9.515699250205512e-05,2.7110631925912212e-05,8.65872119389389e-05,1.4405066818727245e-05,0.0660913766426295,1.3920822011930789e-05,4.8308195292186745e-05,0.0113709754118907,0.0382910925601576,0.1678328545169957,0.0335913325161994,LFP,12,89
-68421.89271152453,2.44830405363649,0.0114149503504066,45965.56585627041,-4.364083334535678,-0.4359166654643331,-0.6544062062193834,0.2929928376563772,2.873026868757001e-05,0.0001854148266068,1.5013124127949373e-05,7.896367461410526e-05,2.3470682127195464e-05,0.0407963924139153,1.8545917229913763e-05,4.9656208411177686e-05,0.0116950684171865,0.0468883714939335,0.0666691885605455,0.1620362337261375,LCO,12,91
-177298.53761472498,2.0892886153880066,0.0094827326903938,150306.30988345834,-4.2373216521217785,-0.5626783478782329,-0.1563473397857412,0.2074579358765565,2.2745947945264453e-05,4.0740349355010896e-05,2.253032495769776e-05,0.0001457535705114,2.918465718621194e-05,0.0447875018344451,1.7640776724155467e-05,3.733079460772963e-05,0.0237329412147852,0.0673772731296705,0.2281200750234021,0.4781553120611861,LCO,12,81
-228692.12703797597,2.260507171911675,0.009201358322344,169232.46996789056,-0.5230008118730396,-4.276999188126972,-0.5544179658460218,0.2063486612941939,2.933910101636074e-05,0.000117992774978,2.590229806229296e-05,6.892132141399293e-05,1.2524517011464704e-05,0.053696023604972,1.7122907641148065e-05,4.9223148917514855e-05,0.019074373958307,0.0966223537063061,0.1222068021715111,0.156752878276161,LFP,13,93
-89578.29383316154,2.3311322778062338,0.0096353622069028,61276.84570475258,-4.259102108979029,-0.5408978910209825,-0.4162211794683522,0.2177273045105733,2.9499440695220293e-05,0.0001460433704866,2.747195504959624e-05,0.0001104712585484,1.8908319240097315e-05,0.0655301863350125,1.3013885160236082e-05,2.8203423210627524e-05,0.011580195124491,0.084558082142345,0.2749507220000716,0.154270016389231,LCO,12,83
-33282.285635115026,2.3508842504428378,0.012218229235808,23027.24199879742,-4.321102135666941,-0.4788978643330708,-0.5606087415653703,0.3055848554661964,2.2926597867856e-05,0.0001094082875262,1.961823819892321e-05,7.558669448002988e-05,1.609344217415309e-05,0.0585930492022089,1.6496902258009736e-05,3.455746623682675e-05,0.0072084244590817,0.0747643558442996,0.1529116945193156,0.1417152080710144,LFP,12,87
-656038.9296850966,2.7343961593482646,0.0494822176962894,104047.6366334403,-4.54748806006603,-0.2525119399339814,-0.2187816444861906,0.2254671214597793,1.2746434668826751e-05,0.0002131582613342,1.4761509550162884e-05,4.20054679755306e-05,1.7322371877066272e-05,0.0712203352617957,1.6755561898141654e-05,4.649811821082985e-05,0.0237735980310129,0.0230351934629286,0.0967088954757239,0.5914742665751568,LCO,12,32
-252731.22425301297,2.315137254876489,0.0099578636873912,188278.84671505092,-0.4756428474954504,-4.324357152504561,-0.416394590983504,0.2161876852433931,1.2846656557044645e-05,0.0001832467657056,1.1530078728613746e-05,0.0001075691363316,2.8216255331612308e-05,0.0439993059098851,1.9094046813652764e-05,4.650556061804253e-05,0.0227603661731168,0.0254172906867565,0.0428374300136144,0.445350688316125,LCO,13,88
-212121.126155992,2.469048898016496,0.0081941298458173,155333.5688124625,-0.3903230882350996,-4.409676911764912,-0.0621548757287956,0.3578876363187003,1.587756576163534e-05,0.0002488025719712,2.2942386678411155e-05,0.0001062559253167,1.913877259686266e-05,0.0956885621986151,1.8980311956771543e-05,3.4446787147390734e-06,0.0162766432418694,0.0105501621130095,0.3757943304593725,0.4815006316988224,LCO,13,74
-161822.57095359525,2.1797986638618,0.0173660413444806,90089.53464428864,-0.3841172884478538,-4.4158827115521575,-0.0596144639577312,0.339515339458995,1.3558916837901028e-05,0.0001010699428704,2.132280036733244e-05,8.966018133500421e-05,1.4877304920860044e-05,0.0957592532311641,1.9446909932011826e-05,4.2346004612626806e-05,0.0125324958774861,0.0141394266379641,0.3761953398569635,0.4800507695473411,LCO,13,74
-8167.815622083534,2.2039676318382364,0.0046477488811599,4039.197771681466,-0.3534111476758923,-4.446588852324119,-0.3876815520421085,0.231177668515611,1.895334353887659e-05,4.2579570829752336e-05,2.253585330216049e-05,4.449781294596576e-05,2.4320845026703685e-05,0.0407961628587271,7.60423497872471e-07,2.2829334280734903e-05,0.004035797884283,0.0208815849058842,0.3814499468353867,0.1399869162166205,LCO,13,76
-369582.314669465,2.161578147431027,0.0173660413444806,259950.71567757893,-0.3941835036578993,-4.405816496342112,-0.0454724737526446,0.3397549393520822,1.399751248273268e-05,0.0001016960939637,2.437842479021705e-05,0.0001039505155907,1.316121865896074e-05,0.095864451415464,1.902496620433332e-05,4.419893540331047e-05,0.0209504191553488,0.0253357565044326,0.379047749362666,0.4801440203802567,LCO,13,76
-86917.36330364729,2.2462447590899486,0.0529336199363211,21048.649973313823,-0.910571349285746,-3.889428650714265,-0.3480112204444551,0.2238484895316748,2.411270165326144e-05,0.0001107757246423,1.0726781454387543e-05,0.0001058409398789,2.1478175004933468e-05,0.0860575427291978,1.3942342953337268e-05,4.9532070063942976e-05,0.0108109457517219,0.0109160658188703,0.1231076974331172,0.4479650163035573,LCO,13,24
-321916.892545658,2.144615118944712,0.0302587994662255,97589.7721390434,-0.7779068567198522,-4.022093143280159,-0.2273499411422331,0.3176522033843343,2.6418051533151505e-05,6.926781721460316e-05,1.3803464911860444e-05,7.138015676016646e-05,1.4269205107277928e-05,0.067596160498556,3.021489469631091e-06,4.652440411540424e-05,0.0237844070382707,0.0124901406182161,0.0944844818246759,0.5956754364148749,LCO,13,32
-279563.29754599585,2.214123745905393,0.0097766426918736,274235.8916948472,-0.3408083602966059,-4.4591916397034055,-0.5254329839146408,0.2041245193725843,1.850712703921805e-05,0.0001159955424492,8.60346813830124e-05,0.0001170286307322,2.0284329954033216e-05,0.0962528118821899,5.812677529051053e-07,3.9787460238216e-05,0.0194323340303389,0.0186349384503643,0.0371777928092844,0.3487542848257104,LCO,13,77
-54777.35993416073,2.7958087512605365,0.4813006973163869,6215.262635256459,-2.3235539722531087,-2.4764460277469027,-0.2014348578751821,0.2240023008633476,1.4863072333573304e-05,0.0001984113013341,1.0293068150608954e-05,0.0001176138406895,2.1531916772758803e-05,0.0860070456237263,1.405793204316368e-05,1.083108638698561e-05,0.0108315821426608,0.1022747399530317,0.178576411020829,0.4477139911509572,LCO,13,7
-114829.1672977894,2.179008634539334,0.0126247439760145,118954.5560258825,-4.410156159141053,-0.3898438408589584,-0.648793994900829,0.3172392876954923,1.5260434809856712e-05,8.953688443700415e-05,1.6768518506286138e-05,0.0001271332594231,1.2915857915360534e-05,0.0707575339677254,1.44030431747137e-06,4.326478679344323e-05,0.0136248141574242,0.0277683365805596,0.1015865865685157,0.1518510819500955,LCO,12,96
-402369.5053301527,2.174295294215636,0.0111977946549812,279383.96315831423,-0.340750191834708,-4.459249808165303,-0.2953625021145806,0.2175252394171876,1.4017384341292794e-05,0.0001019149998817,2.449490349803621e-05,0.0001061810662174,1.2173253050530308e-05,0.0737731072545182,6.224635425879735e-06,4.419663767784313e-05,0.0234429157080416,0.0253398808790062,0.0154237872314456,0.5938738297749676,LCO,13,76
-20657.095134293777,2.15675084209032,0.0104381442227326,13418.756226575171,-4.184874301218898,-0.6151256987811138,-0.2820253369918681,0.2175535549451662,2.187633208680845e-05,0.0001024383242572,2.4580498693677863e-05,0.0001086838895989,1.3122310796724476e-05,0.0745006082883727,1.6987514142144554e-05,4.989093319732221e-05,0.0054398695093074,0.03841606809278,0.0153965312347861,0.5941620636805658,LCO,12,75
-190469.5711594113,2.086480399873919,0.0109965855356439,171791.09687983312,-4.188891810292731,-0.6111081897072808,-0.4913328953268463,0.2255167643190927,1.9491286771140563e-05,5.608688233528122e-05,1.0222705545814507e-05,0.0001151432939724,2.7988051826799736e-05,0.0583315875968168,1.2074127968141006e-05,4.393701752276239e-05,0.0218246017814343,0.0352562667080821,0.0654294771707151,0.3379813607943565,LFP,12,75
-345773.2525719082,2.6023306253969265,0.0159692418063645,262984.3560629715,-4.255586828360563,-0.544413171639448,-0.4334996771888173,0.3567457320835623,1.5269464487857603e-05,0.0002335685806388,3.39690553772002e-05,0.0001081006900103,2.079639557496457e-05,0.0974735823393697,3.549530878367382e-06,1.3645905328157748e-05,0.0195260565383338,0.0942667874965479,0.1586110124804459,0.2436225228341888,LCO,12,79
-495291.5866493114,2.469447804784553,0.0480793320183097,151275.68756239585,-4.532406757136414,-0.2675932428635974,-0.4667319813137496,0.2056497842488154,1.2403510401822404e-05,0.0001157396822158,8.171477090164943e-05,7.341567247704558e-05,1.7310075330796663e-05,0.0921621526285249,1.5795670407163703e-05,3.9487058098485966e-05,0.0239653385699001,0.0165419935068857,0.0985250468706737,0.3482009783086909,LCO,12,32
-337333.62724085414,2.1489134491932385,0.0111217695936453,280923.15247400524,-4.191025975628733,-0.6089740243712782,-0.2809912134790491,0.217515132542386,1.201969628426268e-05,8.495084333290625e-05,1.3730895652298642e-05,0.0001061869757482,1.213400921599577e-05,0.0738007295042474,6.229701769347236e-06,4.607534188744859e-05,0.0245432023555341,0.0230075560416688,0.0320282010082787,0.5939730294710034,LCO,12,76
-146002.6809059204,2.1442704028808963,0.0725516164226877,22336.2437150223,-1.0614155675961143,-3.738584432403897,-0.2979549750027852,0.2719203712963532,2.5595228311959234e-05,5.608503983172017e-05,6.792416232195225e-05,0.0001349526169622,2.125764326751187e-05,0.0789945922671249,5.738395059820796e-06,3.475097707125982e-05,0.0124484564282476,0.0292984849843268,0.0405628076873053,0.5621837323255826,LCO,13,21
-132415.2882784112,2.1226094995766918,0.0373789463967787,114884.67907533882,-4.382525557149364,-0.4174744428506471,-0.5506812851597731,0.477726725716883,1.258241985607571e-05,4.942061165309693e-05,1.421643373871964e-05,7.197447955197535e-05,1.8754757169699823e-05,0.0467015567498712,1.5849582905995055e-05,4.598417866767849e-05,0.0228499566669985,0.0131434052156177,0.0152053484249778,0.3509699611996313,LCO,12,55
-297204.79508443124,2.5859256262771897,0.0160981716963422,152136.61613242744,-4.240830983199558,-0.5591690168004533,-0.0987614052527875,0.358341132241798,1.6525286682780585e-05,0.0002443167559828,2.669102336700005e-05,0.000124419699553,2.1258754383845155e-05,0.0940419119581373,9.782871317179551e-07,1.255076777118096e-05,0.0165280871917415,0.0292861134027473,0.2184747804681145,0.5834777008763506,LCO,12,76
-22274.703049166324,2.375859938456975,0.0189196001841291,15004.91744425055,-0.3784121620660201,-4.421587837933991,-0.2101027035226472,0.3394596460961904,2.860285504018392e-05,0.0001760827103447,1.6488635992959444e-05,0.000103863898637,1.201299328264115e-05,0.0961989954541264,1.6170083760247954e-05,4.176160771602981e-05,0.0050353308707654,0.0624801377491874,0.3821954685862752,0.2752216901418901,LCO,13,72
-25710.71935232046,2.384620059537398,0.0069286435677732,17793.440300967548,-4.179409282852845,-0.6205907171471665,-0.3754415990039951,0.2202869265931057,1.6938166958867622e-05,4.237590910245304e-05,1.1045095803137874e-05,8.989870738753726e-05,2.773853670717004e-05,0.0735656507988151,1.8502364602383936e-05,3.956572224658978e-06,0.0065504196963155,0.015177914194884,0.1704082860854151,0.3689722007157058,LCO,12,73
-203895.81805164512,2.452815204082261,0.0249935995940471,143355.01463402182,-0.634083490054735,-4.165916509945276,-0.0821693575078063,0.5321075092876537,1.626819698329258e-05,0.0002450206521523,1.3059639626965435e-05,9.629650695205636e-05,2.125271003137956e-05,0.0657474802517871,1.171475085116292e-05,4.64192984926721e-05,0.0165281391210236,0.0293230280377731,0.2243468335125965,0.594160780941824,LCO,13,96
-265971.8421348001,2.152434557819137,0.0088819040844791,336944.6324864156,-0.5568521037294616,-4.24314789627055,-0.2869966091228028,0.2288350866454172,1.2466418691684224e-05,8.11617185620048e-05,1.0357008485927804e-05,0.0001064646103235,1.5282468089975798e-05,0.0654263683304465,2.537612894634321e-06,4.948612548830801e-05,0.024684534109362,0.0180997497446303,0.1246169115209302,0.5002867296116366,LCO,13,95
-15117.54384757318,2.2312975990523283,0.0104265391009901,8922.382114344842,-4.180154639983314,-0.6198453600166971,-0.3028268449849121,0.2037877901846737,2.190909952772396e-05,0.0001320596296283,1.2599312589545752e-05,0.0001086854115255,1.2863444044899616e-05,0.0516133330051272,1.387335035340944e-06,4.9788267019320986e-05,0.0052948652767714,0.0138364496681171,0.0221491228671262,0.5911875824798446,LCO,12,75
-13496.062052070434,2.149878064683046,0.0100546493104643,10233.720493851224,-0.5735545634601209,-4.2264454365398905,-0.1716241796688913,0.249339119798887,2.7443693085941105e-05,7.076983131529381e-05,1.8559945570659606e-05,0.0001083705087189,1.977136743954074e-05,0.0749300344221943,1.2851247466513386e-05,4.968480408399067e-05,0.0041989145231189,0.0450847138500192,0.1247623752121814,0.588528731268908,LCO,13,97
-8521.54968939134,2.088892980891207,0.0105994450044086,9028.93882354414,-0.3813148613301322,-4.418685138669879,-0.6302243689725577,0.2500551374613271,1.9240857104141013e-05,4.342409354788157e-05,1.104571393289512e-05,0.000148360118133,2.553101554466953e-05,0.0726128581758335,3.923393817548487e-07,3.566349669137489e-05,0.0040241255649479,0.0163649600017949,0.0101929852628289,0.2732176857628186,LCO,13,80
-209236.9050348361,2.394326658017204,0.0396894143197672,86450.18439719857,-4.541452726480706,-0.258547273519305,-0.660294511167586,0.206513831242729,2.215358846338013e-05,0.0001093687082247,8.315056002712498e-05,0.0001090672081982,1.9324017251252147e-05,0.0515280820361901,5.994258652313615e-06,4.536653602669659e-05,0.0240505080519726,0.0138021565453865,0.0218366769632231,0.2340666553238043,LCO,12,31
-10096.88946503384,2.0875268408142658,0.010035005389552,9639.081690773552,-0.5548806342593693,-4.245119365740642,-0.282422163511268,0.2582293296439665,2.6500629946869276e-05,4.057976808722496e-05,1.861168945450089e-05,0.0001097671269685,2.2847540446795094e-05,0.0750954788860744,1.1397547627289235e-05,4.972134878996788e-05,0.004098818288054,0.0251707268324844,0.0282447322076149,0.5941623774486325,LCO,13,94
-444524.5648023303,2.163247422704734,0.0127581142371053,298719.0321120514,-0.3210669220021174,-4.478933077997894,-0.5130878057539678,0.206742909058534,1.445333413445525e-05,9.49844361523107e-05,1.130520794542748e-05,0.0001463820115116,1.2172309617480015e-05,0.0826747796456739,2.8701765048810205e-06,4.8319024878891234e-05,0.0235356190564873,0.0255924343288779,0.0253773898738641,0.3659423700432901,LCO,13,66
-58762.34343112917,2.083584716880729,0.0091415763147162,83723.22192246487,-0.47565569304966,-4.324344306950351,-0.4394798176885723,0.2118006317528746,1.2783023695252264e-05,5.041018969949357e-05,1.1065670113260834e-05,0.0001382507351037,2.142857730155355e-05,0.0865220009072752,1.951045785179527e-05,3.574662334222212e-05,0.0108978598212163,0.0418469673882518,0.1760318953058381,0.2726413196173377,LCO,13,88
-97667.77930665096,2.600146234292695,0.0169117256764996,79101.66471209195,-0.3859817944525119,-4.4140182055475,-0.4257619926786035,0.3611401762880503,1.6267741337338812e-05,0.0001875342316666,2.8194425058943367e-05,0.0001337419178138,2.085843173345252e-05,0.0935153258272566,1.3666815434052566e-05,1.1974471572831936e-05,0.0108433353221257,0.079804831483095,0.1760870469742133,0.2483461288640883,LCO,13,75
-33674.2800069028,2.1546211165049693,0.0110730317758238,34595.268704346265,-0.3327050142496404,-4.467294985750371,-0.2491707078470119,0.2141659105006975,2.1894671226695795e-05,6.071237838457123e-05,1.1025469258479603e-05,0.0001484682590517,1.4655849483449088e-05,0.0939892511422459,2.0800072774629042e-07,3.255139738406627e-05,0.0076081053048625,0.0171644189764328,0.1795456463748532,0.484119226801702,LCO,13,74
-44152.82971356126,2.2250192099490897,0.015082769999472,37103.302750959534,-0.596077976189477,-4.203922023810534,-0.014593754971467,0.3339717225938324,1.5509562285438733e-05,0.0001335216669763,1.3225137954710695e-05,0.0001086120277006,1.606090705268744e-05,0.0758628251383474,1.614468061366848e-05,4.984810001811217e-05,0.0079446991717594,0.0139086374341706,0.3102934903075134,0.5912041172868487,LCO,13,97
-215829.2011809757,2.179676894988603,0.0128321002225448,152222.59427206454,-0.3206352240765255,-4.479364775923486,-0.3167000445723797,0.2015424768276582,2.634868251109138e-05,6.020324135330653e-05,1.1850306824602953e-05,6.034770444062008e-05,1.874733718295369e-05,0.0730369585157925,3.6662224664783023e-06,4.941747975176825e-05,0.0191056195914268,0.02248220368666,0.0225323671363557,0.5682853846046045,LFP,13,72
-437461.4714551675,2.2574620575454376,0.0086595298259261,469577.0236504621,-0.5328193409452169,-4.2671806590547945,-0.4168223877834676,0.2033423878921031,1.3929481665532248e-05,0.0001454821477086,8.075072701150513e-05,0.0001167510795015,1.9756518905849047e-05,0.0963449400704118,1.964263743443967e-05,4.105377461360642e-05,0.023375906269095,0.0337652842297786,0.2418389001741594,0.2375734278125943,LCO,13,93
-12754.232038355727,2.18196330189114,0.0090944863734903,9866.265856841792,-0.4302540213897927,-4.369745978610219,-0.4665905906806961,0.2002032059253285,1.3955329214846208e-05,0.000115490800988,1.5080641718838386e-05,0.0001103770138573,1.465475012709099e-05,0.0732250474040563,1.931719877892694e-05,4.901883411353331e-05,0.0040568675677305,0.0136443319663303,0.0173953256164942,0.4323697517364794,LCO,13,85
-10308.790777120808,2.0912422993341715,0.0099878906553161,13198.106846656943,-0.5578390762788885,-4.242160923721123,-0.5091819279103013,0.2559234869883003,2.5556903583596e-05,4.1457835639571983e-05,1.0033312529822146e-05,8.561051720217433e-05,1.7506128814433605e-05,0.0993671213613568,1.3886611027336274e-06,3.563617877156293e-05,0.0040221426171551,0.0858479013306296,0.0617505678202442,0.2732196029388249,LCO,13,95
-56724.44390561257,2.15296700853826,0.0108532188361686,59594.57959971112,-0.3298017931886647,-4.470198206811347,-0.5414456780461904,0.2091955643368887,1.4892266942769453e-05,8.668390375136869e-05,2.4884555570568155e-05,0.0001096110759181,2.144811588766614e-05,0.0741836806621359,1.963904569414078e-05,4.442438892804601e-05,0.0105484645670522,0.041861769001818,0.0802633770487031,0.2664291759032885,LCO,13,75
-81987.9953007033,2.238490699584092,0.0127546846180141,53475.00120268002,-4.411477080616891,-0.3885229193831208,-0.369058358855035,0.3082059506643549,1.35033036518032e-05,0.0001145027163812,2.4488986111018657e-05,9.312244307213417e-05,1.2799825535972246e-05,0.0593935800016107,7.107898845415827e-06,4.2835504196381456e-05,0.0104445346568584,0.0331295254539492,0.0466758485604211,0.4811362671305947,LCO,12,96
-282893.8120496576,2.5927050696271667,0.0134877068654779,151020.49475392236,-0.3805080142004655,-4.419491985799546,-0.4311913111678991,0.2807034900118076,1.495623529864821e-05,0.0002364421684289,1.1422792645371772e-05,4.813647084165832e-05,2.8344528689318624e-05,0.0470539530232363,3.493850270472786e-06,4.4338034654496816e-05,0.0210121842955698,0.1256687157535313,0.1341654746229782,0.2389744984555914,LFP,13,78
-547923.4880004359,2.6716309989095874,0.0320147251689625,83182.9056713492,-4.606323463958375,-0.1936765360416359,-0.2485407753243754,0.2032446025805733,1.367811864355483e-05,0.0001759474991982,1.465150195509196e-05,4.551975102462997e-05,1.2769723082292797e-05,0.0697712096756881,7.371060922641598e-06,3.118364484495313e-05,0.0228045585234222,0.0476293312909444,0.0538838803127709,0.5799460130719092,LCO,12,28
-7692.021233357787,2.0829847158929216,0.0276256609879148,1809.926422577019,-4.481114340439561,-0.3188856595604505,-0.213424634776415,0.2151213682181825,2.643268867455936e-05,4.107131983269581e-05,1.032933622113055e-05,5.998195081443258e-05,2.032391275930752e-05,0.0433820725581387,1.792715044713631e-05,4.7581099898514046e-05,0.0040014080171838,0.2140512578876289,0.0279599217348606,0.4745641856010953,LCO,12,38
-7967.954816683066,2.091537341507184,0.032475343905379,1358.1101806271895,-4.678411691639155,-0.1215883083608559,-0.1018414378383728,0.2136063732478409,2.3145038927741936e-05,4.072315389781498e-05,1.4314847074692044e-05,5.108674980257234e-05,1.913192851320396e-05,0.0457340160446743,1.740221440515632e-05,4.772337710887836e-05,0.0041422357907905,0.214666528523952,0.0177997541947116,0.5956922794429635,LCO,12,26
-569119.7152892321,2.724723943778549,0.0327995861934307,79273.74633719861,-4.641630322045103,-0.1583696779549086,-0.2648696104311451,0.2686591726499799,1.745857196544166e-05,0.0001912245090464,1.5012162223106763e-05,4.202496092933296e-05,1.2720673281059568e-05,0.0686674661509369,6.9834388676575385e-06,4.218968190287958e-05,0.0225130648192336,0.0164352099769963,0.0675944928301604,0.5811006867616982,LCO,12,28
-7968.673434324798,2.1226254822682664,0.0136214429073429,1253.1186956127865,-4.706602116335674,-0.0933978836643376,-0.1342017065364922,0.2135804192026705,2.316731103084572e-05,4.577677800108076e-05,1.4299179509653417e-05,4.139918480161099e-05,1.837033743086686e-05,0.045268004652449,2.2668556986238413e-06,4.774868150345993e-05,0.0040657594280037,0.2158366447324518,0.0275369026142664,0.5524247461167896,LCO,12,25
-667352.1149187038,2.641300216536353,0.0356317051806609,106135.58620693556,-4.556630816279352,-0.2433691837206595,-0.466718783218186,0.2436713821175351,2.834366353256329e-05,0.0001548742738536,2.274754786714194e-05,4.461900918927312e-05,1.5889651164004746e-05,0.0734867803017661,1.3018791630236108e-05,4.660659939095581e-05,0.023208380247258,0.0581602386273053,0.0672313519698296,0.337889626184679,LCO,12,32
-7536.503289905432,2.077441423698009,0.0679783931924572,1608.9038644536606,-0.9272048711928278,-3.872795128807184,-0.2875664860150059,0.4359822916762701,1.3971571820137374e-05,5.412889684864264e-05,1.141629416308938e-05,0.0001242386712058,2.197968873111293e-05,0.0409981154407201,1.768013045319684e-05,4.918952998653714e-05,0.0040115833685006,0.0204335848977507,0.0326308185649291,0.5893691105223142,LCO,13,28
-6646.115015191286,2.045224672623281,0.0106356462269654,4912.637827550391,-4.222981963094867,-0.5770180369051445,-0.3151245022050379,0.2393247235080075,1.8967412598541385e-05,4.333173470720749e-05,1.344863372089482e-05,0.000146692421833,2.074299232117148e-05,0.0469804345089228,7.089657274339146e-06,4.659035887538709e-05,0.0040490586798767,0.290575141116433,0.0395347290192373,0.2847656276592917,LCO,12,79
-511267.7560304384,2.718714236393043,0.0320147251689625,76497.47212380971,-4.585493000843265,-0.2145069991567467,-0.2348550981764635,0.204051152486899,1.4209516574795202e-05,0.0001922693870482,1.5722984560687694e-05,4.49824410049437e-05,1.2532127938996783e-05,0.0638508893314156,8.245546748459597e-06,4.6555826644957846e-05,0.022506078139202,0.0349300188682341,0.0606965543889861,0.5995183285663161,LCO,12,29
-8333.893675963936,2.068935864011864,0.0116063557830483,4017.91797043808,-4.2452426061573405,-0.5547573938426709,-0.1828517794626817,0.2415572164137965,1.937162401661192e-05,4.01394053037048e-05,1.1092195644379535e-05,5.168689449512273e-05,1.7318825219019758e-05,0.04004835234123,1.3786383086172154e-05,4.894719622399359e-05,0.0042061569608232,0.1828093857328617,0.1420053490821475,0.422333485722309,LCO,12,81
-511379.8103878408,2.6884370876219235,0.0342356809586097,78021.07237279842,-4.630077901485976,-0.1699220985140357,-0.2642238886545083,0.2808720092251596,2.815143365506501e-05,0.0001477736016377,1.4689353032041354e-05,4.877195783563543e-05,1.8532968488780863e-05,0.0694659797672125,1.7027809225343325e-05,1.4715132199435486e-05,0.0225295024219281,0.0114997814162837,0.1119698025212714,0.5423065274079366,LCO,12,29
-12234.361316064991,2.1573109786613776,0.0098804296442998,11695.810662052018,-0.4084057907128411,-4.39159420928717,-0.3122907071047098,0.2490299392256612,1.935370834166169e-05,7.14111787339267e-05,1.638093217794301e-05,0.0001083544818571,2.309068377650525e-05,0.080501668017491,1.5526876386087466e-05,4.897060151624709e-05,0.004539602423743,0.0122399903728488,0.0208691590882539,0.5846001434341874,LCO,13,82
-6962.308694525239,2.1551494273440546,0.0406778440501639,1218.1826903695758,-4.779678874553667,-0.020321125446344,-0.0531128181260116,0.2702950690952506,2.481488124716383e-05,4.041931757751114e-05,1.470050735264658e-05,0.0001457903448225,1.319221596314128e-05,0.0423063892600203,7.702477069566038e-06,2.2815189860547983e-05,0.0040612158969245,0.2654526307795785,0.0606418054990063,0.5507927455954035,LCO,12,24
-527685.517755415,2.4259077190853957,0.0200605356301575,89482.23589524221,-4.64163760975304,-0.158362390246971,-0.2758664712974106,0.2689020746448817,1.7921715387171848e-05,0.0001293767871248,1.190655300598987e-05,4.515256555645997e-05,1.2705542500481398e-05,0.07965620313295,8.306980600281293e-06,4.223994541329416e-05,0.0224525165402452,0.0164074478256175,0.0683242291436459,0.5694018517333259,LCO,12,28
-516154.10469001177,2.593150273528117,0.0238402294946703,78607.2515914193,-4.66517581678081,-0.1348241832192016,-0.2889127809261805,0.2811835964206857,2.858216720368356e-05,0.0001386209065629,1.46510150378772e-05,4.879461188218332e-05,1.8877618772748062e-05,0.0699081091919421,2.9987603542604016e-06,1.4229030928189282e-05,0.0229286996324208,0.048087357009241,0.0512611387253887,0.5417387233391896,LFP,12,28
-649891.8278832951,2.610446524980293,0.0302602556909403,96564.72041051982,-4.621975972141939,-0.178024027858072,-0.2562909636061837,0.263909628977138,2.8157005479570595e-05,0.000147305348404,1.190017804888449e-05,4.266572572873876e-05,1.6767443597234423e-05,0.086308891582187,1.875443536453818e-05,4.510630580351471e-05,0.0225293568154133,0.028538908555819,0.1092329834498638,0.5359371443881334,LCO,12,29
-538561.6886130762,2.615001337551572,0.0187519156414875,94374.73099942104,-0.7883907614670633,-4.011609238532948,-0.2715764347914544,0.2468646339168842,2.537387278523459e-05,0.0001555086459859,1.2718248957505149e-05,5.765415301274985e-05,2.8496934295291736e-05,0.0764361891577485,5.020851234481292e-06,2.5133246190882735e-05,0.022635606594183,0.0452327368261454,0.0320493157578453,0.5811415126245548,LCO,13,29
-621834.6778661892,2.7546232710297893,0.0323919605893907,89903.88792878971,-4.642581137439805,-0.1574188625602062,-0.2492630861523871,0.268675260487612,1.93510480542966e-05,0.000206076179901,1.1921061029127296e-05,4.202128678809226e-05,1.899283848555976e-05,0.0794603751911943,1.7032426294655807e-05,1.6137424993853577e-05,0.0225272772420541,0.0132581613190524,0.0867365250227505,0.58074222750581,LCO,12,28
-7608.445630042564,2.070372087476145,0.0153489469686966,3676.957847520013,-4.191238750500894,-0.6087612494991177,-0.3184513567443168,0.2313747276509831,2.9398159669760204e-05,4.042745915037976e-05,1.4944419149085e-05,5.787937081330463e-05,1.7454805179604762e-05,0.0411163670247184,1.8660081773867823e-05,4.996848310457844e-05,0.0041033930447635,0.1786571265896437,0.0164734603317592,0.4164180563342802,LCO,12,75
-7608.445630042564,2.065806199976696,0.0096709928608695,5212.635075395364,-4.408330112572763,-0.3916698874272484,-0.2306215588289396,0.2561777926123945,2.938716749220533e-05,4.024845324900233e-05,1.2075746957227688e-05,9.45403493386267e-05,2.0700978534932006e-05,0.0403429209832319,1.318037402841638e-05,4.595679990477687e-05,0.0042704522312354,0.1784519688389175,0.0425738904634422,0.4783525818687005,LCO,12,99
-6726.9752635989935,2.138925487400833,0.0331152368063361,1110.856149722826,-4.716396556936061,-0.08360344306395,-0.1801047391956396,0.2043706658233787,2.4886899518021272e-05,4.095306975981727e-05,1.001916408517767e-05,4.302262005471461e-05,1.863848863470313e-05,0.0433718651163985,1.7392565694244366e-05,4.7573496273727225e-05,0.0040344038264423,0.0300483762294696,0.1267676418151823,0.5930792427597085,LCO,12,24
-549074.3867680213,2.3621382884180884,0.0165532590573665,98501.43941726325,-4.591401421333003,-0.2085985786670079,-0.2739642544352061,0.2137847751283434,1.4493681454546246e-05,0.0001175667959099,1.1899377503595596e-05,4.676987978867358e-05,2.4111879720040894e-05,0.0870716615208609,8.254283308773237e-06,2.473018400730016e-05,0.022339606890408,0.0586325133991278,0.0313177576086738,0.5660854745569922,LCO,12,29
-36458.7259865603,2.532501328653594,0.0122100742631466,25861.44106854552,-4.367447587330105,-0.4325524126699065,-0.552042967501686,0.3082736338223789,2.278981847287932e-05,0.0002132539963504,5.571292260608866e-05,6.474152888763678e-05,1.528509519999764e-05,0.0604269116606388,1.5947997993217023e-05,3.61340630292219e-05,0.0071433991554797,0.1131751836060642,0.0171646805833707,0.2476171683088789,LCO,12,91
-7762.220912895531,2.092348961588436,0.013013769270694,3906.2337676623806,-4.257554732777386,-0.5424452672226252,-0.1751080828071333,0.2546742312912851,1.735723088866047e-05,4.840687169975066e-05,1.2530721662003678e-05,5.510963905046616e-05,2.448854322363227e-05,0.040812755391083,1.3229628440303948e-05,4.590007166353517e-05,0.0040634492046005,0.2339183022967986,0.0428735608635866,0.4781000540324814,LCO,12,82
-563996.7300090833,2.633195413887969,0.0200605356301575,86152.56427690327,-4.642013187002704,-0.1579868129973078,-0.2605735592500439,0.2687995150529084,2.880886601317392e-05,0.0001428550898194,1.4686177567663498e-05,4.51291606844271e-05,1.2482491306290891e-05,0.0796862090292936,8.402532287783422e-06,1.376396245830546e-05,0.0224376659263176,0.0184521900066436,0.0686350024939622,0.5823392482493503,LCO,12,28
-660178.7299645876,2.684904787080453,0.0313552646824734,104244.68335283909,-4.582579638054952,-0.2174203619450594,-0.2567131676848981,0.2030869971257307,1.364343069269536e-05,0.0002139745753907,1.4646887455335532e-05,4.4977381850513245e-05,1.253230568054549e-05,0.0867049181593975,8.402834832989944e-06,4.6857108091084845e-05,0.0224070498445855,0.011972543284708,0.0687483847860115,0.5925659042443823,LCO,12,29
-23414.067150899624,2.234648168958337,0.0116811315358683,21979.652468953776,-0.317858218877376,-4.482141781122635,-0.2572662804311906,0.2002865914174263,2.8758664692287276e-05,4.047538755780597e-05,4.608751955909983e-05,0.0001443496794928,1.963744404723873e-05,0.0622863989720591,4.645974272968097e-06,1.0214640452794064e-05,0.0078535790972119,0.0827370778790397,0.0271951667107245,0.5628014749790451,LCO,13,68
-544971.2940721863,2.3602633221013685,0.0269487105213059,96421.41143784631,-4.588279107951188,-0.2117208920488238,-0.3176269578205014,0.2093379300655972,2.550415133430377e-05,0.0001173724578637,1.190020399133672e-05,4.683869832089786e-05,1.6674915585133578e-05,0.0859446339781402,1.885654364579256e-05,2.4668966562139332e-05,0.0223382844686075,0.0588549655891899,0.0310294610096845,0.5224886155806241,LCO,12,29
-582731.1541492965,2.434603348294087,0.0200605356301575,89482.00932235645,-4.643430893979868,-0.156569106020143,-0.1895988705619443,0.2617687895394421,2.8159221764901004e-05,0.0001286419411945,1.047171825481153e-05,4.20214957157465e-05,1.8659473884042733e-05,0.0866807190580296,2.5095188314902903e-06,4.085976176505874e-05,0.0225367165431485,0.0286179375181185,0.1287516550933337,0.5830315368266034,LCO,12,28
-7733.340003398553,2.134176269977875,0.0478490457763337,1215.812226167211,-4.758795557970217,-0.0412044420297945,-0.2525531448599533,0.2828763127307522,2.858415684983668e-05,4.423041111276421e-05,1.6745789164885813e-05,4.0485718652413216e-05,1.8880256870251946e-05,0.0423279049075399,3.617287771890027e-06,4.793912934627273e-05,0.0042255095731345,0.056390839902482,0.0220746740308502,0.5989813412067144,LCO,12,24
-8309.05790252307,2.0672830982179056,0.0273407181265455,3948.930339121079,-4.323060313510183,-0.4769396864898283,-0.1835175671321077,0.522426379531946,2.193699241528526e-05,4.6525109082929205e-05,1.1551375347194288e-05,5.974969958249328e-05,1.7313108988129328e-05,0.0414333343151069,1.1957991840777607e-05,4.929977335100687e-05,0.0040729315836932,0.2506309662735765,0.1468982299675131,0.3489532366268026,LCO,12,81
-621834.6778661892,2.7546232710297893,0.0523853684389683,87562.53720536655,-4.652304254336514,-0.1476957456634977,-0.2127806471222061,0.2809033813602689,2.7935011407397653e-05,0.000230950148938,1.1353454705046938e-05,4.0971415775609625e-05,1.852584653517863e-05,0.0797267579068165,1.7034425518345037e-05,1.614895251682507e-05,0.0225303881880593,0.0132819598504959,0.1231339727494437,0.5808034202778541,LCO,12,28
-10198.53385400758,2.068935864011864,0.0060203856786193,4272.724250188301,-0.3330058380327614,-4.46699416196725,-0.2243316907113954,0.2367957050238852,1.9154918050309323e-05,4.069146251657704e-05,1.1155860332394114e-05,5.074034999089037e-05,1.3433158695659424e-05,0.0470343442898891,7.47264727177752e-06,4.82491444332068e-05,0.0040486490054733,0.1158613841633778,0.0943086371908962,0.4954982879343305,LCO,13,71
-8440.19692905598,2.1652507242954884,0.009921596212294,4236.625217416995,-4.2186610498824,-0.5813389501176118,-0.1774012462960011,0.2132454193445269,1.4040154238544784e-05,0.0001095398364102,1.158099485756619e-05,0.0001467484313131,2.9246100907728937e-05,0.041809365199498,8.591629006272718e-07,4.872695557878397e-05,0.0040469677874817,0.0799117851554357,0.1914072192869056,0.4812797492616574,LCO,12,79
-544971.2940721863,2.332773345798602,0.0273327909922399,102083.48038957066,-4.6277996227738,-0.1722003772262113,-0.3172472912662244,0.2529383670384285,1.4760438839536308e-05,0.0001172822562104,1.1900536832664118e-05,4.673738681911253e-05,1.6648489025643866e-05,0.0875984889176987,1.907260112385365e-05,2.466757873465705e-05,0.0223396507383186,0.0589610195920013,0.0313201236457749,0.5224715654959994,LFP,12,29
-602102.6142569594,2.7360565543439024,0.0180993002055043,91455.2666425284,-4.617975947894976,-0.1820240521050351,-0.3003375305617782,0.2327302902932455,2.5496107997998746e-05,0.0001506795342096,1.0182968156273538e-05,4.103765958608519e-05,1.2700640463789512e-05,0.0798118718790363,7.125064291697345e-06,1.442197381760186e-05,0.0228066809625658,0.0128337960985131,0.0360154218087227,0.5808132515309858,LCO,12,28
-566118.0506845101,2.691601116288947,0.0621136595387979,79956.4030377999,-4.718212835779454,-0.0817871642205574,-0.2367322646509495,0.2124960452786725,2.402396796178824e-05,0.0001516640215813,1.9753462559768106e-05,4.1268384849183593e-05,1.2580144760988197e-05,0.079932575033956,7.361130991079068e-06,3.613758385544482e-05,0.0231120963964942,0.0578727593249371,0.0361300822698178,0.5992648937542955,LCO,12,24
-8403.96195959252,2.095153973582282,0.0136214429073429,1331.7636010428528,-4.678689840701452,-0.1213101592985594,-0.1349474170838638,0.213580162876104,2.313468788311804e-05,4.066193864378493e-05,1.4315286893335597e-05,5.109007707542516e-05,1.80159482408172e-05,0.0458182520537079,5.120630880953922e-06,4.772327694950086e-05,0.0040651419704124,0.2159089222700735,0.0275473267499165,0.5515963338961462,LCO,12,26
-7643.249164987717,2.081697731673576,0.0116063557830483,3672.940653452201,-4.247063238202983,-0.552936761797028,-0.1303215214888057,0.2415922775558016,2.6588393179548425e-05,4.00177057068498e-05,1.66076781719817e-05,5.792359342770964e-05,1.7456630630249888e-05,0.0411349638582608,1.361782371412727e-05,4.956583965387715e-05,0.0040543164149353,0.1766853702976388,0.2004749255101067,0.4225181827034489,LCO,12,81
