SpecificEnergy,SEIGrouth,TempIncrease,Price,UpperViolation,LowerViolation,VolFracViolation,C,la,lp,lo,ln,lz,Lh,Rp,Rn,Rcell,efp,efo,efn,mat,Ns,Np
-25086.649992172268,2.161301517430177,0.2033867375960779,342.7065084064671,-0.272222516912743,-1.227777483087257,-0.028909038748055615,0.2488146952181946,1.9495665868186302e-05,6.001073005192323e-05,1.0497975605524357e-05,0.00014491751836567956,1.5137501103691739e-05,0.09418160322715824,4.00844751342717e-07,4.804454426460846e-05,0.004990170426378862,0.2853060384746687,0.3693584130055726,0.24642650977170316,LCO,4,6
-32771.18459895282,2.6524004526569316,0.009972313829356457,2387.5990458138517,-0.3550823209245806,-1.1449176790754194,-0.08134672613957494,0.2421595412643143,1.2925908055945106e-05,0.0002404014678388523,3.204230295911667e-05,7.335583950998562e-05,1.2911193976052157e-05,0.08490819256054667,5.043853295457402e-06,3.313527859351283e-05,0.006256391311084931,0.19962701416609102,0.33891573145099674,0.3101105282433374,LCO,4,27
-15369.674530774613,2.1725975778343747,0.03687501413146605,713.7565777520731,-0.549050037039601,-0.950949962960399,-0.3521019084323017,0.38351130697052616,1.482587554366071e-05,5.097784494700223e-05,4.916947484269876e-05,8.075684554185136e-05,2.5049950153147598e-05,0.051397796974961885,1.9902994920778305e-05,4.326629613471855e-05,0.006321026283242751,0.1558230790667694,0.35669747556030185,0.06537753694062706,LFP,4,13
-138389.9886745413,2.7092401149692353,0.00986714055167643,12653.914239922358,-0.3890579621384571,-1.1109420378615429,-0.51837035619633,0.22055647065837466,1.9599917408018263e-05,0.00023542264812750923,4.027271346424646e-05,4.826005218496953e-05,2.7705204569986537e-05,0.053086152875065365,1.4294886918123961e-05,1.6969025155088688e-05,0.017114122474490255,0.1815466030475644,0.21523125247282487,0.014851788283280837,LCO,4,27
-763840.3625217667,2.2469235616074763,0.02154114757484974,26734.6683244266,-0.2539189666370909,-1.246081033362909,-0.2683538491880709,0.2238399026539851,1.9916478481501074e-05,7.921673288340695e-05,1.3436485051570647e-05,5.319491276346081e-05,1.488834056203935e-05,0.0990964366520377,1.9556458394881126e-05,4.7359064629190805e-05,0.024391061911368958,0.03754084407121492,0.5398595624771354,0.08424574426357884,LFP,4,18
-42477.36715168494,2.1086800692040963,0.01677270425607769,4553.136930540177,-0.3174501368209288,-1.1825498631790712,-0.3516062469959913,0.20443153335102282,1.3817099162422451e-05,6.018312833703644e-05,4.068658828762022e-05,9.36123748520846e-05,2.975678475713796e-05,0.09511708644301622,7.135972856695666e-06,4.924169629269613e-05,0.00940848206884603,0.29687494772562983,0.253571229941284,0.02794757533709488,LCO,4,20
-423043.5593980847,2.168557550434408,0.006617858894032331,126383.0610263936,-0.27102152669259283,-1.2289784733074072,-0.43902505550753534,0.5883343300121121,1.2258423594208e-05,8.886385053315341e-05,1.2505279536600528e-05,0.00010156683138222262,2.979358699826949e-05,0.09996023289848749,1.9992719932078522e-05,3.63639424980164e-05,0.022008476305420358,0.01622826154785152,0.4638278479682834,0.010918834976329811,LCO,4,94
-39537.12495043781,2.1247151307182217,0.003596388203034967,14051.116377166087,-0.2506596702733681,-1.249340329726632,-0.11563160776249104,0.2283475411801547,1.2242665995123405e-05,8.872538647808122e-05,1.2508282255619964e-05,0.00010068287392298888,1.2883861835649711e-05,0.09866999184011277,1.9974805212704594e-05,3.5995997888575865e-05,0.007539629875231825,0.3362177019916146,0.4639511588426227,0.014199531403271678,LCO,4,96
-20841.082674948382,2.116168817176944,0.05764964343733687,1454.6331659190362,-0.3842675641469864,-1.1157324358530136,-0.1151313824771999,0.991032537199537,2.9122310337237675e-05,4.949744210827578e-05,1.445441464876233e-05,0.00012788755448354223,1.705792919773294e-05,0.09910434319952316,8.685522218987174e-06,3.2557629776063276e-05,0.005661231902277811,0.20167972862748676,0.06111801488234306,0.5520708740129703,LCO,4,19
-100498.85883430947,2.2719592148353223,0.003448169964572914,25967.854849961783,-0.3407201305673482,-1.1592798694326518,-0.8501693061195941,0.23575132924119385,1.9293053917393807e-05,0.00020535171946243157,4.74111056370725e-05,0.00013017554789946495,2.8974835441989498e-05,0.05098146915741511,1.1790733199918497e-05,4.885457566888133e-05,0.015053130810403013,0.055527648278987596,0.011107972736141707,0.01319507286527672,LFP,4,67
-141233.81204786996,2.2663838900386883,0.028791711008675353,3658.844568919902,-0.40491289965548916,-1.0950871003445108,-0.15287793504484182,0.2255658941629558,1.3812289043282835e-05,5.215164903973162e-05,4.158650793691988e-05,4.3252927031436125e-05,2.5779400059900418e-05,0.04635810380488429,1.0815740937585087e-05,3.625053072849888e-05,0.01913065561414048,0.2733402985534378,0.4691150124284283,0.03466675397329215,LFP,4,9
-70409.64031255853,2.4500521290913233,0.08161827271716243,1603.660237526513,-0.6163191179918552,-0.8836808820081448,-0.5848158657129506,0.35441302376102485,2.412366114934507e-05,0.00022441087440549913,2.4019750317511137e-05,0.0001282782961491183,2.761988372695125e-05,0.048121421593087396,1.9183596184064735e-05,4.165701288664022e-05,0.012510736339841507,0.25608333352131546,0.07864455385474615,0.010456246910987808,LFP,4,7
-19202.72018579595,2.451218697548381,0.08701258906458376,773.2852043773619,-0.5830324509038896,-0.9169675490961104,-0.08623643428022176,0.23436629102944956,1.3647894790702202e-05,5.1756433120951157e-05,4.917055345492629e-05,0.00012708875755281532,2.842587249457927e-05,0.045596202994244564,6.995613345892589e-06,4.4176126991715834e-05,0.009931451310013644,0.2748226777443507,0.5497573287891557,0.01918355918627177,LFP,4,7
-31862.735847712196,2.405346221504253,0.06565992059891694,1026.5901719469734,-0.5321877858080164,-0.9678122141919836,-0.61887098130064,0.3357030044929051,1.4675140315236626e-05,4.358274844224882e-05,6.428773739605164e-05,8.028812408446071e-05,1.7480583038703304e-05,0.07735334281296308,1.9801390922363574e-05,3.3745992510282277e-05,0.0069953566290369895,0.14796216238417198,0.10147601533122372,0.06169084098396436,LFP,4,9
-23105.54487421874,2.198019530115733,0.010036240359698509,1950.6682410953006,-0.3468898405374663,-1.1531101594625337,-0.5902014078450625,0.20152411870581782,2.8323534209422107e-05,5.5675245532966786e-05,2.1980066915890804e-05,4.0235947246775745e-05,2.8994307238556937e-05,0.08862475902489508,1.8255720130689923e-05,4.591032910127543e-05,0.004931019912283703,0.07209456366670879,0.10976603965079917,0.15793798883742957,LCO,4,36
-183453.55074840313,2.3503512453429707,0.013127629595719807,8835.334921986605,-0.30823141913206165,-1.1917685808679384,-0.23135751732838916,0.35068811080869033,2.7827796879179556e-05,7.698344396614635e-05,2.5905295235472412e-05,4.467731505456201e-05,1.4725205598985184e-05,0.09456966112681435,1.6724638665113546e-05,2.9112866211042888e-05,0.0124602724032543,0.011524155494319043,0.5922328784537709,0.09488544872352088,LFP,4,25
-171859.86902888148,2.563423575441934,0.03995692828130964,5247.969364068824,-0.3617916572943578,-1.1382083427056422,-0.09072694346651389,0.24862881650632215,1.5367570150767514e-05,0.00011724134547574251,2.414070395554933e-05,0.00010038942202837224,1.8175790922820996e-05,0.04799392426795231,1.18690536084699e-05,2.0493156157213945e-05,0.019860609528079887,0.0997135336163744,0.1808537215615927,0.5587058013555191,LFP,4,11
-268670.57344245224,2.2120374579367152,0.008267702621237844,27422.687533033637,-0.32679168691657345,-1.1732083130834265,-0.4346463347816603,0.3244617564396047,2.661777874494641e-05,0.00014637574649110642,2.6265763331512582e-05,0.00014459109624534347,1.7199185390931037e-05,0.0424560463914596,1.9725630295892087e-05,4.992873993512146e-05,0.024609284921695295,0.035764443276659424,0.024895696907258485,0.4346935250344218,LCO,4,37
-285648.6504202072,2.410223601844253,0.06139057190925011,4952.27979035771,-0.28436121372891954,-1.2156387862710805,-0.4689981753321326,0.23336759149713093,2.2541720457928535e-05,5.4464908187618844e-05,1.0303144079645827e-05,4.051323930186391e-05,1.2362179284994173e-05,0.0697259753123872,1.9756139890357933e-05,4.9942911728460596e-05,0.02342837805921021,0.1260389789299719,0.24906379943961868,0.08589904629827681,LCO,4,5
-49707.55642860174,2.250643424672035,0.0034180168347938303,12021.514479352873,-0.29489536519595205,-1.205104634804048,-0.7670477241599994,0.20189228404663054,2.1446788717918424e-05,0.0001881003280078656,1.0342174375063847e-05,0.0001309363243996199,2.8992205293418905e-05,0.044395477779613474,1.047944118111036e-05,4.675340225245145e-05,0.011141225337714068,0.027623314414229584,0.12289950102116846,0.012429460404602528,LCO,4,68
-29271.644343128333,2.1993298726638586,0.025396397152369625,1526.7287514411037,-0.3494573764055904,-1.1505426235944096,-0.1421246765437626,0.22522078147855662,1.3854698756992067e-05,6.046502378261485e-05,4.045133291093085e-05,8.442477942434191e-05,1.7602899907034336e-05,0.04810830745340967,1.9631037006252702e-05,4.9128860381555776e-05,0.009475365491164074,0.2326769158172589,0.46856542349284713,0.08663298414613141,LFP,4,14
-42545.83327673607,2.1214759330459847,0.08063191612764194,2291.7438009787315,-0.341517878313212,-1.158482121686788,-0.02114716566602437,0.2254574547218194,1.3871879604483532e-05,6.0182701384458854e-05,4.0695003164804765e-05,9.380213010716256e-05,1.7459740383816996e-05,0.0967290868245854,1.964183062103098e-05,4.9128740896136734e-05,0.009378257070622557,0.3207551118603032,0.5698578131733868,0.01823990930028564,LCO,4,11
-407015.46456010954,2.1475930544940507,0.02630241425537093,29810.240374905523,-0.3765094392078474,-1.1234905607921526,-0.7825024434277291,0.2815901047692378,1.9177399104081438e-05,8.450029730759751e-05,2.4027510758541922e-05,0.00011474038919309128,2.369287724292417e-05,0.09928372208575294,1.9007796784717557e-05,4.754594559632336e-05,0.0230455085451848,0.038222917370248216,0.024961757343424817,0.08431288185859787,LFP,4,18
-389115.1685138176,2.67262069749094,0.03412414184039248,22089.47076385253,-0.37092151368317694,-1.129078486316823,-0.6166941178754782,0.20761222729577844,1.4587839058111674e-05,0.00022774349640628045,1.1744052096299921e-05,5.324074510176098e-05,2.8584940272408517e-05,0.07687186703201292,1.9332261845048997e-05,3.640322713078916e-05,0.01830527903423465,0.011466757917436949,0.21987275216615745,0.08196637204092742,LCO,4,28
-207676.05023542178,2.595529109611205,1.061911341940441,3772.6416652272387,-0.4597455506832766,-1.0402544493167234,-0.2692272579046465,0.30377204420217896,1.2879962664520815e-05,0.00020442492409766035,3.208075818216755e-05,7.318573707261938e-05,2.9180847918366998e-05,0.09978925785269688,4.826453666604615e-06,4.8710238200004513e-05,0.015061220834745936,0.19975551993030216,0.010007078663220694,0.4510101435018306,LCO,4,6
-28305.70348210982,2.181735047141723,0.02410488970594126,2350.400241612065,-0.38652048107470627,-1.1134795189252937,-0.5083455348782993,0.2788897345918687,1.2517880348032634e-05,0.0001065212080137251,2.342596975827211e-05,0.00014486305579185232,2.647705564242583e-05,0.06602021942156906,3.983020727021305e-06,4.228985993559539e-05,0.007746186970482434,0.16404303042048882,0.10954810714637793,0.1480633275548341,LFP,4,20
-36540.302488691654,2.4893435240261734,0.4668428367194628,413.383485821599,-0.6745437276873982,-0.8254562723126018,-0.3924400303047575,0.33721903628703637,2.597893064544433e-05,5.942950627272528e-05,8.65100767709514e-05,5.7752495990682965e-05,1.407934041676897e-05,0.08073665525129452,1.9801866792584024e-05,2.6018693674882035e-05,0.007894937511897775,0.12579406584855524,0.315645329894437,0.09612057395225036,LCO,4,3
-293297.51955721516,2.127157145462659,0.023077576049151546,18059.624423286063,-0.3280889560148008,-1.1719110439851992,-0.665288961154268,0.2731704898951738,1.250566554453283e-05,5.6254351076067523e-05,1.016094031893674e-05,5.315672555707288e-05,1.4744518850299022e-05,0.04991491001681928,1.534442229239762e-05,4.7254032194799336e-05,0.024723701711738155,0.03604246804239186,0.10499144510470312,0.12367712569863702,LCO,4,20
-200858.5362442388,2.2323861001679166,0.057408488498456804,7926.4076767236065,-0.40056159075137465,-1.0994384092486253,-0.17366131534742824,0.2091927643046275,1.2148661371502709e-05,8.876109287967388e-05,1.4016459646769007e-05,0.00013691826090050235,1.7151199036561117e-05,0.06329507496667812,1.9712899837933645e-05,3.1164133936866706e-05,0.020801772274679,0.04500598082066655,0.5326099986686864,0.1787227051632189,LCO,4,11
-239887.96926825162,2.2492895676654037,0.08941734229799185,10617.023938405591,-0.4245057014319684,-1.0754942985680316,-0.3202920839527674,0.73851933568537,1.2230417288018968e-05,8.903679646358347e-05,6.301915715326356e-05,0.0001015842784270466,2.9879765872851463e-05,0.06525261532093984,8.5642068872297e-06,3.6339064555966474e-05,0.020567342299770523,0.07929331286924106,0.4686250378343759,0.06178956534361567,LCO,4,14
-51789.00505514529,2.164087283520382,0.005954078291597946,4528.871413286968,-0.2948855119025069,-1.205114488097493,-0.459234112942867,0.20961672509202373,1.3466320698877076e-05,6.0489731528502524e-05,2.1775729828912996e-05,5.6850813475518635e-05,1.2609579171969352e-05,0.04777976047923683,1.8241572595901646e-05,4.5884990961426256e-05,0.009545617465674826,0.23807439879896505,0.07393592564505545,0.15875556261311258,LFP,4,37
-253296.6558179794,2.145810644576594,0.01874110710856588,12094.138175322503,-0.32222521717318386,-1.1777747828268161,-0.21731175303297678,0.30803049390663145,1.9295672709060424e-05,4.2982009944725364e-05,1.575152651974274e-05,4.218703461192605e-05,2.5844011914649045e-05,0.045681892153489036,1.9052541587857728e-05,3.623456707284486e-05,0.02311366763375268,0.08794726913576377,0.5198241076981645,0.10491687013309507,LFP,4,22
-367231.76712108345,2.6323853025410604,0.030699870564783568,15489.93047495006,-0.4483482145110198,-1.0516517854889802,-0.7040961883067149,0.2031621070799907,1.9981163566974378e-05,0.00024224189620063386,1.0426352618021821e-05,5.314087316163867e-05,2.6464168907445623e-05,0.06686135744798431,1.6483348816807867e-05,4.938338169599887e-05,0.022936301174496455,0.02809118941942995,0.11800640685810704,0.0798062154157481,LCO,4,14
-403575.9916262133,2.2165189027624606,0.005522092763480947,43644.940328358396,-0.306335700197792,-1.193664299802208,-0.5738325473148587,0.21306757675733926,2.924819057445339e-05,5.5734696574427397e-05,1.0132142130407794e-05,4.023496022198954e-05,1.9498228066662217e-05,0.06127010869107649,1.9776173636854093e-05,4.416053814797148e-05,0.024115837370682108,0.04730308643605825,0.2509344899898497,0.05792987625923339,LCO,4,49
-26258.177766166697,2.091208363784117,0.012067179183903765,2979.098847056095,-0.29181518695341957,-1.2081848130465804,-0.3320539105687902,0.41687040613949455,1.3465241658877422e-05,5.5902007233758766e-05,2.1696573607754462e-05,9.80981935981553e-05,2.9993602745048235e-05,0.09753269377126991,1.946182931940204e-05,4.602043018797638e-05,0.00585674849536036,0.31290442483303965,0.12763530753391095,0.1574063570642593,LFP,4,34
-505097.21908144344,2.5460725281189784,0.008758806952470317,65928.46474586104,-0.3055420587261519,-1.194457941273848,-0.33065827232278366,0.20187041688612534,1.9203167480930707e-05,0.0002462897677621394,3.693838794784403e-05,4.2664389514370136e-05,2.5838907913489248e-05,0.07384890947545966,1.954873556255801e-05,4.977919933092146e-05,0.023177612430128933,0.17790636142202298,0.38683553572573515,0.03459983052945821,LFP,4,60
-16666.686836344772,2.1143906420980683,0.021403422582448917,1291.0721910573027,-0.32008394033332443,-1.1799160596666756,-0.48664000580089656,0.30831974643596394,1.2544602118699928e-05,4.6547067265103054e-05,4.6357998234844615e-05,9.377703395444076e-05,2.6640618242147525e-05,0.0995941967106837,1.9653301238812554e-05,4.7534482140383894e-05,0.0046492984392485035,0.3317590479303052,0.024848434359328764,0.08675251190946953,LCO,4,21
-316315.0164862303,2.151194717290494,0.006761553239502226,70979.1811512761,-0.29907879800264325,-1.2009212019973567,-0.6855018299573108,0.5927314911835315,1.9817189416930058e-05,5.546378584230382e-05,1.3623904607771631e-05,6.739384604591262e-05,1.941978263079016e-05,0.060409065802976405,1.9994558984883482e-05,4.441321852346537e-05,0.021957191631578464,0.04791359130480832,0.16561997492260397,0.030964603815276968,LCO,4,85
-762667.2834443004,2.1103489167253406,0.030910435546709133,24545.535926934317,-0.24625036169533665,-1.2537496383046633,-0.24503374567808633,0.20004399465499453,1.9960807241605157e-05,4.7776727509015756e-05,2.1827063890495467e-05,6.610441281074425e-05,2.2669414636127478e-05,0.09983202979266864,1.8554685041615026e-05,3.245591903135376e-05,0.024420538622494655,0.03640090099625904,0.520945040301457,0.12762031302419768,LCO,4,17
-391653.55303333816,2.187150645826298,0.012555409361961622,29856.14665157859,-0.36411300894124565,-1.1358869910587543,-0.08580099049647383,0.3676738288626336,2.8792926739012788e-05,0.00012170474604238898,1.9565247537528405e-05,0.0001226700774325949,1.8654831892678615e-05,0.07859622590220351,1.7613288063222793e-05,4.901155646021862e-05,0.022446848332417675,0.05825053184079948,0.573181157712371,0.21276731995035583,LCO,4,31
-763840.3625217667,2.23715097511715,0.010441988308581843,34868.74738535331,-0.28729042169612384,-1.2127095783038762,-0.42533270398781997,0.20900615237629647,2.8432118506624718e-05,7.564440342902847e-05,1.4063266019893568e-05,5.423071605254869e-05,1.2984237786465634e-05,0.09517231471501207,1.544253929465898e-05,4.095483072402313e-05,0.024329276992477167,0.026339763160633016,0.4147329268132633,0.06359460603828378,LFP,4,24
-291601.7443722966,2.5561889845333816,0.006475609037755747,28478.02449667467,-0.3652699733535254,-1.1347300266464746,-0.5804243943538652,0.27631224250513653,2.7117786866646817e-05,9.403049864251555e-05,1.230882515625354e-05,5.8021704430125036e-05,2.9043886872620406e-05,0.04841406267649383,1.943238263384154e-05,1.4384192148471033e-05,0.024325853873669874,0.17691051991471796,0.06160369512500811,0.11106139060640886,LFP,4,37
-140417.74627769043,2.4736445465629746,0.9466248386185967,2026.3790378113422,-0.6910938960499173,-0.8089061039500827,-0.7478169263987976,0.25429121355751105,2.799494917107122e-05,0.00011938422628850747,2.6945258487900115e-05,0.00013339157272509796,1.4929340394769204e-05,0.09759878405182149,1.98320865029244e-05,4.997970906051197e-05,0.01809874078577765,0.05656205891268898,0.09027738298725141,0.03534363170126205,LCO,4,2
-319313.00402270036,2.0548084347869504,0.0037420171325950593,112847.84742942805,-0.3184868014385671,-1.1815131985614329,-0.29271710882700397,0.3271433771971519,2.6982208232375184e-05,4.8315411008934136e-05,1.330919217908356e-05,0.00014951561400149884,1.6984818845727503e-05,0.0954110990245966,1.2666532582073712e-05,3.8931087112861945e-05,0.02354347643200143,0.238688648164617,0.3793000791143895,0.019294163893989483,LCO,4,82
-45844.15741316048,2.0778176952831777,0.003907654848846472,14177.963766134859,-0.2954083823511837,-1.2045916176488163,-0.1997411863970039,0.3274290473806194,2.6527059440028324e-05,6.964443261667351e-05,1.5700073957386465e-05,0.00012292829941135531,1.6875649374180415e-05,0.0884017025785456,1.2622260674693244e-05,3.766154688623406e-05,0.008792150083655016,0.28896302813066654,0.3763296789690192,0.0649661065033105,LCO,4,82
-395713.3186512365,2.4583126518072156,0.006373404467818253,53782.11369411295,-0.33596084806630166,-1.1640391519336983,-0.1305259316261529,0.22562187512070658,2.2191455149099377e-05,0.00011505294854222462,3.24889261795215e-05,0.00012832580605208192,2.94148632488917e-05,0.09697609132321547,6.472991180330438e-06,1.145741480986313e-05,0.02199053331297838,0.06032527718440609,0.5395976006582658,0.19955119053117532,LCO,4,46
-70981.19426373157,2.3489137988808184,0.2547295837410994,1371.5801646205489,-0.38538301798017116,-1.1146169820198288,-0.2702288162305678,0.4134969707985634,2.7104197979465592e-05,8.519607839894419e-05,1.3199092382164496e-05,0.0001001048326959749,1.7058727626142283e-05,0.09734492626923495,1.1247701361737204e-05,4.544062816458599e-05,0.010528757775130706,0.02393618184909034,0.5494587020105679,0.08637629990977401,LCO,4,5
-763840.3625217667,2.127068412427816,0.01143441430649812,33001.87302942259,-0.18190075903347314,-1.3180992409665269,-0.32639640845898565,0.2074942035200397,2.7378861150480705e-05,4.802379141006917e-05,1.885045000042439e-05,5.8213981842909655e-05,1.3193239344219147e-05,0.09520523092542266,1.6460225103157934e-05,4.211527892487098e-05,0.024330500513661018,0.03353308655448135,0.5007938805191036,0.06927662446742941,LFP,4,24
-388011.53534347005,2.371216938367333,0.047066710673536065,13280.992156981318,-0.4028503019513927,-1.0971496980486073,-0.31846069222066975,0.35214056832224144,2.5827101112376456e-05,0.00020674183616668567,4.3048974351217085e-05,0.00014559104356740295,1.4809071715513546e-05,0.07228673536218677,1.257418341919549e-05,4.708881600434749e-05,0.023365444668975357,0.02882196690724374,0.5584991891545752,0.024218151717511446,LCO,4,12
-400730.73560364865,2.2172552606183404,0.0031746630585709327,97225.98917979287,-0.3107770560382246,-1.1892229439617754,-0.06620207801068922,0.22881473165994717,2.9035455499071217e-05,0.00019284777479006715,3.0987617273389677e-05,0.00014616200358412876,1.2338815401630642e-05,0.09643418608575076,1.221645183915946e-05,4.895227018217775e-05,0.024235488933174894,0.2772169299706594,0.521650916343438,0.06493007567521349,LCO,4,67
-284533.9385647433,2.2424470939232033,0.002797811243062322,59419.72198272821,-0.32310559120639937,-1.1768944087936006,-0.3832411077433471,0.24762816017938677,2.544277377234026e-05,0.00010989276915571398,1.5971760160252504e-05,9.151850912165663e-05,2.02658251484023e-05,0.09238221533868513,1.8925632249119777e-05,3.246617756458284e-05,0.01659356630249941,0.02637909876704692,0.4539123334629756,0.0664674600266305,LCO,4,87
-247347.73405681475,2.1101462794371084,0.006146838252735406,55984.929786103596,-0.2972439600778749,-1.202756039922125,-0.011704341966104703,0.3285836926977488,2.5809431662500157e-05,8.679951021086247e-05,1.3259377890748566e-05,0.00013190938151949345,1.6709577712305293e-05,0.09598688026843649,1.2536450840562045e-05,3.634704024627126e-05,0.020190707474478424,0.24462363756048466,0.3781358457749857,0.29553617469842497,LCO,4,60
-50821.0436134894,2.5296940184963836,0.02605792300515944,3077.703410699052,-0.37757693251231217,-1.1224230674876878,-0.3187672935736975,0.26216457076555366,2.0282223767090198e-05,0.00017790307637614004,1.0398732942517487e-05,0.000106699890935317,2.9332301007866967e-05,0.09894024041807298,1.6886818376126713e-05,1.1937073438594959e-05,0.007764746434280998,0.07947743766743248,0.5216978227817974,0.010057445977072626,LCO,4,19
-243417.99815051426,2.474027032390423,0.3880798293358046,4918.159683998661,-0.6618383750430006,-0.8381616249569994,-0.3845334060785729,0.2647844968693066,2.9889021596511337e-05,0.0001324623972192273,1.090056923176733e-05,0.00012585839136117712,2.8168954172739066e-05,0.059600932312809274,4.898883608635172e-06,3.206566320378196e-05,0.024840128947787143,0.011564346579281605,0.4704011917327402,0.06350105560940529,LFP,4,5
-143697.7174102716,2.350891394016703,0.00233661641469367,44765.78250776606,-0.3192071978853015,-1.1807928021146985,-0.46216671318331337,0.23873703947970687,1.2899509833312686e-05,0.00023744481978717294,1.3632156358291143e-05,0.0001479608760499277,2.8456265054924393e-05,0.09578945627979321,1.2653565016716767e-05,3.263954388418742e-05,0.012863707339420428,0.07684061979226428,0.1803822241703358,0.2106104428540866,LCO,4,94
-380342.8452068846,2.3334276706419126,0.013780498828989844,26069.43638920777,-0.4598111229415842,-1.0401888770584158,-0.3042968558606115,0.3512276831086931,2.814652624414942e-05,7.332982153154797e-05,1.3082513961009492e-05,0.0001233966234087092,1.2055731716721172e-05,0.07876001046073869,1.556515099877553e-05,1.348660471664355e-05,0.022957813754783667,0.06271064303443694,0.41374518519975273,0.14924731590519885,LFP,4,24
-22234.552132654313,2.2672992289063676,0.006326760223188623,2322.502038718831,-0.2733121940677137,-1.2266878059322863,-0.35123599798914207,0.31422576161829063,1.3130395984033423e-05,0.00018467487916831732,1.7058499342976407e-05,0.00014819596932747674,2.759909189328097e-05,0.08980797100161406,1.8488452343913357e-05,4.565047892902377e-05,0.004029398215145287,0.05266443648144943,0.46602353942529995,0.06007602610410858,LCO,4,56
-37321.44714643951,2.597795076140157,0.03985179319917909,2764.844134547398,-0.39725145747801704,-1.102748542521983,-0.5892229873424965,0.27752160998203546,2.024380623185613e-05,0.00023828779822169735,4.039195734330767e-05,0.00010478561480834182,2.9596733064349335e-05,0.08714363669356813,1.68781934206426e-05,1.1659777741171495e-05,0.007795409036013229,0.03230213615955661,0.24407015801848095,0.06440471847946605,LCO,4,17
-128655.18940056728,2.3031195176251376,1.1264928695815288,2080.033791891418,-0.49847087382266864,-1.0015291261773314,-0.24345066767666546,0.21640033880416482,1.4279555167476232e-05,4.1162468424090406e-05,1.2277962541524981e-05,8.483001001297402e-05,1.6349486616303942e-05,0.0956654742545981,1.0167497445433225e-05,4.4476684621373155e-05,0.014640050489664418,0.07371416140947185,0.5429437182246217,0.06989145268924105,LFP,4,4
-529717.4754031316,2.252695289911658,0.0031969715426235354,142493.10730755347,-0.3107781831663061,-1.1892218168336939,-0.3693998600844204,0.2822286364057744,1.868234183034802e-05,0.00018575352161720454,1.545256181643063e-05,0.00014183236295812985,2.7467656242327386e-05,0.09370225650939423,1.7237377588934042e-05,4.495983016077246e-05,0.02488984106902197,0.05280031692079338,0.4476747145205397,0.06012510847424653,LCO,4,87
-553881.8331768191,2.3285941296175,0.09207440844852116,16122.632768842277,-0.1833150261402885,-1.3166849738597115,-0.42727202655555485,0.23878099784750514,1.2113990315939078e-05,7.539919192525206e-05,1.4769572358928226e-05,5.171057305831451e-05,2.7161847227163466e-05,0.09291365865005287,1.811275745670293e-05,3.707172478200768e-05,0.024321084886469994,0.02633169331556527,0.460484629520832,0.015911650608047896,LCO,4,11
-230890.24419867355,2.063114396978362,0.005344934178272045,46180.09407754992,-0.28651184803299046,-1.2134881519670095,-0.2680807942868796,0.25044293231038284,2.8249263326240546e-05,5.633931892273789e-05,1.105443321712335e-05,0.00013036322903868706,2.861727632247939e-05,0.09051542708237927,1.6975653812740377e-05,4.4192359050591125e-05,0.019717037495451294,0.14941700531842328,0.4529136919845127,0.059588508410184426,LCO,4,53
-290673.93549201486,2.159895489003658,0.016188654544738692,23181.09105424963,-0.24149672756699303,-1.258503272433007,-0.31520588612323874,0.31601237314837965,2.763899304419114e-05,9.280534177818384e-05,1.662674376427224e-05,0.0001495218514361205,1.478861381795971e-05,0.09541923524233648,1.26666902313329e-05,3.8861675792040444e-05,0.020640228813903788,0.2587716086316867,0.3313221070560852,0.024700398188989423,LCO,4,21
-385376.37657913443,2.0721499307680467,0.005109720338071338,105061.43971649202,-0.36298431564306455,-1.1370156843569355,-0.40177196407533944,0.31667245185933324,2.957168420297102e-05,6.27381103654949e-05,1.4690925157845144e-05,0.00014203748357312308,2.713685446587771e-05,0.09291467782327333,1.7601586381532943e-05,4.828899756939064e-05,0.02303566356324873,0.0529094296944467,0.4604879769422148,0.014830629287999046,LCO,4,81
-66175.63532760876,2.0738360666633295,0.0048496470959726555,15842.562338515492,-0.28744772071112834,-1.2125522792888717,-0.6136407070497003,0.24338068671829957,1.86020529683136e-05,4.318845694826857e-05,3.799376200612889e-05,0.00013109546520105773,1.7119516898037278e-05,0.09054202831976496,1.7526180919320227e-05,3.750548533565866e-05,0.00932272560477986,0.031437567930823196,0.2440181637451339,0.04090356127434268,LFP,4,67
-298044.4901041047,2.245763634270821,0.002306103533868431,91884.47204142032,-0.2995277830604728,-1.2004722169395272,-0.5804883256528438,0.22971186917288658,2.6324901197851472e-05,0.00018982160515646293,3.104737275475753e-05,0.0001472189697136303,2.5670408582914948e-05,0.09897231004041353,1.225775593556634e-05,4.9127328656773304e-05,0.018160642885337912,0.03223172739565285,0.2519513594793267,0.06532858747217675,LCO,4,93
-118404.8908865718,2.558550688938235,0.005775603511140056,16548.06209066304,-0.40091910578398426,-1.0990808942160157,-0.5657113278503596,0.2552249913472253,2.1144871331713507e-05,0.00017409555012134695,1.2474636036659326e-05,0.00012701473289053158,1.7563912242488364e-05,0.09755880121221341,1.7003995411051643e-05,1.149846771584432e-05,0.01095811239443608,0.1464445840307123,0.20456441240224676,0.013279675716681313,LCO,4,46
-80765.09377136793,2.1565749429729144,0.009626762773970357,24528.147405345826,-0.3144905636790334,-1.1855094363209666,-0.7324255064479339,0.7313303438457001,1.8550272357775185e-05,0.00011343681659133697,3.808049241020479e-05,0.00013147324085085137,1.711947925136271e-05,0.0957057814084201,1.637519935487736e-05,3.7990755877228776e-05,0.009206560001732554,0.010585247392429243,0.1575211183927594,0.02946812776687744,LFP,4,94
-23385.795193176844,2.273232089370524,0.00503062965609752,5036.766973363156,-0.3080310873525782,-1.1919689126474218,-0.13679021918438872,0.3534299941453074,1.915760123647706e-05,0.00010975660734257586,1.598626306942115e-05,9.085508837675718e-05,2.149706636166366e-05,0.07173249889516578,1.8974718747955015e-05,2.9072928913412897e-05,0.005629914843017419,0.20780907867452209,0.5608328664112991,0.0245678357297901,LCO,4,88
-111599.20626907222,2.3895987810581194,0.00312656498102624,20613.983315473713,-0.3183192288195329,-1.181680771180467,-0.40333459773804936,0.213353290429984,2.8416253089958984e-05,0.0002277039637010004,3.117544886683808e-05,6.566019378107425e-05,2.5620591785616356e-05,0.07204856617917399,2.4382013960589613e-06,4.896147444954726e-05,0.012290776300164376,0.2775978907497241,0.18541951011526567,0.06364800139696092,LCO,4,66
-383756.64605039184,2.2606673954214576,0.04849096177820914,13015.22675496919,-0.4324675689410249,-1.067532431058975,-0.33469585787788614,0.31570049810492445,2.672961885808118e-05,0.00010608149509166489,1.753755868396957e-05,0.00014745502903362785,2.736596249326084e-05,0.09291204504558485,1.7612653656368626e-05,4.847509396004472e-05,0.024180288965139032,0.05828150340381945,0.5221923657085153,0.014830273009779113,LCO,4,9
-463027.0288306509,2.4900076515313336,0.003702272173289177,116845.38702204984,-0.37740526384508577,-1.1225947361549142,-0.1316428510673311,0.31760666862763887,2.971476551783322e-05,0.0002209750964883229,3.1845182924800156e-05,8.419091662267761e-05,2.942021835355106e-05,0.09280992246714147,1.9753841572767744e-05,7.340531641788542e-06,0.024933838818241082,0.05303154748888432,0.4599024044587087,0.2854231969850759,LCO,4,81
-318481.6434617622,2.1043972541538913,0.0044780331823670114,92005.306503468,-0.3671310378062067,-1.1328689621937933,-0.39408685343991945,0.31668228687552774,2.9539843039380885e-05,9.293265666273333e-05,1.3781810487943294e-05,0.0001470070231209638,1.4688117964633364e-05,0.09659126293986467,1.9900560010376124e-05,4.745428225885174e-05,0.01953015323022676,0.05843285383061124,0.4627594244799334,0.014720868249536013,LCO,4,91
-527855.068551033,2.2972055608668147,0.05078602284846751,12252.44685180965,-0.351369277286409,-1.148630722713591,-0.3209857793487493,0.34748992019442826,2.683660296398088e-05,7.495871987199316e-05,1.3559586444721701e-05,7.302959906082228e-05,2.6451242117305044e-05,0.09291131993898559,1.8127354913820624e-05,3.296965504004889e-05,0.024381763788921085,0.0713799620155694,0.5233052633804114,0.014328995255270004,LCO,4,9
-366033.48433829844,2.433018605293406,0.00236158788115585,152998.79770299303,-0.40697059407329483,-1.0930294059267052,-0.13418094890362242,0.25453404728497026,1.254918465429665e-05,0.0002207472918867662,4.029576375511122e-05,8.39044833539684e-05,2.9228388564580246e-05,0.09673714091015491,1.7493725393273135e-05,5.191331929933091e-06,0.024843640443733286,0.08247256926989174,0.5998124044161381,0.11353407741034771,LCO,4,98
-15923.697665424066,2.082314946600502,0.004618059470933088,5860.924117714721,-0.278127617586696,-1.221872382413304,-0.7490716734643909,0.23129600460934374,1.3820213647841702e-05,5.373941275896016e-05,5.2582610148358133e-05,0.0001164116109560724,1.653981379201267e-05,0.08639223798111345,1.958324555219077e-05,4.183698569396564e-05,0.005603424939541891,0.042345069283983516,0.11995794579619751,0.018625311455428197,LCO,4,67
-278691.34807929303,2.0823533745127816,0.004304650331209919,81224.22943984295,-0.2994699374497749,-1.200530062550225,-0.18920181554396664,0.20387713967912366,2.9032214538816094e-05,7.504530387521462e-05,3.104150859310394e-05,0.00014199378026582307,1.2048811051024766e-05,0.09275338699366356,9.688622164051609e-06,4.8970076585869605e-05,0.022535352246628622,0.28001568560053025,0.43178930741303717,0.028993191442465916,LCO,4,67
-278543.6878558856,2.149644421652301,0.019482070094632174,20937.66782151025,-0.3282025296842086,-1.1717974703157914,-0.40365083592049833,0.31602528119992035,1.7757617268907456e-05,9.293600304877871e-05,1.1325064780036801e-05,0.00014969622732141668,1.4764437025589809e-05,0.08821671010736848,1.2586792407478754e-05,3.886226900657208e-05,0.020940535126088407,0.2595105619564707,0.24275415215915908,0.02408444996387197,LFP,4,19
-75405.69514199143,2.6478455785758355,0.6297954549371881,2046.7009949070516,-0.6374947160779065,-0.8625052839220935,-0.2309129382399283,0.7833412344100381,2.110412843782848e-05,0.00019367659921755572,1.2016309072157365e-05,0.00012751593048817024,1.756380552545842e-05,0.04295467444908457,1.2348867599773381e-06,3.211162677611611e-05,0.018874460684509455,0.011702849239243317,0.595486941174958,0.0918972713458703,LFP,4,5
-384422.84909194184,2.14801271146473,0.0036879045608036324,120238.18073493736,-0.33879591338364,-1.16120408661636,-0.33099426522630393,0.32800309306895575,2.9999915449083043e-05,9.592647980354141e-05,3.1173194659790126e-05,0.00014967661336782835,1.2236703753781454e-05,0.09643556761288269,1.20020959237864e-05,3.864922728740174e-05,0.023535551720521724,0.2202925342184188,0.31162992756866914,0.06708327298660821,LCO,4,82
-763840.3625217667,2.1361413249356858,0.00949985591003676,38689.751170606956,-0.18190075903347314,-1.3180992409665269,-0.31326555699908754,0.20000881194834735,2.1388341191919043e-05,4.56422397798612e-05,2.198581739862716e-05,5.469190816043802e-05,2.2701542105589844e-05,0.09918169813907637,1.9893086431184086e-05,3.2295219950181015e-05,0.02441931148981726,0.03654774533012807,0.42979921899993384,0.15038747867085056,LFP,4,27
-139732.2153088685,2.0640588212112605,0.00401662570458801,46197.24212977681,-0.32656906995539714,-1.1734309300446029,-0.31170490169666243,0.3995165615516471,2.7046867357645408e-05,4.533384697835752e-05,4.6499357268182035e-05,0.0001445974483164276,1.832717160173179e-05,0.04106259516275797,1.7632913166105842e-05,4.988403552643372e-05,0.0214061045886277,0.01140835160092197,0.02270056757869572,0.58418617912372,LCO,4,92
-7091.589719495923,2.085906392819157,0.004525536344421557,1685.2390399329508,-0.3020548049965104,-1.1979451950034896,-0.57048188332918,0.2040512994054243,1.8988657841926174e-05,7.147237564298094e-05,1.0136984002054037e-05,0.00014827680391664167,1.6682156927720304e-05,0.04828499743901982,1.4786715725676748e-05,4.871529490291826e-05,0.004343074350757379,0.014534255330497665,0.21557149133927794,0.12941237000104444,LFP,4,62
-142213.18465249767,2.0830416385364985,0.004059960161838831,42078.99322044925,-0.2997595066179066,-1.2002404933820934,-0.08946036061156293,0.23830894697379293,2.6826581808972948e-05,7.761288051948437e-05,5.3220798703367653e-05,0.00014612427038536324,2.2104993699733745e-05,0.040053563521947444,6.501835676191201e-06,4.637407017170287e-05,0.021425858471213498,0.23160991069053055,0.02393425792968959,0.584995470768217,LFP,4,93
-460265.8367005925,2.5897554622124894,0.00608723153539217,47614.50420407511,-0.34982921734999195,-1.150170782650008,-0.7429511041681411,0.22085225031386763,1.7033089774228203e-05,8.848453612992767e-05,2.6923370079487583e-05,5.304147906087073e-05,2.8264715949947947e-05,0.08307595984508455,1.3431036665203948e-05,1.440282547344983e-05,0.022836489582677654,0.12867167665531798,0.020362946816958827,0.03801427235958214,LFP,4,37
-4995.252653767284,2.055363663285054,0.024590878045355383,883.6422570306861,-0.2630673706414335,-1.2369326293585665,-0.5272687558982263,0.8544063153580735,2.9779761577437203e-05,4.048449551244207e-05,7.396558194330951e-05,0.00014772636140380046,2.9999442111174437e-05,0.048327875165887275,1.6514292653351668e-05,4.8477411968953434e-05,0.004026099142372055,0.10909738230646364,0.06036432688728651,0.23326953490802357,LFP,4,40
-318073.92528063466,2.309237461522752,0.004390920121536279,44096.11551887536,-0.3300432463839904,-1.1699567536160096,-0.17645560152334527,0.21419441415556112,2.64804676733978e-05,0.0001968421607551084,2.2699104840453482e-05,0.0001362012795847095,1.3903180712721285e-05,0.047484782634849065,1.8871651138904137e-05,3.645203792703865e-05,0.02424837211006043,0.06224048126512653,0.5495827683673937,0.1417211488441345,LCO,4,60
-248435.95454656606,2.108125655555797,0.004890785560471543,62219.93297828033,-0.21244242319727036,-1.2875575768027296,-0.3130439711946149,0.40327109466907235,2.7056652539289618e-05,5.614454208979362e-05,1.4834560847364265e-05,9.613810094728992e-05,1.6699928328405782e-05,0.05233286098378802,6.786261339725111e-06,3.259850315180688e-05,0.024130402551935104,0.010413882023335343,0.021839746208632847,0.5847024005734169,LCO,4,80
-262031.39743619077,2.168844404149123,0.11799661247784202,7687.997280565808,-0.3592446871279975,-1.1407553128720025,-0.21327537167969968,0.2972343517311897,2.6156187809856525e-05,4.205653292533211e-05,1.0562716199268204e-05,6.867188889223389e-05,1.6366740773193355e-05,0.08814558400128411,1.7618068537679146e-05,3.975272211059372e-05,0.017735072690075966,0.022322907703770448,0.5607973111934286,0.1336044094231013,LFP,4,12
-435315.04014925135,2.1428738663701905,0.0028820828053547935,70063.16977055241,-0.3122932532554987,-1.1877067467445013,-0.26413840488173246,0.24352292702127576,2.540787738713346e-05,6.595084787449787e-05,1.5763530767103084e-05,6.999900343014365e-05,2.0867740199097828e-05,0.08972073137314554,1.6057772959590308e-05,4.5803337644480126e-05,0.01988819619003458,0.16603375955579924,0.20480799760814222,0.2950198379543262,LFP,4,81
-144363.9245184098,2.080930195696919,0.0047151849030938565,51901.7730872062,-0.3303638798768649,-1.1696361201231351,-0.7745889521645277,0.40046796594030853,2.7060139368987666e-05,4.513139082354314e-05,2.3489531556784393e-05,0.0001442310991944825,2.986004142629302e-05,0.04669933083069646,1.7633114062981596e-05,2.97269130112534e-05,0.021029132342013906,0.010588975123725926,0.017584254332392246,0.12723781837935422,LFP,4,84
-281294.7211542706,2.484224404291967,0.002055399009849984,71521.4686269274,-0.2713075651191623,-1.2286924348808377,-0.5619645571340858,0.2000035083862515,2.973165999096371e-05,0.00024219885459278475,1.0173840775577954e-05,5.6693342454456666e-05,1.3629286546690055e-05,0.04859044070877003,1.779636483477829e-05,4.1580032429487195e-05,0.022983234126931547,0.3053491307829094,0.03277176918436903,0.029914542898635876,LCO,4,90
-214315.9352861209,2.1840991760368467,0.004697613209169628,42173.569992049735,-0.3392040752008292,-1.1607959247991708,-0.00913683177795288,0.4635806249719575,2.770490009134276e-05,7.521598098421799e-05,1.1825525071961038e-05,0.00014500052817561227,2.366568224189635e-05,0.041005887139523994,1.756780342966594e-05,2.207632533168036e-05,0.021676444584436245,0.06209692341244951,0.2714104190610027,0.5873558257485949,LCO,4,94
-468328.0347066653,2.1659632759449745,0.0028974975681721267,74022.85384113523,-0.29030604496892387,-1.2096939550310761,-0.38743660337325314,0.24292860122384458,2.7804198454537377e-05,4.507863511678334e-05,1.2586896044636853e-05,4.392457731500679e-05,2.586643304126633e-05,0.09004799739676507,1.5971649375843124e-05,4.72355385203467e-05,0.02104623040777449,0.08311578451008135,0.08513123854228345,0.3743163735743821,LFP,4,81
-13895.729525000226,2.385690898054669,0.01445341132226282,922.8538924617087,-0.3377239906386471,-1.162276009361353,-0.6223027918858497,0.3114320870278209,2.834820973217694e-05,4.560384020363717e-05,2.0397303747376926e-05,0.0001378265576446682,1.7130071727723513e-05,0.06142040192026217,8.979361380843883e-06,7.314179224058193e-07,0.006309981112464827,0.0719183181919577,0.051312564979301145,0.1844663249428915,LFP,4,13
-36250.890427432125,2.1345412030603925,0.010520364598070877,4741.647758855364,-0.30566332438555754,-1.1943366756144425,-0.5896806826331495,0.21416736255829238,1.4718275896428733e-05,5.6011672676722934e-05,6.424902093272813e-05,9.355638625551683e-05,2.998253343849332e-05,0.09693583949177413,1.9800783672474594e-05,3.872653977282921e-05,0.0070027780029332815,0.07209718465043778,0.11041442698344403,0.1578077057329687,LFP,4,34
-39792.80569102151,2.29470301918426,0.006442646437219805,6488.632903655225,-0.3618310558037994,-1.1381689441962006,-0.6232758412178371,0.25979792061739565,2.9358287618192323e-05,0.00013243983496763145,1.7561273596652217e-05,0.0001385904607471921,2.841855163207878e-05,0.06963184828993316,1.7435279222597638e-05,2.2959236067930928e-05,0.008469840743361648,0.09560495784341651,0.15624344212810823,0.054875758810638206,LFP,4,44
-394162.1668664026,2.0835094530086793,0.01575018558442728,24170.141219787176,-0.35040512171531724,-1.1495948782846828,-0.08397211920549463,0.20094389857627631,2.9676376082460484e-05,5.0126220923771025e-05,1.9219035530477737e-05,0.00012633750600994282,1.6944874959210162e-05,0.09787286533711546,1.225910890766648e-05,3.7183860940185706e-05,0.024890381536602696,0.04251762008075369,0.5497578802055834,0.25375238050816834,LCO,4,17
-198367.73991501026,2.4133181983044563,0.009725828239351255,25602.51906514196,-0.3395069410177971,-1.160493058982203,-0.6104630897390148,0.3929265785887882,1.9006696532236975e-05,0.0001389986529157674,3.9754360798559695e-05,7.996042276337307e-05,1.4176883575513937e-05,0.04007940679606038,1.997806593849427e-05,3.127881656768953e-05,0.019432388764806813,0.05506673982901476,0.21793547857603882,0.046534691855931704,LFP,4,55
-174077.94946044037,2.1185695000608975,0.002388481215965919,60186.08147891826,-0.29781075845848193,-1.202189241541518,-0.6125298870835506,0.2528232631727548,2.7026291710701217e-05,6.155167648843296e-05,5.3220203314117836e-05,8.33404773382315e-05,1.692373100669898e-05,0.04907447125588124,1.8628081410419427e-05,4.630894850760659e-05,0.02068970370054475,0.01637568007386725,0.012823079178411662,0.28827135366417056,LFP,4,99
-34226.9846272145,2.17487885825331,0.12932497874361004,3485.021542304043,-0.41477674886291993,-1.08522325113708,-0.6322717541441901,1.0603668074135202,2.8939730607185653e-05,4.5134331273248076e-05,9.798224533373244e-05,0.00014772860503625573,2.985972969635196e-05,0.048339328750031774,1.6011393112207893e-05,4.983724612009066e-05,0.011312621702203592,0.10984627347627787,0.06120647994626913,0.12667549243326293,LFP,4,19
-214879.88307943108,2.1034263829827706,0.011057476762234546,29839.607679906632,-0.34067481515794995,-1.15932518484205,-0.7627260338428287,0.27604764849362645,2.707036785146288e-05,7.384842140503646e-05,1.2317961729724349e-05,0.00012609301920962643,1.3690086362295924e-05,0.04903043552911463,1.8260112891114728e-05,4.634856147360562e-05,0.024796324220820308,0.017586981988101866,0.061407618180860934,0.08827936598820858,LFP,4,32
-135702.83419490006,2.296103226044646,0.2332959489617767,2881.4920092670827,-0.31581271983457704,-1.184187280165423,-0.740311567633337,0.20020733129792484,1.890081042732071e-05,7.32138483247837e-05,1.274748186232788e-05,0.00014939695791150374,1.3832575505864041e-05,0.0793451026558925,2.3680568266282165e-06,2.5170601016676566e-05,0.013768755540866682,0.05883784858166838,0.05844968358446945,0.07240090020052514,LFP,4,6
-388232.8036784786,2.2533167853651705,0.03745039152044523,16209.765060007288,-0.40119728390827447,-1.0988027160917255,-0.6107958112641976,0.253681064035466,1.6958888733977693e-05,8.85462419320853e-05,1.5743725247790813e-05,4.51857280362548e-05,2.0750654777519808e-05,0.08985162051317344,1.710441236665409e-05,4.3741415238524677e-05,0.019859890537116644,0.12656785063538642,0.08773330147408966,0.10490303662632632,LFP,4,16
-159086.59424507624,2.0864539674629143,0.012747815697803299,27602.43234293285,-0.31060129325366326,-1.1893987067463367,-0.5887738299413247,0.26738288615748407,1.6603569457147405e-05,6.17236258822802e-05,2.8684193337664395e-05,0.00014083775772140796,2.8120752039938934e-05,0.062316110635518986,4.82558033229202e-06,4.149380177252415e-05,0.02067245645943717,0.026149102116551064,0.02448474073732603,0.29059232720479833,LFP,4,35
-49015.841812580555,2.5620305162081416,0.002516073559467403,13506.974138925749,-0.4079764987757297,-1.0920235012242703,-0.5652763176876108,0.2082930385055909,2.6265711425171727e-05,0.00015184841227911027,8.206605572081092e-05,4.2817928381423414e-05,2.0547103461645082e-05,0.0457602200974466,1.6554487372373576e-05,2.983628008871875e-05,0.010422261637494774,0.05080900132888349,0.26902175433088255,0.04489292665262325,LFP,4,92
-41169.940183103456,2.24617181253958,0.0040656731997655935,13996.836219590501,-0.196956636534523,-1.303043363465477,-0.7711549575218314,0.260118017601624,1.4028078662069744e-05,9.870464754360813e-05,2.0832860520292064e-05,0.0001225601648095862,2.839674982971682e-05,0.08288098061284314,7.296107931280293e-06,2.5569757036964903e-05,0.0074837881741538805,0.08717767782188422,0.0583524375249722,0.013314927131312226,LFP,4,95
-372191.77752826805,2.255929801375496,0.021856617745131528,17975.57142299588,-0.3732773641425915,-1.1267226358574085,-0.02206163896855262,0.25376776635356624,2.8862779306789933e-05,7.238843967988636e-05,5.4382716645976064e-05,4.4681236555214166e-05,2.015238432636153e-05,0.09247149045490202,1.783571745617252e-05,4.259467269455121e-05,0.021442750856927324,0.23236669581273295,0.08820756792650385,0.5873640972922106,LFP,4,19
-48069.12783782925,2.2468233524224637,0.0028684221379833945,14659.741967794465,-0.294194064790096,-1.205805935209904,-0.5542543125194226,0.25846197668086346,1.6559937183801316e-05,0.00010144782286476414,2.0863252180478333e-05,0.0001161758426770251,2.6337494780276438e-05,0.09239108564719625,7.244146284421948e-06,2.5681872373795584e-05,0.007494220728554879,0.06467398976881342,0.051301216960314,0.25977048075145004,LFP,4,96
-80803.83608211626,2.1199539427742473,0.0037904808448016272,14772.184375084353,-0.30372181776194473,-1.1962781822380553,-0.781739862881306,0.21233328415207203,2.7804500415527094e-05,4.501829794386941e-05,1.3483362550247137e-05,6.879558087776465e-05,1.7047486930060063e-05,0.06643953362046134,1.6814704746752565e-05,4.371394795908157e-05,0.009626448115821041,0.01627405097931458,0.08262719077547248,0.04935889536390692,LFP,4,85
-495892.0293579843,2.318788941991018,0.002206834387420018,188078.4347429376,-0.3222597520350057,-1.1777402479649943,-0.666512030134017,0.2007192716161917,1.2799847645087529e-05,0.00023060885135260222,1.3628418326427567e-05,0.00014547169788278955,2.9922910132944947e-05,0.09550799902913004,1.8178965847631587e-05,3.800397905674162e-05,0.02499999860658059,0.07657444286321669,0.15278863068536122,0.03412489631740509,LCO,4,98
-19916.525040208526,2.225811889784177,0.007560637230124402,2896.946181503131,-0.20049259877426628,-1.2995074012257337,-0.8295286003728286,0.26015947842161524,1.9141573335416972e-05,0.0001107436859681021,2.579656111340642e-05,0.0001390601170367061,2.137775114286165e-05,0.07900059712585646,2.7334017021920753e-06,2.5686227004572523e-05,0.005424605210963768,0.027870781964274526,0.059559108761141254,0.013041508901755709,LFP,4,38
-548112.8081569242,2.490974340617513,0.006853551969012455,54036.96774271458,-0.26698044365068974,-1.2330195563493103,-0.8759674563680128,0.27621946623174864,1.9143677835299696e-05,7.433683309899459e-05,2.6944269797494646e-05,6.765413847003942e-05,2.1001503136356923e-05,0.08493725552401873,1.3562459275929716e-05,1.3930220740364962e-05,0.02340569207403874,0.02203280487795909,0.018989954142786387,0.01300978461124176,LFP,4,37
-79396.6538293173,2.0645388080668865,0.0030140813634510818,21994.00646742968,-0.2936074577079406,-1.2063925422920594,-0.5810068204544819,0.2123301323642677,1.8879506161082564e-05,4.407554320890693e-05,1.3461048017654252e-05,0.0001484123805564015,2.2577661872416623e-05,0.0939235792951178,1.747300940263758e-05,4.872855489706298e-05,0.0096692966643089,0.017510951874190696,0.28058393025048844,0.05089829742083898,LFP,4,86
-761044.6256317224,2.099963640415127,0.010982154233883675,34387.43586478663,-0.18190075903347314,-1.3180992409665269,-0.2811456451563764,0.20227984792127593,2.0085637962604678e-05,5.0656771777109415e-05,1.9035827326580982e-05,6.198456066315853e-05,1.8176528523530124e-05,0.09419054369716447,1.5871730836871684e-05,4.854353370537531e-05,0.024306708672184728,0.033632475478562754,0.5331445523111292,0.08207732705393166,LFP,4,25
-349152.8292503063,2.142501865781568,0.004578064554286089,54454.79802462578,-0.3284737396069577,-1.1715262603930423,-0.23800900541887837,0.37335378913921785,2.6498017508135478e-05,6.670372756308147e-05,1.1685432722489201e-05,7.063114277850745e-05,2.281302538937087e-05,0.08972335778453847,1.5317940360255568e-05,4.800415969664113e-05,0.017670348173525082,0.013620748445977063,0.5648524158852388,0.11351783024990582,LFP,4,82
-499186.76746137795,2.2758358910082306,0.0029713746938836946,71867.73404789476,-0.2699811245781838,-1.2300188754218162,-0.24964992651411078,0.252527653912968,2.7806437944579186e-05,7.54882604899109e-05,1.2595413697263142e-05,4.2015182333851797e-05,2.5925115126274772e-05,0.08735446009656272,1.8330456440909953e-05,4.8608913988623995e-05,0.021018635062139465,0.08315142371451605,0.023309319790814253,0.573889329980559,LFP,4,81
-242757.69743701987,2.139338001564914,0.009968054132199042,25349.792852509276,-0.3246266392825472,-1.1753733607174528,-0.5510548089201284,0.27641805223124966,2.713889758516308e-05,9.413226688512407e-05,1.232208035666302e-05,0.00014369859378663243,1.753219942804395e-05,0.04914327304670719,1.9465673028697065e-05,4.683767680284761e-05,0.024316695212283374,0.2520651184953426,0.06140732777749812,0.065472744807031,LFP,4,30
-167574.18189486212,2.1043897410753045,0.0023972589185365773,57877.56832137106,-0.2714994481704309,-1.228500551829569,-0.5027874885460542,0.2434633899630057,2.8255804167859527e-05,7.627716023239e-05,3.1173111145395575e-05,0.00011676491304581067,1.7161769077480778e-05,0.05070691686140727,1.671482097224137e-05,4.466403091950067e-05,0.020122907630676527,0.16917855387612618,0.02531701642127838,0.23271694115654132,LFP,4,100
-44960.19317256098,2.2561988671956033,0.0023754033434003345,14705.312492854278,-0.3146516430191433,-1.1853483569808567,-0.4605011180868893,0.21176463062080367,1.891626557223351e-05,0.00012507973176652807,2.00960547939502e-05,0.00013764758611645915,2.647287958274178e-05,0.09238920157792593,7.169363212408206e-06,2.552828172759197e-05,0.007493299333975353,0.02298254944072396,0.38831411425795603,0.05820221821443071,LFP,4,99
-762667.2834443004,2.138166456939521,0.011708826118430698,31368.80316027265,-0.2209635890822419,-1.279036410917758,-0.2416389860025121,0.21708162716054838,2.5186153677852798e-05,4.0842497174087753e-05,2.63857337992404e-05,6.344374463647375e-05,1.490254244398941e-05,0.0951816251621113,1.6837535908062754e-05,3.240916067599173e-05,0.02392021382953154,0.033631469616309265,0.5852202225410439,0.06950932184013484,LFP,4,24
-306891.71411819296,2.453906601763459,0.004632351718145914,22962.050340316942,-0.307414604102183,-1.192585395897817,-0.46355628055644776,0.20882612008352414,2.714351366983506e-05,0.00010648638403564843,1.3741149532722179e-05,4.872720462667096e-05,2.0523277427173746e-05,0.045771064150026,1.6474341047089e-05,2.9836436497468833e-05,0.02234752984924992,0.05076923941953723,0.37041786397743337,0.04525661604658167,LFP,4,38
-94919.25223665062,2.171651014671776,0.03548322130201833,3335.7621440765047,-0.3695584470786226,-1.1304415529213774,-0.2777828015526739,0.23248257738228867,2.1356187156973716e-05,4.615068422175236e-05,1.2692030777029759e-05,7.795482106077623e-05,1.3540938037802188e-05,0.05130633053562947,1.6402988714301227e-05,2.967734549326288e-05,0.014720746580884944,0.047189152109027785,0.5138555293439361,0.0911725169943624,LFP,4,12
-12430.06649583503,2.2515155983199873,0.0033886077990829917,2016.0618604595097,-0.16068823123222487,-1.3393117687677751,-0.1579741779221594,0.23921289166745235,2.9123675641191166e-05,0.00011176793704701304,1.2170490463271166e-05,6.766105763526008e-05,1.6261248429611544e-05,0.04795738870557921,2.274208539641739e-06,4.77675557975633e-05,0.0048299701521995995,0.04772569782308102,0.5231003935634788,0.2011997306912809,LFP,4,75
-268484.63526243815,2.1468314235855797,0.005018317212807667,19804.898765001406,-0.3500669132247598,-1.1499330867752402,-0.33916342335293315,0.2189790277247915,2.4434808667870307e-05,5.1552909091022e-05,1.1607972864727474e-05,6.458847056345193e-05,1.577044794976765e-05,0.04084544444052375,1.6480937148088906e-05,2.841716402714372e-05,0.021350435408041137,0.16158335786695616,0.37364642570677925,0.055606793073331454,LFP,4,43
-402420.90658758266,2.165163000824873,0.002926785094250074,94326.64848242573,-0.25062614690961027,-1.2493738530903897,-0.7761329102808937,0.25253480489853103,1.8893548633476245e-05,4.314573266951772e-05,1.0291377983314778e-05,8.726299760832508e-05,1.5953612971859768e-05,0.08351584680254828,1.8276542636260036e-06,1.9744993761630765e-05,0.021111113058297944,0.027438380503718718,0.05783010445625847,0.06859860475912918,LCO,4,84
-20294.115740196743,2.4145035004844178,0.007309633017468175,1499.2209281410255,-0.33617192733080437,-1.1638280726691956,-0.3643144939874612,0.2057307420881863,2.694028669371954e-05,0.00013391250441809668,1.102798365874557e-05,7.833037438858493e-05,1.9677022881764004e-05,0.045826021455843816,1.5096219068576506e-05,2.9952459377146305e-05,0.006194761883932887,0.05082425156983533,0.3016672598181738,0.21319399462452973,LFP,4,32
-25114.963242140264,2.156367793642915,0.004509842359559494,2959.464797369917,-0.2994710540800618,-1.2005289459199382,-0.374474611048093,0.26399325978397303,2.858772646220023e-05,5.9472310682469486e-05,1.0430881229552351e-05,6.76427714383667e-05,2.5267671229250324e-05,0.07216877499089584,1.5203522127295223e-05,4.7651302398620835e-05,0.0048877836429140524,0.0555863602857962,0.48359760310969657,0.016341425556414234,LFP,4,71
-70712.89306719383,2.589742118438937,0.007827430004073781,7535.324872232996,-0.39819920318154267,-1.1018007968184573,-0.20364739306954205,0.3155115871951257,1.6780309747595474e-05,0.00013802967575352588,8.02747403469901e-05,4.384552806798234e-05,1.2254589987008326e-05,0.06659159594490308,1.7086087955294566e-05,2.8967462435187323e-05,0.010373638215311173,0.04487417042492396,0.5921668528381749,0.0893115836673591,LCO,4,39
-184431.1946932652,2.1696943178342156,0.035539732713506855,4195.128123441936,-0.314046910590573,-1.185953089409427,-0.28966012920666595,0.21688204045130413,1.9443659407949566e-05,4.619066530266565e-05,1.311680661445267e-05,8.463271791700987e-05,1.3528974232624188e-05,0.09522470169862765,1.639399773499556e-05,2.9569526860085257e-05,0.014680300175404112,0.02752150523221453,0.510168153848589,0.10265021171253048,LFP,4,8
-487458.9975903878,2.5485334259331704,0.0036509983975353297,64796.645042960954,-0.3461377709577782,-1.1538622290422218,-0.21495957223170148,0.2611728050695313,2.5615414401532005e-05,0.00014240006888438977,1.2225339470568054e-05,5.128635604041456e-05,2.8497563627013722e-05,0.08911029251858446,1.7782482746045565e-05,1.5708523113636226e-05,0.020605714308676002,0.07452036217080621,0.479843491564357,0.1606765740331354,LFP,4,70
-445233.05819140153,2.0868800133702146,0.002315357380148365,124062.93822766047,-0.21860903396752462,-1.2813909660324754,-0.5410717813250844,0.23329989668571027,1.8897059547225036e-05,4.089126280304407e-05,1.0605770492980559e-05,9.988094481016763e-05,1.4468437871464047e-05,0.08978193922512867,1.8072191871100148e-06,4.0383932038623766e-05,0.02245680356401812,0.02477451491304607,0.2772677639516256,0.08688593981024403,LFP,4,97
-21758.7188275204,2.129243234415084,0.004393096898884259,4775.041423973719,-0.22372709937278046,-1.2762729006272195,-0.6654244440063657,0.22738764714400644,2.1570515439003747e-05,4.0430179256546446e-05,1.237580015220079e-05,7.846028697563151e-05,1.3022710269361938e-05,0.05102631900685442,4.593315399541916e-06,2.9615562978996744e-05,0.007381339647323528,0.033995628873277596,0.17770434766240073,0.05287557945795605,LFP,4,60
-14662.106728323284,2.3969858742773393,0.021310825242029284,422.20357929560504,-0.2874796653621612,-1.2125203346378388,-0.766710587720743,0.23321665476613518,1.5524556196960988e-05,4.018221321546672e-05,2.205188861258974e-05,4.106058996055645e-05,1.8288801500387142e-05,0.050917551665992586,1.0317630852250712e-05,5.863508314403946e-07,0.004703973595865164,0.025825269747312835,0.06808237456725234,0.06938176796469185,LFP,4,13
-64541.97090850965,2.5555367213331155,0.003026112714647962,9461.801434818895,-0.3497268922004473,-1.1502731077995527,-0.1989016871055319,0.31986999464984295,2.688366988759698e-05,0.00014101324741536042,1.340500434122282e-05,4.4734999661585785e-05,2.544096291485115e-05,0.04728279903264109,1.605465879594691e-05,2.9161134143551228e-05,0.009110305614928604,0.04781461771299572,0.5936236375686569,0.08966005761281552,LCO,4,99
-254783.17111841758,2.30283849316888,1.1015237140520802,3118.035635252504,-0.29866018070617883,-1.2013398192938212,-0.2678538175209124,0.229465412700506,1.59199254066092e-05,4.260582935347002e-05,1.2284049878875491e-05,4.44354857723102e-05,1.6332558544975982e-05,0.05042241903953569,1.0263036900095448e-05,4.409622779345814e-05,0.02257482699195724,0.058786502202900985,0.533402627088225,0.06995705318796179,LCO,4,5
-105824.94140195851,2.214265648722466,0.0023244347324554234,16724.33007472345,-0.3752133254464951,-1.124786674553505,-0.26099583377641844,0.20328900830103774,2.4602474028377653e-05,5.413662653849817e-05,1.3247516260709345e-05,4.348489592555865e-05,2.3470687597086562e-05,0.07347054619336757,1.206938806037555e-06,4.1406633926977815e-05,0.010095898133441732,0.01200530779594743,0.5850965662094745,0.07190229221815973,LFP,4,98
-8139.37748785461,2.2920769869302333,0.009287717717656371,1277.4290807611258,-0.32089137822643465,-1.1791086217735653,-0.49910333419520314,0.21646178002565278,1.4484792691515357e-05,0.00018620717901390876,1.2405196124655056e-05,9.996101024372479e-05,2.6328535673631618e-05,0.04969693510452559,1.5107376508969092e-05,4.4293845742019065e-05,0.004865928778630974,0.21400580451636092,0.20320259369443047,0.013688267594005531,LCO,4,36
-115106.62714550461,2.3838982002147726,-0.0009059427375318089,17208.92786294098,-0.13780363138857865,-1.3621963686114213,-0.2661757991624948,0.2168996649302347,2.4814548046052547e-05,4.081200673751256e-05,2.1774560217219035e-05,5.0720537098147074e-05,1.342511980772596e-05,0.09617708967320292,1.686095109616137e-05,5.202790074601529e-07,0.017713737412041346,0.0268793863485577,0.579418091571944,0.05752672291700355,LFP,4,24
-11166.381524603003,2.199248418393101,0.037874886866755504,305.23365800443446,-0.21020969419735636,-1.2897903058026436,-0.2885500231712794,0.27661227691175516,2.5962170101142983e-05,5.9925224901037334e-05,1.3957715287662314e-05,7.983873450437895e-05,2.020591701880923e-05,0.044705652817850064,2.5882234387512773e-06,1.7770394692296496e-05,0.005031463580328383,0.026844737262572034,0.5830707604097247,0.031534479156423795,LFP,4,11
-378547.34697085107,2.068318310174313,0.00669062346999932,66055.7821448048,-0.3252752092771516,-1.1747247907228484,-0.3242099132497661,0.2669712260185105,1.2225031488543937e-05,4.422042300080178e-05,3.215219520308716e-05,0.00011651882955177035,1.6905602142532628e-05,0.09551057441585362,1.2605671678391185e-05,3.968566175192001e-05,0.023125252453096705,0.09835806281035296,0.4590995597578029,0.04833246418207804,LCO,4,47
-32938.864057966624,2.388758024517182,0.11411356237663096,1379.3925249758227,-0.5293301688880465,-0.9706698311119535,-0.24966690920856383,0.21390151843025232,2.9439942975262484e-05,6.890064879063776e-05,8.301313982725226e-05,7.837817361374716e-05,1.3381150310611943e-05,0.08507444418664221,1.735235796929951e-05,4.031854179431235e-05,0.007897841647516331,0.05789705904221838,0.5908265344524031,0.031609497296814726,LFP,4,10
-76487.36354599541,2.0652771554235647,0.002204697245429294,26584.275653158176,-0.1747623855022944,-1.3252376144977056,-0.709656813774058,0.20312941342608015,1.6229079829418927e-05,4.522492737035148e-05,1.0639476398617743e-05,0.00012654631416004987,1.3751978469809295e-05,0.08988829720717235,1.2025617332757723e-06,4.1407882961381024e-05,0.009852038655414005,0.011708637188390452,0.13694887031951225,0.07168567871803941,LFP,4,98
-156231.61413385166,2.773909987226199,2.508362337702763,1373.450580284922,-0.3674530309515056,-1.1325469690484944,-0.26741090367841136,0.21251916540019253,1.8723667622880922e-05,7.703554692910933e-05,1.2666527316154203e-05,6.090802798676545e-05,1.7498228236509066e-05,0.056598452164402215,1.6364442213596465e-05,2.9678504620829178e-05,0.02193263540244339,0.04398139891425126,0.5724051261437926,0.04620257126354488,LFP,4,2
-56925.57237479965,2.3183134616586556,0.003191961059936406,10452.284610636398,-0.3238629942112645,-1.1761370057887355,-0.20502561120844753,0.23916150834830896,2.9217248054717024e-05,0.0001384306961188531,8.088663346228248e-05,7.736578323803708e-05,1.352290296796056e-05,0.04732027595900419,1.653149678858472e-05,4.338158354716549e-05,0.010594640934371888,0.044746079000399085,0.5923049148121314,0.08792339497902206,LCO,4,75
-38815.938172407805,2.541808657728491,0.05729757629319263,1047.8250505308356,-0.4850855026713816,-1.0149144973286184,-0.3004350761261463,0.3589700070018633,2.0596152443491777e-05,0.0001795808274296639,3.6216616036010595e-05,0.00010321107910050375,1.2241017797111082e-05,0.06640101164620915,1.6393626707506e-05,2.895786413448961e-05,0.008421197053208483,0.0450223993942203,0.475881490430756,0.10866103404887753,LFP,4,8
-570007.8378814503,2.1073048766451423,0.002529162912861424,131880.5345680102,-0.26558258831918025,-1.2344174116808198,-0.6307246738772843,0.22755172442057403,2.4528264328077424e-05,6.089884790612803e-05,1.0304329085104971e-05,7.412307686086893e-05,1.80487722781591e-05,0.08067872326103763,3.0794647310337085e-06,4.423474638011034e-05,0.024338900047704448,0.0652195792015234,0.1623033081413912,0.07175243877980121,LFP,4,99
-4483.771436236625,2.0494833831553625,0.019029926746748,533.9942490321778,-0.3763880721980577,-1.1236119278019423,-0.3000910667809562,0.32819921163661414,2.5055191084017848e-05,4.006953999424356e-05,1.0169620983289577e-05,0.0001465024133633342,2.5239861735957304e-05,0.041473895238300626,1.429438515422487e-05,4.97110094018648e-05,0.00441564983682266,0.4930148198080616,0.05741299342979885,0.07948111998118332,LFP,4,26
-9631.478311327372,2.264747116359339,0.0028888808335819503,2013.8579376745463,-0.3357495432111506,-1.1642504567888494,-0.5367855580047315,0.280311089713281,1.8699160118043402e-05,5.213316812249294e-05,1.2006669535812414e-05,5.2016254823099983e-05,1.4598388658769164e-05,0.04785602274655607,1.636185006267461e-05,2.2685358435817767e-05,0.0042201173894035205,0.07033700963051234,0.13002580361639038,0.1928516287483658,LFP,4,87
-285829.2188392084,2.2230270714109506,0.0033203149462014527,52720.32838939855,-0.34109253107590654,-1.1589074689240935,-0.6556254059388065,0.23151944856769108,2.4529093067959327e-05,5.092490264866735e-05,1.023494089551329e-05,6.441818055269127e-05,1.5751417413141512e-05,0.05541984207723012,1.681663270359188e-05,2.1026045176828785e-05,0.02129948893987683,0.06487263551407987,0.1604259373073641,0.04907602123974958,LFP,4,76
-19842.960464179698,2.170818595377787,0.008705234564500687,1268.5600167218631,-0.24265799163675617,-1.2573420083632438,-0.2806379716921603,0.21414310911416662,2.5924009111216035e-05,4.0030704135431204e-05,1.3689000399340558e-05,7.993801864659834e-05,2.0269017080691677e-05,0.07602507225982344,3.865106210839412e-06,1.7695092254412035e-05,0.0049965072254268715,0.026377014815658635,0.5830691008464387,0.03991591264574234,LFP,4,28
-21967.72323046746,2.235790355777093,0.0031367176135829195,4811.976946287255,-0.25476336742640626,-1.2452366325735937,-0.5396743575820415,0.25409853468405585,2.927306282996009e-05,4.006582431763295e-05,1.3719960275227269e-05,8.007481964686606e-05,2.276395099502742e-05,0.0766444926536206,3.725023773164269e-06,1.5467604170778964e-05,0.00535921916250366,0.09071547189479967,0.10562712163671333,0.19398304888644557,LFP,4,85
-24271.213835618248,2.169863177277863,0.022635851828927335,1075.363935965911,-0.41140005068694663,-1.0885999493130534,-0.29389130669590513,0.3303122432083361,2.80048993971237e-05,4.953819896442191e-05,1.433016496344616e-05,0.00013801031635395094,1.71303161622804e-05,0.09943572331696157,8.98594961804416e-06,1.5023800241897631e-05,0.005655407855911658,0.06998878697493513,0.061134327036434385,0.5049855792927255,LCO,4,13
-391654.94875826867,2.420883595274005,0.08455281192007992,4827.757534021055,-0.4011279674485593,-1.0988720325514407,-0.17181278663507982,0.39415918505567554,1.590505118701546e-05,5.2660428076500504e-05,2.6252856665847355e-05,4.47924398055178e-05,1.7029407411802566e-05,0.09570246838041235,1.0082253651168028e-05,4.879517601028953e-05,0.022793765968728386,0.08088447261678164,0.5823203414939043,0.09498239925423423,LCO,4,4
-12751.101333773307,2.2837186070881503,0.002712343708937639,3996.508311844337,-0.32541061589365405,-1.174589384106346,-0.5101229673697741,0.2033696500001448,2.631897452388887e-05,0.00019926673298198487,8.413125711924604e-05,0.00012076089905252113,2.307245569833661e-05,0.054671612229977226,1.7325295857628755e-05,4.5084567176118236e-05,0.005155269745651973,0.05109151226236612,0.2812043499953546,0.08758117037250521,LFP,4,92
-533953.6721533817,2.1462182956493074,0.01846769165169564,26411.072175267334,-0.2793029416692434,-1.2206970583307566,-0.26087267490414034,0.4119266894080688,2.78315221926924e-05,5.5900376882383724e-05,2.1014345997648046e-05,6.349892858422516e-05,1.4722535888579133e-05,0.09456669589747341,1.68376368667492e-05,2.902273598008751e-05,0.021519953520723674,0.01876308107023879,0.5820073738819664,0.06835687014365441,LFP,4,25
-26317.208074823535,2.279254650773198,0.003654274787580306,5137.437011507088,-0.35402756457715157,-1.1459724354228484,-0.7923567751115751,0.2577808024435848,1.9678058572696278e-05,4.900212367860673e-05,1.6745821812713062e-05,8.974624051896212e-05,1.3510731587679173e-05,0.0938429916501742,1.6674043229291603e-05,1.1946975592588869e-05,0.004703634733428983,0.027520749087116197,0.0333574890058697,0.07676498679543906,LCO,4,80
-521425.5069968476,2.282369887174525,0.002838144184300639,91025.3398411771,-0.29588875335995546,-1.2041112466400445,-0.812191331124174,0.24811016160679336,1.8867022655467618e-05,4.269265907111003e-05,1.4820092796709909e-05,5.351550066703483e-05,1.651833057767941e-05,0.0785771350224034,1.6883841870298772e-05,1.572581145548167e-05,0.02171038831748058,0.014779473601742648,0.03478720954751019,0.06824198572657328,LCO,4,84
-7685.927964688181,2.200917300282714,0.021818742064599588,628.768019722563,-0.3468189243946451,-1.1531810756053549,-0.7547885033137909,0.23306369727936616,2.158335339258633e-05,5.279852831531956e-05,1.4460854288922127e-05,0.00010987678185216187,1.2738279333618386e-05,0.04846307654695833,1.9672122319799225e-05,1.706562137911751e-05,0.004704086025030008,0.02501549193446649,0.08419644672495721,0.06599955802678542,LFP,4,19
-8621.338355413833,2.356065758685032,1.953304576245442,261.28039421650567,-0.0688742203836874,-1.4311257796163126,-0.4626861952041643,0.2965446033274164,2.882634332710733e-05,6.924034425709109e-05,2.5911592473800336e-05,8.065054660144558e-05,1.827440056865079e-05,0.044388599463777226,1.461946983116549e-06,8.33434889285603e-06,0.004700517067912653,0.025362102507889894,0.37256824104163766,0.06938346124630815,LFP,4,10
-5756.51401884243,2.1325503650580506,0.24287426182486263,214.3499097497767,-0.3358587158708559,-1.164141284129144,-0.13949267875697802,0.39396271658438,1.8831693753987085e-05,5.2029104592506185e-05,1.4237865957927133e-05,0.00012342694524630497,2.614463417004299e-05,0.04850541411688502,1.9451806739997577e-05,3.934045427284683e-05,0.004031094564806501,0.4075175664650898,0.16933384545715024,0.21365590932078188,LCO,4,11
-763840.3625217667,2.119412249690006,0.01143441430649812,33594.62884833842,-0.18190075903347314,-1.3180992409665269,-0.33922474365051025,0.20756104232888556,2.6206926596928566e-05,5.290372740057175e-05,1.885044554246616e-05,5.8213979209772864e-05,1.3107796070817891e-05,0.095218429651727,1.649623165542861e-05,4.229375114586561e-05,0.02433050136674202,0.03346475617434598,0.5008076258445482,0.05650287433059567,LFP,4,24
-6507.767966093738,2.0909581885265336,0.0259811926396682,281.9644880637288,-0.3616053282185199,-1.1383946717814801,-0.26781056798709457,0.21666755821554307,2.9553787649558806e-05,4.016594440599583e-05,2.159545510210811e-05,0.0001397585325052072,2.9908369926189455e-05,0.0482773871358726,1.9119592373767573e-05,4.84700694996214e-05,0.004252946078477328,0.1193040781981245,0.05258594035522882,0.4902994134595522,LFP,4,13
-761044.6256317224,2.1417349479050745,0.01125884151935972,32941.044897781765,-0.2605550774127945,-1.2394449225872055,-0.28241174156127613,0.20425390735660418,2.6395506612531755e-05,6.262840155746624e-05,1.884869319142882e-05,6.172594097967173e-05,1.792577511916194e-05,0.09420232802547268,1.9291538052560438e-05,4.5845757880050986e-05,0.02444434525064353,0.03598399649580064,0.5336532859331955,0.07795097600972781,LCO,4,24
-328529.7752531304,2.5760657422946966,0.005381981015718968,67667.3949463043,-0.41609590304763877,-1.0839040969523612,-0.5303565816737361,0.2611145139942393,2.3920085752056556e-05,0.0001722725932197677,3.339431680003966e-05,0.00011523940984409352,1.7335469585298315e-05,0.09555788871559384,1.7528385260010054e-05,1.0323593899661633e-05,0.020218490846618024,0.033823667847827074,0.24460002361544375,0.12121972686299315,LFP,4,58
-6085.709827251003,2.0940602180500667,0.008595806161357319,476.59809962964295,-0.2808256687200359,-1.219174331279964,-0.06750983583781,0.216939117260235,2.8954741443635388e-05,4.2437688712066435e-05,3.467441785465224e-05,0.00012192369895549422,2.613832898136055e-05,0.04237413532935267,1.9458279681860668e-05,4.5770273856582496e-05,0.004029467885657277,0.1362712909283752,0.23699958325234183,0.48921928998147296,LFP,4,30
-138047.41056904133,2.2036108252997426,0.08799534737045626,6782.072908263361,-0.4021586328666782,-1.0978413671333218,-0.5053028107618861,0.27912195485933156,2.2816595905827707e-05,9.222358999056324e-05,2.8247962799876137e-05,0.00014491193813914328,2.6756071532915177e-05,0.07039722951513828,1.9715451319850426e-05,4.256295104727569e-05,0.01737935638199808,0.22028343532452022,0.023859754657501675,0.18055399925609206,LCO,4,11
-5485.542218454417,2.0293395992929835,0.0054659769440540485,1666.4380485514505,-0.2970026797528469,-1.2029973202471531,-0.33813376366784087,0.2134535551085083,2.959775936882007e-05,4.216680388550999e-05,2.5004223679458426e-05,0.00011964270727832384,2.9939281904634624e-05,0.048338244299674066,1.993338679548299e-05,3.601103824150107e-05,0.004930790760614805,0.4933845619715491,0.05257880828024274,0.04590286608036734,LFP,4,57
-763840.3625217667,2.1065759686769567,0.01125884151935972,34693.20691418692,-0.18190075903347314,-1.3180992409665269,-0.3342465894771979,0.20737585245376125,2.620693672195095e-05,4.795191836843582e-05,2.407191711859534e-05,5.827117367590351e-05,1.4498059447387997e-05,0.09521832943663576,1.8702000556929992e-05,4.233329286301165e-05,0.02427804411435464,0.03360993630484873,0.5005754265375844,0.061568047680369026,LFP,4,25
-5705.247811529304,2.0491574243369692,0.01819086774315272,966.1614442848938,-0.36913381283447144,-1.1308661871655286,-0.21136687379172792,0.6909142216918641,2.6871448204979696e-05,4.2112592638897123e-05,2.446757400098914e-05,0.00011223245143756602,2.5314862706095474e-05,0.047823395480724534,1.968689842264576e-05,3.603033289423979e-05,0.0044170013238028025,0.48585187185453904,0.05733534001003753,0.1754459143436956,LFP,4,43
-6507.767966093738,2.143385364191706,0.055464503124793244,230.16162701001346,-0.40385603818251425,-1.0961439618174857,-0.15281948940419254,0.216641660368407,2.9580481148085002e-05,4.8959192164130274e-05,2.1546366004186797e-05,0.00012800652425306217,2.6096628348074488e-05,0.04820300443228402,1.960685111623018e-05,4.9434737157152195e-05,0.004068702796402613,0.14364703493803055,0.05096265128451648,0.5825708243732605,LCO,4,12
-762667.2834443004,2.2138917417466684,0.032077186464937076,21134.95719927981,-0.3138289161392773,-1.1861710838607227,-0.3253779654967405,0.20756009524903163,2.9318154843365455e-05,7.276392002926148e-05,1.3301622573103924e-05,6.623795579194157e-05,1.2959923921132944e-05,0.09533576546976634,1.6462274148596422e-05,3.9988006681478786e-05,0.02432891141847838,0.03421370531895991,0.5008722670608551,0.0695360621234446,LFP,4,15
-4685.674166939852,2.0370570737329525,0.02108287746954116,702.0878996780103,-0.31014186251807097,-1.189858137481929,-0.025259501884813074,0.5012111644665457,2.9982199259668043e-05,4.220736565099848e-05,3.0249775671188573e-05,0.00012143762443546782,2.582424875251325e-05,0.04713120250006664,1.98176279926065e-05,4.591865997985559e-05,0.004708803493082867,0.5597057567764263,0.016160008446854196,0.3288747328919065,LFP,4,30
-5797.105512252582,2.0688633866270116,0.004560008753861882,1322.0248372773867,-0.25995329379531995,-1.24004670620468,-0.22081467652058306,0.26036217716511567,2.92849299647498e-05,5.2621536552247615e-05,2.2206772117850752e-05,0.00011502678344876762,2.613025342267737e-05,0.04007743953832189,1.6642013540124304e-05,4.5782301217568686e-05,0.004038170604013782,0.13325809028424632,0.01179322368871849,0.5641340095064522,LFP,4,83
-4992.826845177828,2.0274221249535445,0.0031557118723857564,1679.6129154897608,-0.2848856675569209,-1.215114332443079,-0.13199862353151792,0.20414397951659208,2.6814003749022124e-05,4.0268640607569e-05,2.969867678954015e-05,0.00012321331587244802,2.8597429045140308e-05,0.04676109619168347,1.8341445054881772e-05,4.98933724556434e-05,0.004518088309313883,0.5455360004225199,0.027870771582467355,0.22459460446349483,LFP,4,75
-757931.2448478902,2.1277090118853774,0.0302398928077237,24177.169014794647,-0.15230207602678902,-1.347697923973211,-0.2824935748496855,0.20003401630474316,1.9960977708795505e-05,4.758965889390024e-05,2.581469120964401e-05,4.75209796400698e-05,2.271984674087052e-05,0.09876322101093948,1.8547876812080732e-05,2.678491758364362e-05,0.024420783722117315,0.03638126318864989,0.5473364456572307,0.06378871630443395,LCO,4,17
-4928.725226923272,2.0866346705856595,0.07692693489587311,275.59169128758157,-0.3075921209767465,-1.1924078790232535,-0.13595946124277547,0.6849125922556965,2.683118944664962e-05,4.02324822655908e-05,1.0649388398120095e-05,0.00011402693935310283,2.938715601893572e-05,0.05238578545661214,1.5918976294671858e-05,3.57992572842469e-05,0.004050850107535529,0.49423116000980083,0.057539520227096505,0.2422698585203272,LFP,4,14
-763840.3625217667,2.1254303767255758,0.011708826118430698,33013.140715462585,-0.20161576244376,-1.29838423755624,-0.3130301841856725,0.2074224337674804,2.6277664096106875e-05,4.47576896971688e-05,1.1976676242489569e-05,6.095009209506024e-05,1.882072002672522e-05,0.09508536364370898,1.9964615274292216e-05,4.051970915777499e-05,0.024226937945461546,0.032060282087470394,0.500385795520463,0.08452373820639408,LFP,4,25
-757907.7704299843,2.103862855810207,0.01237292521587009,30827.46290618172,-0.20161576244376,-1.29838423755624,-0.2903563410281459,0.20228802958800435,2.2310243279271235e-05,4.2466157062339286e-05,1.1051838506165041e-05,6.19757734270394e-05,1.79834364289797e-05,0.09419378435941138,1.76955261945433e-05,4.853019095997301e-05,0.024381028960915162,0.029285360102309616,0.5323874489010978,0.07797084996844668,LFP,4,23
-5797.105512252582,2.0742655445039713,0.0026130708635409114,1552.4835060202988,-0.24351734553342474,-1.2564826544665753,-0.21038009159559168,0.2606455231474063,2.9288693499122567e-05,5.7065731095624236e-05,1.8383093217469134e-05,0.00011206099725349745,2.8965354030518546e-05,0.043512724836140625,1.662565642641405e-05,4.568973597354115e-05,0.004035679688587527,0.13328411925840888,0.017823861691446976,0.5685119274545525,LFP,4,91
-5797.105512252582,2.0741576147440255,0.0029480975184124096,1352.4509276247654,-0.2651825586535921,-1.234817441346408,-0.20549743656399488,0.2607794086624056,2.9283131985028034e-05,5.896790647424635e-05,2.2228250989315565e-05,0.00011503841949842084,2.6112175850671257e-05,0.04154362211659625,1.6649473225685376e-05,4.564686337711165e-05,0.004038172533659359,0.1332850642234027,0.020642234580822667,0.5705752646317798,LFP,4,82
-6436.976683223062,2.316050628100399,1.1858624423926911,133.62641414033814,-0.6572431475136362,-0.8427568524863638,-0.37355230907112846,0.21661619304219074,2.9553562483068318e-05,4.014273898999817e-05,2.8588968486929713e-05,0.0001492458986809635,2.9757585229909204e-05,0.0476372634082494,1.9095782471948454e-05,2.99405983547579e-05,0.004252742129201553,0.45618619158987084,0.06176684215039802,0.03849465718860262,LFP,4,6
-757931.2448478902,2.1373570804330577,0.02087060483586431,24747.62864025073,-0.23917216338827174,-1.2608278366117283,-0.26034574966003543,0.20759705498289496,1.9689241022191935e-05,4.7071511223330857e-05,1.2180282293297177e-05,4.725108703845321e-05,1.2926724302239535e-05,0.09532064872029383,1.564564128855902e-05,4.5964497456945044e-05,0.024422291768486662,0.033179649515870185,0.5668170500338434,0.069657550790251,LCO,4,18
-6085.709827251003,2.125503728819644,0.026348015935201502,220.15195127149585,-0.31436864759639604,-1.185631352403604,-0.2766678223378154,0.2169393704227113,2.983576192180431e-05,4.015906141023985e-05,4.0163266367142896e-05,0.00011446038155911487,2.9959228302507984e-05,0.04236548323676667,1.9464035051062468e-05,4.577026618840351e-05,0.00402241995519466,0.11158758337912263,0.053024841854201685,0.48871975242886034,LFP,4,13
-749021.1461666015,2.246491086524542,0.032077186464937076,20009.516604192973,-0.27016315059473506,-1.229836849405265,-0.32752474848504887,0.20743910200538224,2.745629414964129e-05,8.360195347396223e-05,1.890499769330884e-05,6.082362558671904e-05,1.7399219024158206e-05,0.09349862471929375,1.87666738300078e-05,4.192169688447613e-05,0.024631376421936673,0.032112803594221764,0.5010401879386676,0.06932225998206182,LFP,4,14
-6094.278519338031,2.0573314085234604,0.018840802762354676,681.0422625725681,-0.26700889252667004,-1.23299110747333,-0.209963404803845,0.49980454416039655,1.9811310753540607e-05,6.00604164466573e-05,1.3103237661701986e-05,0.00012466524030308644,1.2120711166970446e-05,0.05585877195033167,1.8950462751494214e-05,4.547969773082095e-05,0.004036752665352023,0.5945723581285796,0.05874148453221151,0.066722752535364,LFP,4,29
-769004.3153685667,2.2809288230700036,0.011708826118430698,33363.042443444174,-0.18198804096700982,-1.3180119590329902,-0.33236591966010154,0.2066772930911673,2.619579535152247e-05,5.002579349522796e-05,1.879792150638445e-05,5.819310287385218e-05,1.764735939102424e-05,0.09521699136181058,1.9665268629408823e-05,1.499182223367958e-05,0.02449859545707269,0.013938495405642818,0.49546855168767795,0.08822703324657771,LFP,4,24
-763840.3625217667,2.1151311743300947,0.01125884151935972,33652.77533342141,-0.18190075903347314,-1.3180992409665269,-0.2902321996712456,0.20738325521879913,2.6190643220628702e-05,4.79013726268696e-05,2.4353696823866186e-05,5.819091849186892e-05,1.9147519119642053e-05,0.09521835050247347,1.9927005477788112e-05,4.344382266046861e-05,0.024276744983968056,0.05060545213492167,0.5006837804660276,0.08847856772780527,LFP,4,25
-763840.3625217667,2.234896748623358,0.03181649740352712,21909.386337116568,-0.26202453854322627,-1.2379754614567737,-0.37614027504893677,0.20743878658203518,1.3592698087548488e-05,8.371550535716202e-05,1.2253249279945955e-05,6.11628541655286e-05,1.7426171417369047e-05,0.09519186285270982,1.8447421423300466e-05,4.722929072621287e-05,0.024633100525485986,0.025927955180253058,0.45860983577390585,0.06932193399690438,LFP,4,14
-749021.1461666015,2.1120143955285577,0.034927609750782865,18560.147781174663,-0.2443927880398924,-1.2556072119601076,-0.258629013236667,0.20745232675373007,2.627822182163579e-05,4.495995939364862e-05,2.4189461430935858e-05,5.2197118522673625e-05,1.442329662128126e-05,0.09347276343742675,1.8311129065561523e-05,4.227972660367529e-05,0.024444134865154676,0.039403313400873774,0.5382642780589438,0.0937033953035155,LFP,4,14
-763840.3625217667,2.195858455343578,0.030576821733060682,24127.48772229191,-0.2539189666370909,-1.246081033362909,-0.20916550491360997,0.21315573741672206,2.115121667781838e-05,7.498251395718903e-05,1.1979903840227898e-05,5.253772445569677e-05,1.7298348029410154e-05,0.09891520086447642,1.818725432300177e-05,4.659375491661078e-05,0.024390819335353545,0.03808180569840707,0.5960460149799518,0.0867066744080312,LFP,4,17
-627052.5529747461,2.2186351364813586,0.019629878974433117,23576.10558368653,-0.29411391272899223,-1.2058860872710078,-0.20644569555286174,0.21680060150107297,2.4524350813173295e-05,7.035596781074456e-05,3.3615183412753134e-05,6.338428252254948e-05,1.4826602567145865e-05,0.08058424748344821,1.715020697905313e-05,4.4807548356043305e-05,0.02434638787412646,0.06599921364834185,0.5890445234063607,0.06851056739243576,LFP,4,20
-7514.835871374635,2.15946558556738,0.03319539989352384,360.14925789871063,-0.34211767412434213,-1.1578823258756579,-0.6596688421530149,0.3768377554760052,2.9615177364370834e-05,4.0103092361316836e-05,1.0422660947614188e-05,0.00012784287407061466,2.6128815352983014e-05,0.05125400752027229,1.4258308395052303e-05,4.933956571868587e-05,0.004578138292317187,0.13544794828704915,0.06036325980696344,0.07451994975297255,LFP,4,12
-745884.2909648633,2.232121554396434,0.032077186464937076,20191.198516482546,-0.26202453854322627,-1.2379754614567737,-0.3900790721235047,0.20743865555018856,2.8252633036702898e-05,8.132613318659335e-05,1.1841022031456067e-05,6.066846085011059e-05,1.74386824420699e-05,0.09349319127603319,1.877208967388614e-05,4.974750818789817e-05,0.024633104546694807,0.0322493419018486,0.4383493166412736,0.06932226933337321,LFP,4,14
-763840.3625217667,2.1966237689842805,0.034927609750782865,20931.405034464893,-0.2828716579966475,-1.2171283420033525,-0.34188466618947033,0.20731823595438809,1.2933964872451732e-05,7.170038872631254e-05,1.2291443758690055e-05,5.264619319454277e-05,1.735346002633022e-05,0.0951818544021081,1.8656088324273472e-05,4.519560263079347e-05,0.024391709922685644,0.035803680872482306,0.45822205360431023,0.09408959933373713,LFP,4,14
-5557.231254636931,2.0455013121064938,0.0056653004974918115,1236.709980592044,-0.232905314333129,-1.267094685666871,-0.08762084560212391,0.409243546876098,2.9663160214853175e-05,5.7395607359495625e-05,1.8337659462310688e-05,0.00011084285437786004,2.976495840522643e-05,0.0478055091907213,1.559098133165868e-05,4.574456100709028e-05,0.004067009976223291,0.5878771267652829,0.022010245175330904,0.2324917824572623,LFP,4,69
-4800.120048074164,2.0598331475413656,0.011989127280259792,762.99849192853,-0.3278825483200958,-1.1721174516799042,-0.2427472030399379,0.2449497377496534,2.898347839724067e-05,6.68355984192459e-05,3.031262808933926e-05,0.00012234155036129935,2.569168838690212e-05,0.04727870133783038,1.8747749810151917e-05,4.5941398072239234e-05,0.004753739440616978,0.45569430148746704,0.016102309528454546,0.21545618594414054,LCO,4,28
-152649.26158744277,2.1810532880459457,0.014444790221714103,8272.225638029775,-0.3336776616845931,-1.1663223383154069,-0.12697338422675297,0.267462301665199,2.8538503378418467e-05,5.793404090035598e-05,1.483937855606506e-05,0.00014172011178859706,1.3532444377200256e-05,0.049485001784644905,1.0026695254633103e-05,1.6643390925697016e-05,0.020674181358688322,0.013216334494560233,0.43993968859179733,0.34987059268688947,LFP,4,16
-757931.2448478902,2.1588004847677915,0.034927609750782865,20610.15213254968,-0.2883756527292185,-1.2116243472707815,-0.3366157491021,0.20727770898393605,1.3607829530791866e-05,6.603298511667119e-05,1.2252673259259233e-05,4.878431290529084e-05,1.7460088358777237e-05,0.09517833420112648,1.8661599908278235e-05,4.422933182568908e-05,0.024390571495157908,0.040416041018028454,0.4586212946192716,0.09434691526060003,LFP,4,14
-4830.302676471012,2.084951504607152,0.017743333671106882,998.1046717648109,-0.34431365707684236,-1.1556863429231576,-0.7293649804677884,0.6942508971424994,2.5803105832760494e-05,5.922313325609793e-05,2.221902464297604e-05,0.0001122104922062735,2.611431008997808e-05,0.04139245970846286,1.6625125256172958e-05,4.981331486081065e-05,0.00442114403584484,0.1324472026886543,0.057379299727412,0.010808517116145316,LFP,4,42
