SpecificEnergy,SEIGrouth,TempIncrease,Price,UpperViolation,LowerViolation,VolFracViolation,C,la,lp,lo,ln,lz,Lh,Rp,Rn,Rcell,efp,efo,efn,mat,Ns,Np
-467523.91745536355,2.6312981828902036,0.03235621976799064,18921.82436821006,-0.36259197676499255,-1.1374080232350074,-0.271535255847121,0.4127190799839851,1.3571351960986e-05,0.00023768517676807198,1.740097047285354e-05,5.052706000166314e-05,2.9243528498759205e-05,0.09770919188214683,2.8481549227944905e-06,4.579634918810481e-05,0.019943494494375224,0.11226173304547692,0.49027414358405497,0.05592886752334711,LFP,4,18
-74448.26302300968,2.251854578771516,0.004529239021876551,10562.952187059986,-0.25705983709876,-1.24294016290124,-0.5639338005484411,0.2565264251437108,1.4051884406128327e-05,8.386711599740832e-05,1.011786763801153e-05,5.231339893468486e-05,2.4607646477429704e-05,0.09301645441670996,1.776999245800147e-05,4.4302191331316456e-05,0.007028111830703625,0.08504298527271395,0.2507368653465837,0.03028634883226135,LFP,4,82
-610959.5435822356,2.6163633690213692,0.0020708876347910886,128199.19671523645,-0.4001734226227196,-1.0998265773772804,-0.5040721001275865,0.2002323650796894,1.3028910204155895e-05,0.00023207098535374447,2.034484515555346e-05,4.158463904186648e-05,2.5141375888351778e-05,0.09514867680808371,8.932044419521482e-06,3.2034308879307445e-05,0.02196066828991659,0.023050446991171127,0.09870524291421896,0.3041722099670234,LFP,4,94
-669986.7426963403,2.268697534448597,0.009493898468283454,61077.745688048075,-0.39575041943644784,-1.1042495805635522,-0.5453322455089691,0.3776274260513879,1.2933394810281605e-05,7.629121115470673e-05,1.9209711474690193e-05,4.3377092710959334e-05,2.1867276031308975e-05,0.08796545861346756,1.4879568676597645e-06,4.293849574029697e-05,0.02342648826591022,0.022638554392081407,0.021943130998980487,0.3400860690999691,LFP,4,45
-122796.94994869034,2.4662909665962864,0.0030727477434078715,23751.184549990543,-0.33693612020008423,-1.1630638797999158,-0.5497121382964214,0.27498988837522476,1.774959962024187e-05,0.00023419965647581206,1.442184239708581e-05,6.779928278664883e-05,1.2836001095876511e-05,0.09165849762738351,1.1997713686523542e-05,4.7003686971307196e-05,0.010200618196467188,0.02400644331534382,0.05139980650357272,0.3048816118846621,LFP,4,81
-306363.1605801522,2.069271864546749,0.002906512689990634,104238.0840632692,-0.2655046134421326,-1.2344953865578674,-0.10449901209054524,0.2877188725415955,1.8300466849487726e-05,6.285098308277654e-05,3.225984299871034e-05,0.00012544118030852737,2.4598624227932247e-05,0.09171078819704333,3.6037788574125935e-06,4.980104157370026e-05,0.021571621571584827,0.08543638577573894,0.20352006107943799,0.5365445410542778,LFP,4,99
-64358.1197690896,2.5568619869227707,0.046820871983707414,1838.8414999136671,-0.5911770736841468,-0.9088229263158532,-0.3499119758343139,0.22033879125895903,2.512153285561365e-05,0.0002311998547756201,5.8187736408392575e-05,9.02469056640041e-05,2.7325706704933343e-05,0.08850957480078012,9.466694329382936e-06,4.8891689746290685e-05,0.009640288259159777,0.036220129043221,0.5229651425598041,0.02090275256266102,LCO,4,8
-595935.8912798872,2.3451736679561113,0.004889633087855156,77649.70547222822,-0.34071013271497996,-1.15928986728502,-0.582489538946342,0.250574480629065,1.5658723583527085e-05,0.00011979680835046132,1.1243907646707644e-05,5.869876604760695e-05,2.7810615168298174e-05,0.09620294358740791,5.459917192447659e-06,4.4524265187353294e-05,0.024152400394777868,0.05863890731370502,0.08020399658338108,0.20866755715657195,LFP,4,48
-288836.8759720582,2.3772983220817867,0.09033643156535621,11139.433027346447,-0.3568684006491587,-1.1431315993508413,-0.43258527268567676,0.30129892665710406,1.9887006958161336e-05,0.00020691110705571387,1.2950636596277779e-05,0.0001460842237370337,2.1183994828462898e-05,0.09791688759900743,1.623090086543829e-05,3.677821914035551e-05,0.019624795856311078,0.1365106794707029,0.224212794079664,0.1366912537639564,LCO,4,10
-246036.21595737268,2.310725174456539,0.0024246204099144207,88957.90991559197,-0.3089136553815681,-1.1910863446184319,-0.5939776821531455,0.2659830862626582,1.2725206268878967e-05,0.00021815235889241041,1.0294107933676963e-05,0.00013906868415305485,2.9250939846296274e-05,0.08372866482383647,1.3643642049477513e-05,4.433783819067027e-05,0.01896984116259521,0.018277816534703416,0.15553970669020384,0.1622047946219473,LFP,4,95
-45446.40052507013,2.29336953895867,0.003198752917816133,17282.37125216975,-0.32463867842721505,-1.175361321572785,-0.7226044516905258,0.3431411150256254,1.2996226728671449e-05,0.00022386939742495332,3.079766543457146e-05,0.00013731576422415365,2.9566248295595067e-05,0.09973498365034282,1.924835417968975e-05,4.8238663995170385e-05,0.0074769634047360655,0.13176325506370729,0.02643586710738031,0.04919642613838669,LCO,4,94
-560661.6858895335,2.5949183215461993,0.015976349713281383,27421.06045432751,-0.36866513792847755,-1.1313348620715225,-0.4900183153530498,0.30019471272939524,1.2891948808655528e-05,0.00017295019554357493,1.8900382011195743e-05,5.216804815819808e-05,2.3540170593199897e-05,0.07725147828734123,1.4016941889464087e-05,3.602113542058314e-05,0.022977860369150928,0.08383624333771729,0.2511166105806096,0.10502883072862342,LFP,4,23
-50635.42080522979,2.534414822380849,0.0029061154164491034,7013.97177674439,-0.3582759314267143,-1.1417240685732857,-0.34144459662295246,0.22473780278761885,1.7881709402649376e-05,0.000190792887844772,1.0844549712937276e-05,4.466496176011758e-05,1.881694937661062e-05,0.09910404229521154,2.5190262288223396e-06,4.70755943179202e-05,0.0056378266602609,0.06916174683609565,0.3008044288043413,0.2185892277366107,LFP,4,81
-532026.0285322975,2.254373715313591,0.003333706384265093,78963.96167337867,-0.3070852921760494,-1.1929147078239506,-0.45765994950629335,0.20392775001934868,1.386480319996501e-05,6.661881735713371e-05,1.0861247464912045e-05,5.309013701903053e-05,2.1313869558743554e-05,0.09621108295321816,1.0116531782954026e-05,4.8875677328859885e-05,0.020882520889961016,0.07226736671486626,0.32212850184804365,0.07794418193079676,LFP,4,70
-28502.28824302036,2.411253398138749,0.006638672848506653,1811.8297204714197,-0.3277782620989349,-1.172221737901065,-0.12670944285212737,0.20335908416287415,1.3707782654518732e-05,0.0001026681728170649,3.826680390197861e-05,5.174292337788369e-05,2.8784663578188316e-05,0.09584311433396028,3.6216962012707194e-06,2.4942665333572e-05,0.004092420821628055,0.07566016020258631,0.5846341098216623,0.142996287123624,LFP,4,46
-689167.0302598007,2.3326646939238427,0.005057729675523084,99869.21413690294,-0.3359734649502393,-1.1640265350497607,-0.29238675746868836,0.3823240140791598,1.2572781914346467e-05,7.717206810944411e-05,1.2537349831545855e-05,4.1984831754690814e-05,1.928420613457821e-05,0.08775759031346307,1.4581430898190548e-06,3.1124772660388404e-05,0.024278527072108987,0.022632698271566123,0.1255577219952008,0.4894228222645448,LFP,4,75
-451848.54251579137,2.5700096069330374,0.017224052632030102,26251.15520258985,-0.36020783224054753,-1.1397921677594525,-0.5417501207910628,0.3085962903689318,1.2613525370884847e-05,0.0001728394494532774,2.1437193475312165e-05,5.205166740076356e-05,2.870903058909272e-05,0.08386186522075152,1.9993742291981266e-05,4.098439634317046e-05,0.021354170644556088,0.11333491623157266,0.16971310681174379,0.1052018561656208,LCO,4,23
-460153.94087392726,2.3378162306716472,0.0077826487107529665,47722.28532241131,-0.303577214707218,-1.196422785292782,-0.599078163437791,0.31170188184499004,2.6375947301226185e-05,8.952536965589912e-05,1.4940651020873877e-05,5.578821057633103e-05,1.5658878280941066e-05,0.09958529335125389,1.3455624628666874e-05,2.681062425635187e-05,0.020438370771870194,0.04316257451620294,0.24459744762153263,0.04316181442447353,LFP,4,41
-320572.38230736286,2.203986079260967,0.009965502163489752,64741.75113452639,-0.33334033731077284,-1.1666596626892272,-0.4505711960676001,0.6272397894531764,2.603232887854846e-05,7.841447706629856e-05,2.974521802124046e-05,8.358561554347724e-05,2.9552068903593112e-05,0.06354649604704819,1.6597949383409365e-05,3.8359565228756184e-05,0.02494013251362863,0.014721376781803599,0.44905544958361276,0.01565197756698361,LFP,4,62
-292015.1028515338,2.980709683032762,0.7342512681687683,1924.813827063989,-1.0021619099345855,-0.49783809006541446,-0.12499875230781266,0.2305985180411442,1.2952140721255167e-05,0.00018975837989932052,1.7824517083525663e-05,5.952478016540758e-05,2.723180236096725e-05,0.08987395776844316,1.9852050766353455e-05,3.196751659080643e-05,0.020569604545768894,0.0734146561506442,0.5595199257533625,0.1720666657881806,LFP,4,2
-504009.7697181955,2.460730712269138,0.0073351898669159876,39138.36762103557,-0.3991914266960386,-1.1008085733039614,-0.12202855093035825,0.2030918636623137,1.3866991006598395e-05,0.00011779473076423258,3.8754482424357815e-05,5.1246849578055866e-05,2.1197704144882058e-05,0.09649708781936434,5.427075525978996e-07,3.9853763154705e-05,0.021195783420637437,0.07067948611878257,0.5931847611594055,0.14410720179145364,LFP,4,36
-499956.8365194793,2.2917676997333967,0.009414667432915563,78428.8708162319,-0.3172162996738219,-1.182783700326178,-0.7527191709924805,0.4302834963606561,1.7026804485162534e-05,0.00019789470376015025,1.0624239837941903e-05,0.0001369202274022216,2.9184469604626243e-05,0.08838106071474296,5.469979928534348e-06,4.239689816682832e-05,0.02390129016984025,0.07836157138120174,0.04107808497643313,0.05784117264988463,LFP,4,48
-146008.93015467311,2.45406383641077,0.06571280058916176,6988.4852809910435,-0.5268623357500726,-0.9731376642499274,-0.6930080191203334,0.38245815111547504,1.444970855727664e-05,0.0002453112728962297,1.0006648650677728e-05,0.00014622302864289932,2.8329777163568992e-05,0.08880324586183355,1.565850975892119e-05,4.5407159429236794e-05,0.018659309789426884,0.07626588266753037,0.12574043903493612,0.03498565917720013,LFP,4,7
-404778.2848812513,2.3909146069856893,0.01606065491688213,26745.952958244,-0.37269345357336725,-1.1273065464266327,-0.010978881715469124,0.29498245555887415,1.8885775726686424e-05,0.0002021856795764549,1.0623750210148523e-05,0.000136908511866508,2.9995385891638715e-05,0.0980175901680956,2.4292729341837376e-06,3.1268754134832794e-05,0.021620976011457908,0.07848121531242713,0.30557824056647076,0.534961662405633,LFP,4,24
-138789.4663161578,2.669859585619072,0.04663696672541081,2739.24577883219,-0.45582141327424175,-1.0441785867257583,-0.6774345081585582,0.20890848054866445,1.3904271316476057e-05,0.00016788405823739427,2.798690459953038e-05,5.318383004291097e-05,2.8335424164505615e-05,0.07309977246778859,1.7026359444672387e-05,4.047791549721928e-05,0.011611927055417158,0.07609894400299044,0.15079768959137238,0.02566885824707906,LFP,4,9
-164077.0181097149,2.784939691861029,0.7147138825679356,1759.968516844011,-1.1197380162064228,-0.38026198379357723,-0.1372041629879116,0.2008342346654557,1.9933016224760878e-05,0.0001823169773689575,1.992841265049122e-05,0.00011425805929331532,2.726419597128178e-05,0.08987324993626122,1.986072020037003e-05,3.686102365546191e-05,0.01960324507201485,0.04389488924553944,0.5603470720550274,0.18855387571152166,LCO,4,2
-121927.35814142352,2.0968991511634822,0.003270716397703586,26748.38448388338,-0.29433326755363964,-1.2056667324463604,-0.3722212672693498,0.20726430670501975,1.2094001689949363e-05,8.027486827482068e-05,3.1004319838262805e-05,0.00013959708701523796,2.3185015432981643e-05,0.07242883776064771,1.9901588475867094e-05,4.8445865453094675e-05,0.014162625299030571,0.027261132930964483,0.14925028405130292,0.3812673157483829,LFP,4,65
-341675.09429861873,2.221561528476404,0.0034313753533401457,61622.78856918037,-0.2931279861130829,-1.2068720138869171,-0.6278622131671678,0.21585164642412477,1.312745676830836e-05,7.336679446665796e-05,1.3437925010730017e-05,5.334999950789452e-05,2.7803350096286022e-05,0.09657340789709705,5.113562544173682e-06,4.4536804427523056e-05,0.017094170322787303,0.07647788433188277,0.016837628039167548,0.2088222744617819,LFP,4,77
-371910.59878814017,2.1474195003038266,0.0024033884330794553,107135.28531269213,-0.26821156437420157,-1.2317884356257984,-0.2876737270868116,0.2453666160225373,1.3264047853755257e-05,6.222144787931701e-05,3.837186339065297e-05,7.383996617544822e-05,2.4685170495274892e-05,0.087912571557823,1.452775158267844e-06,4.291703330091255e-05,0.021566059500711797,0.08557965529165526,0.019592165104753853,0.5371544525167793,LFP,4,100
-579734.885861235,2.665805168077553,0.07682099106870334,13840.677084757246,-0.378760341445016,-1.121239658554984,-0.45004857486076927,0.2254429409136695,1.2311625190820254e-05,0.0002497350713147069,2.6637834698700826e-05,5.8155191802058476e-05,2.7963727078228848e-05,0.09556593364613258,1.83190629663521e-05,4.683380293991686e-05,0.02342592489673412,0.010267113241963964,0.42119705050620326,0.048487261391063574,LFP,4,9
-249532.76229847563,2.3549208490852034,0.013671987804886116,18063.302152992583,-0.3529134760130148,-1.1470865239869852,-0.23732972712324862,0.205208787887747,1.607222824328242e-05,0.00019479168130663384,2.3796705212617534e-05,0.00011719223634777173,2.9119394122900152e-05,0.06840706868760013,8.389561282461583e-06,3.950746192703956e-05,0.02012960588144202,0.16113529174665153,0.4666273917305669,0.06490758939953296,LCO,4,24
-208246.20473720942,2.355082585099998,0.032365537960825794,7675.783815500065,-0.018988727066453492,-1.4810112729335465,-0.765886519198566,0.2159581721213609,1.3215182443063725e-05,7.113284000028822e-05,1.34425924477878e-05,5.29290235389108e-05,2.828747616755042e-05,0.09948415846967885,1.8787238751268645e-05,4.140298636681421e-05,0.01705208300498777,0.10082230833910281,0.010788449799145504,0.052502722663185786,LFP,4,9
-163665.11828058498,2.7492191052099395,0.3250131046033897,2764.250725954418,-0.5963502625409056,-0.9036497374590944,-0.21508938255006427,0.3487997354220385,1.480332290245857e-05,7.40996817144816e-05,1.8950280553851614e-05,0.00012244008762841304,2.9999127951564097e-05,0.08988162527651496,3.022440352353316e-06,1.422822416937203e-05,0.020023621962417745,0.07738553720989337,0.3704929534353757,0.26703212680466665,LFP,4,3
-205377.82366322418,2.665805168077553,0.04331659998675877,6597.769669291405,-0.4338621732672614,-1.0661378267327386,-0.5507764058546937,0.20180134878600786,1.360959886554387e-05,0.0001803436434275064,2.0522885998892956e-05,5.29713428913214e-05,2.7860292369895164e-05,0.09805300335765844,1.4013938502179409e-05,4.581880837565606e-05,0.015876257053699862,0.11236125451552006,0.2143741915983096,0.05248814803147673,LFP,4,9
-309561.9242102815,2.4735540279350183,0.04800411827029972,6561.787928123199,-0.5576110188586281,-0.9423889811413719,-0.5976022931737048,0.20617722779101508,1.3594073008034907e-05,0.0002466355315073988,1.0972055898625517e-05,0.0001112614884457105,2.881904929485184e-05,0.08525103245374158,1.5889889071290008e-05,3.763325910044987e-05,0.01759035853972071,0.06818042652006204,0.1174723361791532,0.14674494412707995,LFP,4,8
-32852.30820687551,2.5320209933266256,0.40657010043171543,141.78418496736612,-0.6257941908350091,-0.8742058091649909,-0.148426801705824,0.20918524321713228,1.680089251872663e-05,8.171485575132168e-05,1.1509804996345639e-05,0.00012740810686633858,2.095842240933063e-05,0.08287933966723553,3.969419148956712e-06,3.10827196964319e-05,0.004726322264019982,0.05157094913072499,0.16101501620881753,0.5689872329546335,LCO,4,3
-515031.0290114017,2.256728184656399,0.0027876090506762426,102584.20812991381,-0.3056321455221962,-1.1943678544778038,-0.6934526951728097,0.20618291762161162,1.42828790721775e-05,7.726759977695776e-05,1.0817913158658853e-05,6.866329894045323e-05,2.5909609228079808e-05,0.08936701850159345,1.5808461279456657e-05,3.731172893649235e-05,0.02058444993372451,0.08828541055396612,0.11728853244500376,0.030973361828220407,LFP,4,92
-124709.31291755712,3.0417908593618943,1.318503086595234,1641.1350172379061,-1.0164393953646318,-0.4835606046353682,-0.26808328487470545,0.29492810167514505,2.096970675666593e-05,0.00018365096668755855,1.0004305193106128e-05,0.00013681496613685286,2.9276826573026024e-05,0.08872020876776579,2.3420202699872443e-06,2.459408487781859e-05,0.018534566814758117,0.07620247498830435,0.04744524068228684,0.5382689994547034,LFP,4,2
-502974.5535974433,2.547798095640525,0.002165674849902997,123973.95130541065,-0.3149622305407753,-1.1850377694592247,-0.6710775038910521,0.2072351472001932,1.3493999162660186e-05,0.00017253522181445214,1.085915766824549e-05,5.1299845346123706e-05,2.8969711974381913e-05,0.09642538954471555,1.011266233925595e-05,3.74139575603908e-05,0.02092100310960051,0.0665300217075264,0.1148304096722556,0.07756206472916594,LFP,4,96
-42672.401281645674,2.741547078959891,0.4190057508375994,1548.8871660066038,-0.8111095112714022,-0.6888904887285978,-0.5405850254432976,0.2344152038034008,1.2127664833518148e-05,0.00021219925373405907,2.1387469760134702e-05,0.0001408782529612838,2.881817612166873e-05,0.08903183837402484,1.9995879723967834e-05,4.859170104319487e-05,0.01368136086581715,0.1485806872082961,0.1397508392640493,0.10108344808435707,LCO,4,3
-696206.8972351539,2.5490074522128485,0.0035526438978945273,131013.08944340202,-0.3923017127713102,-1.1076982872286898,-0.6587434742609416,0.2025454156279066,1.2641310712400985e-05,0.0002481545072116428,1.1344886060767857e-05,4.641100365967224e-05,1.2206805390784722e-05,0.09977227382300942,1.2947988211549453e-06,4.962750671281705e-05,0.024995539891067103,0.04329666310570522,0.1634933943183911,0.06446646831496212,LFP,4,65
-454810.61462814326,2.7085763559332743,0.04441637508380229,17946.363695582826,-0.5082956277748529,-0.9917043722251471,-0.7522959869557945,0.21715093885628553,1.5495583333802845e-05,0.0001748170378761108,4.426904091453469e-05,6.748182832092742e-05,1.2804429780308377e-05,0.08677253084893742,6.606168365036714e-07,3.694194233853173e-05,0.024980087052130777,0.057613866944081896,0.06720095815587246,0.05288918794425125,LCO,4,10
-220671.0019226418,2.2782363047161436,0.005187702046577523,35660.03135794307,-0.32104362425888056,-1.1789563757411194,-0.3428396694181425,0.20943658560380163,2.9936237226478898e-05,0.00019487967315688659,2.9739935943505804e-05,0.0001459642830791811,2.1118439246205977e-05,0.09828441874984445,1.3793974746760027e-05,4.504897958203274e-05,0.01647323710280684,0.03466926855630376,0.044499858641916176,0.5079912033836377,LCO,4,48
-207095.04582375585,2.5255471311558235,0.0024204542184665455,52598.91913794499,-0.3121620305306525,-1.1878379694693475,-0.6706551707841524,0.24933666586930958,1.737044454649298e-05,0.00022197901166644604,4.556252139527969e-05,4.9813900298736385e-05,1.7395751824947725e-05,0.051451096420932055,1.3075365578126839e-05,4.370620538777207e-05,0.018917500366955844,0.18152975968263652,0.05557477034949476,0.022240299183716394,LCO,4,88
-64258.97192269738,2.1981009558796196,0.0032312777021255867,20503.21741493932,-0.30307140070149785,-1.1969285992985021,-0.7374726173410122,0.2447900272324493,2.8803359513839802e-05,9.72778875006363e-05,1.0780807597831076e-05,0.0001387507811692282,1.41449696911989e-05,0.0943107006622502,1.9019694149266206e-05,2.9471793537996933e-05,0.009131524946121052,0.11282300182851876,0.023864003459785843,0.05584037737068322,LFP,4,84
-46510.903140137096,2.3493823910840956,0.015331694916855612,4061.214420008825,-0.3414399354699782,-1.1585600645300218,-0.5333069469193139,0.20250524608950404,2.73421926353458e-05,0.00023126234102546528,7.567207576717177e-05,0.00010790577038507896,1.7304807871235738e-05,0.047405539857947425,2.8484580694769704e-07,4.106719551646239e-05,0.010837690680310895,0.021964542969140424,0.05890868207530839,0.3158198280362373,LCO,4,24
-293387.411829279,2.3859522111430618,0.09275053409746666,5297.709109607997,-0.30068259473167736,-1.1993174052683226,-0.3823526492571998,0.39653610241842835,1.2968543205417112e-05,9.674899563128822e-05,2.857340455731249e-05,4.573238631608821e-05,1.441400213883364e-05,0.071729885146108,7.949427486995294e-06,3.722827144902643e-05,0.019475724836482595,0.010119427923853558,0.46141418091997505,0.07611374189897159,LFP,4,7
-7643.474566879045,2.3514733887137482,0.026241868381459938,530.607735324453,-0.42166923373376086,-1.0783307662662391,-0.5404258759613232,0.2017795909421463,2.7342404205297132e-05,0.00023400469661017482,7.552475431225562e-05,0.00012534866861274235,1.7281979122516083e-05,0.041502943869993085,3.247756560588444e-07,4.101730021929309e-05,0.004171498872576304,0.013919065544903977,0.059053442264461777,0.3166016162293111,LCO,4,24
-371166.4827243218,2.536501237844881,0.0026006943587931776,83084.1733814487,-0.3371428319006604,-1.1628571680993396,-0.774144754193289,0.2501352449370616,1.7388318630975076e-05,0.00023929804375796327,1.1626574842500867e-05,4.982374097068698e-05,1.986441296488475e-05,0.05069316183957395,7.194312938756888e-06,4.75956358435501e-05,0.023815226848210743,0.04071454665171151,0.0503245219971905,0.06481617715780905,LCO,4,88
-48897.671976334015,2.739955926128107,3.4898412747919245,539.8181251156047,-0.9413512902669368,-0.5586487097330632,-0.6276723858655109,0.7549282598224795,2.822218399603018e-05,7.235477371646185e-05,9.355281198769341e-05,6.482920250217011e-05,2.086266837225995e-05,0.08313376213433042,7.589484337782338e-07,8.88357140841649e-06,0.008584202932668115,0.010107295878384239,0.23356799833596645,0.058652319920138474,LFP,4,3
-267577.47795144934,2.6240334743864664,0.017749518871179856,19366.302846331586,-0.427348913872601,-1.072651086127399,-0.8077080651338329,0.2503259676720787,1.7243273746194943e-05,0.00021732458603841487,1.1419920076651781e-05,5.76797325642568e-05,1.993238851026368e-05,0.042810862451190354,1.9853704308910392e-05,9.022232938156752e-06,0.023882174561935702,0.03354195629749296,0.02443254275176039,0.06431743581691388,LCO,4,24
-22020.213770253475,2.140976007992587,0.055464503124793244,1207.3159469801649,-0.2511229341547043,-1.2488770658452957,-0.7180092066991384,0.24397128310104568,2.9208350885285836e-05,5.160823254710787e-05,1.0096840593539904e-05,0.00013832981024228735,1.5509675387499426e-05,0.04405007917508127,7.857782527662878e-06,4.976432774881606e-05,0.009136349087085684,0.1465230936538039,0.01107775041062442,0.05438994923643342,LFP,4,11
-380117.3522553559,2.5449309061342684,0.06565702988871036,10770.056818083885,-0.5149348706866359,-0.9850651293133641,-0.7181237552225705,0.45201570965643023,1.851790127128195e-05,0.00024831721104244563,1.8126518679178155e-05,6.975145477380708e-05,1.2089264408802062e-05,0.0924612149436605,3.135150471815195e-06,3.28893218079557e-05,0.019877940142780794,0.06261829908999739,0.021716905347616167,0.12754104033981595,LFP,4,9
-23791.446447702016,2.4671361692542244,0.0024754553289380353,5433.5859881243605,-0.3285400203310864,-1.1714599796689136,-0.730095240666085,0.22713513285498305,2.8431390622164456e-05,0.00021923609903026246,7.318231621284164e-05,6.731510476808058e-05,2.621789026447457e-05,0.07446027860640017,1.634597926864318e-05,4.6350145151323945e-05,0.005037484892102807,0.0286961118297932,0.034143229506013645,0.13706541799810823,LFP,4,91
-105988.915939012,2.461304177244136,0.09543852235511151,2483.9596013841197,-0.43950550955333156,-1.0604944904466684,-0.3880999225693975,0.30291159045340266,2.9031022623425272e-05,0.00010805208186092392,4.7567131311388894e-05,6.90449871697309e-05,1.7268153913120213e-05,0.04607161475126205,1.8881102430191703e-05,3.996660498468186e-05,0.018268464927231987,0.2613403932421201,0.03736102043593692,0.24319866375254554,LFP,4,6
-174201.25540676355,2.318106597959498,0.00509743229929198,31445.34228871429,-0.3537950578413245,-1.1462049421586755,-0.735894764669511,0.20908952836684364,2.43555350221853e-05,0.0002394605960647597,2.969772855392584e-05,0.00013035170763796424,2.120052163450855e-05,0.0984086485237773,3.6075216686698515e-07,4.5077435237372126e-05,0.014457296057662043,0.021609222806230677,0.04023053674453015,0.13226547577972828,LCO,4,47
-618487.242211461,2.5466884562409433,0.0037460270495983388,107439.60767640205,-0.3328328081099805,-1.1671671918900195,-0.8117473583229539,0.2181851351949315,1.3526850478926326e-05,0.00024839302942436823,1.1284013689047826e-05,5.1437494409645266e-05,1.3907401085170045e-05,0.07813848485150746,1.1475608036870625e-05,4.967983401973892e-05,0.024914403271671857,0.0402698131324163,0.01341250142122151,0.06457032712340842,LCO,4,65
-13285.19614712006,2.5483866281085246,0.0021790800662935188,2766.954153146699,-0.3668559660537998,-1.1331440339462002,-0.8054068759129012,0.2173561127659778,1.703190031833243e-05,0.00023949085554506402,3.707088855028803e-05,4.904552088169735e-05,1.9852849494429487e-05,0.04044877622576741,2.978130748463269e-06,4.5765209461707656e-05,0.004830534354723904,0.028681662693074116,0.033836452873306416,0.06207500852071837,LFP,4,88
-111016.00066916834,2.8315921015884222,0.08894379410361825,2439.924314650246,-0.7323270636565162,-0.7676729363434838,-0.2933660127193224,0.25668652592648966,2.83360941469415e-05,0.0002110830442220095,4.122589123908596e-05,4.886641461992432e-05,2.861194489758702e-05,0.049018305692808725,8.849659030862071e-06,1.8259410150693156e-05,0.016360194476162673,0.08317780301564448,0.06563795104762296,0.4878182332174102,LCO,4,7
-203230.69154770544,2.5989959013968162,0.012444036789126464,14598.596359907362,-0.3619517490066677,-1.1380482509933323,-0.5490511555702453,0.2203201414801506,2.7397328133017952e-05,0.00021715649320401152,1.1938383302178527e-05,0.00010840102753451305,2.1127924360176082e-05,0.047406875076210275,8.98754192067732e-06,6.165278106918478e-06,0.020708848836445144,0.03899042480738299,0.024312484859518105,0.31764593476285363,LCO,4,24
-384532.39026318816,2.564274439365359,0.0030412620614327793,123595.58533235098,-0.3369609004641969,-1.163039099535803,-0.8149192392691436,0.2669207697048276,1.4282941913379316e-05,0.0002122911385038498,7.572368922040684e-05,5.0731974581058764e-05,2.7118789146306424e-05,0.089424700059541,1.8890340236564163e-05,4.4802896128756624e-05,0.021839395800028808,0.07811889689041882,0.02155169051952273,0.015410173320914933,LFP,4,87
-327854.1062972974,2.5454541375101116,0.004572640966808793,61975.573169801835,-0.35971690853097904,-1.140283091469021,-0.34904118259940875,0.3937581240871936,1.7033053612298328e-05,0.00018795390757749897,2.4721732943736163e-05,4.1358597760494226e-05,1.7478452495236302e-05,0.09202543459508598,4.31122941703456e-06,4.5793050192564745e-05,0.016884185078014938,0.020881784489409833,0.49795715922611816,0.062119873685063366,LFP,4,85
-157372.25848709996,2.317244196834602,0.20430190566839093,4716.486223750365,-0.3742273912094536,-1.1257726087905464,-0.5337257402632334,0.21709610273377633,2.6748136256297104e-05,4.902279848163455e-05,5.434927214221134e-05,6.883373818131926e-05,2.5168563549227568e-05,0.058853609576043846,3.153109958209801e-06,3.591569186284983e-05,0.022244987722230578,0.10930805833645554,0.03835714497803742,0.24860905642227377,LFP,4,6
-294543.34459556546,2.1081240239157686,0.004804018552959987,78966.45310019003,-0.3035315231006397,-1.1964684768993603,-0.7046074023643399,0.20205738229560832,1.3949870143472382e-05,8.696560843780888e-05,1.0838923248069094e-05,0.0001383208740600509,2.9802165181562998e-05,0.09616161231535411,1.0035532181725245e-05,4.9171832262366134e-05,0.02119760393763343,0.07173738724269661,0.10477501230961254,0.04888019808335093,LCO,4,59
-121019.9824302585,2.4133441667403446,0.004505190300898143,19486.314474910112,-0.4180741342752068,-1.0819258657247932,-0.2465562122936057,0.2007029758892685,2.2224651260624127e-05,0.0001811148251949646,7.191979163254084e-05,6.957783396931986e-05,2.4434465308073475e-05,0.05458272163073068,1.9696309954763037e-05,5.945144321040085e-06,0.016499408557313695,0.05991056057332736,0.04481184753950561,0.5787213795935614,LCO,4,49
-268694.50566571875,2.518235145250075,1.9546765846651462,8770.99272742771,-0.5021826063004369,-0.9978173936995631,-0.6148246632165388,0.24961703660711976,1.4611380374563943e-05,0.00015270303165256018,4.557216745034384e-05,4.6480112693249334e-05,1.3208673918529637e-05,0.04491624375585617,4.6597318509731805e-07,3.68602758136172e-05,0.024830270780496762,0.18257460719681787,0.0675996137283995,0.06500111585824392,LCO,4,10
-10158.284020139588,2.56644766786095,0.002930195663484442,2547.059450634159,-0.3658366715323407,-1.1341633284676593,-0.57642528190667,0.26633903038314855,1.3805869010221944e-05,0.00021176828031912074,7.594400809756734e-05,5.059651416468225e-05,2.732570926853329e-05,0.048375554094322294,1.8667340013003524e-05,4.325937134284072e-05,0.0044372172819307585,0.07813681078503659,0.02137804205971456,0.254059865248579,LFP,4,87
-330681.03671664547,2.3307019386857872,0.002479708902056309,131746.04233108327,-0.3238779211646907,-1.1761220788353093,-0.4322967599377575,0.20840402131438465,1.6957367179040828e-05,0.00022054435780358476,9.470049861694493e-05,0.00011150955426833731,2.104907093919495e-05,0.09763164347011931,1.889671829577935e-05,4.5161958594586186e-05,0.02174834578945706,0.014884133732357432,0.01266866063634094,0.47015044569354414,LFP,4,96
-79332.46936884196,2.292335182937588,0.0024256625466896435,24129.815575137945,-0.3162524933038675,-1.1837475066961325,-0.7288858840644763,0.25604634815522753,2.8441957867925e-05,0.0002357067713614924,1.0826471942596408e-05,0.0001347816452957136,1.3503160801659166e-05,0.09585610310284334,1.8917686825563086e-05,4.965256895129029e-05,0.009190835608653117,0.11628186876772689,0.02947681548734791,0.05535543168044899,LFP,4,92
-162167.6487720489,2.4234244915750294,0.0023460396640873848,42183.497809313994,-0.33866708100986287,-1.1613329189901371,-0.3284748438932459,0.2494507490788784,2.412864340253518e-05,0.0002232370903479997,5.279734264552089e-05,7.463140046399956e-05,2.2871351659541732e-05,0.048297494479828076,1.2736236676256946e-05,4.5576523441423444e-05,0.018949136328966203,0.047180225942563006,0.04426746128924862,0.5100774688749425,LFP,4,88
-124173.96652063358,2.268015311289062,0.010739243169086587,12779.036759228227,-0.3129465068086059,-1.187053493191394,-0.5065296894826194,0.2046912884080627,1.8110276137540135e-05,0.00018913398313863048,1.740875144957855e-05,0.00014092151286517347,1.560834875669178e-05,0.07386679328179076,4.888165699236024e-06,4.700133182635861e-05,0.012753181752469485,0.09444740702614628,0.012260634446443729,0.31676226904479066,LFP,4,35
-393861.7532193877,2.8857910581014736,1.0095504874658978,6792.874705076842,-0.7065998593633314,-0.7934001406366686,-0.16946843999371508,0.25675721307708554,2.8448467071359477e-05,0.00024942550470396634,1.1191893692877114e-05,4.6400666277059644e-05,2.401781120421623e-05,0.09993486009196526,8.892429361393897e-06,3.948637311544804e-05,0.021040095400984775,0.10201525851285786,0.17009341064634714,0.48842289084707996,LCO,4,6
-33622.85187349196,2.301851466143052,0.003047568138131038,11712.055258053291,-0.2920575723700516,-1.2079424276299484,-0.6084227572946037,0.23979473642894267,2.7487796372366438e-05,0.0001859599213550982,9.800194711358568e-05,0.00011004608053214134,1.6532782204868508e-05,0.042250907842261626,2.938355796447279e-06,4.155383999386033e-05,0.010062964692494895,0.012760960030978848,0.26330990684917865,0.04550637582523888,LFP,4,88
-23078.42913542215,3.1202389368182253,0.6723299350086716,102.37880647063052,-0.9084521767007168,-0.5915478232992832,-0.7340850582348319,0.2123005020632032,2.6529679290024146e-05,0.00020628070773347164,4.563700282848896e-05,6.659057878144032e-05,2.516637766673043e-05,0.07446246396813368,2.6174417148627772e-06,3.557460273368196e-05,0.004676796166585603,0.02715052523265745,0.032233984880642774,0.1365304316518679,LFP,4,2
-158222.8493245557,2.393289093672683,0.005436286017010875,21066.271179266107,-0.3610281154857482,-1.1389718845142518,-0.4166164814416361,0.2574553328968094,1.9719735306652777e-05,0.00018822856394796464,6.976688318330153e-05,6.900476492146023e-05,1.6529863777325986e-05,0.05460226519400223,1.9609431624848088e-05,4.484109535471974e-05,0.01663342680948725,0.028546812803212706,0.27055679050984405,0.21427991524530718,LFP,4,48
-405430.1939952482,2.349846557483682,0.10118458422362227,8440.872017794738,-0.18423330777975266,-1.3157666922202473,-0.646571567488373,0.6550713689535206,1.5123031025678595e-05,0.0001021716781920043,2.0423149839698453e-05,7.605725610582137e-05,1.5019668291669131e-05,0.07331956923471854,1.205534905990357e-05,4.028309987768874e-05,0.021651228266044476,0.04374200306336076,0.21176708407344746,0.027919345374818827,LFP,4,8
-18576.908392183457,2.325141351304256,0.009328030751088897,2596.603233783781,-0.3720870291428753,-1.1279129708571247,-0.6252950162771187,0.2629888848879478,1.746251482569801e-05,0.00011352532733904588,9.101841865188016e-05,4.5072401162865464e-05,2.290930381621785e-05,0.07565045622584876,3.1415687375259085e-06,4.814239270278413e-05,0.005521490653466275,0.14314746306314494,0.10925603761742379,0.05230148304231269,LFP,4,37
-32167.756878524215,2.6026789346273436,0.028984987644975247,3179.561907618966,-0.4179556539509459,-1.082044346049054,-0.8230111387836975,0.7640014938956023,2.7330159907804237e-05,0.00023417956067447727,6.759608838687899e-05,4.3775459797179816e-05,1.724903702193935e-05,0.0859969263747074,3.2005224471320206e-07,4.145246298870873e-05,0.0058262706042342865,0.01568980799287802,0.036508718577862184,0.05479033464556238,LFP,4,33
-180862.9223175755,2.4177855410932905,0.005007872572451807,39416.284989085674,-0.33346404092500315,-1.1665359590749969,-0.586010428881926,0.393777130056665,1.3765011186909859e-05,0.00022336360702931554,5.3316410321652356e-05,7.632918721422132e-05,1.5169060573097546e-05,0.052298647838266515,4.3841724611009734e-07,4.579334905204223e-05,0.016863191167270582,0.01117233059523894,0.17164076191686842,0.16117647860596665,LFP,4,84
-101487.89012569665,2.9368829379005548,0.05257336843287559,2066.856584713504,-0.6255104096392525,-0.8744895903607475,-0.26631150561607664,0.277590367893696,2.8773725304686798e-05,0.0001806246404463587,7.225992602692592e-05,4.595032032523299e-05,2.4440568062259883e-05,0.04821348373343142,8.837992004983458e-06,1.0899146230385184e-05,0.016495703226199972,0.04022518090533369,0.04366191546688841,0.5798013980117013,LCO,4,6
-73127.84401221634,2.221310368978489,0.008561626462363914,4451.4077160504485,-0.34752638802879154,-1.1524736119712085,-0.25975937415909767,0.20768024572560134,2.825112943141002e-05,8.669692904706644e-05,1.4235895233632771e-05,6.444713846177095e-05,1.6119653257828344e-05,0.043435159013995826,1.7510324521246772e-05,4.895904398814756e-05,0.012430533302949208,0.04091951145772004,0.556466552588009,0.0728545617951733,LFP,4,27
-402348.26322817587,2.885560062427597,0.08546133926557362,6596.72833762709,-0.7086019957831642,-0.7913980042168358,-0.3741868893081326,0.4733586220350039,1.4453014059038503e-05,0.00024403110575117894,2.577660802522862e-05,4.2860117402938194e-05,1.9831930554702918e-05,0.07718903475578473,1.95747859667512e-05,3.706529563656552e-05,0.022299393277348485,0.11361908295011702,0.08002478414032958,0.36216924360142083,LFP,4,6
-37272.39640534223,4.312886100865768,13.42431609424334,197.18355851058666,-0.7640964789259126,-0.7359035210740874,-0.5818727637583649,1.065678005230176,1.971816212721242e-05,0.00013792443090365598,9.965140677606162e-05,0.00012125993990996382,1.8546582783169967e-05,0.07136150388954221,1.182054623450609e-06,3.889174602869294e-05,0.006676395566894951,0.10305964601422858,0.012099185010979896,0.23296840521642664,LFP,4,2
-596493.2132883574,2.365755237260917,0.007219270818302862,63625.69818939882,-0.1591275443135256,-1.3408724556864744,-0.5084046078775154,0.3237737386869969,1.29358964595201e-05,0.00011991718484417234,1.017056731960855e-05,4.4185730711483886e-05,2.7808862054238583e-05,0.0881392999272674,1.5355314559253727e-06,4.452506309680006e-05,0.023142547041358714,0.058922788460802636,0.030696363651715186,0.33197624000996684,LFP,4,48
-590539.1494008761,2.4130399923662558,0.019444648024419104,19140.11507273619,-0.44280492888219314,-1.0571950711178069,-0.03163337879813877,0.3989375485931198,2.555712268272895e-05,8.946243979581277e-05,1.5440548722231533e-05,5.310576200091124e-05,1.718760087608801e-05,0.08509334177141269,3.4347242162220455e-07,2.6639639247166445e-05,0.02180027578529846,0.16525551761306662,0.1813522980293027,0.551758805559492,LFP,4,21
-17130.869982409356,2.113644479402777,0.004243852746618736,5979.558545936817,-0.3174879286460257,-1.1825120713539743,-0.006301531179721542,0.2863877690333686,1.4827177362479421e-05,0.0001384242975026234,1.785056401499985e-05,0.00012176688557932907,2.6970349406395504e-05,0.05584104106679888,3.566034353982305e-07,4.9350301256404195e-05,0.007272184210053049,0.5627673262557464,0.3469446540948725,0.013986488469659506,LFP,4,84
-82702.13073226254,4.7212456629836135,17.283363783612895,1201.4325049281804,-1.081143148131929,-0.4188568518680711,-0.5620640621482058,1.4770797882538498,2.767704475819761e-05,0.00019795497818147164,8.183981422411974e-05,0.00014691184327713348,1.8317325854216247e-05,0.06656239129077782,1.3153581664130037e-05,4.2063776173712644e-05,0.02425187804877661,0.029213678355768144,0.014641277088616116,0.32408098240740996,LFP,4,1
-39301.08827593476,2.866013786770286,2.638791624677242,353.4808567322733,-0.8107443551361051,-0.6892556448638949,-0.8265079082652222,0.7701425535105386,1.677717536893751e-05,0.00013226258873493812,9.443465475793301e-05,8.953869101738427e-05,2.1943783503767223e-05,0.08299110368420867,1.470695901463372e-06,8.491971338086604e-06,0.006521679700106661,0.010828075720873978,0.026712802523541083,0.0659512134903627,LCO,4,3
-369821.6805893527,3.1004189335882524,1.1749842393099983,2004.4949920046888,-1.0317399403539333,-0.46826005964606665,-0.22306596386292443,0.37336257249395266,2.5571630417526348e-05,0.00019751746229843486,1.250054434547854e-05,5.28067307494981e-05,1.9870499108473465e-05,0.07817084464658573,1.9807299809620322e-05,4.8433991201570964e-05,0.02228843307465676,0.1182699271733356,0.09297214588500623,0.49569196307873375,LFP,4,2
-289516.17317729164,2.2334610689072836,0.017016010677404287,14396.162543042155,-0.34800147757167466,-1.1519985224283253,-0.22229542338825414,0.49851746094419236,2.4259018419390666e-05,6.932997555084516e-05,1.3855242404423425e-05,5.063209816596937e-05,1.6093827543781283e-05,0.04238199187046229,1.9958478990495296e-05,4.87932483731269e-05,0.022168337592103536,0.035727131783908794,0.5576045005850119,0.11437294424282528,LFP,4,29
-30720.904220209748,2.502156582219572,0.014614342551226383,756.7816524863545,-0.28373927631285767,-1.2162607236871423,-0.1314235178769977,0.20732916507045132,1.695035158777466e-05,9.887505881368124e-05,4.0289837194357296e-05,5.3682857997247894e-05,2.8156701834784638e-05,0.07594884173844874,1.1782603685079716e-06,1.6463765703835645e-05,0.004047991414662764,0.017054490016264724,0.23809841101201765,0.54342358109472,LFP,4,25
-132195.28691398507,4.864720235839865,17.67891695266345,1542.2199589515603,-1.347977762081749,-0.15202223791825098,-0.5277521992801567,1.4695148102307558,2.869776833589942e-05,0.0001921943075500717,8.87697085462814e-05,4.95559105881869e-05,1.877688843501156e-05,0.08747088977168278,4.0374835242720024e-06,4.234337428371205e-05,0.02425741241806805,0.1670989834921645,0.12893505664156063,0.10621376058611819,LCO,4,1
-51358.81512199208,2.436757437855901,0.06469557309924823,772.9574439539774,-0.3243702490623921,-1.175629750937608,-0.05267480938895719,0.32490883198586173,2.2382574231817942e-05,5.390923706696993e-05,2.0934744592857037e-05,5.167276570437431e-05,2.5136621528393972e-05,0.09125614516682888,7.890293373694133e-06,4.935756519216955e-05,0.007448886014756968,0.03024419469051737,0.41400814965720784,0.4330728462633176,LFP,4,7
-52168.11784725267,2.2519519608187366,0.012370823013155337,1948.3522555348757,-0.27267771662328677,-1.2273222833767132,-0.06780692643859998,0.20444799622254708,1.4445002993930741e-05,5.3740829783942435e-05,1.1978067094010594e-05,5.3690585311498815e-05,2.3729029339312588e-05,0.09832346633784271,1.1009864411813164e-05,1.634963866594944e-05,0.005909365839329068,0.016897075367207776,0.4149991050047063,0.430296893189486,LFP,4,25
-297665.52976698056,3.0805563083799035,0.11547136629441802,4342.463395133924,-0.5359494777127374,-0.9640505222872626,-0.3810522319490375,0.4748171422236816,2.025690073599386e-05,0.0002495074984347226,2.5609485563692856e-05,4.333571305681583e-05,2.7794461964584206e-05,0.07589754158279508,1.30083557289097e-05,4.697546956298754e-05,0.02022287084867995,0.12263337923319717,0.07750636508029099,0.3488080237374744,LFP,4,5
-21265.174410424454,2.377455943135127,0.1449252667257377,208.34498990617976,-0.49060500301170507,-1.009394996988295,-0.13868011758686216,0.3976674721753817,1.344775180695526e-05,8.043800798968013e-05,3.4886372592384e-05,0.00014302588300639437,1.98290191112515e-05,0.09314723988541065,3.6590416522860735e-06,4.65395197036413e-05,0.004637243323504903,0.10468635711369176,0.2185023217548334,0.46813120354461274,LFP,4,4
-36645.15856138445,2.2386878500925316,0.04332376069632311,864.4546312652656,-0.3465986841935713,-1.1534013158064287,-0.4197423742882762,0.37292976748277024,2.2542633714670636e-05,8.167495923786803e-05,1.2000432576776737e-05,5.355505866190322e-05,2.2857767110217946e-05,0.09840560883698882,1.3737748050855657e-05,4.956456443213711e-05,0.004765058270444932,0.010966111626937784,0.3401830262288439,0.1591084878559422,LFP,4,15
-348744.18763152545,2.8116568994318065,0.05140538080979613,4722.123130814013,-0.7096903945428785,-0.7903096054571215,-0.28825409248736644,0.47541505442290727,2.3289072235235893e-05,0.00017129081799033426,3.6413155014764464e-05,4.2573964077641924e-05,1.637119241293992e-05,0.09875824084594628,1.3103918816622216e-05,4.717311740242696e-05,0.02116160030151785,0.09648876370403381,0.07697873719825236,0.4682784066103474,LFP,4,4
-212488.68652394804,2.2483486536432133,0.2519547697338513,5979.323007648255,-0.39645934909321134,-1.1035406509067887,-0.09188239262890419,0.39895444360213045,1.61387940449246e-05,8.035476694389566e-05,3.493422791142304e-05,0.0001433670817864222,1.6037103169331953e-05,0.08149949434422414,1.6266898728188387e-06,2.5614659766805698e-05,0.021894310472128056,0.10406707441375834,0.18127468106367528,0.5527758518936623,LFP,4,6
-377410.621090932,2.2403903839517985,0.03964063548114373,7577.331916295419,-0.025842603778681195,-1.4741573962213188,-0.35474667186039144,0.39602158855929076,1.5689144585271173e-05,8.512527755846056e-05,1.5835111591350435e-05,4.62703019792474e-05,1.4483180157810582e-05,0.08332524495834487,3.852486719464279e-06,4.6489734110751383e-05,0.01946611291007677,0.0152084248253361,0.4914387189502054,0.06860618436406711,LFP,4,9
-200946.10390802237,2.8615578764684604,0.34680407486003995,3151.0773422340894,-0.46148254259948374,-1.0385174574005163,-0.7071442295055993,0.6517456819975032,1.2248857068028289e-05,0.00017904458977330593,1.5795342423822682e-05,5.691543011682822e-05,1.4486483069877737e-05,0.08316033144654754,3.841246792118306e-06,3.027161838850997e-05,0.01709897176103624,0.10698249918622404,0.024454796261384304,0.09141847504679237,LFP,4,4
-42614.71453097997,2.4352660986043393,1.4422174011788524,356.06159865921387,-0.32698568117812066,-1.1730143188218793,-0.13223413425488284,0.38410000340882927,2.659538956766728e-05,5.3684311613106585e-05,2.00766718349578e-05,0.00014157083830833387,2.513671430611373e-05,0.08785143900802392,8.014227636144407e-06,9.258379026489795e-06,0.007497232773604017,0.015699020145419768,0.5682274484601806,0.21383939713951688,LCO,4,3
-375604.0000576571,2.272929759488068,0.009682711789303544,34128.63907162299,-0.32120146795292825,-1.1787985320470717,-0.6160491752138787,0.2046353236472047,1.2649280744529299e-05,5.5966189951997795e-05,2.3953846827248247e-05,4.3287765386380144e-05,1.6121566915155178e-05,0.06408974491400374,1.0959714965894919e-05,4.9195283170599774e-05,0.022910019239003047,0.09425218439904892,0.013529975221637888,0.20616866516543453,LFP,4,35
-510601.9476951674,2.869554690691334,0.137220321894743,18756.598971004354,-0.39448528875278654,-1.1055147112472135,-0.09610356342166981,1.3334070850363045,1.3670295473387602e-05,0.00024678681631928146,2.6358284886930545e-05,4.541665167616705e-05,1.985430784965508e-05,0.09270324071097794,1.9637104562314118e-05,3.175772432780082e-05,0.021338286223122276,0.14623618355924778,0.15121571317473398,0.5364445398443485,LCO,4,17
-84975.4557963224,2.2805337946534516,0.05464098751200906,1291.9880685662401,-0.5085116086803119,-0.9914883913196881,-0.272261316307694,0.2043666357396607,2.825668996493317e-05,8.201102996103768e-05,2.8669975380061034e-05,6.455459248541596e-05,1.4411555043206998e-05,0.047910093002421855,1.758132679543772e-05,4.8967614775128795e-05,0.012389676921766783,0.024406587572334108,0.5572165633221745,0.07611553279779731,LFP,4,7
-272499.1229669539,2.3284254885127385,0.11515345600647046,6982.115215291425,-0.43358931434671,-1.06641068565329,-0.1650674765563248,0.6623520681523687,1.6236163072579642e-05,9.191491655614465e-05,4.435007728670714e-05,6.0248598955434366e-05,2.3236086540662944e-05,0.0874773308378996,1.9593736452479444e-05,3.771717468546908e-05,0.01880496031951791,0.24512042512873883,0.45544626805220545,0.06436583026273099,LFP,4,9
-582469.2122096854,2.1646822428314003,0.028085176720614086,23451.43094632861,-0.22339320097924542,-1.2766067990207546,-0.5479502207984459,0.5759797852050074,1.306330408597412e-05,4.47163551349219e-05,2.093494338262051e-05,4.043025003301429e-05,2.1126915644789886e-05,0.09317482937931139,1.972283564068886e-05,3.382654655672928e-05,0.022129833237158534,0.1080887773589223,0.1586055326789067,0.11535546916372508,LFP,4,19
-462404.30385989614,2.711412407697909,0.10070409149464231,13082.484756877542,-0.5410271450909079,-0.9589728549090921,-0.8004320381775896,0.614724572088872,1.2080250204925132e-05,0.00019022133176799466,4.011148601194519e-05,5.18697877561458e-05,2.0614259353647014e-05,0.09178455587360819,1.481709008291229e-05,2.8726106330951926e-05,0.021764617037424376,0.058476488105661376,0.05178332962422709,0.019308144092522014,LCO,4,9
-200888.2570799326,2.3561619228173623,0.10963550219579571,2890.448027573029,-0.025842603778681195,-1.4741573962213188,-0.21403852743325957,0.5463706889846052,1.574545156137236e-05,6.926630235259081e-05,1.3060745350449784e-05,5.0651421743477e-05,1.3685986638272078e-05,0.04230072765491234,1.503405398225505e-05,4.900323953476179e-05,0.023394123874340585,0.010035732577613221,0.5903335828376524,0.1155921571514748,LFP,4,5
-220874.59290612055,3.1799643803892583,1.0219233855106749,1926.8604216431015,-0.7173510462001591,-0.7826489537998409,-0.5562240062513635,0.3427298822410771,1.3774087246076927e-05,0.0002462591275173804,3.978961916609393e-05,5.25516579406494e-05,2.062662523638845e-05,0.09655512870397295,1.0377593289465889e-06,3.891986754612001e-05,0.017982249108106085,0.10306283617698157,0.16911587099881334,0.10159728657284174,LFP,4,2
-387437.7383635574,2.907492538854066,0.27886095573488046,5649.452264250695,-0.5572789772079894,-0.9427210227920106,-0.21848093801340385,0.44985178514362023,1.665045054022019e-05,0.00017643908120909476,2.533893767711008e-05,4.541622782243373e-05,1.4316687687144764e-05,0.09319842517203297,1.9203496552764932e-05,3.0868504102494634e-05,0.02136045557642386,0.010939122221242895,0.1504248032549225,0.5501551365104308,LCO,4,5
-36399.838358857094,2.303931941021448,0.15742780541922288,287.20701843509926,-0.48056734636188025,-1.0194326536381197,-0.1909011755566279,0.3612404235344375,1.4875605874871297e-05,8.178471756739141e-05,1.1516428961399744e-05,0.00011620552219357189,2.4219630073019413e-05,0.09848149375025222,3.171599931704706e-06,4.968734680787416e-05,0.004766216165419893,0.10824765547143286,0.16050282363316137,0.4703483453387779,LFP,4,5
-297028.91322544374,2.138521687161654,0.0027876090506762426,86494.85589229359,-0.2909224857660977,-1.2090775142339023,-0.6882923673296835,0.20616964959457892,1.4279234743779606e-05,7.881624540011992e-05,1.081231832562442e-05,0.00011068006744738714,2.8558219801657364e-05,0.08562156493647471,1.5786189112959204e-05,3.736106868979891e-05,0.019081199049647567,0.08745588977072713,0.11647095755358283,0.03778078534600662,LFP,4,92
-434164.7330173524,2.525930310946133,0.06181601807774705,11511.412420395012,-0.37553978389993325,-1.1244602161000667,-0.5090017671241744,0.4973437266012113,2.5321057460022224e-05,0.00016661991687083572,1.0828469271680632e-05,8.243859714375094e-05,1.2595796465626393e-05,0.0998621202856953,1.3752550858482892e-05,3.383168896591306e-05,0.02094253023123533,0.10271476170409782,0.15935465655475067,0.1589288146169771,LFP,4,9
-57829.4142745072,2.5433684316739567,0.22249544921559822,692.1228468892158,-0.29114842305323485,-1.2088515769467651,-0.35991624807003586,0.5233900482823945,2.639877378655643e-05,8.673641349909455e-05,1.8557417257457205e-05,4.950850576127699e-05,2.5104507118255458e-05,0.04487201446420855,1.6163206355850675e-05,4.566648613905783e-05,0.012427547558036649,0.0431000498179699,0.42641390790323597,0.10056979420875835,LCO,4,4
-50416.891037002104,2.6172042469647456,2.3328150087407544,490.64212637682255,-0.6746397924147338,-0.8253602075852662,-0.39567171308742777,0.5248865855638408,2.9490804720092836e-05,7.750440790087521e-05,1.7959976435654976e-05,4.4744296376348306e-05,2.5240688037899037e-05,0.09881531445110514,1.5667160838948765e-06,2.537317569178623e-05,0.008226133080367603,0.015704974751761094,0.06664102782286283,0.4519822843379484,LFP,4,3
-646345.8464461832,2.407108041059784,0.06708044667258767,22890.791183096113,-0.30969242689926446,-1.1903075731007355,-0.23766942907148625,1.4175818027663456,1.3867983853662793e-05,9.358584606500865e-05,2.6398413454173378e-05,4.596239600623845e-05,1.7186730804950353e-05,0.09300610008739331,1.3724714129867799e-05,3.1932885825902124e-05,0.023435875616180733,0.18570738262319447,0.03141135121930319,0.4752118370860161,LCO,4,17
-26775.189248386887,2.4569274349028714,0.17162213340693488,219.16624920001482,-0.6620299532285916,-0.8379700467714084,-0.2190385859649343,0.3772800674847723,1.3447884324795036e-05,8.132904389849484e-05,3.432267799572928e-05,0.00014328868957780912,1.9790590329906742e-05,0.09545161730186735,9.797279227057572e-06,6.716650188451677e-06,0.0046373045821457995,0.08485813163926322,0.532678030094487,0.09342525230131549,LFP,4,4
-130137.69287411892,2.271509405332985,0.03496422226231653,4016.2858536502895,-0.38594256642232416,-1.1140574335776758,-0.37214443345883874,0.3728635970870709,1.2466824483316982e-05,8.676842777434795e-05,1.0188064962739182e-05,4.616732590403328e-05,2.3146991632993294e-05,0.09883243674887386,3.345547363908042e-06,4.908342355693394e-05,0.010125962712246486,0.017047127035083137,0.34008245035754664,0.20072598914853151,LFP,4,15
-28766.187146827666,2.6352950645765705,1.08330084924867,97.24819744795279,-0.7015125424062454,-0.7984874575937546,-0.26609610716116217,0.2853964746891414,2.9693273506846327e-05,7.750228795314041e-05,1.79782443000221e-05,4.39283611362125e-05,2.4196656509621067e-05,0.09832912064404076,3.18565581991967e-06,4.9753944788488014e-05,0.004601093902444953,0.14613979749410547,0.06583375329065924,0.4519303420540732,LFP,4,2
-695095.2005503826,2.6009595149760756,0.03490154233925753,26522.892475567027,-0.4017087806929034,-1.0982912193070966,-0.7099315589367815,0.21017508828826023,1.3147993445657342e-05,9.233998510046047e-05,1.9927166897280736e-05,4.292174869800755e-05,1.810932570497931e-05,0.0927528847085841,5.576744646511155e-06,1.4648846129563857e-05,0.024998356495783813,0.04428833125756653,0.03909200038690329,0.1366881094187487,LFP,4,15
-745461.3573467581,2.425246533932898,0.0144338606931587,47635.4471620664,-0.3700564100822703,-1.1299435899177297,-0.6686462676761331,0.20416674466116247,1.2639617343220588e-05,0.00017550722790263132,1.1555471510155661e-05,6.657283123498438e-05,1.2206571886249189e-05,0.0990460601531336,1.755402130038173e-06,4.303817031260688e-05,0.024997793011056937,0.03402800330497868,0.1634920406026568,0.06383368841623152,LFP,4,24
-200576.22263635628,2.5885521403579914,0.015167591024713559,15610.473870127864,-0.3018152817057107,-1.1981847182942893,-0.7965557765159119,0.21605261532427827,2.8662004826668996e-05,0.00023954305433081537,1.9957438103678087e-05,0.00013156257369029685,1.9841639319577386e-05,0.04752254951325335,9.03177641061182e-06,6.019983764500408e-06,0.020820189119713485,0.03912699518912915,0.03769759599841549,0.05661963229654343,LCO,4,23
-167877.2988983092,2.132880600809959,0.006442846236724219,22563.860770162293,-0.3215745584629186,-1.1784254415370814,-0.5737256199619051,0.20129291910778122,1.2263102207650142e-05,0.00010959862224294305,4.103425243859298e-05,0.00014500608939093992,2.7898579052851658e-05,0.05162602690239053,5.603939295732935e-06,4.968623980314802e-05,0.019153601957766976,0.015783259985529614,0.04621847000793823,0.2942726500446271,LFP,4,39
-40864.12290155135,2.280447316568849,0.011764430506275292,6508.952498528075,-0.2971762525110613,-1.2028237474889387,-0.08345714264364434,0.603067818238582,1.3039240864824564e-05,0.0001132031666113905,2.381560893156551e-05,4.0398594574429196e-05,1.5983148907845313e-05,0.07776347552870022,3.6559826854039407e-06,4.745814122556485e-05,0.008009729174541295,0.5183304317874069,0.2679125130931454,0.06029991247580335,LCO,4,50
-76505.85663001705,2.4805402641099557,0.002428086693859927,17145.120792106944,-0.39638291772802425,-1.1036170822719757,-0.18562990555258108,0.32496014865465694,1.5083380337321947e-05,0.00010730069380335643,1.1339717882502407e-05,8.556177584702358e-05,2.7256799355997526e-05,0.08475554316097676,5.610660342240395e-06,3.230916750479407e-06,0.009775732124886808,0.12267012583673863,0.32636998284799373,0.29532998576268665,LFP,4,84
-655605.7639202817,2.2893166537151495,0.0030291561017634044,150713.07347547374,-0.29999961247999707,-1.200000387520003,-0.6937667580564385,0.20109961684116476,1.3030398051926983e-05,9.572596816099672e-05,1.940480311507205e-05,5.765252567201583e-05,1.4858543857558576e-05,0.09967708947402466,6.748892517068276e-07,4.285050158797245e-05,0.024639673687408624,0.03399359655001738,0.12144139344477961,0.08079825194876457,LCO,4,80
-130681.87330950548,2.233946071150346,0.036796373523100515,5460.877409394696,-0.3511403316035917,-1.1488596683964083,-0.6043951879347823,0.2837444515620442,1.3567359005743447e-05,0.00011721540602849362,1.5059795698740654e-05,0.00012097128472284307,2.6957494159975983e-05,0.0984163079007884,2.693391687507269e-07,4.9540973739651055e-05,0.012905484486260187,0.02730531684599576,0.2802488587352395,0.01805063648398246,LCO,4,11
-303028.56778373104,2.4051716692829075,0.005872472222020094,26830.313128802347,-0.3024456653319074,-1.1975543346680926,-0.29290717176798886,0.20549524391519025,1.2650835267046422e-05,0.00017574798326652134,2.0719805098364206e-05,6.50393595538607e-05,1.2083367136072663e-05,0.07913526000092042,7.222391928284646e-06,4.970767002988717e-05,0.016411949406421735,0.04255453242580334,0.20842755414759745,0.38611074165861037,LFP,4,45
-152593.35897042762,2.222450212202991,0.006051372556521287,19090.32240280556,-0.2939003461817773,-1.2060996538182227,-0.5046142972132963,0.20126811855681342,1.5464747949129846e-05,0.00010690486022084241,4.904443410518645e-05,8.662890540681938e-05,2.6646099610711005e-05,0.04404256593970232,5.583736081176405e-06,4.9264900122285737e-05,0.019570200796489703,0.03033365805278872,0.09979529858346028,0.2952567461504547,LFP,4,39
-18098.851382932196,2.1042036062446905,0.007885881357914567,6249.091110643579,-0.30634155927404905,-1.193658440725951,-0.13116431972591236,0.6054024658128394,1.3029165297838975e-05,0.00011195291181756599,2.429637757378012e-05,0.0001215625346699219,1.589526026338157e-05,0.09847693295756954,3.7292075402625997e-06,4.648350510476687e-05,0.005900984352576613,0.45212876076510355,0.26780549717079727,0.07890142233818688,LCO,4,68
-457328.2623085134,2.3387323000286933,0.02817100616771093,18920.56746955222,-0.3378779312255862,-1.1621220687744138,-0.6685617289758174,0.21293536897208942,1.2320119943661718e-05,9.409635179435083e-05,4.045943534234385e-05,4.490485268016087e-05,2.805122300265238e-05,0.08183367726979826,1.9405780779349497e-05,4.855599965177537e-05,0.02272501331538231,0.05945885050135297,0.1680739966831397,0.03390542383968994,LFP,4,15
-335465.4430145995,2.1177302623320444,0.005460300936999591,79066.93012557169,-0.3693210143360517,-1.1306789856639483,-0.41327747656096003,0.2677614691185578,1.773990933760634e-05,4.339527625635381e-05,9.914015790746776e-05,8.571773100826558e-05,2.2936718787804832e-05,0.09279081416025962,1.6671290183743103e-05,2.8068467898086693e-05,0.02438512161878229,0.14400318703848713,0.2163197272867453,0.15639960911380751,LCO,4,51
-142464.30108689156,2.9269547482506653,2.620203438237084,3035.457717837049,-0.5741664609597343,-0.9258335390402657,-0.8452296728993713,0.2009586074663103,1.3052673669450317e-05,0.00021084890418462975,1.9517085140365986e-05,4.39464088452714e-05,1.683111047617006e-05,0.09984874551193053,4.492107772390781e-07,4.169469413579834e-05,0.014983167528121098,0.035169774839602666,0.011435457191572965,0.03816509506945312,LFP,4,4
-43192.16260326364,2.3805777483050536,0.1695984907784543,1592.382921651955,-0.22246508520925445,-1.2775349147907455,-0.053299473064316705,0.7668995445155479,2.1830525533128075e-05,0.0001132692599674091,2.3549237940378776e-05,6.932185145434266e-05,2.610789174298456e-05,0.0711955048848115,1.8496119479393158e-06,3.686154580053461e-05,0.00976811170480192,0.5490865221772169,0.26678455361335396,0.06082945114511255,LFP,4,10
-426444.4173202816,2.2821094572287866,0.002031550952285073,142097.48087419296,-0.318909275219017,-1.181090724780983,-0.6226730478753553,0.20985102597308716,1.8781459372574822e-05,0.00018856024168918366,1.5146790607909093e-05,0.00011456482985316779,1.5832182339996675e-05,0.07489603613942858,6.898462652801126e-06,4.4134486637013016e-05,0.024393524575613574,0.20149750944464392,0.02500781802992186,0.08082162465007907,LCO,4,100
-45679.591537959655,2.5831546657162123,0.021851737796766163,2777.123585722537,-0.3516625204445205,-1.1483374795554795,-0.7964434579951807,0.22150421604970397,2.452998090151882e-05,0.00023092904588871817,5.717919439389661e-05,7.803560914583473e-05,2.7080433791948324e-05,0.04457620484634677,5.516786000065555e-06,1.017037660039503e-05,0.01002160915354119,0.02884082398037328,0.07972779863622557,0.024987919388220464,LCO,4,19
-221691.2760060747,2.3207008058073386,0.020192854884262625,14019.843399589807,-0.381540045405254,-1.118459954594746,-0.5444502286218771,0.2020664488058848,1.2571275956873011e-05,0.00014730654328004946,2.818522988766731e-05,8.605251383565348e-05,2.868450566894217e-05,0.09949754525872756,2.1254756759107567e-06,4.9290327577083166e-05,0.015342393225196062,0.07485890854092639,0.09763708029341898,0.21305378254377755,LCO,4,20
-156513.0600712391,2.189581609871831,0.04824809208952852,5154.63947250112,-0.34790982914734414,-1.1520901708526559,-0.2035409389911037,0.2131672356700997,1.3556345601750367e-05,4.4356933945442535e-05,1.145364288978713e-05,0.00013403181529668767,2.5429833703873922e-05,0.09912915428666637,1.3531097011360208e-05,4.944193249460381e-05,0.015989652320895872,0.12045483510138824,0.5498150769096326,0.056189148997875506,LCO,4,8
-14255.303829598346,2.159845787676637,0.004018310204849854,3442.2438183780564,-0.31145835963701174,-1.1885416403629883,-0.645062424071722,0.2412346801389434,1.2245128344862096e-05,9.074823390135178e-05,1.699433896795178e-05,0.00010931931802784519,2.683735203911378e-05,0.07855338416278712,1.7678286871310732e-05,3.516959801545412e-05,0.004169683903995915,0.13283736020687834,0.13129696009283398,0.02080325562856576,LFP,4,83
-219310.8995096317,2.4715811299630075,0.04994737607416617,4739.155016270585,-0.5313037757517716,-0.9686962242482284,-0.5150511259992163,0.2663057917666623,1.2226516754593275e-05,0.00014792176425097053,1.3090673572174979e-05,7.032898237943551e-05,2.8877225023040696e-05,0.09951627356037693,1.9578505234851463e-06,4.930020059163737e-05,0.015235754778414119,0.07418227043284525,0.03450141800352811,0.3062651855644104,LCO,4,7
-83370.29389315222,2.545404198263871,0.0037127360208166513,11013.173719290893,-0.35684999697229003,-1.14315000302771,-0.16721265579818223,0.32661441920813683,1.5097484924494258e-05,0.00013154748921432176,1.1271758623064054e-05,4.377551054664837e-05,1.313729150300162e-05,0.0563026873800943,5.578968733424002e-06,2.930679997205097e-05,0.009545072308028282,0.12317035602915412,0.4307683780810476,0.20884861009161607,LFP,4,84
-155283.3293193657,2.1435372329422555,0.003086116672070164,51429.94321090494,-0.3026893824500796,-1.1973106175499204,-0.6330993781771249,0.2348647044306822,1.2207615706066544e-05,0.00011161535904218518,1.3815402614951951e-05,0.00014214415886305314,2.5787703017523806e-05,0.09941003848047797,7.539843275993568e-06,3.6129778875521336e-05,0.013939231578768797,0.13376448086259002,0.08752430470353091,0.07561183625675424,LFP,4,86
-343041.90546264494,2.511146833176277,0.008375286094385197,32141.577668898673,-0.3292192279743862,-1.1707807720256138,-0.7423784250799144,0.26592813379259395,1.259084661543704e-05,0.00019499109291103503,1.4502801083269346e-05,7.393222851917152e-05,2.7555770247646416e-05,0.0957372633289034,3.7991147859664243e-06,3.075243806008359e-05,0.017534220723574516,0.06000391665050444,0.10901536414762121,0.01860229412196011,LFP,4,34
-64451.18548689892,2.185883905366187,0.01309633264648141,6615.767964588829,-0.3626428361116716,-1.1373571638883284,-0.4901986062759952,0.2722522651653591,1.220231327428457e-05,0.0001095761127769793,5.2860739206564455e-05,0.0001434603959921454,2.8843668032072945e-05,0.09597320959910637,5.330740474115539e-06,4.888360198124875e-05,0.010510424891183855,0.017834683490502108,0.04612942510299002,0.3758372851305127,LFP,4,21
-352787.7190916238,2.175041975322621,0.006318272606265512,100437.96138355184,-0.27369930182246094,-1.226300698177539,-0.6744095941714926,0.6575974154235886,1.2215945311234725e-05,9.14905402519076e-05,1.698983769137242e-05,0.00010937428318742044,2.753587759279672e-05,0.07856856549825385,1.972792869989267e-05,3.5104202936191954e-05,0.02177950934745467,0.13345210150768252,0.09414406025131493,0.027994244069510003,LFP,4,88
-410962.5256818505,2.5128620980847147,0.0401728944615487,10452.498816749638,-0.3865735007738156,-1.1134264992261844,-0.6605898825120926,0.20061047320158884,1.5150697476971387e-05,0.00020564959800259094,1.2384495152640946e-05,6.647449292988356e-05,1.2078262850405424e-05,0.0991310582102445,3.5183182376016816e-06,4.308856151471557e-05,0.020300584517789953,0.029535329602067263,0.21199458616179273,0.027880201724047465,LFP,4,8
-425457.1130158578,2.6183839762740053,0.0401728944615487,9529.73837049665,-0.5062849031737109,-0.9937150968262891,-0.39229614522719936,0.2918963069250883,1.2024976949070678e-05,0.00019160511552728475,2.0418575870640938e-05,5.1069706087721564e-05,1.49364564699454e-05,0.08816566215300953,9.45049831853661e-06,3.6538899194416166e-05,0.02162052630444024,0.01283815146070057,0.4900036163253322,0.034862086986767966,LFP,4,8
-222486.92926353443,2.3847226845892044,0.03635388080753338,8415.093639068902,-0.3078104990580872,-1.1921895009419128,-0.8173934421029642,0.2677728991227606,1.3179648805868447e-05,8.910278747420396e-05,1.4414006094150427e-05,4.2779988897208524e-05,1.7850593428761812e-05,0.09138801678611687,5.577618518538983e-06,3.822850401387065e-05,0.013987257155271653,0.060434790552523585,0.036608741530957806,0.015563025813554517,LFP,4,15
-79057.06427947222,2.1657269689233316,0.0036670005061937285,20047.0284928634,-0.30042409265541536,-1.1995759073445846,-0.3705045354585851,0.3269555978674757,1.64119394192135e-05,0.00011425564615916273,1.945732951451165e-05,0.00012057829454549693,2.683699564114672e-05,0.08761858883222268,5.55827393121336e-06,3.584495705920942e-05,0.009976619075856652,0.13285995250375066,0.13063786482654638,0.29599764721111793,LFP,4,83
-697283.246901401,2.2416554797956922,0.011865710419608134,40857.10569803008,-0.4544764850988283,-1.0455235149011717,-0.6635124838515507,0.2083012779829219,1.515599081629496e-05,8.033322145980442e-05,1.1573915333238834e-05,4.473381860882312e-05,1.798728319710404e-05,0.09393720971985058,7.419576794987965e-06,4.9329147081045275e-05,0.024390409182909096,0.095981335608551,0.09841199434167064,0.0720941861982277,LFP,4,25
-54704.03582814183,2.210045306303299,0.004027619300544246,12065.875570262808,-0.2952433522762785,-1.2047566477237215,-0.5339125772196507,0.2409564191492259,1.4190664327780413e-05,0.00011738511066886885,1.7914481729161517e-05,0.00010398862404119023,2.6834481986348298e-05,0.07848291914913037,1.770240017107702e-05,3.482505175573572e-05,0.007995005427050275,0.026650926881296125,0.3514025546679116,0.018033941231141642,LCO,4,82
-115647.87661999818,2.2199154924476994,0.003710519021682039,25102.385393982862,-0.3166773131094427,-1.1833226868905573,-0.40388136082464265,0.3282989257628438,1.6416297132510152e-05,0.00011738939496212178,1.9465584718083723e-05,9.821581400583743e-05,2.6838097980458646e-05,0.09195904926755406,5.477237813207847e-06,3.6361219920363895e-05,0.010894270585721596,0.03433897050509295,0.35708493088087934,0.13469473778938512,LFP,4,83
-10958.795719974418,2.0683720746857137,0.007659047073037802,1227.409840126114,-0.27099186339986225,-1.2290081366001377,-0.17366903919641763,0.2097061959342544,2.1000123813029184e-05,5.106071410523656e-05,1.4843218184530381e-05,0.00014253276211796323,2.961666131188803e-05,0.09930099124280276,6.895641883976619e-06,4.406407314361176e-05,0.004039780739894734,0.20212658880289808,0.5004620006452907,0.05374237135539374,LFP,4,31
-111050.21519280614,2.159131614196515,0.002356848248245361,31368.668551924988,-0.30077716695235424,-1.1992228330476458,-0.4255427304188285,0.21316921504270675,1.3447110319199432e-05,0.00010196013378966804,1.0094909310528453e-05,0.00011455804743535513,1.217652969229979e-05,0.07405059478243475,6.890535984168872e-06,4.954484288245933e-05,0.012049941278081922,0.2031212418417777,0.2196764695363884,0.08165955820300544,LCO,4,99
-85464.58251138515,2.3417089497437087,0.014687689539677768,4483.606742543975,-0.363349448215752,-1.136650551784248,-0.18984253185394617,0.38667616047301995,1.6491886553822916e-05,9.253357732445032e-05,2.131508442079151e-05,5.142692869737019e-05,2.6264959781633636e-05,0.09303986055764472,8.055629772713667e-06,4.428405853642759e-05,0.008375662663603302,0.04264609759032552,0.20513263635804366,0.49237873419768474,LFP,4,28
-679346.0978677359,2.608683708545772,0.05924280793079923,35441.68527334047,-0.4085745493360555,-1.0914254506639445,-0.6419826108472649,0.572869999893609,1.3283112897377517e-05,0.0002457373661120048,1.8688158289741857e-05,5.3543964477943324e-05,1.4018471811707335e-05,0.09339166150425174,6.289305746359198e-06,3.540096362398979e-05,0.024949698381542963,0.10229666598571241,0.16621199061919564,0.01950873254782706,LFP,4,19
-256564.65946727674,2.574005276106218,0.0453256384229008,7748.477163561346,-0.36947207043933794,-1.130527929560662,-0.8213902012505203,0.20374808735145994,1.2912639031115019e-05,0.00020705643250128541,1.0481676844137324e-05,8.039960804422474e-05,2.6750432706774176e-05,0.08933702684782693,1.449572668554317e-05,4.142898079073385e-05,0.017052492815779287,0.02537175956130615,0.030039312223305453,0.053198726964868104,LFP,4,9
-52542.93021838132,2.2720785505719134,0.004698174061259128,11958.161594479272,-0.3284651702200936,-1.1715348297799064,-0.6917819782064671,0.3232822853795787,1.4674935733962556e-05,0.0001387634932719658,1.1361741761021819e-05,7.14759805027489e-05,1.7915966197938436e-05,0.08935529085544983,1.0753499307642805e-05,4.932885180573694e-05,0.0069644516044910214,0.13440322405392105,0.09012247811421309,0.013692319625398824,LFP,4,88
-90926.56177749395,2.5631601490527305,0.046368383721142714,2977.656601172441,-0.35721364697919533,-1.1427863530208047,-0.7135324637544834,0.34531073008503094,2.8661532284417866e-05,0.0002475488833659063,1.933978872492147e-05,6.357439066386225e-05,2.7236873380384912e-05,0.09968319720107172,9.487151739088768e-06,4.897302387302885e-05,0.009353878575755042,0.03644776087751593,0.13166091572665986,0.04835885964134085,LFP,4,11
-164530.68640802152,2.1355249510314485,0.006145884777234278,30890.945385260653,-0.2314637467008076,-1.2685362532991924,-0.12921857659960112,0.20191160935415708,1.3020347198483741e-05,5.176441015918392e-05,4.774876587703709e-05,8.100654099695194e-05,2.0366404786073365e-05,0.07948806328840062,1.6627315309751153e-05,2.823109757317445e-05,0.018677652319743596,0.305730861961928,0.47589682729827765,0.019153734140193227,LCO,4,44
-95816.18671809301,2.4145066886677133,0.002330460603208512,53027.53148134904,-0.1636958728777529,-1.336304127122247,-0.5974962792082837,0.28520196289413335,2.6804377841616992e-05,0.00011107288454099328,3.672192910156301e-05,5.382247319399241e-05,1.9632604464025506e-05,0.09566222191784679,1.8969391929449816e-05,1.8563975105113345e-06,0.015270008575320479,0.044646553061386984,0.24455387744370055,0.0433032902866288,LFP,4,83
-609626.2264586643,2.6323221954282428,0.11242976073739348,19773.597391205145,-0.47092490421845845,-1.0290750957815415,-0.7973284501584726,0.30512915077479824,2.8660758476091755e-05,0.00024690807326327484,1.9959803500848776e-05,4.01835703093402e-05,2.7544528553576547e-05,0.09963186578484451,4.015716043565334e-06,3.655086683773706e-05,0.023887698763502264,0.013001122767472194,0.08004382649521471,0.03962660057884045,LFP,4,11
-229263.51656506755,2.179506845686838,0.0029803853130648777,59010.589456518224,-0.2600200049812571,-1.239979995018743,-0.34057167087037055,0.2656549881398721,1.9461374607501278e-05,6.517024652963163e-05,1.5362410629314022e-05,4.7940055551660967e-05,2.0825050472629282e-05,0.09769451182155302,1.758877543821859e-05,4.506364494774476e-05,0.015611011529882753,0.2969907538891363,0.2783892271335865,0.014048348106906689,LFP,4,99
-432527.0394537233,2.591617629353977,0.0058515382509396665,35117.58841059803,-0.3911857695105958,-1.1088142304894042,-0.4438902287016051,0.22857951898279882,2.7734284250036888e-05,0.00015818895796283395,2.1831534408322575e-05,5.576913055016782e-05,1.6914245106442762e-05,0.0860657520529255,1.5229369609422388e-05,1.917899239319739e-05,0.018863506058359875,0.08543033487932192,0.21254362167329263,0.18813581474578042,LCO,4,41
-551018.8710505019,2.129714824425517,0.013004933089002229,46739.94176646157,-0.32098161139936643,-1.1790183886006336,-0.25309128302942774,0.4975693893543753,2.7834106163569263e-05,4.689324073492365e-05,1.3110947408290642e-05,8.241221109637524e-05,2.1011571183180356e-05,0.09806889664483874,1.9988671709858494e-05,3.432441890086257e-05,0.022167468310942195,0.018451748460655573,0.5440581254523496,0.11439884305756719,LFP,4,41
-144764.62548845023,2.072561276813318,0.003739159520129434,33276.75594823896,-0.29045164228810094,-1.209548357711899,-0.2571958282830178,0.24469710256892285,1.2029664659345038e-05,5.9577089949144774e-05,3.0918249577376694e-05,0.00012450980413019851,2.457084140535134e-05,0.09552633436948785,1.9905195071850346e-05,4.770128456765653e-05,0.014225931574188111,0.07381793061646293,0.5688595934416322,0.03012664765888714,LFP,4,65
-383327.613596717,2.2365537935995548,0.002311264776009491,66256.61893931356,-0.2882242539730271,-1.211775746026973,-0.4453324465689362,0.2068542362296495,2.5643353659168104e-05,9.052194816597153e-05,1.947582637906905e-05,5.476444471962696e-05,1.4932981875845644e-05,0.08700472071991944,6.877780568530806e-06,4.656521276579294e-05,0.017493720632876186,0.058700123166927576,0.3566348999065948,0.06933253035754146,LFP,4,93
-176099.28807119146,2.119084086010931,0.003139779411769346,53070.72855945332,-0.23194461713067938,-1.2680553828693206,-0.4256466740406102,0.2946546636219322,2.2176811758681144e-05,4.557655382143712e-05,4.883949452408956e-05,4.7276509922829885e-05,2.0365279161934223e-05,0.09776105423405208,1.6185483642645764e-05,4.694232103914763e-05,0.01435364316957745,0.3057625517457175,0.18464906170779583,0.013941712505876525,LCO,4,100
-568311.106245252,2.44685581608295,0.006994903976903008,43859.119967349194,-0.3606955218610235,-1.1393044781389765,-0.18365062174668811,0.23628449910317026,2.7895499695893567e-05,0.00011891553345239627,3.2113734434691884e-05,5.548836031846008e-05,1.2238438217700634e-05,0.08593697368111794,9.943367794964731e-06,3.205757648577934e-05,0.022623638875873264,0.11184206520020085,0.5859330126170491,0.04857430043606198,LFP,4,40
-127281.43042253403,2.396098091993162,0.008135555514193241,11101.634292506269,-0.32826530809807686,-1.1717346919019231,-0.6004717524305516,0.31148542343096963,2.646561253660592e-05,8.877806527333087e-05,1.008312001906062e-05,4.591305913192704e-05,1.539722385563564e-05,0.09872797933052224,1.7595267004705956e-05,2.6781135919161085e-05,0.010368833264577776,0.042213998162343065,0.24458802626228687,0.04272622314481845,LFP,4,38
-264148.98602105526,2.4652780014994073,0.002570758090990339,62286.81282396284,-0.34660755610027216,-1.1533924438997278,-0.6153790039439043,0.24907064966257284,2.5562490323366887e-05,0.00017712581172042686,3.6883362506778236e-05,5.8614195169045914e-05,2.4327198586057076e-05,0.09671065242836278,1.6946074099617772e-05,4.469213946038524e-05,0.015417379992074806,0.12425618836788788,0.17582033052326335,0.01454447716494451,LCO,4,90
-71743.867369805,2.196748425426941,0.0035944782282335028,26548.305648503705,-0.30720861338692274,-1.1927913866130773,-0.47080024076533344,0.2937737778627375,2.792193250775273e-05,6.72344923968128e-05,6.453669533523067e-05,4.4348268008243775e-05,2.7918081576794195e-05,0.07884392628183773,1.546048841049489e-05,4.7629562082703794e-05,0.012567598409350251,0.3235918900128614,0.12165839676873758,0.013949472453067614,LCO,4,80
-489721.0047239383,2.545178026297462,0.025811001663135824,15920.865417812349,-0.3370162981624283,-1.1629837018375717,-0.2512369640423825,0.2544449681928088,2.1729476639638167e-05,0.00016195539199793647,2.261160620910196e-05,4.678772547390854e-05,2.720450758283454e-05,0.08902836970495087,1.2173087277975625e-05,3.720481758178766e-05,0.021513935285345176,0.05230558149644186,0.44453758055506526,0.18191987390611045,LCO,4,15
-369762.196038455,2.5271647016201846,0.005493044721149571,45125.047018750935,-0.37625606761178076,-1.1237439323882192,-0.6325304710597762,0.20190447173468856,1.7182249144795773e-05,0.00011127123046942753,3.211932230165247e-05,8.064021932472875e-05,1.930328144108562e-05,0.0959900511832457,1.6591209682231204e-05,1.1488296755358313e-05,0.018680232333678104,0.11198895636824888,0.1421088628281939,0.04337170974378104,LCO,4,44
-103332.0132128082,2.1693319908697872,0.014103547684673054,6488.3869511551775,-0.34476166037626044,-1.1552383396237396,-0.04359778914624346,0.2789913309822366,2.937819567388853e-05,6.784289735255781e-05,2.9541945121239386e-05,5.484574363900248e-05,1.549608601803295e-05,0.0859397932641204,5.869771103206128e-06,2.6798996857952562e-05,0.012000325521775452,0.3359154198539924,0.4819891066837445,0.06849768431601967,LCO,4,23
-366798.38175574376,2.575735143542811,0.03441631246191164,15787.938117964026,-0.3848855115744101,-1.11511448842559,-0.24551583169895552,0.2660305783302955,1.9277451676941778e-05,0.00015888195556207536,1.5085681971383315e-05,4.788426237991705e-05,2.084085088782586e-05,0.09698847749987746,1.4102800717754198e-05,7.18651191487188e-06,0.02039606806997957,0.38414433560769534,0.21155490885279005,0.08878492384055917,LFP,4,15
-690970.57256097,2.4310952198168563,0.009268845476156523,36679.868708793554,-0.31489288043078645,-1.1851071195692136,-0.010659276391734696,0.2058196662120605,1.2359960688566384e-05,0.00015666449527406806,1.3286408239040366e-05,5.8123919627216947e-05,1.7227837827174096e-05,0.08747572824567693,1.3601445075801332e-05,4.4602018501452185e-05,0.023586564364285335,0.14462965474812634,0.53890191203428,0.2358091568258591,LFP,4,31
-206471.95707793284,2.2025264047643502,0.008815546913752095,33890.93676147798,-0.363774072419341,-1.136225927580659,-0.6728444959063087,0.5371984503264359,1.3868848234594102e-05,6.577756317082394e-05,2.0029419836770174e-05,5.115624477567508e-05,1.2301136004929972e-05,0.07124257814289214,1.8339252662775614e-06,4.470708580193595e-05,0.016206553623236947,0.011829788655579472,0.15695205468921714,0.08837366074889477,LFP,4,60
-452351.4603612732,2.661200433672369,0.05026837228370132,9585.942268816085,-0.25800749772266407,-1.241992502277336,-0.3242168021973245,1.2115252878381217,2.8373292015170234e-05,0.00010905426779180815,1.0221935366135392e-05,4.132638247701946e-05,2.060733926733691e-05,0.056067390805993926,1.4380720380356027e-05,7.585646101512386e-06,0.023040813401089964,0.05571531199952119,0.3199572460328812,0.23011063977027313,LFP,4,13
-303002.5437167458,2.5581160596197443,0.005806152042579493,26473.5766577257,-0.4226724954099552,-1.0773275045900448,-0.18046377045104423,0.2395965641256384,2.6343278987723984e-05,0.00017689704472473848,3.245967778170795e-05,5.536487122563115e-05,1.3987981088914506e-05,0.086066144012305,9.885251536089544e-06,1.907195808479278e-05,0.01711939201779405,0.11196898125912545,0.5910209485278589,0.046546299761971444,LFP,4,41
-162332.234686905,2.268455834070338,0.09240416986090703,7441.869700700309,-0.05057840457866902,-1.449421595421331,-0.2887804099959488,0.6705005513256281,1.941607519735755e-05,8.936577405971247e-05,4.496722239572857e-05,6.026169009721962e-05,2.076693941268204e-05,0.09705022235144793,1.8166643316590525e-05,4.800074360956718e-05,0.018060000947019997,0.38425264646393265,0.21098672588006487,0.04598021766005373,LFP,4,9
-179440.7215984942,2.4846930298415133,0.04332422892850679,11555.090143666113,-0.5797408238879207,-0.9202591761120793,-0.362107529497843,0.296271096267376,2.0239053139922903e-05,0.0002388157743405999,5.6592043114052106e-05,4.71156527121996e-05,1.283536702251759e-05,0.08130634189924398,1.9058085074770646e-05,4.713130449957036e-05,0.018406646545606958,0.3937912255600975,0.16144105430439742,0.012660190637662199,LCO,4,14
-341449.6999987697,2.1812494119747887,0.009203677695875757,30043.10800483303,-0.31344349611917366,-1.1865565038808263,-0.11383074619865508,0.2315893180572981,1.2079559742421244e-05,7.348674167611348e-05,1.5899244248608638e-05,0.00013838615874987723,2.9870439809080624e-05,0.09125527817418061,1.8789992770220384e-05,2.4768273064736666e-05,0.02208129581478202,0.10531033285508552,0.48830856515552656,0.22255035579073296,LCO,4,27
-56830.17268955987,2.080447036403521,0.009953161635435453,15818.532734719003,-0.3388071839257325,-1.1611928160742675,-0.6144145519252471,0.32066199741888013,1.7770867094702982e-05,4.675298657216268e-05,9.989982831517605e-05,0.0001017170655952843,2.8639344465845423e-05,0.0618684668161873,1.7158374078989817e-05,4.757350175535569e-05,0.011828038151151393,0.011620473990102381,0.14744395816265649,0.15652101592199405,LCO,4,61
-206282.0297860511,3.0383685201841732,0.6812245948361879,4441.742375708016,-0.4878212139088731,-1.0121787860911269,-0.8283664196857454,0.21603334225842472,1.800512279778799e-05,0.0002371099837327249,1.1264681322600984e-05,5.30054821260916e-05,1.4445249089777675e-05,0.05784078630587764,1.973833491494008e-05,4.750913920550461e-06,0.023861611201374082,0.033363713716532815,0.015791057632335567,0.05247880896538623,LCO,4,4
-406301.3589197283,2.1069714281599294,0.0034189453590940623,93331.14774635885,-0.28378850869066596,-1.216211491309334,-0.20127748132014656,0.28396320128025604,1.2106645130336212e-05,4.4988060164990066e-05,2.0410508292353326e-05,4.9505104579400066e-05,2.2853213338786974e-05,0.08672033296074029,1.7502449169926547e-05,4.80643221013977e-05,0.0227037006464296,0.3056550128460317,0.39766959077948544,0.025397915054336345,LCO,4,85
-412093.77200170595,2.2189374506130815,0.0023235963980011137,118731.56088555226,-0.2833367293056135,-1.2166632706943865,-0.41679193956722127,0.20971413083147739,2.8514025185223642e-05,8.065982538931334e-05,2.571811433702776e-05,5.302752495229339e-05,2.2436448968404856e-05,0.0984709254454259,3.094092286888355e-06,4.663499997357494e-05,0.022530206745248284,0.3020336890264973,0.04185347427204067,0.16932089713424078,LCO,4,91
-86386.89783679592,2.15394970643338,0.014556484289886368,4863.663500198695,-0.32842377203516016,-1.1715762279648398,-0.28822988724669596,0.243317210600218,2.7820426121166782e-05,8.484518327949975e-05,1.1618237138996324e-05,0.00011789614442408278,2.3161481368429177e-05,0.08684433480716669,1.6293580887006588e-05,4.110984534176304e-05,0.010247443210740902,0.028598319929600706,0.5675173883726337,0.04565440445106968,LFP,4,21
-50623.27336148378,2.0820708609236434,0.038946886631353254,3760.770209714625,-0.400797759570267,-1.099202240429733,-0.2668381668905222,0.3460662783907017,1.9334166383981325e-05,4.440643832365012e-05,4.5194639406834135e-05,0.0001256375175665107,2.7773348385457676e-05,0.08718282885166302,1.859962231067163e-05,4.8001935330314885e-05,0.011807153805672332,0.38861805796485377,0.11783811889121404,0.15670565625341004,LFP,4,12
-436943.96259578073,2.1722510719241566,0.002718328078933081,110961.66097676208,-0.2945865343940284,-1.2054134656059716,-0.26602034506419425,0.25301950467652157,2.6955512233103063e-05,6.0592390830162164e-05,2.3822725824111273e-05,4.9497092467415924e-05,2.6173250935782107e-05,0.08667109671598434,1.7502118842775006e-05,4.854588666063854e-05,0.02331983891181289,0.30599743914161476,0.3356742559704562,0.022307959823734933,LCO,4,99
-521772.6431517277,2.4149984282415122,0.01020088851040485,47119.795924028,-0.3494091643986028,-1.1505908356013972,-0.7917422251853672,0.21464883621708208,1.2297554797649176e-05,0.00015622554013108842,1.3079908015167323e-05,5.7892237324381475e-05,2.4576973382647623e-05,0.08389761912203517,1.207510172267369e-05,4.473479302593023e-05,0.02358980260065538,0.1148531616425375,0.012536981497236348,0.010867631674859088,LCO,4,31
-222521.85932502415,2.334732588153148,0.007995878329330864,12921.032095630953,-0.37280462438670803,-1.127195375613292,-0.03308847641560331,0.2244788523708753,1.8455485757685674e-05,0.00010850660646779297,1.3114370363054907e-05,5.820377840911428e-05,1.96582739559669e-05,0.08391182827963657,1.1044066069736794e-05,3.5623381852031136e-05,0.01507614812243376,0.04198079153309128,0.5309594552695436,0.32397127678176185,LFP,4,29
-223952.54609474353,2.1432653460650912,0.0026567958086563337,41604.7891420287,-0.29498550338291274,-1.2050144966170873,-0.1961767582302646,0.23470933575887268,1.2096315632222289e-05,4.573060416110383e-05,2.2096818150579413e-05,6.518788164082725e-05,2.2848651923014736e-05,0.08744153165299942,4.02338207316056e-06,4.656115894338643e-05,0.015060529438145922,0.05902656341188422,0.5953231191623212,0.07947355919553017,LCO,4,85
-341030.01049536106,2.193774476483093,0.0027180292334244203,128984.34269638913,-0.30990202502780484,-1.1900979749721952,-0.7378531560802704,0.2685591069281337,2.083147528370544e-05,4.241533101665698e-05,7.208084022352509e-05,5.547767704417719e-05,2.2937373373415106e-05,0.09293449780452426,3.873636112436291e-06,2.7893582751672647e-05,0.02159643848968123,0.0583885528276424,0.05627016140229124,0.07748812968979601,LCO,4,100
-28141.744851613785,2.5578286244828567,0.0022490082655719614,5912.194805963014,-0.34698389275609465,-1.1530161072439054,-0.24582423574370793,0.2337701316415201,1.8517827747506747e-05,0.00023687190919121156,2.2109639069380105e-05,4.577156565463224e-05,2.616314967014424e-05,0.09600533881616613,1.29007677287637e-05,4.465649882202248e-05,0.004913907288252655,0.04222261728890322,0.5952721487468176,0.0466809982205714,LFP,4,96
-327194.7183322635,2.647157621719609,0.020090399074745427,10153.446066315855,-0.5131175612362178,-0.9868824387637822,-0.2751514019381077,0.22394070817829176,2.7462566213158217e-05,0.0001591635389483846,2.1969082502867574e-05,5.5820779138864216e-05,2.2177882475362904e-05,0.08633789127063757,1.5259459284635952e-05,7.4140757622978505e-06,0.018738268285421078,0.09951126908347538,0.32498369007294553,0.23035363890547142,LFP,4,13
-531869.7993387968,2.1553939104928617,0.0037940497877168777,101646.00579700324,-0.29679632564454117,-1.2032036743554588,-0.2931331991508148,0.22557595015056447,2.797885975344281e-05,5.766684925600185e-05,2.1327698386963763e-05,6.61980150341751e-05,2.7982077946019123e-05,0.08667957060295402,1.2650349557125029e-05,4.6884226269344434e-05,0.022309853656290738,0.0964061157081522,0.49427446292276056,0.04618622221827255,LCO,4,99
-629092.7683625205,2.482687758614958,0.007068633733952553,59004.20721766074,-0.32880077869988256,-1.1711992213001174,-0.29369990655056477,0.23851966534507385,2.793072722476381e-05,0.00011908710955618813,3.220361988358991e-05,5.499915313339736e-05,1.2020218820712554e-05,0.0933066479751054,5.829251442176531e-06,2.4750510673304874e-05,0.02286609954720965,0.10224238258640897,0.4863809325655393,0.04767677829748694,LCO,4,46
-648269.9685001742,2.1891801757513596,0.004363603889366826,86393.1621606062,-0.3001947171302852,-1.1998052828697148,-0.1384547605615447,0.29354399416714383,2.2394579147707936e-05,6.455342203639156e-05,1.5370159874387973e-05,4.373158912766746e-05,2.0856090965929943e-05,0.09908802815864633,1.8157250389567505e-05,4.5083017503416246e-05,0.02361514954065677,0.14461528957380582,0.5391231462669379,0.10780680359771166,LFP,4,69
