SpecificEnergy,SEIGrouth,TempIncrease,Price,UpperViolation,LowerViolation,VolFracViolation,C,la,lp,lo,ln,lz,Lh,Rp,Rn,Rcell,efp,efo,efn,mat,Ns,Np
-13947.821645690336,2.0694898055791002,0.016993627098831073,19019.72172423501,-0.6248853552747846,-4.175114644725227,-0.3160004703664012,0.5700515814876104,1.2248023197640317e-05,4.157275872889999e-05,1.0510677646613534e-05,5.3367100111608184e-05,1.2269738469852194e-05,0.04454960013315515,8.91519624461114e-07,4.8737760419533416e-05,0.00726653034328051,0.33363105346456834,0.21478949197156533,0.06557898419746509,LFP,13,96
-123417.65680394419,2.219047170801497,0.012355665938806451,19694.86691219088,-1.0088775054629693,-3.791122494537042,-0.12601138950854096,0.2432655105351001,1.314508723890487e-05,4.0332751336873894e-05,1.1000520757832638e-05,4.687447411413019e-05,1.7567973691982236e-05,0.0485566607614886,2.310067660370918e-06,2.7699186903173595e-05,0.015274568958749523,0.25025785954725344,0.15771933403524122,0.39601141690896446,LFP,13,23
-8348.518254442826,2.1161510258396685,0.017211442628366318,5517.657492681036,-0.35883201766574047,-4.441167982334271,-0.24317716689279256,0.3170192769698978,2.2668773763044055e-05,5.1940476565602926e-05,1.3614709555967378e-05,8.71372807781907e-05,2.8045205521734837e-05,0.05057620546319024,5.062276017214329e-07,3.339360197406046e-05,0.004409540281491927,0.09573218155954237,0.01199589228851541,0.5790947592591497,LCO,13,71
-91220.7185278845,2.1633734689675768,0.027396198214963537,44504.023596692605,-0.6520076850641416,-4.14799231493587,-0.3582748157004628,0.2119231009353619,1.2734637788212804e-05,4.0860489945430294e-05,1.819441071047427e-05,5.710434804038759e-05,2.9648639801955435e-05,0.04040145353337058,3.746003507151281e-07,2.6946704985950974e-05,0.01887824738012403,0.02757171386616899,0.14682114892021572,0.39733232151315245,LFP,13,38
-12202.216958816443,2.5553504085566545,0.016865777569345892,4930.017204238278,-0.42101749933232924,-4.378982500667682,-0.7119685133139704,0.22017394080698036,1.4643836723427945e-05,0.00023064765088696103,1.0984935426989046e-05,5.6995150096727526e-05,2.3533990037352565e-05,0.04776789382385311,2.011107939774941e-06,4.0224229363474624e-05,0.004175349298145103,0.1378713169659267,0.06364071477814481,0.016519454941958202,LCO,13,56
-272946.50661914103,2.263818515949513,0.013268430280767334,177163.13538523944,-0.4080560150172232,-4.391943984982788,-0.3919826968823755,0.289640644273979,1.3036200610618207e-05,9.8668067449123e-05,1.0352089000132576e-05,5.7726927255128375e-05,2.1692020672165445e-05,0.056370152113514156,6.585465570998742e-07,3.906428107399913e-05,0.02089970575514177,0.017738858940006992,0.0255125738886182,0.4947658702889994,LCO,13,81
-11339.663826779703,2.104227929105323,0.022677362473907326,6585.276905876892,-0.5512742060888485,-4.248725793911163,-0.4529449998061682,0.22225613216720225,2.8427125560864563e-05,4.456111516447218e-05,1.7970795865829656e-05,0.0001471239241760219,1.7718474800252695e-05,0.07552992316562814,1.745355834234727e-05,3.11660972429981e-05,0.00451786971757206,0.24981415396537876,0.05230876725860967,0.17493207896984342,LFP,13,48
-340448.54702269036,2.5369754350826557,0.02424275645652833,170467.132948065,-0.4390487417005886,-4.360951258299423,-0.26754052958302343,0.3448731782434649,1.4143404790641476e-05,0.00021353651441823594,2.384593300826329e-05,4.140561954711508e-05,2.1949577934662186e-05,0.05844847604182049,1.7528813904890488e-05,4.245440897925424e-05,0.023057274421085825,0.2858229573687718,0.1781663639861841,0.19847014906202073,LFP,13,62
-381527.9247409939,2.308177199322085,0.012255503515145856,149358.47846244602,-0.3430319654031422,-4.456968034596869,-0.24701519423438356,0.21997712382609397,1.2471478375564331e-05,9.92452263547509e-05,2.6688081780120618e-05,4.0122031723937204e-05,1.893419708722909e-05,0.062380349237214215,6.584371374874461e-07,3.889324165251393e-05,0.021016952928525356,0.017029929559701854,0.0738381184591847,0.5921167577467299,LCO,13,64
-268745.9268730609,2.20010563332337,0.011387061417103135,204812.42359901857,-0.41780780479545854,-4.382192195204553,-0.6565096707997111,0.20418995562785003,2.8616272245199886e-05,9.044529921695835e-05,1.4708966145245281e-05,5.423179533140379e-05,2.1705051220043777e-05,0.06046803889876755,2.317021112344551e-06,3.940892553295794e-05,0.02107338347094387,0.08620702177861667,0.14481630784613733,0.04246699957553486,LCO,13,84
-9445.96943971278,2.206550223769866,0.031379742028867195,4062.255566464626,-0.5426139922985698,-4.257386007701442,-0.5846194945233796,0.3480245944102484,1.2730983281443115e-05,7.491230794869656e-05,1.2062532179687253e-05,7.99294334229142e-05,2.7435203092184065e-05,0.051513252459598445,5.194919013292192e-06,3.445953487013533e-05,0.004021419889054833,0.0939530409011589,0.23142077812604198,0.020006686449419653,LCO,13,52
-39573.73595754061,2.2912930371874287,0.22054675927988293,2764.049604009826,-2.065299598760582,-2.7347004012394294,-0.2582113380963872,0.23422307128038294,1.206313028711704e-05,5.212299692775499e-05,1.0753405207167135e-05,4.314469583159902e-05,1.695966669403069e-05,0.07650940646272698,6.9696347616274044e-06,4.815514317455991e-05,0.006960833624234108,0.2620750025989308,0.012160307080448973,0.39755335222423316,LCO,13,9
-154857.74736412131,2.3601392363931923,0.05171217879657284,53787.10285458649,-0.8828412660326563,-3.917158733967355,-0.13298260970672315,0.21017037607528805,1.2012829034748848e-05,0.0001252975195904245,1.1554950325777454e-05,5.337600643980202e-05,2.7780185505937605e-05,0.04832808042673912,2.3599392730311197e-06,2.7424613269220095e-05,0.022103169217365097,0.46926346874908,0.3176469820519707,0.010106939492226241,LCO,13,27
-89127.8730986159,2.3382946409843295,0.008669412841598877,57329.00114739292,-0.5556484002164837,-4.244351599783528,-0.28370378776656857,0.20390750734205365,2.8753417606553454e-05,0.00010654456101293144,1.0738113041305794e-05,5.3128847629542846e-05,1.6894903658012945e-05,0.06680137367449768,6.281815457180391e-06,3.534878198233717e-05,0.010462624363210108,0.08187831457779021,0.011301255215372508,0.5531166424402687,LCO,13,96
-70561.66483938094,2.0864972068453147,0.01979203032212819,66300.5949432741,-0.42730695012777176,-4.37269304987224,-0.46538654835065757,0.4611597127263649,1.203976841473803e-05,4.256486930421481e-05,2.9330354540888708e-05,5.336505144001888e-05,1.634861070140544e-05,0.09263898195257692,9.437860031039791e-07,4.296462288184881e-05,0.010738904562022776,0.026866044727435062,0.3609259563619064,0.07682145056000106,LFP,13,69
-5959.896525471473,2.077451787359806,0.01273642011995724,5547.43640020548,-0.5169392155297743,-4.283060784470237,-0.4322096796086966,0.23340290875970346,1.4704868013479599e-05,5.034819297645273e-05,1.1609500607589979e-05,5.666099916254982e-05,1.8069105709678772e-05,0.04040862128241086,2.336563968897244e-06,3.6894232915375114e-05,0.004163912398573558,0.39964043888362627,0.08682639310507007,0.01132348840260708,LFP,13,92
-201115.91596006014,2.4694214659947553,1.0618652958558874,8777.029410852912,-2.6261257536823877,-2.1738742463176237,-0.13513370499493438,0.20580618974003834,1.2627339375769277e-05,5.057716840425383e-05,1.1106659281554688e-05,5.674034712103137e-05,2.533965678065241e-05,0.04002684577123314,3.1223729674656545e-06,4.493905921811716e-05,0.02397604833680709,0.06527548537933803,0.16572383286342707,0.5638669767623006,LFP,13,5
-8665.568933052253,2.1610228826798896,0.04970152125233382,1327.781627451715,-1.3189885518191176,-3.481011448180894,-0.522594971662025,0.26193437266543373,1.6854061331513884e-05,4.4899967166408455e-05,1.5036608084989813e-05,5.475240838745095e-05,1.2837510846754496e-05,0.04446282990809745,4.4086180917364106e-06,3.3037257327906944e-05,0.0043991260629019325,0.3352243798855318,0.02532801345844586,0.046852634993997444,LCO,13,17
-193679.83928213862,2.1125520599930616,0.00879366581295148,221217.73375841862,-0.5612707381088953,-4.238729261891116,-0.22546534140103935,0.21671546231776964,1.7839428073469612e-05,5.2770160606669705e-05,1.0327282633124237e-05,0.00012022097891149634,1.684550767552153e-05,0.07915286894384588,6.354453841916655e-06,3.526283859104478e-05,0.018575586688121544,0.024349216120086514,0.12674827804858368,0.5534371644302906,LCO,13,96
-19069.23291974255,2.315675723273432,0.20815410261718154,2628.4221407320124,-2.059150531084562,-2.7408494689154494,-0.2595335651776086,0.21109479701574219,1.2229213755647491e-05,4.08040382299267e-05,1.827093742903705e-05,6.354652098536237e-05,2.9853360405082484e-05,0.09232972117744118,3.066527722511585e-06,2.6436470139140328e-05,0.006313611136859312,0.26210878149317446,0.011129361992823952,0.3972282913363931,LFP,13,9
-7623.682009770711,2.0876525491396665,0.021339336765301902,3722.9393397331532,-0.471247001560954,-4.328752998439057,-0.7711609990197638,0.2569527857689988,1.9227378646836166e-05,4.483823284700677e-05,1.0023359021661742e-05,4.6573407878944544e-05,1.8128299671333714e-05,0.04427504677191084,1.006699103588703e-06,2.977558079490626e-05,0.004161464571228313,0.061450581124966736,0.07942817499654814,0.01796024485872141,LCO,13,53
-219629.92707331904,2.16903320816132,0.011953623821606234,149909.61167907322,-0.44178797152601845,-4.358212028473993,-0.7650153500548569,0.21771950792195816,2.920770152976474e-05,5.2969322457314316e-05,1.128520354952849e-05,5.409051136803638e-05,1.336159739028202e-05,0.04281185508347542,1.921077036177648e-06,3.171317975853995e-05,0.021219760988937016,0.04417394883343223,0.05519442501136598,0.06561627610034493,LFP,13,86
-125573.62524767898,2.1960785177976114,0.04184480909854353,19624.323041467065,-1.207385986526461,-3.5926140134735505,-0.7177734457676683,0.23234881383668568,2.077306424037642e-05,5.79650505983322e-05,1.0130992088109123e-05,4.840586231025068e-05,1.2663629126380873e-05,0.08054816295321413,1.8695750389469244e-05,4.75424674428213e-05,0.012039901080322032,0.012285661173882766,0.09122602806528596,0.10871486499316296,LFP,13,18
-65012.849666506714,3.5238801039383625,12.523963628914903,3698.7166725081493,-3.3920610036735823,-1.407938996326429,-0.23399962679279274,0.26872692418457306,2.8540404247461075e-05,4.433287996675764e-05,1.1554245785377863e-05,0.00011844350723746928,1.297590283708432e-05,0.09470537927406855,7.424959863955201e-06,3.693728967780383e-05,0.02190386796870881,0.013241268902335929,0.12985329432973738,0.5529058099751339,LCO,13,1
-167394.2596033414,2.1469690249964826,0.012920935468638525,182436.9261952724,-0.3378624999938964,-4.462137500006115,-0.4807966153233337,0.24719011234993404,2.5772820758994433e-05,5.186150050197048e-05,1.6916964316224473e-05,0.00011620077524248564,2.636754214832611e-05,0.05044124527890403,4.892867188515608e-07,2.8513775687814226e-05,0.024478829275149848,0.0961675121898386,0.03830852933257278,0.314727343154255,LFP,13,69
-10680.017653469245,2.4792453224835476,0.020065352354680283,4497.948314131258,-0.41662402685414435,-4.383375973145867,-0.8124694944880446,0.2290166676888252,2.053284319883233e-05,0.00018698689415829427,1.040558733102284e-05,6.631743989742882e-05,2.3372186611121025e-05,0.04426100585792331,7.827629192295784e-07,4.6387246745402175e-05,0.004162004570031139,0.01388673780529828,0.08549920491672604,0.018144562789931117,LCO,13,56
-152054.84168606024,2.224308317772901,0.2123406188526528,18398.497272848534,-1.7730509018215201,-3.0269490981784912,-0.3010229286439893,0.26477776973005746,1.9009553075756153e-05,7.536187775516464e-05,1.0099548067702085e-05,5.537689881817753e-05,2.778309331060615e-05,0.048431831514296454,4.4644704508892435e-06,3.5451550272816954e-05,0.019542610122749327,0.46945886059059644,0.13231409647167008,0.027204114293744208,LCO,13,12
-179181.3939450749,2.2822987796779737,1.469288172266794,30341.84141708779,-1.317842882199244,-3.4821571178007673,-0.3848637480695949,0.2141191501075361,2.958636844939673e-05,4.4460811572508136e-05,1.1585586873521358e-05,4.8931469832350335e-05,1.327595910425608e-05,0.045217213076736214,3.176287311219214e-06,3.4172259583812694e-05,0.022598598496113773,0.4678114924504341,0.012016323143615788,0.06530843633635532,LFP,13,17
-52067.51599309008,2.1174760245319613,0.026173511515532953,26971.320890984465,-0.45781323577906363,-4.342186764220948,-0.21828619286099482,0.5797207912774895,1.964091602185514e-05,4.150986456498274e-05,1.8533714587862377e-05,4.351900427659563e-05,1.2072748681536213e-05,0.043128361078857945,8.982391034304806e-07,4.495573895315132e-05,0.010643988031561108,0.04381688520488092,0.1523464996218465,0.5155504223122778,LCO,13,71
-362673.9723102972,2.1508507921892965,0.0423854919317387,202382.8990959323,-0.6766562669224356,-4.123343733077576,-0.8802847101474676,0.2616299039179417,2.7885416019617276e-05,8.881894404282701e-05,1.3710355634384823e-05,0.00014536567523648156,1.3075377293336324e-05,0.09174577136080672,1.8555700234607702e-05,4.61004632403876e-05,0.023688801503316235,0.013895626115052975,0.016350793145618978,0.019468870591860532,LFP,13,37
-161634.2155119298,2.070611957204912,0.009695380700388619,223047.49437554987,-0.5474210229049561,-4.252578977095055,-0.32351530924992655,0.24718802867906492,1.2943253952301604e-05,5.2113700526581466e-05,1.9843984393531532e-05,9.075112508467389e-05,1.6552322237810437e-05,0.04363425556985428,5.195119347328476e-07,4.78079575661692e-05,0.024766973143668825,0.26801802086857823,0.024524317357868974,0.3139423525236263,LFP,13,95
-269222.6943826092,2.2642003924572194,0.008543871001177716,175635.44869936025,-0.5431872344769317,-4.25681276552308,-0.2585121544626302,0.20404123242144645,2.955445736748537e-05,9.988485476460994e-05,1.0409263269160673e-05,5.0230486047317085e-05,1.7394896996932257e-05,0.05265927602449127,6.789245837371063e-06,3.781190739613847e-05,0.021084454840156537,0.08735539545377155,0.1813274875307414,0.40280496255285697,LFP,13,95
-390394.3896621575,2.1647452797302167,0.009947929663993051,375036.59437758557,-0.4808961345309868,-4.319103865469025,-0.40888191069923974,0.2450895323429412,1.616877242259786e-05,9.869650677002538e-05,1.0033293427491767e-05,0.0001476553952238871,1.7383679023450243e-05,0.09812788551558636,1.7889550520323655e-05,4.6941825899912516e-05,0.021573416533728493,0.021062653054728812,0.17645689911856088,0.32359853712747055,LFP,13,88
-98915.42781517335,2.3400688942383825,0.00980268196635314,108922.28103649373,-0.5610626186254706,-4.238937381374541,-0.4386387705562914,0.24267501964828642,1.4645131593245831e-05,0.00023775098912571266,1.1188699748799776e-05,0.00014653175522794774,1.6338703824599013e-05,0.09968570681820561,1.4568669830806496e-05,4.8177415226156176e-05,0.010767067789135604,0.05396195400918109,0.3615863702932859,0.0758129051412417,LFP,13,97
-205045.65149682976,2.1824326707862585,0.011073614823741926,270230.6165156716,-0.5589208816231448,-4.241079118376867,-0.21063125704944874,0.266879489072518,1.291296502574084e-05,5.216483753230148e-05,2.0248858912250893e-05,7.223103626214825e-05,1.6581698861809036e-05,0.05490363567876225,5.870833449683733e-07,2.20424257020263e-05,0.02486558092275052,0.26878385160902896,0.023570713267586637,0.4270141780739357,LFP,13,96
-18844.18425048307,2.0605385227591557,0.026625680706874356,20187.705489855685,-0.5393536686410059,-4.2606463313590055,-0.19954681142144381,0.7329562952453718,1.2434158157488613e-05,4.255293103292787e-05,1.879616906032005e-05,4.3743242765784795e-05,2.068552866720065e-05,0.04040668765741997,2.3532675308076922e-06,3.68290661420554e-05,0.009582190107683396,0.5644952767079674,0.15332574929779322,0.012632162572795685,LFP,13,70
-106872.3344695711,3.340414115623163,7.404377627952914,4341.824558734309,-3.0326568547217008,-1.7673431452783106,-0.30366748234458196,0.21014957003381393,2.9348157815499083e-05,0.00015794823858787712,1.1117821422679573e-05,5.442495489469954e-05,2.779820917995549e-05,0.0402598424954198,1.9185650391999104e-06,2.742020720914185e-05,0.0208033100427006,0.5614822872382828,0.0547527896244305,0.010097440792704825,LFP,13,3
-10567.14466272945,2.8777493632598987,0.13461186021930086,1232.1899683599036,-1.5162091633064705,-3.283790836693541,-0.21028548579624562,0.21107303320369947,2.4365050183661664e-05,0.0002478311036656961,1.278714097212825e-05,6.616159706381578e-05,2.035245671056946e-05,0.04320006101724939,6.67529695155709e-07,2.5844279905538338e-05,0.004798360968198425,0.2663783303348882,0.04441067713832382,0.40892550673054245,LCO,13,14
-13623.349434423051,2.219537265528232,0.017845014991991783,12672.36363599204,-0.5201522000518395,-4.279847799948172,-0.5276136709500353,0.33719755284544256,1.2743872281222592e-05,8.784604842530391e-05,6.2178391222827e-05,5.604404228342529e-05,1.2023317970190036e-05,0.088787654577634,3.57740107862343e-06,4.778245620320444e-05,0.004038438505710014,0.0462444078138684,0.25594957171934085,0.10019234951675549,LCO,13,89
-193797.05638084,2.12143568821866,0.013588202782150898,167977.36068160326,-0.5764126376021323,-4.223587362397879,-0.25891515830543355,0.30501716716184624,2.479470046895477e-05,5.1559489300885696e-05,1.0341571043207755e-05,4.820298464386535e-05,1.9458376544384942e-05,0.06776501817106714,3.282838740496997e-07,3.512047939138965e-05,0.018428132222664276,0.0201340165884899,0.09540326823447667,0.5555475568716,LFP,13,97
-109463.7117619928,2.4502508825443168,0.001751778228593057,591335.5143767563,-0.5499421992991032,-4.250057800700908,-0.736520508993926,0.21729351073032438,1.4216667141990554e-05,0.0001951094405102926,4.479403090475459e-05,0.00014119888488741227,1.7180617728736478e-05,0.09200472489166889,1.4851705875059603e-05,1.0223673272563853e-06,0.024627687512831026,0.14931478960435393,0.027641217755520867,0.016523483646199294,LFP,13,98
-163658.35873059175,2.4259839532845744,0.006739185582179522,255842.39391514077,-4.333139728127037,-0.4668602718729744,-0.363650844538967,0.21303069329299265,2.328930262552003e-05,0.00022923108094512396,1.4777858736473772e-05,0.00011545657279954257,1.465406522541296e-05,0.09841180102895444,2.8606047878968426e-06,3.4756515032235824e-06,0.018374736059096907,0.260937405480144,0.17405545037155362,0.13135629960933545,LFP,12,90
-19614.769186851125,2.1648339758265314,0.01127376112585715,21052.883377606842,-0.5485734915799512,-4.25142650842006,-0.7616996698379238,0.22156939276151028,2.8228793148287894e-05,5.609526529817169e-05,3.7484698287393764e-05,4.0655215625764744e-05,1.4898350212451626e-05,0.05760189804465092,2.8698543860681783e-06,4.1923395510183284e-05,0.006379207201996112,0.11584716684930652,0.010470361116362608,0.0419828021964071,LFP,13,97
-283620.7255233388,2.289892315474521,0.009055116635428805,248948.93877699575,-0.47088156445648366,-4.329118435543528,-0.04236405011615518,0.21704885422063064,1.3158057165441858e-05,9.946745851307298e-05,1.2466758607334147e-05,0.00010927793628301606,1.5438157981318986e-05,0.09851761595303689,8.186216295730983e-06,2.005455065636178e-05,0.01890078404868409,0.09653528396720461,0.27187893611117186,0.5192217298054683,LCO,13,87
-122295.48587872213,2.0449468272750693,0.010002618522301082,116476.35353034589,-0.35544217860516625,-4.444557821394845,-0.1886578913239806,0.21768846386959292,2.9042412275540547e-05,4.257523363185176e-05,1.096588284060886e-05,9.296003516589665e-05,2.306260405441191e-05,0.07566315244940905,1.698402399217947e-05,4.1686747945244124e-05,0.016298270356973628,0.27059701405682934,0.013209987544177171,0.457535107075013,LFP,13,77
-226044.6969312802,2.1922855189173363,0.011908262869730271,167623.42003962875,-0.33159040901519177,-4.46840959098482,-0.38827277877590693,0.20815186033779773,1.4638310801255247e-05,6.445706340113736e-05,1.819024658186568e-05,5.675724829725153e-05,1.3107609658730551e-05,0.07635190032370602,1.9658658354450975e-06,4.90260535912702e-05,0.018152894435493366,0.05741096361240631,0.06397451709746263,0.4203417405142241,LCO,13,75
-294733.0352171871,2.1342433626207806,0.008752740789282381,455966.25188502116,-0.5483873227955556,-4.251612677204456,-0.5908991387135571,0.2115147803398533,1.9799345732009005e-05,7.984835760284759e-05,4.054372111300524e-05,0.00011763723591896717,1.8417185465513627e-05,0.08880067340859787,1.6299702095059314e-05,3.9282263607818605e-05,0.023203274932982215,0.2490235765309513,0.02592354224153176,0.06415374251395979,LFP,13,98
-479340.84725566406,2.620340626923358,0.009565291950153305,476979.2763300794,-0.5475004598335786,-4.252499540166433,-0.4933825646789942,0.21110451142760409,1.8881169336209244e-05,0.0002483166297025545,1.0778901077249224e-05,4.0001898355584664e-05,1.8320520942274186e-05,0.08647383435128918,1.626629002278495e-05,4.371282270311559e-05,0.024134308583186926,0.3443909038440083,0.03315158949264856,0.059074941984349004,LFP,13,98
-152617.73351903807,2.1218778061909815,0.01003705085883146,146636.6019304611,-0.3693187642075273,-4.430681235792484,-0.3783302545402377,0.21258072159179237,1.6739755548576787e-05,7.391524468936531e-05,1.306299202860151e-05,0.00010545459915322441,1.7161615776236707e-05,0.04736288483006693,1.7576585703469874e-05,3.433070297220286e-05,0.02094202917503059,0.3347799858690321,0.08528952261816845,0.13160023697256173,LFP,13,79
-434348.30222953093,2.587778614530526,0.008579103302880859,303380.7388653737,-0.5550585296404122,-4.244941470359599,-0.3765604732394724,0.20832695355626654,1.3393139928113876e-05,0.00018472515061135504,1.326654689030109e-05,4.02286741438192e-05,1.5344251056043814e-05,0.09624592585258147,1.6344061441323086e-05,1.9577295450862634e-05,0.018773892212667224,0.03549186015900961,0.3910388078695485,0.12690885873196958,LFP,13,97
-323281.21082677157,2.5799535029973795,0.0193136795002944,148693.06832817497,-0.520058512352513,-4.279941487647498,-0.6844973065918364,0.227654570077948,2.7866493683369237e-05,0.00018446756967504667,1.8760845002383827e-05,8.596597453397304e-05,1.8602099803619998e-05,0.08630783039489343,3.7088486116008414e-06,1.9094386257129824e-05,0.018731503705591818,0.034665491179907,0.05577074790526254,0.15506645432299415,LFP,13,49
-283382.33724200045,2.1704351476286474,0.04408044243156962,72807.92721764093,-0.8796435367875972,-3.920356463212414,-0.15108804872482529,0.21142174546233916,2.3128919438771164e-05,8.592600194561735e-05,1.4269689190684718e-05,0.00011988503477254598,1.301074493933411e-05,0.06294823417409394,3.3506806957409437e-06,4.7547192015047055e-05,0.023242989265712954,0.24904763522342102,0.01990718539015984,0.509957130661594,LFP,13,26
-249028.36172715374,2.156041977542743,0.047280515863618686,47188.94778120511,-1.1815106324662068,-3.6184893675338046,-0.45427659368155304,0.2128703928466355,1.6721710174731716e-05,5.932460730516181e-05,1.137630351540339e-05,4.5970044793332606e-05,1.7236128021473416e-05,0.06587749320414774,3.959065538068454e-06,4.551500747344333e-05,0.0209580658349559,0.3354354393733099,0.11908858146636778,0.0211993854787693,LFP,13,19
-240894.9058061825,2.09224836321421,0.01999075423275672,114618.2329942343,-0.5476261085081191,-4.252373891491892,-0.1696033142024358,0.23003956405405973,2.0201304662320842e-05,4.4622702445406564e-05,2.0474157305725108e-05,0.00011247953967598857,1.761599173938119e-05,0.09582640115423682,1.6355261696070133e-05,4.417982129663908e-05,0.017264631276860006,0.1243115066832693,0.5298327397531079,0.10625243936118708,LFP,13,50
-693517.8223819503,2.5395345819053543,0.0096635253179104,574749.260560054,-0.5518927012398507,-4.248107298760161,-0.5645740118884987,0.22227619296519405,2.8249548005404113e-05,0.00023608873255507245,1.2302170628163625e-05,5.134552250184842e-05,1.2846311621942066e-05,0.09777634905226457,2.9605087348770425e-06,4.668032994760998e-05,0.024667450961149476,0.24186630912930415,0.03876358809155155,0.08479609089064573,LFP,13,99
-341361.39122340264,2.7775407746329015,0.1720674746651005,44546.471159236906,-1.8226980025392763,-2.977301997460735,-0.5652019460726125,0.22843999503772985,1.694412625440757e-05,0.0002290030054476796,2.0242203098822635e-05,7.208689158118327e-05,1.9909538741179294e-05,0.0861637958487139,1.2494591369434343e-05,4.2809408762893416e-05,0.02171473379742315,0.18347966907932103,0.0780177859066824,0.10330059894138408,LFP,13,11
-193539.6603568351,2.4811519039236942,1.6554445705936836,27675.381588840828,-1.8531025648109107,-2.9468974351891006,-0.4291949451377166,0.22874968699397,1.662201194660869e-05,9.952865135940985e-05,1.2644040814588543e-05,7.27555830515561e-05,1.602719387884456e-05,0.05674620830084956,3.842572383753067e-06,4.189414635744349e-05,0.022073554010007698,0.4049533057594611,0.0778600322010937,0.01799171690172862,LFP,13,11
-343202.3219988957,2.168574733405256,0.038459722475212656,93877.10434219148,-0.7799146087454787,-4.020085391254533,-0.16142211503528714,0.20825345588789543,2.7444942816876955e-05,0.00010346443803910264,1.4163804257821163e-05,0.00014376089534076208,2.2948717665942964e-05,0.06278041637941825,1.2827735293159485e-05,4.0572489367545825e-05,0.02471894802132748,0.18242393049476321,0.07352290968931237,0.5126310447806374,LFP,13,30
-286195.3769473382,2.193107909724831,0.0074624004710998355,308771.09378442774,-0.5657482796063178,-4.234251720393694,-0.20881958211413065,0.23686898278893548,1.978675563010892e-05,4.00566391690828e-05,1.1600429754276467e-05,5.429270351396656e-05,1.7385476597805008e-05,0.0981292857718496,1.6557949130061774e-05,2.3224595763010624e-05,0.020415573378409685,0.04665094455171738,0.5928865953287736,0.08164287800537834,LFP,13,100
-286198.0185589534,2.465555116119128,0.009441161482725658,404338.20747996576,-0.5487218491729706,-4.251278150827041,-0.05106783576801621,0.22339441907231522,2.7939613087827808e-05,0.00019633139167691936,1.811074535668341e-05,5.722399221544663e-05,1.2912367602675873e-05,0.0841694736983269,1.84316893781506e-05,2.8583474670475073e-05,0.024611630382452447,0.5997021002475997,0.03196750553428919,0.24726255845009498,LFP,13,100
-26888.985526934994,2.6053866700412005,1.2451741553818974,549.475012167456,-2.515817635322499,-2.2841823646775126,-0.6524971191927036,0.532674574956644,2.7262681304487864e-05,4.6709346868969924e-05,1.0485842066046378e-05,4.075918147404984e-05,1.2010030907168343e-05,0.04601510009743011,6.0205617871974095e-06,2.845056390181747e-05,0.004476789782517596,0.06065147324769096,0.10244932415876776,0.11440208340083775,LFP,13,7
-246018.0398294159,2.097127176260913,0.015970236507027842,265253.3937678942,-0.3876308445991299,-4.4123691554008815,-0.32528728241998006,0.2114701674230196,2.1294605329662934e-05,7.97703969339965e-05,1.1474354895124372e-05,0.00013647787843360852,1.4996129826194798e-05,0.08987978346697324,3.7551485411784415e-06,4.311476782596745e-05,0.023263362582036498,0.4763045447391597,0.10249474226421063,0.0259134305766497,LFP,13,62
-156741.58732780343,2.1064344286471894,0.015214754548541608,128346.60807205578,-0.3820724131738302,-4.417927586826181,-0.27058936374661957,0.23205188766309756,2.7954799088370506e-05,5.583035683443335e-05,3.786422923343359e-05,4.05866591789722e-05,1.603629853618864e-05,0.05797186296982789,4.287456140031074e-06,4.193699172997824e-05,0.021085901745380643,0.5376609230609508,0.10991366846372672,0.011836044728702956,LFP,13,64
-168485.84385771185,2.17230362244888,0.013656638147731659,133836.89230398907,-0.35027236814742935,-4.449727631852582,-0.4336130144940162,0.2381454076945205,1.3376433193723514e-05,6.391966876021604e-05,1.3563044988667418e-05,4.11834203479526e-05,1.6352943562390237e-05,0.04062774444208478,1.650210225567321e-05,1.9278695004991418e-05,0.023533468396995556,0.4095863912722517,0.07019110944394405,0.01660948478978814,LFP,13,68
-252265.80227902663,2.1504777134260005,0.018675759963524045,222297.32416179244,-0.35768880834935146,-4.44231119165066,-0.7979265426897941,0.30556167878436163,1.4166983522714244e-05,5.024398002047681e-05,1.4368486871762482e-05,4.119229746683627e-05,2.123119923994628e-05,0.06221848336127134,1.1042305258115277e-05,4.353896739617429e-05,0.023572170072661266,0.09020829001194153,0.025693311089278192,0.016171856208986216,LFP,13,68
-75843.79606571808,4.359870934032243,14.130250698405353,4104.905934846235,-3.377927447188469,-1.4220725528115423,-0.8070318342691778,0.5637200060070396,2.9115879574572927e-05,0.00021829644725508587,2.5388026674653654e-05,4.051946270726648e-05,2.3549993386871054e-05,0.043627858526470074,1.7818571515822302e-05,4.573876785958859e-05,0.021383953185830938,0.07993988722237604,0.010248708640896668,0.0327795698675495,LFP,13,2
-138326.9201383003,3.3115315931581826,7.44986757295734,16144.383824240107,-3.1339452892201436,-1.6660547107798678,-0.5328872642269931,0.7238338183894983,2.5337449955227962e-05,0.00023375581281282807,2.5436230729270137e-05,7.254781223790798e-05,2.3588176061374303e-05,0.08875452393109926,1.9767181332973518e-05,4.712886354744781e-05,0.021740280319397294,0.18371920393115637,0.109640803216852,0.10375272862499857,LFP,13,4
-128469.14590202106,2.4794843860025932,0.6622111032658368,7321.79935633333,-2.688219347890538,-2.1117806521094735,-0.455468910244681,0.3029729771026013,1.4173677168115193e-05,4.0410230351970396e-05,2.2558095293120854e-05,4.155917812636976e-05,2.1860212059210036e-05,0.062121046313039295,1.3538884638855691e-05,4.2467995277667714e-05,0.01673422626474061,0.08858504180610902,0.17687836217658492,0.20906768577262508,LFP,13,5
-138345.0716689259,2.1699629935839524,0.11657059557056988,30306.676852290853,-1.3973397172189266,-3.402660282781085,-0.12761784908898222,0.20099559955274576,2.744177366058056e-05,5.576799284924731e-05,1.6557374480126037e-05,0.000107173186788289,1.5948441072985858e-05,0.055740427658945386,1.2855212758140585e-05,4.054473148243574e-05,0.020972301881410825,0.5515928324725693,0.05748279781441136,0.19330652062403716,LFP,13,16
-259904.48799807453,2.6584583133304904,0.5348732141537405,18033.79854417516,-2.5096479927673627,-2.2903520072326486,-0.34417014515075484,0.29425654088778397,2.919173968211801e-05,0.0001291545792644054,1.5073603484471347e-05,0.0001458036552560173,1.5218755881480289e-05,0.06265706275101353,1.2829928853318095e-05,4.557345178332185e-05,0.023160628308145588,0.05183655950996589,0.02053684715346708,0.5134564481858123,LFP,13,6
-264486.044098705,2.5212432689368107,0.013119745738304513,163625.04969817618,-0.3515936852827153,-4.448406314717296,-0.5665168070817385,0.23338627984020024,1.6930488574336914e-05,0.0002459379737658513,1.7658788252870477e-05,7.184755769087862e-05,1.7599648513849886e-05,0.05903497595557003,1.7588712952306924e-05,4.2810123893205995e-05,0.02057246061576454,0.18212649016567253,0.07808799505269624,0.10326870769989283,LCO,13,64
-123112.2941565701,2.8258740003891587,0.14412113655611544,20230.575816302637,-1.8704391199597055,-2.929560880040306,-0.3670674892767155,0.30303752654453947,1.4147971581939117e-05,0.00018754347179938317,2.263068561452277e-05,4.057022130462141e-05,2.1924118373552184e-05,0.09750582364725931,1.4005813110530274e-05,4.2955181694769633e-05,0.01440370868146702,0.08769465628180559,0.21794665054263956,0.2572912038988394,LFP,13,11
-528469.8473898404,2.1546413192917835,0.03245070490189571,165264.84518269647,-0.6563593989381289,-4.1436406010618825,-0.5737735981874901,0.2173230442417979,1.949169499797343e-05,8.87662205056183e-05,1.4072836100683846e-05,6.601465007088933e-05,1.2639987660602128e-05,0.0918605400462017,4.303945695653785e-06,4.483820673585995e-05,0.022560615276364014,0.13785331302893628,0.09502369716519347,0.12334939161838024,LCO,13,37
-171986.1974722064,2.168888159639973,0.012615471484099156,203227.3491909798,-0.5498751018315104,-4.250124898168501,-0.40533318880942526,0.21407617503147439,1.2000780243331223e-05,7.429143639518135e-05,1.2283520880075398e-05,6.796786557995173e-05,1.675851309557817e-05,0.04071540034256937,1.558197190679401e-05,4.862662965345902e-05,0.023666134807715136,0.36083287551823523,0.07904047931147715,0.08479345636086238,LFP,13,99
-441171.59037868434,2.763151450723087,0.10247237876380648,95102.99399808337,-1.1747259590127754,-3.625274040987236,-0.5418055238797082,0.21287569582231325,1.891409041879216e-05,0.00024934722162489923,1.0494713637088017e-05,4.603860645336185e-05,1.672476538609271e-05,0.08657219277895517,1.8005641142969134e-05,4.368995532342778e-05,0.024191380484964876,0.33538241608969754,0.03277463412772995,0.020037425902864423,LFP,13,19
-368511.1834235645,2.1972042186908536,0.02162077321963014,176623.84845229983,-0.5407976368558636,-4.259202363144148,-0.23875588362253974,0.22992762631130856,2.2054233783680554e-05,0.00010565623341618383,2.441169364470003e-05,0.00011375595868056307,1.29099745138453e-05,0.08679831372181808,1.912993513886764e-05,4.2259734516960096e-05,0.02178766645251956,0.0383170731665913,0.5496383891583809,0.10328865405248806,LFP,13,50
-20654.799437167956,2.0874898760554044,0.01831196807253011,9690.463389488892,-0.6420708852269286,-4.157929114773083,-0.4206709989537819,0.20756580940610403,1.2770001761960445e-05,4.1506393445787755e-05,1.8171789670980223e-05,5.6047739699881724e-05,1.3351335130737807e-05,0.07489998606315154,1.9401440363335213e-06,4.9033333490812225e-05,0.006092449508312428,0.2726124054441687,0.08132961442849185,0.15538698117355762,LCO,13,39
-281802.32518110255,2.2355721010328424,0.01198847670129989,212646.96834576502,-0.33914530529531817,-4.460854694704693,-0.5855723104947095,0.24164806783807113,2.959158185352212e-05,0.00012925298492774928,1.3920219435141748e-05,0.0001163014539233751,1.8860773457909196e-05,0.05241985272363303,1.6666707926601975e-05,4.554264726699406e-05,0.0247097011522458,0.026801874285591172,0.29946553091151507,0.018160284308184265,LFP,13,70
-97805.36482048046,2.136695807142374,0.17105133293521307,14909.955753498998,-1.6364813512098237,-3.1635186487901876,-0.17399354499402298,0.24940960324356803,1.3411229047904882e-05,5.2107888471610717e-05,1.0346702586595746e-05,0.00010062173285301651,1.9457479720104983e-05,0.04071893900989926,4.1964978602793e-07,4.487326702304338e-05,0.018407138705122957,0.2635970806363439,0.09475495691825359,0.39765441745137964,LCO,13,13
-144799.73254954827,2.1030256476862363,0.01671192120036304,128672.19627911,-0.48749455902654404,-4.312505440973467,-0.2331425064679825,0.212582954025597,2.135356659730077e-05,8.243366660052532e-05,1.313953170458597e-05,0.0001498774953894908,1.8099888880023003e-05,0.051645047358793696,1.781879005753274e-05,3.389338698442354e-05,0.02328827347888729,0.4790738251467441,0.08523766335090051,0.1325460050343728,LFP,13,54
-84839.13893180326,2.329502633474773,0.08703252676901986,8849.627813152105,-1.2180992099054393,-3.581900790094572,-0.18059392247909523,0.32606252873139696,2.8701587201312187e-05,6.780712674460085e-05,2.2207739494673263e-05,8.769770496249818e-05,1.5351212057855134e-05,0.0402208376223358,1.7521079785894156e-05,3.59555432763868e-05,0.012058000864093376,0.14075903678778162,0.06773922814271865,0.5409078125904045,LCO,13,19
-300045.63328496803,2.6431641219219104,0.06849492379803912,79296.3327850603,-1.2154635151485849,-3.5845364848514265,-0.5291280601697078,0.28042314103626403,2.4208804748598017e-05,0.00015447672912442847,3.25062196372397e-05,5.5061213202067586e-05,1.2619393106540611e-05,0.0769966792008467,1.745307123351771e-05,4.426829290266354e-05,0.023833240710447942,0.30155864693575907,0.044031703573920056,0.05528158932061311,LFP,13,19
-180515.38056862858,2.5909676442052816,0.053294243645691255,61783.63429479451,-0.9777772237315219,-3.8222227762684895,-0.46621066901555075,0.24504167884257588,1.2242341093225571e-05,0.00016710595064224425,2.9555423182874144e-05,0.00010248468220346625,2.6996388275874862e-05,0.04611092844303083,1.8772019653501425e-06,3.832374122921235e-06,0.024168616230987934,0.3495728419346473,0.10421124039104933,0.01000524865875265,LFP,13,24
-216456.4977280566,2.7488880222927254,3.7498406791918804,7787.885108675728,-2.9200221506091495,-1.8799778493908619,-0.0779391151152149,0.3916265592975836,2.6269322085035944e-05,0.00022196767031944134,1.3184956736084855e-05,0.00014544173196281523,1.628087745627501e-05,0.0406319138025817,1.4773923986389598e-05,4.883303484752833e-05,0.024104464980409815,0.05694226134691706,0.3629489271931948,0.4321696963446733,LCO,13,4
-127829.91499135461,2.316389686948414,0.1559456982659173,14485.262612819222,-1.625175399390983,-3.1748246006090284,-0.6650539506810504,0.2968120597096032,2.9010273264220126e-05,6.013056856680296e-05,6.59025368830971e-05,4.671649775861409e-05,2.967819095326997e-05,0.07869168047334626,1.8518099218856497e-05,4.449065185994379e-05,0.01255163264271043,0.023372449378845833,0.01301221921014879,0.22856138072995502,LCO,13,13
-278663.29168713966,2.1995710326098257,0.009429858898035114,289357.16626025515,-0.509863408686158,-4.290136591313853,-0.6185253829026355,0.22894184003094178,2.9188838412711855e-05,4.610306881961582e-05,6.10895020331121e-05,4.550965960908403e-05,1.3344317347387812e-05,0.06528555895177801,5.016738188731253e-07,4.552226249407076e-05,0.02316310388950177,0.0322826380554089,0.25800256584525383,0.021189413196701846,LFP,13,91
-462546.4605686485,2.2436664728295312,0.026410804180070874,225606.93138634638,-0.5569565025418868,-4.243043497458125,-0.1849008911554858,0.20126870644304112,1.4586022442440429e-05,0.00013065686178860363,2.3272929395646123e-05,0.00013677022743407343,2.8904933770226665e-05,0.09698536323308439,1.849457088161089e-05,4.158154656420242e-05,0.024367780694710017,0.07259099367033317,0.1084227305963516,0.5640853845778294,LFP,13,46
-208767.19985613154,2.2791080507779333,1.5845864795864866,10673.740251380073,-2.6380960568629064,-2.161903943137105,-0.30365351112474337,0.24425617062088775,2.7898053793351436e-05,7.505917953943036e-05,2.6855538677959382e-05,0.00014570274045643818,2.2463748527144142e-05,0.0406322213737289,1.5723860038738606e-05,4.948165828042324e-05,0.024738835428185647,0.04886138035012286,0.14228010375364963,0.43520500477148416,LCO,13,5
-93807.56449457517,2.2243837579934995,0.0415612784635989,13064.328732007214,-1.1557526963695253,-3.644247303630486,-0.23244064763213912,0.2417908211606376,1.9556759146131686e-05,6.780384721095058e-05,2.6201304290028886e-05,6.040665439289821e-05,1.6516958890676472e-05,0.0581836294371823,1.8335769711950332e-05,3.756096889718415e-05,0.011994586091240326,0.08860287761099775,0.06788683650765284,0.5410696382492104,LCO,13,19
-11604.243453441864,2.228146621270821,0.056921736189511,1472.8281873663746,-1.1152543044985137,-3.6847456955014977,-0.26430755975495657,0.4096366722751943,2.3923069570767276e-05,8.409886039234212e-05,1.299488846779283e-05,8.723302016625081e-05,2.43033151754312e-05,0.04400645188000723,1.9339060740398997e-05,3.2365355702226014e-05,0.004299277968267628,0.09683943185901477,0.04709063355670401,0.5217623748293247,LCO,13,22
-166287.6714428937,2.3489830260759996,1.4371730231160162,8407.883352555094,-2.62707722047638,-2.172922779523631,-0.5897234808615799,0.24177465344259347,2.790921878221659e-05,7.58187478895847e-05,1.060274103878124e-05,0.00014658148745431586,2.5201222913541678e-05,0.0406793541134359,1.3372931519252935e-05,2.0785333868896856e-05,0.02099204132639395,0.06042926763280322,0.021365679604129197,0.2584815719014877,LCO,13,5
-214429.56523163407,2.5889720387614092,0.45261071172482137,17953.844717966567,-2.4529490854733567,-2.3470509145266547,-0.5682309546034322,0.2142417214337129,1.3126518696382144e-05,0.0001331602336494905,1.54436250718602e-05,0.00011768305334247496,2.92250026935633e-05,0.09769879335342406,1.5652886329535558e-05,3.655495772489168e-05,0.017684892800841283,0.06431658205776405,0.08113716230255653,0.21631530103624727,LCO,13,6
-135782.93927824224,2.204025911091823,0.0738090779213191,25212.302252908208,-1.13306684684499,-3.6669331531550213,-0.37661445098308877,0.20997292456819622,2.7374983388645304e-05,7.22016127707693e-05,2.671887670497507e-05,0.0001175513526741917,2.378244458501207e-05,0.04003020019712892,1.6511758243409004e-05,2.027753669682191e-05,0.019582863916730617,0.04910264875650882,0.1438094027144589,0.36047349754594354,LCO,13,19
-123063.60006958825,2.689213747064431,0.7769235295089749,8713.903016573175,-2.51816504487487,-2.2818349551251416,-0.490458504019397,0.30194844370847973,2.1559429947984172e-05,0.00024325079711846163,1.5397411711504548e-05,0.00014129014675146837,2.3233026805137143e-05,0.047950373172769435,1.560600366986112e-05,3.6551159753992136e-05,0.017655512363318783,0.06429440421449227,0.08090821905124174,0.294338872714869,LFP,13,6
-386279.1967320511,2.183320002441913,0.07159978090725425,88710.59804254535,-1.1430558767146621,-3.6569441232853492,-0.2521534012576714,0.38109025981789835,2.797241067227765e-05,7.126858792542808e-05,2.704132089954889e-05,7.317217054444345e-05,2.3823951842082057e-05,0.09550242051264904,6.925781033101781e-06,4.528978744271068e-05,0.023599394495206313,0.04910251035492434,0.15776602790326463,0.4709780604841397,LCO,13,21
-418063.8913341252,2.4003755156716933,0.08632761467038155,76741.07395102401,-1.1630841808906354,-3.636915819109376,-0.3347319402540506,0.24386149473558288,2.917718642267965e-05,8.660576646697837e-05,1.6546579065068994e-05,0.00012413344744271543,1.3946016357804104e-05,0.07849872187369197,1.2983826075082019e-05,4.5519929498093764e-05,0.024360964857259818,0.03762821707705445,0.2807518810725343,0.2768879615963607,LCO,13,19
-22951.918564312295,2.0799428314075206,0.06468996136502023,5516.649421386029,-0.9657274006495129,-3.8342725993504985,-0.4053604244490273,0.3140228373195011,2.9983938237537742e-05,6.743829659104088e-05,2.4521686683953336e-05,0.00010421149993148786,1.5133093370131914e-05,0.04024804512456858,1.5797209021854778e-05,3.983537108513063e-05,0.008091587025054858,0.04901588397579996,0.01408993469990753,0.4615337568752652,LCO,13,24
-299255.6377948204,2.195259062556074,0.040118417993405577,54155.99951706604,-1.1577503649617285,-3.642249635038283,-0.2432828007723542,0.24593565077302984,2.7645122209599195e-05,6.779802345638301e-05,1.4930830229020333e-05,4.01063376360044e-05,1.342320476697371e-05,0.07858937753969135,1.8405015703554692e-05,4.974897596825569e-05,0.02169069174946806,0.08432753578769078,0.06803150723374624,0.5343581562062089,LCO,13,19
-52082.68533038963,2.591463982789633,1.3282122658211017,2598.0549133502527,-2.698776957481485,-2.1012230425185265,-0.6302387113696598,0.3614586179840169,2.9041157933317278e-05,7.611418218893776e-05,1.4786211788969563e-05,8.73174384550565e-05,2.521739220295884e-05,0.040001911102054664,1.763405047067812e-05,2.085034957971834e-05,0.01197433132200323,0.024007969384599162,0.020735987054615764,0.2550173321911253,LCO,13,5
-501078.3463583252,2.6923045075026013,0.058821131521782234,90247.55292842104,-1.161462029528039,-3.6385379704719725,-0.3487986104150492,0.24180265537628015,2.9753874249402423e-05,9.620087323108909e-05,1.2658552688265464e-05,4.367565508253013e-05,1.2909563089538645e-05,0.09660288740734588,1.2882364926999665e-05,9.002924968588057e-06,0.024467406529833736,0.03724539414924744,0.28087642944072183,0.2630795659949815,LCO,13,19
-45826.82892643967,2.483607080314388,0.4821520954158334,2705.096615208634,-2.333736142089691,-2.46626385791032,-0.5042140133090676,0.2562889716283364,2.7116497381356336e-05,5.985948613385592e-05,2.7120769539091414e-05,5.990562308798473e-05,1.625947526307291e-05,0.07419773025074092,1.587080884977322e-06,4.70245234412328e-05,0.007752785454617734,0.03319280276809272,0.2066061693609797,0.18598701456186,LCO,13,7
-250437.05217111707,2.12036896657077,0.05121391090991891,71732.71877325205,-0.9020160816601219,-3.8979839183398894,-0.261830874350916,0.2572294109783921,2.7118911567285987e-05,5.3792761972234186e-05,3.3400459205135016e-05,6.996393006028155e-05,1.6288277723982616e-05,0.08934117642568601,6.359289304685373e-06,4.792489847142033e-05,0.019978447232209987,0.04799460139760764,0.08188922812715661,0.5382852961243199,LCO,13,25
-12708.698141520998,3.5797619082174243,16.675805748780075,266.44745792868093,-3.482070980745391,-1.3179290192546205,-0.6645274231421836,0.40648298457565335,2.387619680131828e-05,6.0617738087684374e-05,1.1157948658354244e-05,0.00012226177210381445,2.8506090941475414e-05,0.09886664444671295,1.773871918669006e-05,6.816116348284841e-06,0.0053626923997684125,0.06255631752863414,0.07880565481573473,0.12411060451344763,LFP,13,1
-90056.91072931032,2.7985368756721236,6.955771341493049,4386.066092291698,-2.9754290909363093,-1.8245709090637021,-0.4648763149402969,0.22111554635841021,2.7947222084010882e-05,6.644992506702943e-05,1.0467869032117503e-05,7.195931129114704e-05,1.6432126603479505e-05,0.0408977878033948,1.9343436638921018e-05,3.740123738569289e-05,0.02047633188001921,0.06216399300474562,0.061793050566390485,0.341166641488567,LFP,13,3
-47728.591430870656,2.242050363386741,0.059452284201481354,7140.617440724739,-1.1861578465991514,-3.61384215340086,-0.39639512410085165,0.29075513774395306,2.6355310719821174e-05,8.723523376607724e-05,2.7258463722266582e-05,5.982341913506106e-05,1.2847741482672494e-05,0.07409832200221667,3.715101682730936e-06,4.740931272147129e-05,0.0076440213241983895,0.039516207037627836,0.173762311431983,0.3203263574295375,LCO,13,19
-39194.574864034665,2.2654273750733256,0.09530691682470607,5261.85990339329,-1.3224688942179412,-3.47753110578207,-0.12889493579814004,0.29595195157578,2.8514356406578036e-05,8.791549218901761e-05,2.4518076611656497e-05,0.00012530647635331353,1.5162641000296382e-05,0.05574851255658845,1.857686205579984e-05,3.6464045192447246e-05,0.00829945585010477,0.03498884502906452,0.24790849489469524,0.5182077242781002,LCO,13,17
-186989.29108988275,3.2218315871165055,10.231085590043365,6770.675884266635,-3.187146576886832,-1.6128534231131795,-0.38809767448912613,0.24168087023921914,2.8027677560325633e-05,5.817970752348278e-05,1.2691895111310769e-05,4.468506347720435e-05,2.9467930480662756e-05,0.0812966788661823,1.9978915204936847e-05,5.9511784241289205e-06,0.02331443443010381,0.16855718568484293,0.05991049639079353,0.3134346434352375,LCO,13,2
-67260.55674679286,2.409382231634273,0.42865341819148506,4298.985426446222,-2.2273916378076493,-2.572608362192362,-0.3772866235154523,0.3221782313031774,2.9633678488407604e-05,6.011922126015871e-05,1.5193843685996464e-05,0.00013092453573588798,2.972602451348332e-05,0.04014808505318535,1.6180946468766107e-05,3.9810202154924866e-05,0.012593723209351981,0.041807904401448596,0.04326627534099675,0.46763919674210247,LCO,13,8
-164400.232361252,2.399720103155291,0.4556704344035314,9959.58162885498,-2.3685513500587305,-2.431448649941281,-0.5635836974210704,0.29039187022310825,2.612585029609868e-05,9.219974644247705e-05,1.2509464211920231e-05,6.754109986995085e-05,1.6201315052320105e-05,0.04523755445004725,1.66971069844459e-05,4.630595352021336e-05,0.018616858142738883,0.036799722941673364,0.2833899429358154,0.046226636701440865,LFP,13,7
-213800.20264670625,2.586809386747518,1.03441790179077,9239.845263010275,-2.585075336836894,-2.214924663163117,-0.022750648870842438,0.3762696401496942,2.5492270919226427e-05,7.746645029764038e-05,1.3370546368158933e-05,4.2827933167672314e-05,2.6946162852130882e-05,0.04059041796429305,1.4865910811030508e-05,4.949489227834618e-05,0.023376146748665096,0.05702777964227995,0.4331393810904577,0.41708219039641997,LCO,13,6
-255529.30491533843,2.370687949599063,0.1263298742104734,45248.96013909481,-1.5874376198229214,-3.21256238017709,-0.6465130064089698,0.240943636084911,2.7847201941801998e-05,4.114714971449653e-05,7.731339582362642e-05,4.568748985917153e-05,2.1967790770031702e-05,0.07958787875930996,1.3348300585513282e-05,2.0917127832794026e-05,0.021956634250222217,0.01233954845101171,0.012824838637613769,0.2583226065024048,LCO,13,13
-23421.953815800633,2.61056369315663,0.45595476197002693,551.9867109165721,-2.3191729444451923,-2.480827055554819,-0.6662516895834127,0.2274723907442261,2.8706868635756452e-05,4.666509808374261e-05,1.0301792528963161e-05,5.849186518289098e-05,1.3568490920454566e-05,0.04604919482019451,1.7814472443431825e-05,2.8314451297357344e-05,0.0044290819370297685,0.05960531881507473,0.11847539445155053,0.08566759714996201,LFP,13,7
-12029.861063180266,2.0878495814873363,0.06614346904784724,3198.184064410453,-0.967046846488131,-3.8329531535118804,-0.33698434646255726,0.32066917961970093,2.901395711421079e-05,6.330727514822104e-05,2.903116374938381e-05,0.00011176002617619957,2.540793621687216e-05,0.04024816080038542,1.849957132317958e-05,4.889371057902171e-05,0.006283831582935337,0.012196511475874357,0.023796242123133964,0.5570228999384345,LCO,13,24
-24199.220733396447,2.204267549245851,0.04929096917920999,2693.7276994870954,-1.1118205361442293,-3.688179463855782,-0.6535298086047374,0.4098854614490185,2.281813070591065e-05,8.868155795844014e-05,1.3593827914312865e-05,5.9343961579513664e-05,1.2904697529156174e-05,0.07440792313038623,1.980965232836757e-05,4.756482533080932e-05,0.004156407638476564,0.013459231076786753,0.01870274428274937,0.24430821603572658,LFP,13,22
-59815.45103173949,3.3736183037927923,7.433926459191786,1985.581625352947,-3.193337992295376,-1.6066620077046352,-0.29467154437114573,0.2544975868210332,2.9085183960705173e-05,4.320383675902371e-05,1.694179477035021e-05,4.0551213285048834e-05,1.6594914818784664e-05,0.05819187168338554,1.6612781857937557e-05,3.809145386999741e-05,0.015219211204706387,0.10166191446352735,0.05271520641219169,0.48095133475313523,LFP,13,2
-205721.29189993266,2.2053918710590374,0.10492112644504521,30230.66702116664,-1.3237522164069304,-3.476247783593081,-0.08920630159229581,0.4282447895976501,2.0657284330293663e-05,8.156904894159693e-05,1.349059518558006e-05,4.0164156539522674e-05,2.8130702681534416e-05,0.04025427549707509,1.8446285254347998e-05,3.130859517614286e-05,0.023315048818289247,0.35323045422387417,0.034820178218744224,0.45274306596508584,LFP,13,19
-62813.61384252513,2.3846184968815662,0.854492935278814,3102.307373052389,-2.439514429074336,-2.3604855709256753,-0.31516753105234874,0.20225985727600437,2.7825532296707253e-05,4.1041551194509396e-05,1.5159498109228785e-05,0.00013168743345425815,1.83954115995705e-05,0.04009625145887217,1.625670523044697e-05,1.433971067558313e-05,0.012380607534631,0.012113412245002498,0.04393242092476387,0.5587866357778849,LCO,13,6
-16453.036334697033,4.380601640026624,12.130839246383562,72.6816273225925,-3.4217270177091663,-1.378272982290845,-0.40644671045777736,0.3206557046515841,2.964643274383369e-05,6.461794463583016e-05,3.5331617781261705e-05,0.00011141894783865583,2.5347576138523723e-05,0.04024839619073086,1.8519398971632336e-05,4.89223821841005e-05,0.004575913586019478,0.04187229552924006,0.05158051391812204,0.43010048009486057,LCO,13,1
-477742.2633930847,2.2798472413605553,0.05712925911466724,80522.76140448186,-1.1486659926135019,-3.6513340073865095,-0.3443960733410044,0.2218832427390497,2.4522105435809243e-05,9.032993935380365e-05,1.2727039454445245e-05,4.7210206281260414e-05,1.2415452667154346e-05,0.09737064974072636,1.2881063748067935e-05,4.706690413710213e-05,0.022776733992396797,0.03679913377007071,0.28425350434802343,0.26455128854090154,LCO,13,19
-144714.64989670418,2.127426258019796,0.014239158438488178,80211.23130247244,-0.3674888333258579,-4.4325111666741535,-0.4446446026690659,0.20452406840844323,2.9550570314046667e-05,7.042255734875703e-05,1.1242751398986789e-05,0.00013240107010925953,1.7479049024805703e-05,0.052730807467843775,5.3734430902412014e-06,4.286569545205049e-05,0.01673452930632431,0.026197119659557865,0.06259547321802587,0.3965628044533504,LFP,13,61
-424155.12388061313,2.1380802186183545,0.06671329542897861,125230.43109959834,-0.7923266805547584,-4.007673319445253,-0.06661445122335119,0.2879180722819747,1.306625456050467e-05,6.633305089892704e-05,1.9709409671551976e-05,5.831739764622653e-05,1.3737600462500002e-05,0.08998750560016544,1.7907288261098947e-05,3.878209311067698e-05,0.02306675105640214,0.14709229729018258,0.5920977318182226,0.12419551966824369,LCO,13,33
-423455.0884494203,2.773063888176784,0.11406665339006661,97353.97844318804,-0.9549983730970908,-3.8450016269029206,-0.3257753341755183,0.36586143383543335,2.930570070559757e-05,0.0002489723683697944,4.787879011291421e-05,6.31352142237431e-05,2.3614693716647157e-05,0.08840950251438189,5.66111034239609e-06,2.7928533640513564e-05,0.021429288775838443,0.02421724240552324,0.5380100925263077,0.0419973308926508,LFP,13,27
-263933.74788411905,2.4564113262920295,0.012300282625790724,141160.03210562794,-0.3406992761317369,-4.4593007238682745,-0.259914220139689,0.2466549369654833,1.6172698674211795e-05,0.0002372966848659287,2.869523056886389e-05,8.546388969108523e-05,1.7785504635391488e-05,0.04227377454491189,2.0343047405657104e-07,3.962556470012823e-05,0.022728074300734542,0.08528623714457709,0.06690084468496098,0.517898698030773,LFP,13,72
-150351.95362466775,2.1739236701527296,0.02919059508593072,67653.56890300447,-0.8388164778533707,-3.9611835221466407,-0.46498395833464723,0.28517357418144207,2.4573378570132927e-05,8.06324333096422e-05,1.4144641179739533e-05,6.017097327376644e-05,1.211615122166564e-05,0.049765251475586525,2.9022713398339027e-06,2.948839421247281e-05,0.02284560115389576,0.2654774336155734,0.07737930818196104,0.12215929986781836,LCO,13,29
-78709.85702809934,2.3909912103370266,0.010698030281866087,71296.82161381897,-0.5191748935714386,-4.280825106428573,-0.40749813805236046,0.24566452175744571,2.909412578312103e-05,0.00023917060373151061,3.0335053728015374e-05,0.00011352570675477406,1.7671217279297013e-05,0.09763768339880574,1.3188739949141358e-06,4.7211425167106666e-05,0.009295845874898203,0.017830148843511685,0.44862252166141525,0.05604919144271264,LFP,13,91
-312141.1164652278,2.472931125413364,0.009002505518197148,257520.11786970377,-0.5564751226282638,-4.2435248773717476,-0.5157407529118669,0.21245472426327322,1.5942356009594794e-05,0.00020709757866748502,1.9818585693726136e-05,6.415708651973172e-05,1.572872061024009e-05,0.059542441102775526,1.7528315439711595e-05,4.2586228162545865e-05,0.02106779712389782,0.2222512136756068,0.06110200341282129,0.13090602999970502,LCO,13,97
-302326.3866311416,2.267877084982824,0.010880761591460331,339012.0506106745,-0.5572999483216563,-4.242700051678355,-0.44166316839155606,0.2493330164994676,1.971628114515958e-05,0.00010122776752985258,3.0316400409249135e-05,4.4300179314444484e-05,1.2904091514645839e-05,0.09596246058830485,1.6025265033948055e-05,4.2660433174350585e-05,0.01975239219339011,0.2686918357944026,0.09507752416331101,0.1245674716507304,LFP,13,100
-422116.04668534186,2.2280833158120075,0.011997903396145364,395019.58585012855,-0.5598646904616942,-4.240135309538317,-0.36530434738771567,0.2723208263365612,1.3049587483459949e-05,0.00010406122185314978,1.9641651931916804e-05,0.00011376533618557143,1.3238561770897796e-05,0.08992534704639749,1.122543787479573e-06,2.934004104022657e-05,0.02235292128712818,0.033678323190580166,0.4061135258255052,0.12490380359619904,LFP,13,95
-343875.54711373814,2.2617755133506843,0.01088510246819983,301702.4255366157,-0.5499524946391148,-4.250047505360897,-0.11575806237986186,0.24922662987253502,1.9724431001252462e-05,0.00018507101690483274,3.424662232549125e-05,0.00013927631632479202,2.6186210204458877e-05,0.08259702844336987,1.847000807701852e-05,4.422303710571043e-05,0.021642664066906826,0.1456847413544456,0.4912458789370969,0.17731131732859567,LFP,13,94
-252245.46038611847,2.324303989766741,0.021081614326182684,146813.71484849334,-0.4445304627880873,-4.355469537211924,-0.6654906021656777,0.2996390789795924,2.2317526557528435e-05,0.00020485781456487323,1.0758462151168972e-05,0.00012302517475780783,1.3802551025504198e-05,0.04560970315540683,1.3499737442604808e-05,4.664837313863144e-05,0.02332409808807535,0.06188586816074467,0.12092557017941091,0.08169795949416675,LCO,13,57
-508487.3705054924,2.555716678751097,0.02640073312985907,188854.14096415514,-0.5557916268854086,-4.244208373114603,-0.642335616625042,0.3002109023905004,2.8249089199494975e-05,0.000249671602616551,1.0155976886594978e-05,6.299474751036144e-05,1.3755421167115761e-05,0.08058271749667201,1.7771522104661943e-05,4.9571689456086986e-05,0.021593956895600397,0.07365071116879882,0.19962274940545818,0.014390922800701044,LFP,13,50
-181249.49892917575,2.3508797987461163,0.011471225651405199,140430.14539068053,-0.34200300941900963,-4.457996990581002,-0.5681262334447114,0.24582277299800456,2.78058281230026e-05,0.0002492991019816093,2.9429377440408323e-05,0.0001082717682466061,1.2352834982573665e-05,0.04045331644347373,1.1539517680404118e-05,4.866751407880798e-05,0.021804194861592234,0.2665649012107842,0.05542036888264651,0.03988849646185802,LFP,13,73
-116134.49144909272,2.1007870165316445,0.020117520572663136,118734.17987472311,-0.4494414038765484,-4.350558596123463,-0.6002701378658936,0.29566491193112454,2.9765563044182276e-05,5.74010579970148e-05,1.6975896439290704e-05,0.00012414167483443722,1.3746714367868235e-05,0.045178592739029064,1.5208274517253909e-05,4.382759108273132e-05,0.02215015198766317,0.18555571355748077,0.07656527102390565,0.06760887755272002,LCO,13,57
-654194.467251091,2.61277947959929,0.08998909934881974,213787.5653040126,-0.8302717967622542,-3.969728203237757,-0.5089444502483662,0.600227684067468,2.4929067912942774e-05,0.00020041484633744768,1.066630120882898e-05,7.213532707775682e-05,1.3660115053757904e-05,0.09123787183877288,2.665475331589655e-07,4.664901281211267e-05,0.024689474156611286,0.04595823946222573,0.027939673121551194,0.3471576371678569,LCO,13,40
-38196.737961201885,2.0922364244634672,0.02540418044605789,17405.06321681155,-0.48293455318078315,-4.317065446819228,-0.2291805415126964,0.3702433609076605,2.7398773856321828e-05,5.189068757528496e-05,1.0277653596232055e-05,8.606047686577197e-05,2.720326088094543e-05,0.052754982936212835,7.662042893655029e-06,4.3009931988021454e-05,0.008673607888096891,0.12893990818506756,0.011030403349121594,0.5608491469531145,LCO,13,57
-376787.39920396055,2.385364179282982,0.04266594337388367,64387.176797005595,-1.1780085564636664,-3.621991443536345,-0.18057525405200303,0.24460782611846868,2.219649659345641e-05,6.833620462711358e-05,1.3489988428986089e-05,4.02085820741589e-05,1.6511277800658276e-05,0.0787360242780206,1.833128525460915e-05,9.18648172411375e-06,0.023519852431273764,0.26191815508667304,0.03503362478137372,0.45247296607995025,LCO,13,19
-213805.54392016996,2.4469728913871616,0.05468620638265611,95972.81686990325,-0.7237129696436639,-4.076287030356347,-0.6355503852593682,0.40368777837675396,2.6204729708356526e-05,0.00023421078480441345,3.880915939366854e-05,0.00011466886963437034,2.0110709417851197e-05,0.04719144779871558,1.9463912296485985e-05,4.203462467809579e-05,0.022116183946332576,0.011553096149483535,0.17790484903959528,0.104991669551553,LFP,13,41
-114525.1284941861,2.119245931014028,0.01590541074773813,101271.21788403232,-0.39798649296775324,-4.402013507032258,-0.35390407679419467,0.24192705854589763,2.791414670137319e-05,4.473090060152936e-05,3.511355241551022e-05,0.00011626787132857014,1.2038083837341111e-05,0.04131991590625076,2.516449064464452e-06,2.4001823986699472e-05,0.021444205400816374,0.3752981978045101,0.16915279625146407,0.03164492914983119,LFP,13,62
-141528.05519208946,2.2055845358111386,0.014152017792998925,170580.31521903837,-0.575594968811771,-4.22440503118824,-0.8019029246138571,0.3231248059143914,1.5096356466655138e-05,6.125656064021149e-05,4.094346843217225e-05,0.00011748194286735203,1.7254763367940353e-05,0.04053204096747037,1.742976471755181e-05,3.081794027587535e-05,0.020058064564979463,0.019582187693402614,0.05843995853549464,0.05007492915724568,LFP,13,99
-262597.24633943354,2.3104321186852594,0.12800362459531006,50760.47368705087,-1.488376279713144,-3.3116237202868675,-0.3068108166371937,0.28459029561605964,2.8195297410598516e-05,9.988509521535369e-05,2.2257644040009092e-05,8.619449271396252e-05,1.7315393934857634e-05,0.09246898810823945,1.678421483725434e-05,2.8936571675136885e-05,0.020825110534191074,0.2689469525058279,0.015789863388709243,0.33845236746826923,LFP,13,15
-293843.96211945487,2.0895515372624898,0.0128828785154568,467334.96388900914,-0.5610496222813453,-4.238950377718666,-0.6052911544198825,0.315309975629594,1.5029666281186293e-05,5.5579369460368675e-05,1.674037967083042e-05,0.00011737247248760527,1.3025748554862496e-05,0.09970013689381417,1.84955607344834e-05,4.381850185392913e-05,0.02238700397917578,0.18557712755417624,0.12290199905670933,0.016229718969232018,LFP,13,95
-308414.00044166617,2.423369184635251,0.21486040055357894,35226.82717457939,-1.9519624048780315,-2.84803759512198,-0.7343823177810946,0.29191511207503956,2.9548292591728013e-05,7.736563758842058e-05,2.1953465495209695e-05,6.270686883665339e-05,1.4670798757189025e-05,0.08131761331688844,1.961443323395904e-05,3.100664957167812e-05,0.021411186527640493,0.021617400966186875,0.01228845782558835,0.1617118234271301,LFP,13,10
-157594.3424746858,2.1314714199129416,0.022271572115091374,110767.54612704976,-0.4252475334539483,-4.374752466546063,-0.6231622810535742,0.3469569773757285,2.8569679940537664e-05,4.460646141202664e-05,4.334143269478697e-05,0.00011624453533170947,1.3479166990860753e-05,0.04094079905091804,2.192270378974884e-06,2.3911084415283878e-05,0.02144145814144236,0.10069069780216422,0.1744489412910102,0.03169807985325151,LFP,13,62
-570098.2815534016,2.3853373534655535,0.01312970730212088,327411.369484928,-0.35701679653546137,-4.44298320346455,-0.5209030505847565,0.2716537512851988,2.6863787675149908e-05,0.00010434008717276584,2.5399518843166173e-05,4.3018584448982524e-05,1.383494069881508e-05,0.0915588406919938,1.1098690343882124e-06,2.653296528508303e-05,0.022849240022771583,0.03204190778793514,0.08214261701185704,0.2949124246154514,LCO,13,76
-377047.28359676356,2.1290250187323285,0.014278761500976647,398940.5973824355,-0.5924074535272439,-4.2075925464727675,-0.040595919769418454,0.3249487767158534,1.3057222571249488e-05,7.119191825220072e-05,2.112524395526699e-05,0.00011866106915276337,1.3777077847515622e-05,0.08997427592944678,1.8776655659481384e-05,3.663146538464378e-05,0.02339320568704589,0.1857865143276487,0.5791964984132056,0.12442106748972726,LCO,13,100
-319902.07702381106,2.137377037747657,0.016577413531491766,342733.2442376155,-0.3625696019071256,-4.437430398092886,-0.7145764469278288,0.32762202226859166,1.2416370296281506e-05,6.891240483070175e-05,3.1683085173988815e-05,0.00011893275542529298,1.3624522038436456e-05,0.09031756316298706,1.913738639898892e-05,3.6608919116032306e-05,0.022445624321844743,0.08522380966779673,0.06164168287219268,0.0685580605321817,LFP,13,72
-277778.5721391447,2.268318571449172,0.08257694376614551,98509.27433658778,-1.1271891522421171,-3.6728108477578942,-0.6318619849566891,0.32823767393357045,2.1941420892005495e-05,9.723507406876487e-05,3.172383224638884e-05,0.00011955701152207325,1.3678905880525115e-05,0.09259379077684914,1.3869454039322652e-05,3.5998276558500727e-05,0.022561465055334868,0.16035939823786458,0.09504201389265848,0.04273660291278794,LFP,13,21
-202376.92342565872,2.570600108102563,0.009723914867099169,254590.75242244158,-0.555362187643091,-4.24463781235692,-0.4426177607761949,0.243113235649339,2.7449023627813655e-05,0.0002269593025108674,2.6835367945999423e-05,0.00011531102808456101,2.9563114560951574e-05,0.045619786541341106,6.87123889627503e-06,1.4930907754928328e-05,0.02463496940559748,0.37033833153605455,0.10603527339527145,0.011008634292479138,LFP,13,99
-361036.85389166913,2.4199724627495733,0.008284219335602793,397717.49673867045,-0.5668239360190768,-4.233176063980935,-0.4098585923414627,0.2165723275127523,1.2729906036005849e-05,7.591687271451166e-05,1.7315868631899054e-05,0.00011681126572174496,2.4974041944837237e-05,0.0910993601384656,5.061232594333643e-06,9.143961647853108e-06,0.02189833634864079,0.07406677612674635,0.34110569749901976,0.10496893403277119,LCO,13,100
-249276.09895193725,2.412381777532065,0.010780849789409012,260263.20326407865,-0.5386511206838591,-4.261348879316152,-0.6217505228930318,0.24619432336355526,1.2176799220766746e-05,0.00023635484381416723,3.09022542502971e-05,0.00010533287404853604,2.2756116198676813e-05,0.04585747698815387,2.1799922573667564e-06,3.5980850484312714e-05,0.02417010826670795,0.15936371937676475,0.10581099316680731,0.04307476456339628,LFP,13,94
-199469.45085677333,2.176113732291808,0.01031368131111321,187488.69591637037,-0.4812295112411036,-4.318770488758908,-0.5348397591140224,0.24525209980375312,1.2147338157235612e-05,9.630910300858205e-05,3.112549204683756e-05,0.00010529021751082885,2.686327398249197e-05,0.0448732269548806,1.7252428939641036e-06,4.647402507143279e-05,0.022141541596869308,0.19768712642686442,0.11934688449844921,0.0781262299606641,LCO,13,88
-218976.85334857195,2.317286464757266,0.04129320250030731,112252.28488992376,-0.6777614193274388,-4.1222385806725725,-0.34352448616264475,0.39830686368374985,2.396718526499607e-05,4.4534329385168145e-05,1.4720801819917125e-05,0.00011624217544860747,1.5497342828448644e-05,0.06249507641189271,2.179775055101504e-06,8.962657385740268e-06,0.021438907869336905,0.06135028161967729,0.4193259438677082,0.10579928834996975,LFP,13,46
-60937.28189848013,2.185357107900195,0.06726488924869303,17947.948196631045,-0.8933964175562821,-3.9066035824437293,-0.2960315562828876,0.3780578679119328,2.9264846261552773e-05,7.630824566453651e-05,1.263377759007368e-05,0.00013620006986179574,1.3157732402619793e-05,0.06794777316162792,5.795583670540733e-06,4.715496507454287e-05,0.010342331302447893,0.025463460884924946,0.42438665387822294,0.18411832895396454,LCO,13,29
-128606.59380019754,2.110571377021513,0.025524209212286854,122227.51894588444,-0.44951231420959203,-4.350487685790419,-0.772757968158923,0.299617173720234,2.0108754705477232e-05,6.240225121225365e-05,1.0749862632429665e-05,0.00011152845695038815,1.3799437309569341e-05,0.04475648862924196,1.3404717231257422e-05,4.192449921315164e-05,0.02189052968621019,0.012735026585089938,0.06369010971797519,0.08081689553801202,LCO,13,56
-243834.69443300637,2.3616768636504255,0.010155045295943398,134191.17077670328,-0.349166729123354,-4.450833270876657,-0.1824932558200737,0.24308119911867737,1.2070228309646321e-05,0.00023876119484465225,4.360017397272345e-05,0.00011485018220203719,2.015235536817486e-05,0.04212478248183677,1.1735351673304601e-05,3.848481610959639e-05,0.022107289386986733,0.011107000160816921,0.23812862832740686,0.49827111569170257,LFP,13,74
-409622.20127282833,2.2253343299153006,0.011735591480223092,385227.22834779025,-0.5601417645273372,-4.239858235472674,-0.36463175881603704,0.2732816285454285,2.8068802796494696e-05,0.00010297436486407781,1.953300809779885e-05,0.00011623854443224833,1.3641788620008152e-05,0.08998765581268232,4.085819924578388e-06,2.924992572590307e-05,0.022614819857047077,0.03200151612267921,0.408174595010784,0.1251921300504998,LFP,13,95
-380973.22760172666,2.1435073207575104,0.0086875810052237,416139.25087988464,-0.5716283490505418,-4.2283716509494695,-0.22821778240803003,0.21633235085705066,1.272666912050873e-05,7.813536519580747e-05,1.5614639104847593e-05,0.00011679068540079605,2.5025976714882853e-05,0.08953269630232588,1.541214915134606e-05,4.8326532158068674e-05,0.023445015240251534,0.024306761717985167,0.5817961261632925,0.09567932971069237,LCO,13,100
-507261.0525781587,2.352637577246494,0.013666472743273785,342948.61453665275,-0.35990189464600064,-4.440098105354011,-0.5582790432653344,0.27111692627489387,2.7903425841594372e-05,0.00011427705377154884,1.4092539427587259e-05,6.769413426360615e-05,1.463436688088111e-05,0.09193447720298033,4.0567313526045416e-07,2.6482672563783313e-05,0.02284405914420355,0.24138368794584478,0.08220407488398183,0.04813319390483903,LCO,13,76
-165158.5977200466,2.109415568038212,0.061209075975847606,69338.34573693456,-1.0084746085675391,-3.7915253914324722,-0.30069577312976936,0.20772198274987919,1.2472763710821836e-05,5.46124843492718e-05,3.172685300680865e-05,0.00011957352712354616,1.6714434486273406e-05,0.054514592569110495,1.2868853106339321e-05,3.699752694467111e-05,0.024981558487266596,0.4680291922834957,0.123951852329096,0.03732318225763903,LFP,13,23
-454911.4336928485,2.3838355283402453,0.0125813035651112,496859.4082779828,-0.5556763972314585,-4.244323602768553,-0.30997928254139573,0.27412550840767047,1.2049596994839495e-05,0.00023700550801313426,3.093187115910948e-05,0.00011648151757770683,1.3290431806722116e-05,0.09173806437898141,2.10500380110177e-06,3.8232291645019566e-05,0.024864727918097733,0.025894651653565998,0.5525832133576463,0.04154285244739207,LFP,13,94
-374745.3186451734,2.4472058834038632,0.021494166332950797,209523.31501958557,-0.4634302535388741,-4.336569746461137,-0.7353864641448142,0.29323859322399937,1.2661919116377936e-05,0.0001539217519286414,1.5148104718383394e-05,7.016494625123781e-05,2.4482429825060114e-05,0.09040699334809611,1.6970664347138122e-05,3.8668150450474625e-05,0.020023950670714157,0.08244550751605868,0.055896608714599505,0.05627141962452763,LFP,13,56
-296265.2476377015,2.2385696656344916,0.011975675683736559,222453.12934121155,-4.35039515617872,-0.44960484382129096,-0.07085146891761351,0.3053024397346853,2.32895347116888e-05,7.940049715072181e-05,1.4816876034231252e-05,0.00012143809872593636,1.2118386474731432e-05,0.06502991234629266,3.1178141361002786e-06,1.562292016650364e-05,0.02290671317443648,0.13761803980064916,0.2684966369045887,0.45303385437714866,LFP,12,89
-131330.03932050825,2.5181272066064246,0.09562431276801427,55568.79048224613,-0.814183208017532,-3.9858167919824794,-0.8343735284016199,0.62850223795206,2.1796845217541352e-05,0.0002462475234645396,2.6063857521093953e-05,0.00010085621596164765,1.73321057285815e-05,0.09866456173599865,2.7726739116840965e-06,4.144737217479604e-05,0.011036114628785131,0.04515767750300715,0.02503332020227313,0.025435473893099827,LCO,13,42
-237766.2212091786,2.2008701892152254,0.009221308338453896,202736.6474640266,-4.310231885942002,-0.489768114058009,-0.6694558544093818,0.20220328114061042,1.389633881905848e-05,7.926807346084392e-05,3.342429263644712e-05,9.460210727354043e-05,1.4007781483747666e-05,0.04029045605434092,1.530266157850325e-05,4.412932806559042e-05,0.024652527152076505,0.011071920730366999,0.16029511537141755,0.08917710948883362,LCO,12,88
-100990.3082792038,2.5608485918497115,0.008192179000836054,57492.824263473434,-4.405626546519173,-0.3943734534808385,-0.056088212595814535,0.20493822150709343,2.3519584077320756e-05,0.00011907650396557848,1.0284760203527656e-05,6.83309720733308e-05,2.4275881966333855e-05,0.04160494866703901,5.533839387465469e-07,9.28078827866927e-06,0.014077675227519511,0.01057626948252088,0.40900932281815894,0.45432619510350575,LCO,12,100
-180665.32126400733,2.872032495237372,0.1980846101745531,30623.3107571036,-1.272328752301597,-3.5276712476984144,-0.23351890986691182,0.4079406086332374,2.739695223309183e-05,0.0002432091987297804,1.723250135806941e-05,9.278009070241729e-05,2.7273150552545753e-05,0.0474574216238927,2.0709017227152876e-06,1.5787972649553862e-05,0.019778342660373177,0.1371580557484135,0.09751873436897907,0.4618043000156956,LCO,13,19
-188516.05387129114,2.571134571854501,0.023497944864052298,74559.290330799,-0.5641926971519879,-4.235807302848023,-0.7794090292188159,0.2681015705991166,1.3632293633254648e-05,0.00024326381490343593,1.0629930559963685e-05,6.369806904342705e-05,1.6879019060373247e-05,0.044690525710520415,4.998243825211097e-06,4.656296252268748e-05,0.018078536353162526,0.037504131813836133,0.01942933882212769,0.09365750014522028,LFP,13,47
-423756.89126456826,2.4807254794432962,0.01923464275074604,226842.8824088196,-0.37974228970743695,-4.420257710292574,-0.5090056303720071,0.35911891504362115,1.652970251143578e-05,0.00020182557300791834,1.0097358897686347e-05,6.632739504971408e-05,2.7270102943542113e-05,0.06246245320205599,1.4137225427305072e-05,4.402697533942481e-05,0.023029014789637606,0.07995009850726545,0.15900607044772117,0.18203820067300633,LFP,13,72
-329557.47325749777,2.290753365521917,0.011347806600655142,284070.1579481925,-0.4332355572937061,-4.366764442706305,-0.2598529781322131,0.26995306551753284,2.1202657731230166e-05,0.00019882812901766896,2.1706021926063038e-05,0.00013321119223569242,1.2411003313049112e-05,0.09966229998556027,6.259040994846842e-06,4.5192013302283825e-05,0.019550492816172892,0.04741639698311875,0.3354586598279325,0.2872719650567357,LCO,13,83
-731503.2737004757,2.2460781590996,0.013454225157608274,247198.82241960036,-4.243873415374395,-0.5561265846256163,-0.16527157503362366,0.20631155070475124,2.1677847608625793e-05,0.00011910140755283993,1.0164213582080908e-05,6.804973220238874e-05,2.9460423397567324e-05,0.09904111627734324,2.3216008048145237e-07,4.26124386875895e-05,0.0241071732774914,0.04988245340776561,0.41145969971540036,0.30338627184321043,LCO,12,59
-327183.94296075264,2.527858696533051,0.015514058227940672,173136.59375721458,-0.573325511052893,-4.226674488947118,-0.1431225645159232,0.3626480060771602,2.4755852537198778e-05,0.00018017629358136383,1.2816842674930815e-05,6.644851313918129e-05,1.3716891735008027e-05,0.06244575625371469,1.5391177591426013e-06,3.581099910132428e-05,0.018991309748399292,0.04991274862570335,0.15264762432943987,0.5843170625289336,LCO,13,93
-230323.988497137,2.371049084765779,0.15678978609752575,50509.11238006943,-1.344959238771196,-3.4550407612288154,-0.15386375519580164,0.41310363502427605,2.7407039163965504e-05,0.00010127203872903422,1.6900986260412786e-05,0.0001330646517969652,1.2255258547813154e-05,0.0853977813487885,2.066334095517597e-06,1.5358851031868692e-05,0.019838299815933158,0.19216487504249607,0.12029090247254813,0.46368046728915424,LCO,13,18
-293148.9071007711,2.1108152765716035,0.010601056509509292,337252.33975270664,-0.5636534740994392,-4.236346525900572,-0.6705328823897184,0.38217856767528224,1.3590441631025156e-05,4.214317913404388e-05,2.836188393231861e-05,5.665043681129859e-05,1.3838900328627801e-05,0.07626193517818915,1.0510748936599455e-05,4.703532304431466e-05,0.02216590896101393,0.025439258091102018,0.09933202671484144,0.13469583280433814,LFP,13,93
-575296.1652710214,2.254974666964601,0.04261718990041576,188700.3610981755,-0.6926401501824344,-4.107359849817577,-0.35251227027498977,0.38244321054276176,1.350488579588664e-05,0.00011371726450721921,2.6182642702843027e-05,5.944676806716679e-05,2.56271220853403e-05,0.09800861251917584,7.570960819651827e-06,4.89270705473692e-05,0.022313784163385822,0.02529896984813964,0.4243191919051219,0.1278695679717488,LFP,13,44
-134275.54031254357,2.083161130586924,0.021881877073729412,154750.56908928225,-0.6277369850996735,-4.172263014900338,-0.4920019690447864,0.5284680424669104,2.8565908184455118e-05,4.197590981408075e-05,1.949280169766368e-05,6.953111239264103e-05,2.942809043307693e-05,0.07681833838775755,4.434419717061069e-06,4.1722104350881415e-05,0.015837474127938775,0.2113794203935653,0.10744560047395363,0.11917301008769471,LCO,13,99
-277093.58302001725,2.102062322772016,0.01770738661253549,491341.88186922297,-4.339454676249737,-0.46054532375027435,-0.6472058868915811,0.3790251429279765,1.361745353138573e-05,4.3971429376939836e-05,3.5164928497243186e-05,0.00013419616970025374,1.2023370219516683e-05,0.09997323817722821,1.0254674134271913e-05,4.0505874622811654e-05,0.02445182631191631,0.04411892683563978,0.04574733993937233,0.19292784633340682,LCO,12,87
-332602.01475250593,2.3697113750525562,0.009117569258352474,332617.03204067604,-0.49364397073935606,-4.306356029260655,-0.47353672619740106,0.21343838387349243,2.8558708065009044e-05,0.00022517221102572686,3.702801543017079e-05,0.00011729788027926808,1.465272929903232e-05,0.0980496781601963,3.6664972630046615e-06,4.152410610310877e-05,0.01982389204945648,0.22148071912482153,0.17705343428780607,0.057929120389971375,LFP,13,90
-270510.455318156,2.297859838179987,0.06299770262268972,86359.98591983534,-0.8109205412052418,-3.9890794587947696,-0.3669854308399245,0.28254469722414965,2.8694875296283445e-05,0.0001817362327869478,1.2031192675966345e-05,0.00013306672741644236,1.2692791677761926e-05,0.09669246246727616,6.291042018693312e-06,4.518003361315615e-05,0.018050123278901334,0.052872707510207076,0.11367315681748115,0.3964687048323873,LFP,13,30
-348234.50450780784,2.106996025927478,0.01779832757994748,246754.81094940988,-0.36371615429106186,-4.4362838457089495,-0.21037157347697621,0.3142527761373502,1.5742814716921117e-05,5.1046410269964823e-05,1.3779547612655486e-05,5.604456069373754e-05,1.2242022393514534e-05,0.09907514603968069,3.5749153232908708e-06,4.520515520489264e-05,0.021077986993702506,0.04622841686297204,0.18226406070529422,0.49113594895475754,LCO,13,69
-374169.7232956016,2.546427980179994,0.010595267514886226,290725.4719549986,-4.403452017261003,-0.3965479827390084,-0.24644456401489678,0.27954336277960257,2.770910982875779e-05,0.00011659843436149242,1.0236930111944988e-05,0.00011773179326203431,2.4811156156318304e-05,0.0774222559335942,2.67567062406197e-06,7.91069269225297e-06,0.02265919305360334,0.010160680419052902,0.49191151546271755,0.18148324010333283,LFP,12,96
-246771.6195402489,2.588393781729669,0.016081290400772986,163440.04815979485,-0.5380981842793346,-4.261901815720677,-0.49155080597530854,0.3628827052462335,2.41798710007682e-05,0.00017907264210794243,3.237612956217691e-05,5.996926784353392e-05,1.5549379396793743e-05,0.053644956080973874,3.864286094630195e-06,2.1187604496626545e-05,0.018887709765343142,0.050354124502823894,0.1934962459044598,0.19459882361740782,LCO,13,90
-83168.67279811832,2.3215532696434256,0.010797913254465902,36139.74773485901,-4.413768485946946,-0.38623151405306544,-0.46649379032710914,0.2062366056795577,1.9884999794502014e-05,0.000118238666783901,2.5938858722529416e-05,4.083095063995588e-05,2.3694569813670193e-05,0.09900787312143629,3.6542973400100003e-07,4.277181595867262e-05,0.010255773028003574,0.05020860137330054,0.018820119791236267,0.3944774885083541,LCO,12,42
-364179.43829326885,2.2534642196656467,0.010267608013572554,325393.53064189345,-4.394887648059637,-0.40511235194037454,-0.6346946878106532,0.2020171524295842,1.4481668065629124e-05,7.79704890120295e-05,1.5100837133777284e-05,6.941333263290403e-05,2.933206097140001e-05,0.06323715884404912,1.701631462426851e-05,4.4323917523101484e-05,0.024655560069340946,0.04219987571685076,0.1639124583233945,0.08919297814910161,LCO,12,98
-440035.48317020776,2.3152848487220736,0.00978608442846354,344863.6239616895,-4.306423523213596,-0.4935764767864157,-0.779914336250914,0.2167173703225241,1.3639040391855892e-05,0.000129849712593396,2.0791469836089503e-05,6.289479815728224e-05,1.4019687763467115e-05,0.07534372820415278,1.2685914155934532e-05,3.7624141019271155e-05,0.023050323427058424,0.04419305736649875,0.013127439094339024,0.09276516728824835,LFP,12,88
-44122.57848366668,2.306291532229525,0.017209177903137463,50043.83443851995,-4.350546617101372,-0.4494533828986391,-0.7589529276825393,0.3370921328603476,2.573808389008111e-05,0.000181463068171836,4.701952105812517e-05,0.0001223797322349648,1.2091750508981737e-05,0.06502698044889557,3.516720235512145e-06,4.776561932864211e-05,0.009365037778526052,0.043426345814490744,0.021547480976831762,0.10607324552613831,LCO,12,89
-39307.25046563006,2.550279087346545,0.008875140081025985,23758.09277825393,-4.283569591825319,-0.516430408174692,-0.5143383605148617,0.20643836816486716,2.3680041745626836e-05,0.00021398059505364956,2.607969079453058e-05,4.9570840453325283e-05,1.2520487813252024e-05,0.09475119269165433,1.2792372422201288e-06,4.1969817147004275e-05,0.005719186144154505,0.09212473905025166,0.016531597073637855,0.3070053033612488,LFP,12,86
-136033.09027548172,2.545581203900095,0.013544826152201544,101350.6464396539,-4.32669076485908,-0.47330923514093115,-0.3505991156436432,0.3107177388688904,2.1270473638350194e-05,0.00020244039995421658,1.6728054986227553e-05,0.00013447796374823089,1.2060357823215192e-05,0.050765770146810885,3.4347394880623e-06,1.659728028096394e-05,0.01630028557492958,0.05190038794392191,0.03487717339756303,0.4926233230148719,LCO,12,87
-352892.5898513923,2.8382076421537787,0.07436375605119998,59997.32161386094,-1.1782558283117837,-3.6217441716882277,-0.253152424822117,0.24287890013605226,2.4019152691311202e-05,0.00023076721325493375,2.1710848139257306e-05,4.147978784042343e-05,1.3328300225123784e-05,0.06593172817341672,1.7603035209646163e-05,4.173236509482602e-05,0.023437137668160125,0.16273547361231686,0.0638005918655197,0.4503115097000465,LFP,13,19
-100330.66190648792,2.4535716118751916,0.00553106901672428,178948.77436604202,-4.219158690297206,-0.5808413097028051,-0.42557956223706106,0.2657298737154588,2.916448993224633e-05,0.00024827496343077384,1.4241281407778449e-05,0.00011662308192892427,1.2095764316391692e-05,0.06941600403522886,3.074437286424845e-06,1.5506460502580537e-06,0.019628438087033268,0.012734675237642587,0.3256010503288442,0.16608471219645224,LFP,12,77
-174406.21194362474,2.0692011411115856,0.010035289570284602,340251.48808896384,-0.5204663199910584,-4.279533680008953,-0.27947135437673976,0.2434521702692145,1.241821320329043e-05,5.7299294000791236e-05,3.2587675315273406e-05,0.00012660182273670727,2.684951990797236e-05,0.09163381848878574,6.409795671355314e-06,4.85080816880158e-05,0.021629492058496506,0.4751675892145521,0.10576768083861537,0.0695933755700928,LFP,13,92
-181049.46191597034,2.3007724301814605,0.026633117890715145,148439.98551183206,-4.253929017967806,-0.5460709820322052,-0.2313417127590648,0.3932757560888489,2.481624526443127e-05,0.00019605687352833529,7.465208136236243e-05,0.00013377984301255865,1.3992258750257888e-05,0.056315655231994284,2.5057739514376957e-06,4.806118526203661e-05,0.022245654138383475,0.016490938589563114,0.12302746842753297,0.5591398802238392,LCO,12,65
-280355.5651161664,2.4368055751120883,0.008743073110621153,393534.3668473033,-4.3184634386470435,-0.48153656135296785,-0.7612183155227441,0.2660360799428974,2.1191854249682897e-05,0.00020487859054060163,1.0246620333441309e-05,0.0001344880356813156,1.26425036261715e-05,0.08800198750336229,1.8286678746420065e-05,3.75994497023364e-06,0.022625996717475953,0.07936373455280445,0.03480133066705439,0.054616619257397137,LFP,12,88
-106433.84641715672,2.2625768024796757,0.025273512612878135,99824.97627171085,-0.386963534929599,-4.413036465070412,-0.16535192371933316,0.35848555027787715,1.6133721784331498e-05,5.6146281251061083e-05,1.2861405063032569e-05,6.629699856735842e-05,2.6084767435492226e-05,0.05234119774634949,1.9492986631170402e-05,1.521912367544052e-05,0.01839926205091343,0.19351337268714341,0.10353152049076572,0.46760318310275767,LFP,13,73
-385926.2188553169,2.468531518513833,0.01967413768826254,112452.51950173631,-0.4589638396682929,-4.3410361603317185,-0.009601522296083131,0.2966039180864868,1.3577097165596474e-05,0.00019932275871317577,1.0809520221380984e-05,6.811321397999684e-05,1.3066894020894208e-05,0.043828235284427475,1.8987028077557002e-06,4.235258825987088e-05,0.023285863893578816,0.03167288918854126,0.5833783759318063,0.3053472125835694,LFP,13,59
-460442.55823038454,2.295084866282007,0.03698813702727506,151609.39759037615,-0.6309971198289901,-4.169002880171021,-0.08519120896088228,0.26222635290308594,2.5579778682268757e-05,0.00012158149049530372,2.6457848452575945e-05,7.158303516207488e-05,2.951165441359663e-05,0.09798914321614373,1.0954963956462192e-05,4.902132802907631e-05,0.021469861620285573,0.050183829638213176,0.40617114077134336,0.38845382062956124,LFP,13,44
-481107.8453470791,2.5137501533910993,0.009989326499896537,334352.4705080797,-0.4504141474909673,-4.349585852509044,-0.29443836790616396,0.22085272380190346,2.4446474126614213e-05,0.00015443531452585466,5.195307789056969e-05,4.693780909820827e-05,1.2635864937233935e-05,0.09040369441974404,1.4433732009671098e-05,4.427185136496181e-05,0.022169597188475672,0.0881680788265899,0.14308000341091126,0.40431354985633494,LFP,13,86
66226.93831861488,4.4075722588627535,16.595281703634765,56.76228264308538,-3.9026598319627936,-0.8973401680372177,-0.3458338624010854,0.9763917080390695,2.949185824883709e-05,8.964927542271635e-05,1.8972349012931945e-05,4.330429678811814e-05,2.8649740585698313e-05,0.04047391272001833,2.539738104999318e-06,4.118405932658733e-05,0.004220053452383887,0.5613919350558106,0.011783927990329898,0.010990274552774097,LFP,13,1
-190825.09117850382,2.528779085417849,0.020904042738397403,106289.97449586673,-0.3913652022801415,-4.40863479771987,-0.4686419563738392,0.38677376590058576,1.2482653622800276e-05,0.00023622126250035446,1.3747066657542212e-05,6.628281175475705e-05,1.2995775330930531e-05,0.05583204642784115,1.2725787080398135e-05,4.4726034844185024e-05,0.01617937611288274,0.0654103641050892,0.09432012978839122,0.3016275497326804,LFP,13,74
-177202.57855228632,2.1643480331829212,0.011200860833326004,220404.71657527226,-0.5598297866928945,-4.240170213307117,-0.3809064057250001,0.21258074291283313,1.720396372431522e-05,7.389966643371856e-05,1.3379077611842797e-05,6.697239581507448e-05,1.6312567572249134e-05,0.05702791969986112,1.7524439799866945e-05,4.258617709179474e-05,0.02091712631163173,0.33464223675684557,0.07900690092195105,0.1354444565962033,LCO,13,99
-439042.00430148916,2.1900266319049333,0.0154786231855404,379857.5677859784,-4.392263659563795,-0.407736340436216,-0.30131885497820066,0.3303922419039551,1.5725350086554045e-05,0.00011809421329580068,1.3783431031630674e-05,0.0001449747219469084,1.2150237598025314e-05,0.09088614414158319,3.994770578517129e-06,3.90086830796531e-05,0.023314983477227234,0.025829384214059097,0.5690617590328032,0.03379000177493707,LCO,12,92
