SpecificEnergy,SEIGrouth,TempIncrease,Price,UpperViolation,LowerViolation,VolFracViolation,C,la,lp,lo,ln,lz,Lh,Rp,Rn,Rcell,efp,efo,efn,mat,Ns,Np
-8495.157525831599,2.197204374781362,0.0841365220115996,2235.773446272113,-1.5324001578997866,-3.267599842100225,-0.2220227714681032,0.205584334200066,2.6573998786519468e-05,6.003744426904722e-05,4.800047466248569e-05,0.0001232623268008,2.779594756769319e-05,0.0725248716879748,1.819021358665461e-05,3.455984488308633e-05,0.0051834456764911,0.2002960995659079,0.4857380365255853,0.0219430924404035,LCO,13,14
-2895.438915823104,2.1535081187547287,0.0828755698601479,1537.2999761204,-4.649358736074348,-0.1506412639256638,-0.0669849196038715,0.2108393808982589,2.671663409872448e-05,5.897930264291851e-05,5.870836767609223e-05,0.0001133111077538,1.908563431949106e-05,0.0400543733019281,3.7057690354569977e-06,3.8804548801118085e-05,0.0042556129689891,0.4856067382003733,0.2136424244049439,0.1637659177908111,LCO,12,29
-146178.18149321893,2.343873622337626,0.0090736366012751,149332.21293910994,-4.361580983783895,-0.4384190162161161,-0.5826375442805549,0.2240383743342712,2.995139174906805e-05,0.000243025215816,8.507921872790236e-05,0.0001393964277606,1.6078052285755967e-05,0.061724527754366,1.5659453289512117e-05,4.848198121568009e-05,0.0167772279068767,0.0351715567785513,0.2348171088987245,0.0773737900421691,LCO,12,92
-18790.923296020268,2.178447735864501,0.0120501742838904,15606.65538794737,-0.4137141630082297,-4.386285836991782,-0.2477941914311877,0.2614245279230909,1.3400411930796694e-05,9.329858084283226e-05,4.620575550294765e-05,0.0001395296565835,1.454795356517666e-05,0.0472839515739793,3.5513904797256187e-06,3.788827766645803e-05,0.0067531130290387,0.0252103654043794,0.5916461400081654,0.0653493031562675,LCO,13,81
-147662.40584324131,2.124154123050158,0.0111556770937527,121645.0230744024,-4.372960229911499,-0.4270397700885127,-0.150234477449242,0.2193019414064945,1.3447830970403329e-05,4.586761628414993e-05,1.4345070847383989e-05,4.396010332641377e-05,1.20500555195218e-05,0.0818682825710833,1.3304493362020134e-05,4.417472609814614e-05,0.0147591559793176,0.162799377595107,0.1695675965992555,0.4473985483563955,LCO,12,93
-223023.0006277956,2.5048522473273653,0.0092884428694754,192059.9244898915,-0.5135082691898987,-4.286491730810113,-0.6522887300048313,0.2239768543003131,2.9543585280683644e-05,0.0002389859423533,3.731999816565244e-05,6.946301401827479e-05,1.4337707415414863e-05,0.0618928374030052,1.599844806614797e-05,4.903625467500486e-05,0.0183469413352638,0.0177776748754195,0.2210518216413347,0.0388817734784144,LCO,13,91
-184408.3292500574,2.5425275526620528,0.0107177298701084,118751.1750965791,-4.334401141282342,-0.4655988587176694,-0.5424632956537108,0.2465435518098983,2.6019127595688893e-05,8.36772354628185e-05,1.409303294374251e-05,5.368165551606462e-05,1.2438949540160518e-05,0.0818847641624685,4.579626216803779e-06,5.279178795933892e-06,0.0140402026991253,0.0154361587792967,0.1898525096203096,0.1822480359466829,LCO,12,89
-101823.99371495323,2.5763554507471604,0.0088248297532799,63358.73651595229,-4.38904388372557,-0.4109561162744413,-0.1848804062070685,0.2033706168762239,2.947631988632673e-05,0.0002194242635857,1.98660315670564e-05,4.122650979442076e-05,1.5490738963214386e-05,0.0506728160459456,8.844187175540484e-06,1.3633130397488614e-05,0.0131078009336847,0.0343270634702502,0.4264215799339588,0.2843709503887223,LCO,12,95
-76803.28144120495,2.397113803644616,0.0125449712116593,39718.04248481349,-4.204968859353002,-0.5950311406470092,-0.1961323372671031,0.2547936201276482,2.9930310731437776e-05,0.0001082249526423,2.427080638589084e-05,5.906329408011139e-05,2.8936286943653438e-05,0.0689637639333367,2.4843403304781243e-06,2.706340161595344e-05,0.0105216577413521,0.0263435013211493,0.5953059578143742,0.1122182035973734,LCO,12,73
-25696.302916816472,2.149826151875109,0.006825335792864,23748.371949622608,-0.5720406526991226,-4.227959347300889,-0.400068479305419,0.2253013396762236,1.2987381090076448e-05,5.777861431059788e-05,1.5030566571384528e-05,5.8491524605457246e-05,2.7275655597988707e-05,0.0414070278304588,7.979881354475858e-06,4.724884583154012e-05,0.0082847225189636,0.0180328653773263,0.485047038755018,0.0268516165622366,LCO,13,99
-14188.041555578317,2.5500982524481723,0.0082123569022022,16915.577648842824,-0.4305592194269039,-4.369440780573108,-0.3142240213980664,0.2293158448874112,1.30690796111267e-05,9.340600308322822e-05,4.6967308082575306e-05,0.000139648868001,1.4547372735111996e-05,0.0497313740109292,3.049231675118368e-06,4.77435210582637e-06,0.0066255487642944,0.0239728772993601,0.1848275677018611,0.4069755336007123,LCO,13,84
-189325.3521365071,2.3639671951960386,0.0095086856986662,155658.85095705875,-4.205988646772084,-0.594011353227927,-0.6845873770671331,0.219451539141494,2.8723448450413803e-05,0.0002462272130381,1.1862451399977296e-05,0.0001280104767003,2.345515845361868e-05,0.0908034802456311,1.4133422540120274e-05,3.885807821200171e-05,0.0152792962280977,0.0353693347166524,0.1854180765486571,0.0246252116675572,LFP,12,78
-219706.76589258085,2.257062835940653,0.0121522933246856,98740.4698388857,-0.3317738759309918,-4.46822612406902,-0.4882567600063245,0.2327412929721291,1.5042489055932823e-05,0.0001104503331992,2.1226649715407028e-05,4.649629970032077e-05,1.3486261706060027e-05,0.0557909415667353,4.36186802241165e-07,4.99676888208041e-05,0.0164169690090252,0.0569099091915791,0.1044558454303858,0.2803774853717105,LFP,13,70
-123747.53576233026,2.043067733151132,0.0166818882751257,146813.14424031953,-0.388832912359156,-4.411167087640855,-0.0603546114647919,0.2607275504941603,1.5282983247692386e-05,4.258542116810244e-05,1.906254764735499e-05,0.0001136946854096,1.2016369202258451e-05,0.0782392218001361,9.980067182643643e-07,4.525041847090248e-05,0.0189719137038167,0.5470672895164644,0.298885412507282,0.0236926865114616,LFP,13,66
-17815.39745817605,2.618689602556751,0.0090701515459427,10762.733916477604,-0.5543643219691816,-4.24563567803083,-0.2528033427013572,0.2353087449830439,2.652378830039561e-05,0.0002204886802848,2.4263020403713663e-05,7.2927282941722e-05,1.4461019874491165e-05,0.0413345821618368,1.9956447732101187e-05,2.4485409265959464e-05,0.0056408542560454,0.0177232349508442,0.4989654916307974,0.1605079307170012,LCO,13,94
-106518.06801095724,2.365485724427237,0.0161038027531576,97349.53448616856,-0.4628124208879143,-4.337187579112097,-0.5614177241016408,0.3263118019301766,2.874865260382505e-05,9.278336728346668e-05,1.7346031476764225e-05,4.441017387111723e-05,2.9249053782211117e-05,0.0918159939637692,1.742397408528841e-05,2.383382272805578e-05,0.0121052682352234,0.2209499026719498,0.133272424756486,0.0143599484699233,LFP,13,85
-84571.63164115541,2.109292167529688,0.0207184687254677,28167.223810754396,-4.409474749918743,-0.3905252500812679,-0.1404368888745139,0.2178409636915666,1.3424028258276286e-05,4.57797111478641e-05,1.1802211172555126e-05,5.9940417993950296e-05,1.2039920330331509e-05,0.0423020387682266,1.3343443761601698e-05,4.939189159918941e-05,0.0141125270545683,0.1717314374709811,0.1704524446643521,0.4473792289901528,LCO,12,45
-143020.120286208,2.525926380662031,0.0034730832128725,135426.745836616,-4.331325424557107,-0.468674575442904,-0.5526504864461197,0.2354469656949158,2.89164334256142e-05,9.082471832987288e-05,1.3070454186868796e-05,8.751678472782669e-05,2.47827603688898e-05,0.0796746082568398,6.37782821982217e-06,1.385078180219236e-06,0.015216955162093,0.0431274566635137,0.1814005766604808,0.1528214802298858,LCO,12,89
-370256.7807450187,2.644449518491545,0.0096604234021623,158492.79327414994,-0.3925742536380809,-4.40742574636193,-0.0811115096540338,0.2139352200144924,1.2438327592552532e-05,0.0002137761409546,1.7669983058060316e-05,4.366575373156399e-05,1.3558675056969963e-05,0.0401430847485661,1.8697334019260785e-05,3.212763024251132e-05,0.0241186909796046,0.1555366747480531,0.5932981165568247,0.1000536990410883,LCO,13,80
-191335.46077442143,2.214095728484243,0.0499220619253817,57885.19427690479,-4.523335039840262,-0.2766649601597493,-0.7318154541109934,0.3139073785145628,1.2665606209953366e-05,6.328414670861136e-05,1.6975937413161393e-05,5.971122490386871e-05,2.7324154826191423e-05,0.0719167998254863,1.901672811471508e-05,2.4197212671784902e-05,0.0156892451696073,0.0189752018181016,0.0719860660822264,0.1072232779886786,LCO,12,37
-260020.8461133885,2.450285614881663,0.0096887722409897,160288.20296975417,-4.247203697093013,-0.552796302906998,-0.2729486430998225,0.223674746786385,2.9531655660634e-05,0.0002435721632582,2.407915992371888e-05,0.0001316593172595,2.5866356952112517e-05,0.0618154143760996,1.512688834384264e-05,2.606122119089873e-05,0.0199145100354867,0.0258419682456746,0.5914655433149072,0.0397438453395957,LCO,12,81
-97932.30565394853,2.392493723696156,0.0096157146717071,59098.51570908944,-4.3620217593765815,-0.4379782406234298,-0.0005571382074845,0.2082830165528512,1.3312392781007056e-05,0.0001357488365197,7.06617120525313e-05,5.959489206808192e-05,1.203393988433572e-05,0.047283854232866,5.9267708439305605e-06,4.165732353978155e-05,0.0135072994216656,0.0483513942186181,0.4219738281683767,0.4591176394055205,LFP,12,92
-377390.88595579256,2.613825184825279,0.0091844066295446,232674.955629109,-0.5722579341756386,-4.227742065824373,-0.000541086872296,0.2354685276364541,2.9997802406053197e-05,0.0002211362266188,2.411010717653925e-05,5.2000536044667066e-05,1.4352941858520508e-05,0.0848414950465942,1.0286994661789512e-05,2.3155466903777544e-05,0.0189257112329653,0.1925634300151739,0.537270850834613,0.1996246322779171,LCO,13,97
-157564.3708094612,2.543161668121839,0.0084461633876457,169005.78221193963,-4.336427033981956,-0.4635729660180558,-0.7436978621120036,0.2262763628607597,2.889815018487152e-05,0.0001092194541297,2.962247566179236e-05,8.849650517721255e-05,2.4612982133581846e-05,0.0689353566500829,8.226281089257846e-06,1.0509071397482169e-05,0.0173592862469929,0.0431551874207979,0.0320962408577982,0.1110507096094001,LCO,12,90
-17283.102838261366,2.525896041857572,0.0013033621123901,20396.626933053005,-4.25976457107484,-0.5402354289251718,-0.6255254416664928,0.3157090955828818,2.9024011072072416e-05,9.164779829284606e-05,1.2520293894913626e-05,5.196554250890764e-05,1.7905717485407714e-05,0.0799167596435445,1.4331851353657198e-05,6.72704551104991e-07,0.0061506082038164,0.0669294994915275,0.1815949053251511,0.0559501535168284,LCO,12,81
-167444.72578617622,2.409124306596549,0.0102127425528879,132138.04728780658,-0.4106763296643763,-4.389323670335635,-0.0179752620134984,0.235513188801004,2.9321736940154004e-05,0.0002436290150623,2.4066435602229624e-05,0.0001319371423476,2.866197654952221e-05,0.0509871550089727,1.5391484365590844e-05,2.7319418575498173e-05,0.0199293281713834,0.2716150708303577,0.5845912290726811,0.0558184380834627,LCO,13,81
-146767.9783092412,2.4364644701240463,0.0070354131461718,111273.14025020682,-0.3535970939737964,-4.446402906026215,-0.1301874036334988,0.2287828723243089,2.955008661385711e-05,7.932282185822608e-05,5.114693818306456e-05,0.000100272806823,1.8702936785898377e-05,0.0978556852001483,7.824910744850825e-06,1.129244747772008e-06,0.0149238078629414,0.0958773828197032,0.1197165053287263,0.5842187082180716,LCO,13,64
-152705.50685288542,2.20111775439334,0.012840991188471,120694.82579059537,-0.3458229493224891,-4.454177050677522,-0.5866151803134283,0.2212588348260656,1.4288067149431314e-05,6.960986300842536e-05,1.8872948623210533e-05,4.636093130335618e-05,1.2101932852806086e-05,0.0523898237606983,1.901434825402601e-05,4.126522089168871e-05,0.0178685624650063,0.2136596646448303,0.1017315260084303,0.027993629033311,LFP,13,76
-289896.94490831846,2.472972396030646,0.0079821070964923,388965.0322030201,-4.363260986939864,-0.4367390130601478,-0.8551050108198552,0.2137285176930494,2.9156627782142043e-05,0.0002460804870339,1.062762185420842e-05,0.0001323041652842,1.2502225719261302e-05,0.0820191216666726,4.525200220047706e-06,5.089982352253032e-06,0.0223955618859949,0.0306074949707965,0.0179902042019809,0.0262972900073672,LCO,12,93
-307326.259163329,2.427928639988746,0.0125024388448327,161294.5502357891,-0.3474774446675965,-4.452522555332415,-0.3945267686360866,0.2464461083207991,1.5415770261061294e-05,0.0001361574206642,2.2884353675816e-05,4.794640866733926e-05,1.701899657588085e-05,0.0906150177752632,5.405505484513714e-06,4.988858464986535e-05,0.0166076806110525,0.0860536320834985,0.3834059476145255,0.0660136516658893,LFP,13,71
-370527.8741257901,2.6154867988916246,0.0091564418930179,283750.3968146431,-0.5566539844999383,-4.243346015500073,-0.6461464883444752,0.2184557691917889,2.9774209705278607e-05,0.0002412219367178,1.244563673377618e-05,5.139109474145888e-05,1.4194323811521438e-05,0.0878654701633249,1.428516557664206e-05,2.8779903196054165e-05,0.0183649755050843,0.0167401845716279,0.2362549327968578,0.030858394287039,LCO,13,96
-495965.1797399175,2.4574015623029952,0.0099084188123564,359761.9827835793,-4.3152100077440565,-0.4847899922559548,-0.5317691957424815,0.2619748087529709,2.5963017060376293e-05,0.0001893559769726,1.4117972298681343e-05,5.090826918745409e-05,1.2531837143986704e-05,0.0818838897491164,4.52451934484669e-06,5.283940874660034e-06,0.0239605627920655,0.0154202541982968,0.2286534053154529,0.1541571447437688,LCO,12,87
-351839.9517785011,2.6003929443514764,0.0099372693325531,226547.8966626828,-4.18165498616613,-0.6183450138338813,-0.4681355140874696,0.2033343390816779,2.9557881881522772e-05,0.0002460497352229,2.409521250617829e-05,0.0001278436973686,2.6360896427647744e-05,0.0660867187180355,5.9291857501021895e-06,7.75405590575899e-06,0.0230712356449669,0.0224452938904166,0.3554115512518221,0.0840076407702915,LCO,12,74
-165990.43847202882,2.585384010731235,0.0087999099041615,118722.0893888212,-4.334681871744117,-0.4653181282558947,-0.6269487901064104,0.2020650835597182,2.8770754805403443e-05,0.0001809001451171,2.2706250374963647e-05,4.030917578004483e-05,2.35364110557508e-05,0.0822360040058686,1.4281609272188185e-05,3.9671674527469904e-05,0.0135046459212117,0.0343239455926604,0.2265353390503321,0.0421919252505971,LCO,12,90
-40169.48750882725,2.2038184412543838,0.0125775847535555,24648.2406914985,-4.194943198538752,-0.6050568014612594,-0.3287203449223161,0.2164591561958389,2.9396485644315843e-05,0.0001083099413008,2.386620073988648e-05,0.0001004724846623,2.894543814666673e-05,0.0681737751856042,9.94988734271364e-06,3.913138985428751e-05,0.008504812441765,0.099035250057053,0.108199691636238,0.3940447133843927,LCO,12,64
-4787.082445685596,2.0733923436226074,0.0188189441857376,2985.5798048743204,-4.261184661293385,-0.5388153387066268,-0.1926409785514308,0.2098146822581648,2.5295900421866795e-05,4.9578632279334845e-05,3.0382509111630527e-05,0.0001286808295607,1.5130315447544976e-05,0.0400734172778394,2.3981139569760494e-06,4.825126835717541e-05,0.0040888716985639,0.4371906668232554,0.0280976284863425,0.2720707261389712,LCO,12,58
-165840.55335222374,2.0898453487788577,0.0121596122816056,138927.5521916953,-4.236700289549447,-0.5632997104505648,-0.3938485545846775,0.2213291234126218,2.9450264262422984e-05,5.132005783322193e-05,1.663882210229348e-05,4.563842872664537e-05,2.37459420654984e-05,0.0518032089429129,5.784092325857447e-06,4.129387704210712e-05,0.0215040449883761,0.2639306807162764,0.1112230179248228,0.1609977467742232,LCO,12,81
-104893.3835531222,2.5599108035553693,0.0089504861688702,59858.79005351795,-4.314766392628158,-0.4852336073718533,-0.3873128915011271,0.2033973228350011,2.849525541598841e-05,0.0001805325462448,1.986560443320768e-05,4.02659552907932e-05,2.375231514861641e-05,0.0505536913717254,1.4408962431630046e-05,4.07163852813513e-05,0.0129241530366338,0.0343284529337711,0.2204113978329369,0.2879472577321648,LCO,12,88
-27401.206436233497,2.617859147024202,0.0129207453701303,11537.141953736613,-0.3728839273311024,-4.427116072668909,-0.4339832149765277,0.2326542228886673,2.486085769835905e-05,0.0002205788411866,2.429330158111946e-05,8.51792008776754e-05,1.4910588211055048e-05,0.0413168546895661,1.995812831271683e-05,1.480504212750226e-05,0.0069539107487122,0.0569799208322426,0.1024310032972874,0.3366058608939422,LCO,13,61
-150372.56380732404,2.116384184622668,0.0327938863010726,55485.20948466738,-4.610283721006837,-0.1897162789931741,-0.468420136190712,0.2229924512168848,1.3088522462120715e-05,4.573809333524673e-05,1.688568119564099e-05,6.669445428736807e-05,2.9141638438315104e-05,0.0519034900563771,1.677782875564569e-05,4.6765616069274144e-05,0.0215043756837001,0.1292105056822493,0.1716876511544394,0.1606817069725993,LCO,12,29
-570122.3389153592,2.4982770703762944,0.0099026035533603,412547.8291452312,-0.4758934472693497,-4.324106552730662,-0.4687733588772854,0.2188589254908774,2.47220378357906e-05,0.0001703885099524,1.137134958862664e-05,5.389794931088629e-05,1.5220180899410336e-05,0.0944698810821989,1.4198235145939989e-05,3.8997837638402514e-05,0.0229187575238065,0.2294771967581472,0.1920223805590954,0.0397270638054719,LCO,13,88
-54601.17891744922,2.099760458912427,0.727098775852675,28830.46470232432,-0.6538729525394089,-4.1461270474606025,-0.1476872035375074,0.2722437131534379,2.4606054592483228e-05,5.741157147823803e-05,1.1168956840330629e-05,0.0001225226416386,1.4068300952208798e-05,0.0998762277429635,1.9954863453773588e-05,4.307816801061972e-05,0.0091678237910903,0.1556051134162686,0.3346721341334297,0.2920355489127943,LFP,13,43
-259644.4501467666,2.2587829002280104,0.0121276697464806,231117.5840632752,-0.3151138382766802,-4.484886161723331,-0.7065321617146862,0.2153390438934153,2.9573743564639127e-05,9.70571619014046e-05,2.9801425302536453e-05,0.0001465476014167,1.8194004505562704e-05,0.0788291444770931,3.4651537905721104e-06,2.1681699452229945e-05,0.020739654250065,0.0272736627279967,0.0312803635789683,0.1649138119783487,LCO,13,68
-27555.666897195635,2.65007656891086,0.086838732881453,3581.1972402139418,-1.293538999680088,-3.5064610003199235,-0.338595692777794,0.2299108789472623,1.3111385230222773e-05,0.0001902153629858,2.6687312025217117e-05,0.0001481334589098,1.48425358663898e-05,0.0882640740613938,1.9733347970711384e-05,1.7195472264814726e-05,0.0050453779463803,0.0174123532044778,0.5449811598200236,0.0290107941977046,LCO,13,17
-182710.0559171732,2.494284550726678,0.0166777116840467,98455.07389685456,-0.5810682641490672,-4.218931735850944,-0.2009618149590383,0.3695478817970278,2.6705530904913635e-05,0.000124430799726,1.997503881803267e-05,4.73737553229984e-05,1.552988213714624e-05,0.0847836374036289,1.5319422532244575e-05,2.7163154185747487e-05,0.0123346195385071,0.0797107725928937,0.0636915810884095,0.5856358313596585,LCO,13,94
-5532.100095887692,2.266783917437864,0.0596092076624887,2016.1558092554624,-4.574057966478804,-0.225942033521207,-0.8101445221220622,0.2090560610759237,2.7256324664735978e-05,4.176048042350275e-05,6.003937773162534e-05,4.437074231347634e-05,1.3070104383149048e-05,0.0406401149954765,4.842973719119522e-06,2.815906693673393e-05,0.0043053941524362,0.0137761840049601,0.0497764948347687,0.0563027990382089,LFP,12,30
-12659.70741268494,2.355383143529238,0.2889068793179838,1972.5824633196369,-1.9601331026447752,-2.839866897355236,-0.3866233885247034,0.273985968495809,1.5310356741700207e-05,8.509751696418382e-05,3.809698008001103e-05,0.0001390380294884,2.852551512028598e-05,0.0850607254343678,1.628705452686328e-05,3.435734769445559e-05,0.0050257327600078,0.2005529774143074,0.0465431229993294,0.2962805110616597,LCO,13,10
-275746.9010411896,2.270238793167504,0.0141107212429118,231378.09302580255,-0.4138047410360741,-4.386195258963937,-0.3544629758072667,0.2002081781050963,2.73028898565045e-05,8.98574624158259e-05,9.597685929083002e-05,8.664613264818e-05,1.5054313723394572e-05,0.0798002685282166,9.898756340980418e-06,4.619777838715728e-05,0.0236528314322015,0.1989733779801564,0.1775689620927077,0.198994684119869,LFP,13,58
-626459.7480000418,2.2561128893400832,0.0339492489962312,164264.01352159536,-0.724141678753611,-4.0758583212464,-0.5769847549062599,0.2748290958026059,2.5635527646362462e-05,0.0001065623132235,1.2286179439038864e-05,7.230163880963626e-05,1.2221841769827894e-05,0.0896749169182138,4.214943392837641e-07,4.824433833692637e-05,0.0236150045723313,0.0256010488170959,0.159322527111232,0.1680916691654122,LFP,13,35
-11585.636390854324,2.6152611776618317,0.0553132635631209,3983.926250185226,-0.7171651926300626,-4.082834807369949,-0.3623093953390882,0.2273043704704686,1.4503074105168076e-05,0.0002279829892082,2.721460027467649e-05,8.845573814653496e-05,1.485157623765589e-05,0.0570448912501555,1.8719941388634223e-05,1.2091336889958951e-05,0.0046737866699713,0.0133972390682152,0.5222662190535413,0.0320271465391552,LCO,13,34
-107360.80469455186,2.228284844986674,0.0396874291014157,48882.21759188446,-4.464220684870952,-0.3357793151290593,-0.7919651010550207,0.24470631204079,2.9820010447323524e-05,0.0001051421012297,1.5658449944434167e-05,0.0001351052410683,1.2053304782494156e-05,0.0991826410435979,1.533445394562609e-05,3.080580228636456e-05,0.0115111875632916,0.0228645392879612,0.0998525485560545,0.0153178111009636,LCO,12,39
-14280.117300108686,2.1455647180455,0.0249250122790499,8670.961001096699,-0.4908628836440769,-4.309137116355934,-0.6090856077834215,0.2002466080397636,2.8565425970758743e-05,5.75998195362262e-05,1.06669540654377e-05,8.646177652273286e-05,1.2204703992919516e-05,0.0999428968297835,9.831735318162184e-06,4.2624849722177885e-05,0.0043293161877262,0.010713860709612,0.280203308661199,0.0299972228457674,LFP,13,51
-10416.268220704382,2.1039381391814027,0.0115230293067389,8640.887561606283,-4.188797784498178,-0.6112022155018337,-0.5180254686031234,0.2191116807668883,1.3117508271459245e-05,6.732725659016264e-05,1.971042823532807e-05,0.0001138905369067,1.353608883962756e-05,0.0574827627020023,6.494151444583024e-06,4.478365255547212e-05,0.0047733567532183,0.1888042209193737,0.2008450331710357,0.0223252773064671,LFP,12,74
-166932.1276796934,2.066874311244459,0.0119006385685932,186456.73646195955,-0.3425831662606171,-4.457416833739394,-0.1600054142780661,0.2222605531432196,2.7046000967910344e-05,4.547249999029541e-05,3.022910269360336e-05,0.0001307378472015,1.9265717673760737e-05,0.0906579109446951,1.6902818296030927e-05,4.7231860113213226e-05,0.0185975113172536,0.2812122933913097,0.1811051116361109,0.3076771806945132,LCO,13,74
-36397.509682101874,2.2461642654229275,0.0096963324045246,23511.59748428553,-0.5202050988213074,-4.279794901178704,-0.3346044496614256,0.2002745976572962,2.938013322033213e-05,0.0001038280852439,1.1690369309236827e-05,6.802124047035781e-05,2.232299425180116e-05,0.0487341500559804,3.389769639005405e-07,4.736331433056301e-05,0.0080030595744617,0.0103362730981207,0.4889654327580147,0.0960938444824388,LFP,13,92
-25388.117412903044,2.414860788640075,0.0096615758029609,26736.237472793186,-0.5448395941429638,-4.255160405857048,-0.1998955292469276,0.2118989540622913,1.4559730448492628e-05,0.0001311863724056,7.68802970199177e-05,4.109091233848486e-05,1.2023243649275651e-05,0.0997484079679989,1.4470684174741705e-06,4.613858001323927e-05,0.0056529038268865,0.2455618339288839,0.4324501961786561,0.0520924406455324,LCO,13,94
-334050.1507912811,2.1267220346965603,0.0097041042549196,316740.1608250596,-0.494640220478125,-4.305359779521886,-0.0654447515379129,0.2415676779254346,2.3254179170041167e-05,9.634476135583912e-05,1.16348618786112e-05,0.0001306907023353,2.181850190314676e-05,0.095670344104256,1.6292968339988305e-05,4.9151700820826384e-05,0.0217744972042537,0.2812782861101685,0.1814097356302991,0.4018672267216194,LFP,13,89
-13147.492772089648,2.101017247510114,0.0149406825101104,9417.984001621182,-0.4167203638966157,-4.383279636103396,-0.3392890386168034,0.2211645487452821,2.8449113714879667e-05,5.661200343075697e-05,1.0536504360833412e-05,0.0001411434839164,1.3497324147879834e-05,0.0996304071699303,1.9014926484701212e-05,4.270867240167961e-05,0.0043262773167088,0.0774497061453304,0.451729459497452,0.0615317957404141,LFP,13,59
-38112.79239927405,2.552206039877114,0.0096479426529336,32386.646030370797,-0.5603084715431379,-4.2396915284568735,-0.5898374414963965,0.2322472041007221,1.2180882128238836e-05,0.0001794883557025,3.3752598976214925e-05,4.063433970711114e-05,1.2002269823087902e-05,0.0967587467328387,1.0682783237746837e-06,4.598978928973415e-05,0.0057665094194178,0.0192061203042165,0.2988524802535098,0.0221039579458771,LFP,13,99
-16617.756495655027,2.220166579271884,0.0135439524297464,12393.341690540205,-0.3456999784318384,-4.454300021568173,-0.1925201236556096,0.2371031589944968,2.833193902634518e-05,0.0001161239408597,5.039823578601958e-05,0.0001242289780162,1.939391897241316e-05,0.0550765747497004,1.852236578974637e-05,3.344917446382695e-05,0.0063451430397238,0.1846416036111157,0.0578301948028645,0.4950080779304101,LCO,13,66
-68991.65605819249,2.250749184461765,0.0176408190058366,36722.94608952775,-0.4039141513315627,-4.396085848668449,-0.4859584958258632,0.200398253525582,2.650558662655561e-05,5.4526542514456006e-05,8.14180270421995e-05,4.259391240733392e-05,1.590951796628243e-05,0.0401154214425068,7.861792520363776e-06,4.86644057699095e-05,0.0133061194489924,0.0621605381980554,0.180471425608377,0.2014095403677043,LFP,13,58
-49978.3922652121,2.29736290076064,0.0159883674243417,47561.58864982651,-4.411279842750872,-0.3887201572491392,-0.1350451154091808,0.3437252419403556,1.5754169662669332e-05,0.0001259768591778,2.800432510593507e-05,7.041690668738024e-05,1.6977340498277415e-05,0.0979867861671852,5.353959679687999e-06,4.093955172450476e-05,0.0081380230860299,0.3220509079058604,0.3911955655483057,0.081708411136653,LFP,12,96
-522673.16372344585,2.246524458897432,0.0404100244097754,63685.33154884229,-4.658003862675969,-0.1419961373240426,-0.3057218674684536,0.2053334473602713,2.9953519339102948e-05,0.0001034440443086,1.906179149813291e-05,4.229714383601077e-05,1.4479240971581347e-05,0.066608273155228,1.7762030475858813e-05,4.582412216746848e-05,0.0220568316849858,0.0815940845537552,0.0484960537441549,0.4941879942336362,LCO,12,26
-6527.8182128442495,2.1155442318594377,0.0152287716835841,6289.20545785393,-0.4195362060076064,-4.380463793992405,-0.3437540527606104,0.2176960124040874,2.4823974216683663e-05,6.979727954048189e-05,1.978503929996897e-05,0.0001451132841703,1.3536357073947432e-05,0.0572443784290209,1.5892047820026045e-05,3.709569234697145e-05,0.004595951130807,0.3386872763281202,0.200935085519991,0.0466235853912784,LFP,13,59
-148638.74181313423,2.0518875672518826,0.0117594423552762,183189.83307542268,-0.3438035522095362,-4.456196447790475,-0.0604919184913959,0.2222703963356735,2.7048671236427886e-05,4.478208366844314e-05,1.4904721198178312e-05,0.0001307328932111,1.9464772794820217e-05,0.0933843154095911,1.6909727189447686e-05,4.73478781138339e-05,0.0186121765159302,0.2807198021016116,0.1726754639971028,0.4161128154098897,LCO,13,74
-432591.6153873505,2.190852567314152,0.041020712355283,183200.2509484948,-4.4678495656651975,-0.3321504343348138,-0.5760759487470937,0.2876525007138232,2.8023107102451588e-05,0.0001049992916192,1.5712952940017865e-05,0.0001355219653273,1.2298698881371994e-05,0.0895467495021608,1.9057731181763997e-05,4.827238655826247e-05,0.0236400932567338,0.0228028955182218,0.099436052114911,0.2316851036197734,LCO,12,41
-204891.0793513384,2.498506244194993,0.0090988676471899,264305.4287294027,-4.225909202162647,-0.5740907978373642,-0.8309201542388253,0.2151542127160986,2.435559354327883e-05,7.263488837619018e-05,3.607481817536965e-05,0.0001465484130548,2.0599242751404665e-05,0.0786552978813948,1.5364107049237446e-06,4.904153406062147e-06,0.0207396443501429,0.0334346135193883,0.0132783287103338,0.0523669035314524,LCO,12,81
-123736.9651829224,2.527674545313636,0.0129492512884763,88588.6027177829,-4.187330858763126,-0.6126691412368857,-0.4649545370520787,0.2116753810464638,2.3981889604436577e-05,0.0001355810156268,7.71970864242225e-05,4.810460533535547e-05,2.017572055010972e-05,0.0996493072335449,1.3523626098579234e-06,2.6571570664859795e-05,0.0125718210508934,0.1870171321002052,0.0647233746310302,0.2133049562166859,LCO,12,65
-388655.95582167816,2.246198549863621,0.0194555964547161,105364.05270399628,-0.5935806945520454,-4.206419305447966,-0.1948114900011738,0.2189624543788157,2.7808426175570967e-05,9.702984251525516e-05,4.15950681910732e-05,4.181303677737129e-05,2.3830187766951876e-05,0.0647419337482788,7.591822451861259e-06,4.932993654911781e-05,0.0217981082952468,0.058033145520641,0.1814517784785906,0.4957035859995947,LFP,13,44
-32173.80052961859,2.564950324609464,0.0095670719441234,31807.585349092733,-0.5635146114015441,-4.236485388598467,-0.4183292120912285,0.2327672156110596,1.2774425631425988e-05,0.0001798017017947,7.734468078745845e-05,4.063151934142259e-05,1.2032672441938731e-05,0.099752699852147,8.882264011851458e-07,4.598781262125577e-05,0.0057734054103168,0.0174419845312799,0.4416225900032827,0.0526062133742089,LFP,13,99
-207020.5023216391,2.3095071322033904,0.0217072083343474,99725.100092837,-0.5058463489164424,-4.294153651083569,-0.0855609971682195,0.2623293005061274,2.8277755247072435e-05,0.0001229535002846,1.2986453122868504e-05,0.000138870731599,1.55646402042587e-05,0.0849706744620308,1.3472303713037147e-05,2.0867102781339783e-05,0.0166013218294349,0.1938365689348734,0.0601989510044164,0.5904034828924907,LFP,13,53
-40560.42124591042,3.11278711312916,0.4485334826192597,3884.1602666860713,-2.359862827172961,-2.4401371728270504,-0.0456031159422382,0.2339696564722156,2.55998419466474e-05,0.0001292555630308,4.6885161667706575e-05,4.6133842608481856e-05,1.659335880441554e-05,0.083136481333921,1.9631911745509825e-05,4.759820865993176e-05,0.0093041029642942,0.261313394624084,0.1723300827693224,0.4507534066643554,LFP,13,7
-9915.31806528656,2.198535634370327,0.010813136034028,11386.451521501787,-0.541103994364768,-4.258896005635243,-0.445679755487972,0.2165329993536822,2.98015233786535e-05,5.200967979289946e-05,1.173665897984284e-05,6.395463665663906e-05,2.328252388099695e-05,0.0566092904794577,1.4306135478056184e-05,2.677750316697992e-05,0.0051556013480757,0.1712108078202134,0.1167863209713126,0.1963231157205019,LCO,13,94
-359424.2619252495,2.387166908414396,0.0141837079904705,274293.2299524266,-4.25352331905809,-0.5464766809419217,-0.5302439998595803,0.2073773164962964,2.882813581824012e-05,7.564167048462868e-05,1.7562082197569923e-05,0.000136128321182,1.3596591188536791e-05,0.0960998118206825,1.0042911514118396e-05,8.635067617592299e-06,0.0239039858757444,0.2179811891097779,0.0157248864244423,0.1660499246061995,LFP,12,58
-22954.24349700323,2.609557734488904,0.0137360836876829,19030.807395045224,-0.3484207039427929,-4.4515792960572185,-0.7700680779357756,0.2331455466942367,2.3236399680379903e-05,0.0002054162689597,7.782511627699485e-05,5.729853563663889e-05,2.941620106166555e-05,0.0998010392180407,5.007139981883737e-07,2.6279387257395155e-05,0.005386643892419,0.0160725202347524,0.0928544362217286,0.0510049656077434,LCO,13,63
-42791.315315233296,2.603436195334047,0.0555610588245633,9809.898424665307,-0.7303958933321653,-4.069604106667846,-0.0869032740803125,0.2274899685013805,2.9774391771770383e-05,0.000238475383252,2.3277615721333024e-05,8.870556947683609e-05,1.463894600496841e-05,0.0749717671959122,1.833378352670932e-05,2.7277075784856333e-05,0.0068532833872415,0.0865772899626914,0.5428814139634963,0.2136380219934998,LCO,13,34
-64462.561661660846,2.130435001868766,0.0128772181658468,63211.06260482021,-0.5583103751801488,-4.241689624819863,-0.0040907304209959,0.2322360797872179,2.327422297736942e-05,6.27751420528254e-05,1.1187166763375564e-05,4.024491552773981e-05,2.213572288325336e-05,0.0956394654743451,1.6437269005437397e-05,4.920854109114588e-05,0.0098769394891301,0.395836515727009,0.1254932992120246,0.4045794546399704,LFP,13,99
-88592.6552178965,2.133570104778973,0.0179713699187804,56737.36462248648,-0.4773817433568368,-4.322618256643175,-0.2484703382858933,0.2336290518154191,2.558184408508328e-05,0.0001041228140384,4.710668093848127e-05,0.0001253815956581,1.3858177020345222e-05,0.0756384499937237,1.3384928685832357e-05,4.43849751830864e-05,0.0125432480297586,0.3750410276982135,0.0951267198181934,0.2113619141976996,LCO,13,54
-5821.010810296471,2.0975524568828927,0.0166313238058661,4712.304619227003,-0.4797608553480614,-4.32023914465195,-0.0589097924979018,0.217668783025113,1.3256650237072095e-05,6.981474701644126e-05,1.9786654946839557e-05,0.0001453342517896,1.421957710945724e-05,0.0557217786796369,5.830446876460556e-06,3.703369761412457e-05,0.0043129511232417,0.5481724068520964,0.2992413483993234,0.0236764522506783,LFP,13,56
-69489.29481518718,2.4995909190910357,0.0100677592000298,53233.78105142962,-4.400365710829689,-0.3996342891703222,-0.57354888270142,0.2416495343945728,2.3983181082087707e-05,0.000153757621951,1.0597089015879647e-05,4.647781904647524e-05,2.247307834652734e-05,0.0931217751732807,1.643640847428296e-05,4.957683191429712e-05,0.0081763588800683,0.1410300636081733,0.0105446234913627,0.2048764301990439,LCO,12,98
-609987.4540413793,2.518540265079065,0.0430696746521484,163200.51884870313,-4.539268538813296,-0.2607314611867153,-0.6911301708204056,0.2737013681771678,2.2898303221877447e-05,0.0002421601251696,1.2196362099296924e-05,7.20423411330106e-05,1.891335386567063e-05,0.0878717153519944,7.543984543634303e-07,4.7559876081809e-05,0.0236486424496292,0.0141211432542113,0.0568051747420833,0.1679435111832997,LFP,12,35
-378022.9404347856,2.293004782604541,0.0096977434052516,364474.9265233141,-0.5662598052767649,-4.233740194723247,-0.1301291013302957,0.2359496685992984,2.915072844076948e-05,0.0001996911117385,3.028514926139813e-05,0.000145824009333,2.3893811156853858e-05,0.0845134685146495,1.5331775753178213e-05,4.989572207147872e-05,0.0228672676770563,0.0341019245630594,0.4274957164709647,0.3382732576356801,LFP,13,100
-261060.7326914904,2.299514089570026,0.0117004474531624,185698.12611768005,-0.3414386982253887,-4.458561301774623,-0.3947056269303801,0.223656742196368,1.6811381963181016e-05,0.000190174045285,1.1293313696760678e-05,0.0001497341105218,1.5200517381322418e-05,0.0879784130594748,7.230991591410051e-06,4.0780946149206304e-05,0.0178661680910453,0.0580587349956186,0.4635170569633247,0.0137185811106764,LFP,13,70
-26301.99472844781,2.0690539680222875,0.019974778394363,23396.150634632588,-0.4851308059769081,-4.314869194023103,-0.1794176289068827,0.2268969019969325,1.4096418250159472e-05,4.903932924272509e-05,1.0690811075326296e-05,0.0001197913710989,1.5060913529825858e-05,0.0841842112046868,5.047304332609774e-06,4.875109094366367e-05,0.0078191598203398,0.3201166340374208,0.3821735850246455,0.0482921520310509,LCO,13,54
-162575.80242662682,2.3285193514500007,0.0111535778413606,115500.7296032836,-4.284421825929719,-0.515578174070292,-0.6687525547686317,0.2021543101410812,2.444714071209174e-05,5.776803150283438e-05,1.940155309536133e-05,4.101462315608487e-05,1.555639187922807e-05,0.0823029252912232,4.547759995952725e-06,1.4652497484518712e-05,0.0140606516491002,0.0343357960110914,0.0932594712330395,0.1336521779872373,LCO,12,86
-314419.69400356663,2.5775332436349285,0.032700277612188,104560.62208589289,-4.398578412970799,-0.4014215870292119,-0.2474040743465189,0.3991858758023776,2.5532980957871765e-05,0.0001852479761849,2.0930740899815296e-05,5.798256520592096e-05,1.6313893790327077e-05,0.0568154947897329,3.810382312187695e-06,2.7527988352345325e-05,0.0209982076764313,0.0221165344703996,0.469747088078986,0.1907323031040955,LCO,12,53
-232675.32412576483,2.217316337603449,0.0093237216806631,193147.38787544085,-0.4345351762399474,-4.365464823760064,-0.8915135130371695,0.2002388266709713,1.6784796292029843e-05,7.231071556765993e-05,1.123566271162089e-05,7.187084694125992e-05,1.3106789571566469e-05,0.0904279983138296,7.5160961513722685e-06,4.062194179828615e-05,0.0153710759243372,0.0102096451672252,0.0148821041091209,0.0133947376864842,LFP,13,86
-95362.94333266008,2.5930649927668026,0.0336990905972194,43276.4310674922,-4.513747569546922,-0.2862524304530893,-0.7503586938090558,0.3034905260307899,2.3255246067611576e-05,0.0002094137838648,2.506732348466665e-05,4.489831046406867e-05,1.701706995029787e-05,0.0424996750491633,5.388398907885129e-06,3.787516512811375e-05,0.0165130860304064,0.0932801222716952,0.0227107892427191,0.0636503946765297,LFP,12,39
-416876.9313068295,2.1708421709840424,0.017754309970185,524424.3953178265,-0.5969301321409546,-4.203069867859057,-0.651634350805323,0.4230450910594954,1.3625286962546398e-05,6.904534507263155e-05,1.1030917225405375e-05,8.270024221234125e-05,1.291677410568892e-05,0.0918797911703308,1.585725064550678e-05,4.934490011893376e-05,0.0243626182647927,0.0342059886508666,0.1994490853737275,0.0447105751700828,LFP,13,97
-179074.7243600384,2.195181816755691,0.011880688285759,133547.6825114348,-0.3307179196270695,-4.469282080372942,-0.6431788873663693,0.2315662352484809,1.3764337357159144e-05,8.817368569572563e-05,3.102921213931061e-05,9.962787719565936e-05,1.520051983236714e-05,0.0863709633492539,7.170727551769527e-06,3.780650232464967e-05,0.0147786881884761,0.0229792123168505,0.191394975111502,0.0724469252052781,LFP,13,70
-29286.651069825944,2.2076136135487423,0.0059819687844563,25857.694685735863,-0.4465945971620257,-4.353405402837986,-0.3288187063980244,0.2242106094090265,1.376036196086806e-05,7.341414746866087e-05,1.5552995497382664e-05,5.48615070072087e-05,2.80695629714712e-05,0.044567979313468,4.732176342776541e-06,4.099981678663764e-05,0.0090696989886386,0.0276321837515249,0.4637207309125094,0.1098283789379411,LCO,13,85
-418707.2173183007,2.1582269256074325,0.0713225357312112,70928.3378931357,-1.350511662775169,-3.4494883372248424,-0.2956100003969234,0.4392874594056924,1.566157430298175e-05,4.796196195049971e-05,2.381950788513758e-05,4.12493004171703e-05,1.7443222722478453e-05,0.0880658063230386,2.3896097198832798e-06,4.196163385049112e-05,0.0233814079004814,0.1298767435724401,0.0922545209926465,0.41225873503799,LCO,13,18
-156272.24147389675,2.2336075341719144,0.0474155811456475,27358.867552488027,-0.9077557534029737,-3.8922442465970377,-0.1546812032548103,0.2465738820316209,1.5405012580585417e-05,9.119727012930536e-05,3.031490564614328e-05,4.90525883826954e-05,1.7235899626086e-05,0.0789421465936157,4.903911053400554e-06,4.702799006470405e-05,0.0128108041975316,0.0863432074745219,0.4156716372394385,0.2733039520312291,LFP,13,26
-286558.75939271395,2.194393707561063,0.009341843967087,250307.3886933828,-0.4905747131464153,-4.309425286853596,-0.2915389793446633,0.2085354455955964,1.5940663788627115e-05,9.631721590963878e-05,2.787276031029092e-05,0.0001209439040443,1.7923686203638106e-05,0.0577308817864603,1.3594936187174048e-05,4.194283661950059e-05,0.0234759861786148,0.0175434397240073,0.5467331772765629,0.0741844036547664,LFP,13,89
-65938.7527160888,3.167906584204773,8.141857678455946,3341.779603630225,-3.189989591218413,-1.6100104087815978,-0.0239724971285806,0.2101117302121339,2.238988649947377e-05,4.346872760816327e-05,2.8356445581548174e-05,4.0946680217458014e-05,1.7914515161717174e-05,0.0531577327695531,1.2825978269858716e-05,4.118661920994301e-05,0.0211079892873411,0.0725830469229412,0.5649699461832232,0.268474509765255,LCO,13,2
-20646.58682795301,2.129867182470271,0.0066292112548274,25924.373682234316,-0.5353294333182177,-4.264670566681794,-0.2570670091078498,0.2027933066994715,2.220649188556774e-05,4.895814493344002e-05,2.8499771593707018e-05,6.813846555543672e-05,1.4373225145940345e-05,0.0555560698759634,1.547302042759031e-06,4.916969733987475e-05,0.007836669588001,0.1516815114982236,0.459315272761283,0.0619362066326434,LCO,13,93
-116545.18992351311,2.0652549126123736,0.0395115689659551,42531.27435753544,-4.595558100070583,-0.2044418999294279,-0.2356728603648955,0.2520627087208583,2.2897468960609828e-05,4.0538252221651615e-05,2.6526744768421996e-05,0.0001488530710415,1.718700769543334e-05,0.0948376924615367,1.9526145084552142e-05,4.714917721653931e-05,0.0136492576268257,0.015749121590905,0.4102897506044974,0.2682882674397021,LCO,12,31
-11658.283800069035,2.075619783301895,0.0201033358206697,9098.430842320146,-0.5001995261650478,-4.299800473834964,-0.0072618460260734,0.2064397477300949,1.2824787181663652e-05,4.56732529237611e-05,3.5742619079110645e-05,0.000143990435623,1.7017770817924856e-05,0.0620261867748702,6.019537772287977e-06,4.156710582724269e-05,0.0058903823303383,0.308855588597094,0.5806633960265419,0.0332191693502905,LCO,13,53
-112867.72428899715,2.1623817865311614,0.016111205670045,84023.89428621573,-4.3576686092233885,-0.4423313907766228,-0.405266945413378,0.3434495535143528,2.671397995032113e-05,9.60807446977632e-05,2.5060719200890724e-05,0.0001441621618653,1.8345959779817415e-05,0.0648033957579337,5.354069739215014e-06,4.367029805599317e-05,0.0132377530697656,0.037199917076952,0.4132211237177704,0.0743120137918995,LFP,12,89
-288647.9667992986,2.379359299524753,0.0103978823429906,157330.91023899344,-0.3681749724405847,-4.431825027559427,-0.1098848658670842,0.2020550643572707,1.529136562964181e-05,0.0001706575217006,1.25144457156249e-05,8.695013107925342e-05,1.5605370918610968e-05,0.0532028194196542,1.8166974998194928e-05,4.096761345954237e-05,0.02129064281389,0.0723122071943077,0.5524133397461485,0.1953895871924596,LCO,13,78
-195347.56126456347,2.2572002972113925,0.0135497134391113,75561.5624036993,-0.3568704064677988,-4.443129593532213,-0.4174183348266703,0.2068924649044287,1.328276639727476e-05,0.0001147084922393,1.560100608453022e-05,7.718249587531043e-05,1.6377540333804724e-05,0.0402504458294523,1.995840613055108e-05,4.616595609855741e-05,0.0179290333312061,0.0175966077378096,0.2085317808547548,0.2864532765807651,LFP,13,63
-268359.3977411076,2.224890368203152,0.0164889174555392,153862.4611999152,-0.3994193721249672,-4.400580627875044,-0.3871701164947765,0.2414307194676147,1.3795817377098352e-05,0.0001147362749193,2.7671072913599e-05,0.0001018989211778,1.4633413441759278e-05,0.0859206390027044,1.3933130513171702e-05,4.0918561316141886e-05,0.0178853892932193,0.0232413302468577,0.1842431655639096,0.3353453876944561,LFP,13,60
-351111.05651999096,2.467891029304352,0.009617047826415,308040.6122215613,-0.4672738028778767,-4.332726197122135,-0.3993332079516204,0.2203476790745543,1.2375418699841744e-05,0.0002262131756068,1.6198980387468395e-05,0.0001234908382415,1.4429151161693057e-05,0.0868375221595962,3.654993880825642e-07,2.5457378807114745e-05,0.020617729218192,0.0133432103226387,0.504829707337833,0.0124938743879079,LFP,13,87
-37890.18124034187,2.104309976474879,0.0198300930132389,22507.5366658937,-0.4642397593933296,-4.335760240606682,-0.3860541523891458,0.4550342166109387,1.6178721665560216e-05,4.1904134970273846e-05,3.047803952479711e-05,4.880919971861606e-05,1.2278708252541372e-05,0.0707510358773827,3.804220579661065e-06,4.603765596879181e-05,0.0076319909388316,0.0882655572159945,0.4203329414776049,0.0353473489172546,LCO,13,63
-14119.19881656184,2.102307220483439,0.021206562258664,9991.628543615008,-0.5012410549870481,-4.298758945012963,-0.373699051502983,0.519250328219547,1.6509410654360425e-05,4.1903186512853497e-05,1.95541758643783e-05,4.921787382628745e-05,1.7029590173114967e-05,0.0996089040226234,3.765432752442971e-06,4.422565575823493e-05,0.0043838550986857,0.0850456193956676,0.4365082254003932,0.0347471037009562,LFP,13,63
-90742.59858091468,2.0973013708050834,0.0149999130340789,82724.98887578199,-0.4175950571247,-4.382404942875311,-0.404296995797937,0.222254142208262,2.472036803797895e-05,6.90081634390726e-05,1.137176035609208e-05,0.0001422439688384,1.3474790305003875e-05,0.0980691343557602,1.9114444675283287e-05,3.7350600775115054e-05,0.0126274544286536,0.2952562368789677,0.1913625813995854,0.0390841859235099,LFP,13,59
-13774.412413215516,2.321000646405774,0.0782799056282757,3823.06986696276,-4.648563932467546,-0.1514360675324653,-0.1319155288747276,0.341795764856366,2.5572952233276674e-05,0.0001253008308309,3.127684708309895e-05,5.210089265535877e-05,1.6035922498907258e-05,0.0427900629755941,6.03337584809073e-06,4.6859603046173713e-05,0.0059832795897053,0.3272655362470712,0.3906129019874872,0.0802060328907139,LFP,12,34
-92673.41350865406,2.237150452482938,0.0092854965427191,65690.41314962137,-0.4071310703067894,-4.392868929693222,-0.3074219095830677,0.2082541660467433,1.6220990199065243e-05,0.0001059161741537,2.890393378006896e-05,0.0001364456196447,1.3766687248965009e-05,0.0413136584482764,1.908059177725719e-05,2.6963804961247468e-05,0.0146554393819948,0.0174998197352294,0.575726293256731,0.0293519774249718,LFP,13,82
-99244.32089933442,2.0798480533705552,0.0215582621869343,90270.12706037857,-0.5015807601017599,-4.298419239898252,-0.247336087171365,0.2064144551998197,1.3454868223390687e-05,6.549225565722961e-05,1.5428709258161007e-05,7.691437178506953e-05,1.5739932612200814e-05,0.0620361043226457,1.3808440471635152e-05,4.620151814970343e-05,0.0180266772386754,0.4464209797699496,0.2049959519691501,0.0312469810895351,LFP,13,53
-190025.82662722145,2.1976153177432143,0.0132809175365889,101084.96645902075,-0.3408169056200805,-4.459183094379931,-0.3667519443750572,0.2008189314692929,1.37532866376701e-05,7.255619930563986e-05,1.534679770297561e-05,7.727777485074849e-05,1.5328096595171965e-05,0.054047003803095,1.2999031834143498e-05,4.095327060838504e-05,0.0180929163747265,0.0276407254648751,0.256079522208886,0.2795278079511816,LCO,13,64
-71458.77760384542,2.1194881534713668,0.0307314838708496,28424.68192779909,-4.6000239533557306,-0.1999760466442808,-0.5007688897536604,0.2128633945509314,2.161900540782979e-05,4.208967872030413e-05,3.130058812488592e-05,7.063875579173152e-05,1.724756615270967e-05,0.0620486395320123,2.438594570268024e-07,4.68564793560444e-05,0.013704487866242,0.0134333849177533,0.3905158225456373,0.0252819027829489,LFP,12,30
-37553.6297996297,2.137875696430748,0.0141045611997478,21346.66787436702,-0.7463664792584979,-4.0536335207415135,-0.3386276548677199,0.2566289202215956,2.739894256938073e-05,6.335789563268135e-05,2.9088773170333035e-05,4.5484485364615605e-05,1.950080245397976e-05,0.0619506786724848,5.315908386397299e-06,4.36478010952997e-05,0.0109642278161189,0.447080629267757,0.1133798683314089,0.030911847533114,LFP,13,36
-24778.53169424598,3.2042664033870727,10.330828930036294,417.7018856285975,-3.407586389591032,-1.3924136104089797,-0.4965840585187288,0.264310460735303,1.393656840482884e-05,5.076939154982313e-05,1.858093038085351e-05,8.731956280645034e-05,1.9219522272763523e-05,0.0493705787775426,7.3369990869136255e-06,4.9509247676285246e-05,0.0096181153045459,0.0159792247975392,0.3925543381186362,0.0248823785650957,LFP,13,1
-5143.518177713884,2.1166449507789453,0.0167697146593667,3247.8745798883547,-4.245753613721689,-0.5542463862783222,-0.1912768834617363,0.2006500590476156,1.367880611886882e-05,6.630199285963029e-05,4.2997626587106285e-05,0.0001237667233979,1.5014066293156928e-05,0.0403841837770566,8.116264829387408e-06,4.123863267072644e-05,0.0041072778845353,0.3644885153287611,0.105043330830081,0.2691912703794216,LCO,12,59
-33062.40692389631,2.2499825255751107,0.0097156766007638,21305.30584802727,-4.300826948421289,-0.4991730515787225,-0.2581253413729393,0.2356853171735166,2.9647376851996036e-05,0.0001219263281107,1.0038888967365816e-05,9.933681679027317e-05,2.8958845367941644e-05,0.087557650075485,1.902416047771204e-05,4.030546747403039e-05,0.006105277061993,0.1251134055401805,0.2933600127434767,0.2534012403434034,LCO,12,86
-393301.4491900421,2.396782960931592,0.0095022869020836,375541.5612758917,-0.5536756850046842,-4.246324314995327,-0.6487072069909622,0.2364537126639086,1.236890543069004e-05,0.0002105749479909,3.1104455570098266e-05,9.941556117663104e-05,1.5541585873888374e-05,0.0868441450319681,3.2204831077194746e-07,3.799223529019761e-05,0.0208103234955919,0.0266362544908299,0.1819089416685039,0.072747596849704,LCO,13,95
-73522.35748831593,2.095802944853539,0.0373452782010952,39687.19877837971,-0.6837490794817924,-4.116250920518219,-0.5795819161335717,0.2266584874749652,1.3973432192022926e-05,4.8528141604287913e-05,2.949790810911965e-05,0.0001237614056659,2.158878453372085e-05,0.0938906347731555,4.928005450283431e-06,4.918087188806453e-05,0.0109903190108266,0.2604159126409783,0.0337096254460067,0.0562925457794433,LCO,13,36
-15782.103144540026,2.1004581717176345,0.022532525825607,10376.06947562087,-0.4722425396525977,-4.327757460347414,-0.3735565940946678,0.3162025100684483,1.618460766609364e-05,4.1801463743253313e-05,3.067149530224859e-05,8.72112735440244e-05,1.2249454680118682e-05,0.0456244330083042,3.308498688068784e-06,3.856268893991228e-05,0.0066898640310885,0.095695329737509,0.4189920006143324,0.0417560755534907,LCO,13,57
-45503.19748750802,2.1641224293672066,0.0097986589296355,36107.35515961612,-0.4620666819040124,-4.337933318095999,-0.0911740919422222,0.2254829452768106,2.8837251843621656e-05,0.0001018398413741,3.255789729136755e-05,0.0001441585376548,1.6991416458387497e-05,0.0428776848969012,1.972016549420803e-05,4.051093144726653e-05,0.011037615350971,0.0845347490028255,0.4127352837605013,0.3415558752944509,LCO,13,86
-393548.0898057314,2.1964834686147845,0.0613304788443955,69177.03271748596,-1.3048175776311908,-3.4951824223688206,-0.3136792794175574,0.2471871256043248,1.553408566755178e-05,4.64383489647502e-05,2.2067414063993603e-05,7.671132269854772e-05,1.801285847836319e-05,0.0881163869816042,1.8908074238135092e-05,4.193599940430293e-05,0.0233785648060985,0.0107412930006013,0.5519101824873751,0.0536692450944661,LCO,13,17
-457237.4764122146,2.167236172906056,0.0255538290367355,124341.35720857924,-4.429086696906843,-0.3709133030931681,-0.2060654260573987,0.2103302779705912,2.0907064282820435e-05,8.863792154175587e-05,1.3638627057227978e-05,6.338172648086212e-05,1.6152980955586828e-05,0.0779162430789448,1.8618816261713823e-05,4.3996645526054624e-05,0.0222714942354957,0.0292567167752437,0.1654657385450632,0.5292121186222942,LFP,12,43
-35039.46314796365,2.364401279777777,0.0141496973113593,24423.74684165098,-4.19559315056415,-0.6044068494358612,-0.5525457185586454,0.2640909269935541,1.80168323555866e-05,0.0002155721242205,2.9562063437864166e-05,0.0001248025038784,1.4453848750315136e-05,0.0820856147898287,1.978497268913756e-05,3.906765996898442e-05,0.0067142636564136,0.0157788257240664,0.2702137161067374,0.0914617396105507,LFP,12,71
-165684.31763292802,2.338940363885863,0.0115929880933455,135331.8242692386,-0.3239798738175281,-4.476020126182483,-0.6272235740481018,0.2009555349210511,2.832672020299047e-05,0.0002141111363257,2.529179088679465e-05,0.0001262241020626,1.87774562490524e-05,0.067105351931013,1.7186551929717785e-05,4.208431197178025e-05,0.0164471747782594,0.0516650993506301,0.1964529948898877,0.0546583317113803,LCO,13,74
-26363.8913092906,2.230163723304192,0.0099019547832612,21226.02840417937,-0.3823132774810318,-4.41768672251898,-0.1175880350598637,0.209958950689878,1.301626693047143e-05,0.0001777612773532,1.146508946675412e-05,0.0001348755510845,1.5232566813261336e-05,0.0611891839625283,1.8791059325220653e-05,3.826735152273668e-05,0.0071220184140349,0.2383307281679278,0.1703310962204421,0.4037501405517663,LFP,13,80
-18694.854726576137,2.1728268471258376,0.0094420957463587,14806.08949937144,-4.278280041819457,-0.5217199581805545,-0.2668327603576524,0.2097530475327458,2.9096440507573768e-05,4.133516216936197e-05,2.140319099555661e-05,0.000137899660395,1.5158351437313754e-05,0.0439839830339743,1.5472984678491567e-05,1.5953962677569552e-05,0.0071903788320471,0.182983506396191,0.1599589985114817,0.3202247347346748,LFP,12,85
-230995.81243178397,2.1693211806154733,0.0090037109633959,184848.82686988104,-4.27693809324397,-0.5230619067560411,-0.2837197273985792,0.2007621029399319,2.7219257680739395e-05,7.30095472856387e-05,1.6415897787156993e-05,9.508527634916476e-05,1.5214095333708749e-05,0.090603057269066,1.957222223998884e-05,4.62810138683241e-05,0.0176994775760374,0.0274588752125724,0.2221457229028056,0.3966756744860427,LFP,12,85
-64353.04903432919,2.091900046714984,0.0090397973597619,45647.265931743714,-0.4564630235317253,-4.343536976468286,-0.4281417066268591,0.2878480736156924,2.766310795376125e-05,4.30683522955538e-05,1.7947441350646316e-05,4.747171113135716e-05,2.611777591467051e-05,0.0497805907685125,1.7724689017087538e-05,2.9122940085061828e-05,0.0118773962071328,0.2177833321909543,0.2608604700666381,0.0232144911155484,LFP,13,85
-19034.43284505629,2.2623534041880147,0.0106804827808335,13493.924316382776,-4.181115748850289,-0.6188842511497228,-0.2731400066833703,0.2045773462333112,1.640779531180494e-05,4.140244796210576e-05,2.1982479111063994e-05,0.0001465664718553,1.417931696320854e-05,0.0439784491824313,1.6153500787755505e-05,6.968746571135389e-06,0.00719637299664,0.183144927220063,0.0770143462638449,0.3967007198327217,LFP,12,73
-114450.89915688212,2.345856374929981,0.0093556186759281,97718.22597211887,-0.4288581668170721,-4.371141833182939,-0.4208312563939518,0.2301521345360343,1.2694664376550417e-05,0.000110718479119,1.231189511853086e-05,0.0001027258053674,2.946439634466871e-05,0.0918526670930345,1.5599493510516298e-05,2.5379385141278823e-05,0.011814394261802,0.2210102197464828,0.2739255377412309,0.0142329861183344,LFP,13,84
-7764.143105915566,2.178625936763394,0.0098015692497463,7926.69523971824,-0.440333389537038,-4.359666610462973,-0.151908151619713,0.212339068060936,1.5283030528203574e-05,0.0001766632903494,1.2355349163070989e-05,0.0001440844708456,1.2643683916942096e-05,0.0549827971703726,1.3492814914501634e-05,4.528681243835064e-05,0.0044299200780219,0.3907081610430342,0.3254724092349503,0.0619112781023024,LFP,13,85
-58768.63288617232,2.4924636379696308,0.0117540041353269,42258.51533819102,-4.387814344991085,-0.4121856550089262,-0.1449567405421089,0.2966732388465669,2.6969704497348563e-05,0.0001778978950946,1.7228998718737334e-05,0.0001152877935966,2.233263567818344e-05,0.085128278619261,1.677104841907755e-05,1.718047124703261e-05,0.0084099391499703,0.1700887278213927,0.5921203139865692,0.0228342176499291,LFP,12,93
-212024.7130123081,2.1572382050789303,0.010084917932339,289683.5783998312,-4.293061045244606,-0.5069389547554053,-0.0471728455917951,0.2130936485425858,2.8429892762314198e-05,7.506676564273238e-05,1.9987180685831392e-05,0.0001407621378228,2.3348938354159376e-05,0.0822437501297746,1.95326149599039e-05,2.453474203315835e-05,0.0238179755647748,0.43380585780475,0.0329136463985356,0.4161076502049192,LCO,12,86
-81207.76732075927,2.316364759968193,0.0118264851332935,41374.43190788998,-4.295260705542262,-0.5047392944577496,-0.1996710881960063,0.2203327040084322,2.7241467503413808e-05,7.42582196515702e-05,1.7000694951022205e-05,4.07657326512599e-05,2.3162214464714867e-05,0.049454222785618,1.7202001273424504e-05,2.404052822390501e-05,0.0119203793742388,0.0464429347032061,0.2614927791204546,0.4223931979803331,LFP,12,86
-38430.34494153946,2.2688141739692,0.0094879928087463,34389.671002699644,-0.4204454525721104,-4.379554547427901,-0.3883800197742834,0.2083270774285954,2.0291356137126797e-05,0.0001687038079629,1.7135271369187044e-05,0.0001349427302433,1.5236036973111245e-05,0.08229331977016,1.975261838455745e-05,3.907400225875226e-05,0.007292873338685,0.0155192779567985,0.12089825428635,0.4052024479825681,LFP,13,84
-199198.1953406082,2.396618645411409,0.0112195061630639,104159.66547638824,-0.3384392983487387,-4.461560701651273,-0.2500206579944138,0.2106191865554459,2.9813909127625995e-05,0.0001040857835812,1.114186799468837e-05,4.43911869365416e-05,1.481828540488109e-05,0.0822040785845034,4.770035595424486e-06,2.718854990371307e-05,0.0146906646982781,0.1891597111272923,0.4127370615137187,0.0780825693645752,LCO,13,73
-60292.72488422083,2.264493778413033,0.0188136268481546,40630.51046980395,-0.448691654734084,-4.351308345265927,-0.2768541646921035,0.2048671976237772,1.7252838713586334e-05,0.0001721817998699,9.27867899882166e-05,0.0001476891385278,1.2857206221528683e-05,0.0789621104541468,1.0721099144465476e-05,4.244218996440961e-05,0.0100229547960308,0.1996708817429989,0.3222588046818201,0.1312161488830773,LCO,13,55
-24172.16413792521,2.190485036721401,0.0148777822696617,18218.158636973203,-4.296693997179382,-0.5033060028206293,-0.3929333713818852,0.3256497263296672,2.7982138357425805e-05,0.0001032512402825,1.5583712339192823e-05,9.632158839211452e-05,2.667702351570249e-05,0.0527294008403096,1.904202504513627e-05,3.819453738060755e-05,0.0072150902421551,0.1697866184197888,0.2347777575386849,0.132502252659641,LFP,12,84
-253245.415077912,2.355619199104809,0.0156148795558149,167544.96169916957,-4.211748224051448,-0.5882517759485637,-0.4010206202942806,0.2590282432185565,1.831667346576621e-05,0.0002445696744847,3.081746109060049e-05,0.000117168765128,2.14418320586929e-05,0.046153643048147,1.958236849533673e-06,3.968656384949223e-05,0.0249116507351357,0.2288858766818473,0.2690338573722665,0.0310596456516055,LFP,12,67
-68733.74964468266,2.2135680048270703,0.0113869471554583,43520.31103205473,-4.267314247857506,-0.5326857521425055,-0.2310441508804676,0.2996790381617425,2.891720918288512e-05,6.365264475514349e-05,1.7958447425131297e-05,6.229775663458963e-05,2.598641396569712e-05,0.0496826349189325,1.7420578543229673e-05,3.1596398080944795e-05,0.0124953406255673,0.2177403443637687,0.4678138214807814,0.0134016832749822,LFP,12,81
-198015.49822867097,2.45486420368863,0.0107113644412496,129571.0989377572,-4.254567029850669,-0.5454329701493421,-0.1020443203211374,0.240119859474554,1.814766907641384e-05,0.0002449847540834,1.240686260404653e-05,0.0001151631524966,2.7976587546797288e-05,0.0512074546565208,5.50069478783127e-06,2.782683959470092e-05,0.0202506463466966,0.2298432817150738,0.560021948168127,0.0380904497956619,LFP,12,81
-14110.544691897148,2.2310921688603247,0.0097699853105468,13173.69698921964,-0.3913705033951444,-4.408629496604867,-0.5353442099278662,0.2291587748059532,2.399502495191645e-05,9.50274026158956e-05,1.2294740236061922e-05,0.0001190974053398,2.99395318307273e-05,0.0918057369689149,1.5598275597911743e-05,2.6097390448463435e-05,0.0044071378547342,0.2350140969220897,0.149016745402113,0.0106249477479311,LFP,13,81
-21415.681046569647,2.0929052298861603,0.0160311870166875,18744.993121988093,-4.299622322776386,-0.500377677223625,-0.4838472170651456,0.3411823823844884,2.766916298377474e-05,5.193758371631509e-05,1.7595454911682356e-05,0.0001362534534022,2.610006881361571e-05,0.0527751107393685,1.911188615957385e-05,4.097154695919279e-05,0.007215157042622,0.147583199905648,0.2397744179659993,0.058795165063207,LFP,12,84
-29137.876475739577,2.384825856478473,0.0088931361515484,31535.54665300609,-4.396274744943263,-0.4037252550567487,-0.7093228809151353,0.2067080002445757,2.742829321354645e-05,0.0002198407168134,2.222494898580576e-05,0.0001163485505954,1.7037098742488666e-05,0.0566510997043088,1.886177806001273e-05,3.794561312783917e-05,0.0076605761285563,0.0142869658866436,0.0238698116723889,0.1825203415258321,LCO,12,99
-124843.25680067888,2.367921061391251,0.0139303421055237,108528.54293616592,-0.4440193359071926,-4.355980664092819,-0.6269659921596533,0.3092693094336607,2.768569105705998e-05,0.0002346801493748,1.795714615061548e-05,0.0001245943108884,2.6157780507673795e-05,0.0914910125356755,1.9379769626437828e-05,4.528741560778653e-05,0.0118947187304341,0.0986024033786819,0.0438478182458748,0.1605837862157899,LFP,13,84
-88859.02368456092,2.1483934870370955,0.0101885003002874,70425.03291881703,-4.293290122644557,-0.5067098773554548,-0.3074795208092818,0.2425184363848869,2.504591990250743e-05,7.323976678124147e-05,1.686856942253165e-05,0.0001158334800415,2.5988290128116467e-05,0.0480001160550995,1.948901099768392e-05,4.728259508430616e-05,0.0150103563149719,0.0294542018652107,0.5812246346207828,0.0118416427047246,LFP,12,85
-12315.73531892545,2.167373671780541,0.0107568564301914,11580.113589495932,-0.3317008390826856,-4.468299160917326,-0.4173115318518403,0.2005479245245987,2.8340803971742448e-05,9.90363381052442e-05,2.294036563459756e-05,9.61198576193268e-05,2.9993887527114528e-05,0.0737254055571322,1.9904758840425265e-05,4.394256058218784e-05,0.0049368287826478,0.224970992006737,0.2350450579872552,0.0526724181541674,LCO,13,74
-182614.2995181814,2.13434194732256,0.0103357049990256,214159.52435251063,-4.287696961089523,-0.5123030389104883,-0.2725731548384996,0.2127462960667599,2.897291147310541e-05,7.080775197296774e-05,1.0011541820775904e-05,9.671059591462412e-05,2.080434374830737e-05,0.0906020716070771,1.951394598941036e-05,2.183982670942531e-05,0.0192377575942163,0.3716524938038247,0.0376182214748469,0.2481561298828287,LFP,12,86
-17734.118403218858,2.0677196565717293,0.0181868990928659,14815.379089292104,-4.313136117016235,-0.4868638829837763,-0.5178018780065947,0.4024115835918292,2.7663742548001737e-05,4.241416862545446e-05,2.1422571816147752e-05,0.0001362389418238,1.400365038754697e-05,0.0401644243143643,1.954021798965906e-05,4.743348577950514e-05,0.0072154444027994,0.1980173758042814,0.1243596201736049,0.089821126015519,LFP,12,84
-233697.6035502673,2.220613449461826,0.0099080181050202,254182.2248875012,-0.4337985899470951,-4.366201410052916,-0.3571836763961326,0.2441977817349051,1.206132459822596e-05,7.109359263436662e-05,1.228932714318508e-05,0.0001207889718078,2.771047520087416e-05,0.095920848807734,1.558595422947347e-05,2.312436984585184e-05,0.0189096145611527,0.2188387131384747,0.2782081755562747,0.075769434909118,LFP,13,84
-98694.1709398616,2.339461034125559,0.0108100565240018,65719.70175052878,-4.296232961460682,-0.5037670385393298,-0.0661415580404766,0.2425311917747698,2.8271696636722688e-05,0.0001757101377559,1.897169630734093e-05,0.0001161504265638,2.5056140590737147e-05,0.0479792026934563,5.398695988943386e-06,2.780307811716411e-05,0.014906974374302,0.2344989779945425,0.5908895440874843,0.0384699198774966,LFP,12,85
-15226.480405826464,2.348730451748649,0.0184899559061111,11688.714482165578,-0.4309578593172034,-4.369042140682808,-0.5620292996762339,0.2048454883313765,1.7168850426688203e-05,0.0001730378110941,9.316763647764724e-05,0.0001146690637712,2.2293831962202057e-05,0.0544376089786498,7.3595457685118065e-06,2.9215369581472265e-05,0.0061985241604756,0.183966484148214,0.0573016092023595,0.1267026069731926,LCO,13,55
-6182.405756283128,2.338793199927033,0.0090668452144001,8532.643610743715,-4.389042342992198,-0.4109576570078133,-0.3119376556118198,0.2046691755787019,1.2566245004580756e-05,7.410861027745217e-05,9.589206075006448e-05,4.0760623788579854e-05,2.22836033623294e-05,0.0546084966429826,7.351043557405019e-06,2.403504842512577e-05,0.00438721469195,0.2351220232746625,0.3576954309735078,0.0252448901400098,LFP,12,99
-27099.499646656048,2.258295663651219,0.0133743618312694,21173.63226749298,-0.3854685415745891,-4.414531458425422,-0.1670000561269371,0.2889566814503262,1.30177396745637e-05,0.0001782607203204,1.0882956459306482e-05,0.0001189550991468,1.3376090017835258e-05,0.0611877271236954,1.9432927974552357e-05,3.826845193532364e-05,0.0071220400834152,0.2074372227911689,0.0293417425739822,0.5262209785079117,LFP,13,78
-18921.125002720382,2.1368441226672745,0.0095151777225824,24355.62609095902,-0.380513663803768,-4.419486336196243,-0.2172543774328849,0.2100570685301584,1.2974483038912088e-05,4.080240627668522e-05,2.1430138686068018e-05,0.0001379315566155,1.5158301113356462e-05,0.0695935506412209,1.8807638456403775e-05,1.5887088557951007e-05,0.0071204519822031,0.2383443235421387,0.1554495022895595,0.318951796735417,LFP,13,80
-20088.51049636813,2.199995254600067,0.0107538201868467,14758.77589580352,-4.274819872248507,-0.5251801277515042,-0.178778309348161,0.2577526198036425,2.8269737376332885e-05,0.0001011765822589,2.140541418438e-05,0.000138387609109,2.5062818337619617e-05,0.0423068255706451,5.334511943867723e-06,2.826702894627201e-05,0.0075010502820742,0.2348632921321068,0.4196327855133901,0.0967256130063421,LFP,12,83
-150355.86224311095,2.0967419192600483,0.0091114316327938,145856.71442705704,-0.5486887292784957,-4.251311270721516,-0.2537055860762854,0.2231135772619166,2.8315900528331625e-05,4.876546834559256e-05,4.25436072578027e-05,0.0001263925538592,1.945222213354216e-05,0.0420900506155967,1.725343758585996e-05,4.678844230867488e-05,0.0210486081217152,0.0285843414941985,0.1971623588724184,0.4505477135570976,LCO,13,94
-22907.02662469679,2.196744020126285,0.0144288761614951,14015.432622238412,-4.322466746134936,-0.4775332538650758,-0.2927906130480123,0.3250318396088271,2.7512377614135622e-05,0.0001042992153848,1.5556773737622473e-05,9.072097302516815e-05,2.6771888917605e-05,0.0406105668574644,1.903087100551889e-05,4.753082333156389e-05,0.0072156111564363,0.1997453646298782,0.2875233646008395,0.14994065772127,LCO,12,86
-537785.2115058985,2.498402253584329,0.0343746057581646,141929.91986400168,-4.555140077891672,-0.2448599221083398,-0.2109133277678861,0.272075073463647,2.0264223570288084e-05,0.0002450594285812,3.298655566960521e-05,6.580783760233771e-05,1.3735073180320034e-05,0.0883618247590032,7.048407082331627e-06,4.8033044943652274e-05,0.0238557964765515,0.014130617508178,0.2446437179058648,0.4603123368180709,LFP,12,35
-224659.0556370524,2.2377363365793363,0.0088639463557417,226257.99148966445,-4.398764138796544,-0.4012358612034674,-0.1227807171891032,0.2164681999389018,2.8615537523542508e-05,8.30266902477996e-05,2.1452491001395135e-05,0.0001210906845381,1.2089616231035842e-05,0.0552651478801553,5.440420045991789e-06,1.896696594925236e-05,0.0238341775213325,0.0269043368012064,0.5609987964060632,0.2193161496036272,LFP,12,98
-260309.6015808435,2.098794911362792,0.0087722304466392,430675.7127882782,-0.5486677402928137,-4.251332259707198,-0.2834009568889103,0.2231411344259731,1.9298429671825514e-05,4.860071878837562e-05,1.682676275103386e-05,0.0001389863065606,1.9502052590702864e-05,0.0995875132800117,1.6126693983192667e-05,4.95697016462784e-05,0.0231268354943601,0.0102585452098714,0.2321525255711908,0.4041879723300273,LCO,13,94
-345589.9258283332,2.189610910350721,0.0819284502746743,49985.53072134118,-1.4533431888455226,-3.3466568111544888,-0.0813559203131136,0.205426982101721,1.376035728124235e-05,5.578850488704625e-05,1.270644981825077e-05,0.0001101078222149,2.756984606587446e-05,0.0855570152018633,9.309915466766848e-07,4.288825417082182e-05,0.0224105868892211,0.1235236384453907,0.519162513141789,0.2059579280997066,LFP,13,15
-601835.1420453974,2.2494019315141243,0.0221744522863862,253304.09982035687,-0.5222779845152061,-4.277722015484805,-0.2866666719057069,0.3098952764286608,1.255538248300714e-05,0.0001079159859378,1.0566241835359362e-05,6.434210789312992e-05,2.1564098614536674e-05,0.0878240042591366,7.539595489261855e-06,4.87316317514108e-05,0.0249032675480148,0.1894978104648152,0.2680418603261966,0.1857936573032812,LFP,13,54
-444971.4498735212,2.564928780045231,0.0961624060866951,59726.68016022118,-1.409344344620962,-3.390655655379049,-0.7338915239531248,0.2037074813379308,2.9227916338941053e-05,9.882961724273418e-05,1.4561344042088082e-05,4.2272276943627466e-05,2.950640701155312e-05,0.0855086342661077,1.449501927618112e-06,4.4264214085312014e-05,0.0227508836486131,0.1095610441482953,0.0115635569409623,0.0749838749576175,LFP,13,15
-510426.0817935315,2.231613687859743,0.0449858310096201,81944.27130040145,-4.539163134105507,-0.2608368658945039,-0.3855551731181282,0.2129082812754972,2.8676898386739697e-05,0.0001049175502755,1.896809601518117e-05,4.227973896324461e-05,1.5031524414028062e-05,0.0665936914087373,1.8634269961439598e-05,4.9432745061209225e-05,0.0221639071590024,0.0797361480180108,0.0105291207340647,0.4541795581297962,LCO,12,32
-542554.7518859463,2.8924423662297705,0.3328586511845991,90763.29213888248,-1.3616304683330045,-3.438369531667007,-0.319556144080198,1.186609011383127,2.715221011274265e-05,0.0002049234317764,3.505228665486972e-05,4.076859908104864e-05,1.4626707986812365e-05,0.0662923692974494,4.153602380620371e-06,4.254437089674221e-05,0.0223859379589966,0.0839832632106999,0.1470177915746726,0.3794428011344294,LFP,13,31
-439519.1898418333,2.8129069497087618,0.1782933353003829,46911.36058275346,-1.6017727397455983,-3.198227260254413,-0.1510235071357902,0.2098089565273483,1.7133144090120894e-05,0.0002139122724623,1.363314995599041e-05,7.33126610766738e-05,1.6145531984485332e-05,0.0857912762500791,1.556697456115313e-05,4.36736035714548e-05,0.0222713710578411,0.0435699312824501,0.2270389282023093,0.5083676333794503,LFP,13,13
-344625.10706826136,2.281271141305345,0.02596990537675,61883.98252593046,-4.697068025356124,-0.1029319746438872,-0.189801523231179,0.2074411067356034,2.573057714172641e-05,0.0001141688045112,1.146835934721326e-05,4.143080013385823e-05,1.527989998773017e-05,0.0655448816791168,1.8197935662627617e-05,4.031028084547313e-05,0.0222916916143353,0.2995464958553532,0.0221415868599826,0.4185103940534851,LFP,12,26
-4808.568202796617,2.0810457920406384,0.0171975681944818,2836.4143059647745,-4.287736742274582,-0.5122632577254294,-0.091858712252915,0.2652927636317701,2.736985814619965e-05,4.260315458880617e-05,4.529520968862544e-05,0.0001013342276296,1.8719100571286503e-05,0.0406391949389181,1.671806871529709e-05,4.264743010105858e-05,0.0040620258342317,0.5615380541888353,0.1837882637157158,0.0928149698425337,LCO,12,59
-5201.466164623689,2.1584783471337365,0.0355971289252584,1634.6017330314446,-4.5990813506916055,-0.2009186493084058,-0.1455715486110955,0.2086320907662563,1.3213641494924042e-05,6.371697207956307e-05,5.037663183739582e-05,0.0001105827808699,2.4442668149137364e-05,0.0402637175227246,1.6535275191489142e-06,4.156635565065618e-05,0.0041214563445428,0.2334928309296525,0.4787113050337691,0.0722243154254828,LCO,12,31
-390038.9929223456,2.2197375037794576,0.0437138928977401,60303.51447501772,-4.673200171200463,-0.1267998287995482,-0.1184106909799975,0.209138502186727,2.460160093884312e-05,9.605339434668496e-05,1.5993656058603416e-05,4.226521348986988e-05,2.377047426751095e-05,0.0645672504062839,1.3906041244297418e-05,4.4309941316783566e-05,0.0223940407096334,0.3001026503355734,0.0100314565655736,0.5014552021188554,LFP,12,27
-4787.552839323933,2.074189733192887,0.024809181100273,1970.8698487668796,-4.485921538883012,-0.3140784611169991,-0.0318086368885268,0.2002006749909065,2.9716568422218936e-05,4.7485111489648856e-05,1.316830340505995e-05,0.0001234672192608,1.2069460078845477e-05,0.0410612469681598,1.926137823084908e-05,4.682484888068736e-05,0.0040839803044091,0.5643331344341291,0.2413273867222569,0.0925308419550871,LCO,12,41
-5043.794929979563,2.291439982547699,0.0141365872903725,3292.0434262877206,-4.277945686767588,-0.5220543132324238,-0.3976084704413739,0.2052806956809854,1.2257089657181805e-05,5.018421385614076e-05,1.1529721559999263e-05,6.64301563635673e-05,2.73815702567984e-05,0.0416557323353621,3.5800426205442623e-06,1.0030627956144918e-05,0.0042231752237125,0.3059280342702596,0.1764332703912694,0.050030224897097,LCO,12,56
-499442.4838727844,2.2931433364352745,0.0272944171295365,75548.50658585,-0.8462009971146074,-3.953799002885404,-0.5023713341400944,0.2076620886410934,2.5627236485596537e-05,0.0001034630249994,1.4654354121397574e-05,4.0320528183621806e-05,1.4656504399503474e-05,0.0653633017252258,1.7728647973221277e-05,4.61080380713405e-05,0.0224285460882356,0.0229550032068323,0.03737974217666,0.3672939204764133,LFP,13,26
-4926.819746539606,2.085396156907696,0.0193700731254603,2846.080467511564,-4.378805385392873,-0.4211946146071383,-0.5223374780681117,0.2091439977600855,2.837305851739687e-05,6.507076554041895e-05,5.276513694479542e-05,0.0001078835824873,2.6339277987592634e-05,0.0404842140997021,1.999894993034782e-06,4.700218676877828e-05,0.0041904089443699,0.2294919874901137,0.0791016907464105,0.099068843695364,LFP,12,48
-330593.4364711887,2.144466733458174,0.1701745641999384,41171.73004975363,-1.6031631441140632,-3.196836855885948,-0.0775263932953439,0.2077775190162166,1.891953170998802e-05,5.135174282997963e-05,1.509257965588798e-05,7.351036054322867e-05,1.7018433605609624e-05,0.0837705924543919,1.414253899897516e-05,4.2384754333486685e-05,0.0223053223684637,0.0436152820117427,0.2545928648360271,0.5542654598568861,LFP,13,13
-335504.1278052813,2.1678905467043803,0.1442813428045813,52305.9717692764,-1.5836270008800497,-3.2163729991199617,-0.0345917220702401,0.3941958503581226,1.3675981169592415e-05,5.7752315269003536e-05,1.64664538494564e-05,0.0001191598516552,1.9021098350737357e-05,0.0855504567965496,6.062359206636423e-06,4.283277125001467e-05,0.0228132576633884,0.1685328402108143,0.5232538227674733,0.2036216149514722,LFP,13,15
-4657.593787176162,2.078101603064041,0.0168429370493269,2849.8090137936224,-4.267387820784386,-0.5326121792156258,-0.0962128458446104,0.2307612018780834,2.995286087915965e-05,4.753737133412522e-05,4.27853628995868e-05,0.0001235618790945,1.5167069388208431e-05,0.0400778047339793,4.803619016722129e-06,4.687471730593488e-05,0.0040616103491683,0.567340895152149,0.0287838589254536,0.237662400077787,LCO,12,59
-185906.33531444293,2.400837778319909,0.0143609072121079,87830.0065957411,-0.3635534505661795,-4.436446549433832,-0.1402826357976682,0.24694963598922,2.9862629416691028e-05,0.0001103492648152,1.1124932544091383e-05,5.616449034204748e-05,2.4974839967180312e-05,0.0833372663082326,7.117078962857717e-06,2.767663301527301e-05,0.0144527984049288,0.1897956259973312,0.4136902218507001,0.1862315163543004,LCO,13,66
-4577.380413723234,2.071672047092277,0.0300808613563478,1772.4007270280852,-4.545219488620255,-0.2547805113797565,-0.0108385889980517,0.2661695739396397,2.984293207223526e-05,4.258915489409727e-05,2.2898742972237105e-05,0.0001154660043766,1.2073016442570386e-05,0.0405065880958676,1.6673871474871834e-05,4.2555105446257e-05,0.0040160094080128,0.5709910420368427,0.1850064265527377,0.1631639424123677,LFP,12,40
-5185.764392576006,2.04588228051371,0.0094171060427851,5809.227947131172,-4.397574745221128,-0.4024252547788833,-0.2269228212084716,0.2335375495439828,1.5484095286386464e-05,4.391772716786698e-05,1.1237211523290532e-05,0.0001063518423289,1.7841639602967436e-05,0.040019744734232,1.0076480437338084e-05,4.780780966524161e-05,0.0043599793942401,0.4360014904338858,0.1032444953761914,0.1638311929814512,LCO,12,98
-637192.1259751312,2.573644595166857,0.0519134232298734,129808.6613844751,-0.8185316366204418,-3.9814683633795696,-0.5771006161407302,0.2098214527462153,1.6896326084223095e-05,0.0002142460648791,1.5057540138624567e-05,7.356213074338945e-05,1.6837968938132638e-05,0.0949348828091682,1.5531130023549525e-05,4.3664497013010704e-05,0.0224933307680533,0.0132293308771908,0.0357225854098169,0.303947467572262,LFP,13,27
-50594.686782942044,2.1961734919254274,0.0404877049921111,28312.014160926832,-0.6347751452253689,-4.165224854774642,-0.4460676566823999,0.2004428164140209,2.5622033934877704e-05,6.729766641614475e-05,6.059534712771261e-05,4.961704390934472e-05,1.2571287943289049e-05,0.0968358972188633,2.582645887476661e-06,4.809202472955408e-05,0.0093155303827224,0.0114382230765395,0.0249381761757572,0.4475559440653033,LFP,13,38
-519336.66553097934,2.2377554875433496,0.0331825505989775,95921.33642914268,-0.689989163186894,-4.110010836813117,-0.3502747469290505,0.2129536686100372,2.5625635848813783e-05,0.0001034480889837,1.9021923596408737e-05,4.055135866770137e-05,1.4480282322017364e-05,0.0671411167282212,1.7256709528581727e-05,4.8979139103402326e-05,0.0220401048378034,0.1031682918877388,0.0222869842893662,0.4542699768938446,LFP,13,35
-4576.400483084202,2.0767391994196616,0.0162549673503165,2951.18085026593,-4.262604085295003,-0.5373959147050087,-0.066701045624156,0.2143804332903668,1.739366771823405e-05,4.755214666939584e-05,4.29795986571014e-05,0.0001204269434009,1.631277399442659e-05,0.0403672285468903,6.188871363767832e-06,4.196462493859104e-05,0.0040613879203379,0.5987641708146099,0.026514554165406,0.2380202293958281,LCO,12,59
-456420.39041219454,2.190114446046016,0.0258572467473825,71638.06836821469,-4.6627743327166655,-0.1372256672833458,-0.2415445112542672,0.2103715197280477,2.595628139821279e-05,8.843410230932777e-05,1.3615603008820412e-05,4.218240317398132e-05,1.4350280375093354e-05,0.0781302834793034,1.7364302558264082e-05,4.583403341498242e-05,0.0219682068308587,0.0280844334048987,0.1665177363715115,0.4938533189693226,LCO,12,26
-4633.935379697282,2.069360574550692,0.0116530550537824,4583.358554303036,-4.378884187566172,-0.4211158124338396,-0.0968343103792546,0.268080613629423,1.6487683360686156e-05,4.489099321572768e-05,3.295970627649868e-05,0.0001193065252278,1.4655259192971164e-05,0.0402150713485093,1.882569844248422e-06,4.015961208460445e-05,0.0040177312074463,0.4891495330317964,0.0946310509154892,0.2493851056734598,LCO,12,93
-4798.540392738333,2.077255368833459,0.0180957926080513,3036.248109176501,-4.26600001191288,-0.5339999880871318,-0.2315403288757627,0.2306193171628278,2.7368426386814595e-05,4.0483443893224185e-05,4.636930794697626e-05,0.0001335847523218,2.041157176506409e-05,0.0406447784907632,1.240949816164598e-06,4.868114806157521e-05,0.0040614327375404,0.5699565053967137,0.0365950940459837,0.0919080716815398,LCO,12,59
-4250.587743244284,2.0822263557407323,0.0120004624661554,4019.7112557661226,-4.243930688026353,-0.5560693119736584,-0.073982165755531,0.2310867392186292,1.7333550617778743e-05,4.975749540671349e-05,4.787565182467434e-05,0.0001199251154376,2.07806568656217e-05,0.0401635163229263,5.894292501657918e-06,4.155475796233577e-05,0.0040626877898012,0.591051206154124,0.0264543061101005,0.2385123219802443,LCO,12,81
-4629.739143494458,2.120192011339684,0.0211773379005242,2470.6857409943204,-4.437458477336065,-0.3625415226639461,-0.2231299423795312,0.2237877504832982,2.521738326420806e-05,7.244591865193965e-05,2.0678785432866428e-05,0.0001292144817488,2.6652883303857417e-05,0.0406791095314958,1.817552399832903e-06,4.883528861658227e-05,0.0042343284568854,0.4379984403183882,0.014894497379964,0.2539771199221166,LCO,12,44
-4851.637155445679,2.0793511702792724,0.0138120379809443,3824.153379035576,-4.257318710543316,-0.542681289456695,-0.0393395043157416,0.278817170124694,2.7533740492164672e-05,5.31435117020873e-05,4.4159723003663424e-05,9.280038035572368e-05,2.080118565409913e-05,0.0406410685236255,1.8680873450352584e-05,4.275455035680106e-05,0.0040629856768472,0.5642299478713915,0.0236267721947908,0.3028037756180761,LCO,12,81
-4698.791778288013,2.120059334611544,0.0099783343835143,4626.837364365245,-4.296521496175274,-0.5034785038247378,-0.2320741924194803,0.202889323966026,2.9266507432282303e-05,6.921940540794753e-05,4.560183544533102e-05,9.5924623978881e-05,2.8167709337933785e-05,0.0403955654829958,2.278263500161342e-06,4.930540769836087e-05,0.0042260631528547,0.4375633938192343,0.0130344900971438,0.2473279236641415,LFP,12,87
-5063.82052969267,2.0677026484369003,0.0117727811949404,4714.80463893082,-4.383203162275848,-0.4167968377241635,-0.2345888272091942,0.2957540568468711,2.5604759183525e-05,4.962558149843785e-05,3.47981788308619e-05,0.0001287935022123,1.464406013302019e-05,0.0402813787293789,2.398843598881893e-06,4.842445615370855e-05,0.004010926539117,0.4359860543138504,0.0206784121978513,0.238746706279104,LCO,12,93
-50869.532106748986,2.318439771838203,0.0148077071496131,33999.46293557911,-0.5250122998594193,-4.274987700140592,-0.14744288028409,0.3439574141749656,2.5790639566985075e-05,0.0001997559263406,2.28391722044147e-05,0.0001440733182198,1.824551941216603e-05,0.0553852215643836,1.5337595554565796e-05,4.088189261324664e-05,0.0090561090800443,0.0372147166815031,0.4067513431992905,0.3385910598351164,LFP,13,89
-4798.540392738333,2.0750921255238954,0.0199871249880109,2745.8800936873185,-4.433886760986724,-0.3661132390132877,-0.262112069308663,0.216485723400389,2.599071991945818e-05,4.243771241542362e-05,4.458549877898497e-05,9.707041011590336e-05,2.5577475666646492e-05,0.0408001641755726,5.235366565829502e-07,3.838927769613918e-05,0.0044514756624923,0.567398418134422,0.0446775096196929,0.055812002937222,LCO,12,45
-5193.863632329489,2.113968165772044,0.0115207015673272,3859.156798212704,-4.186962202569845,-0.6130377974301666,-0.2139974656645863,0.2016883433622309,1.757530584585155e-05,6.868054274820335e-05,4.320342827294936e-05,0.0001150002828838,1.9488041975571145e-05,0.0405085997542598,4.471010520131304e-06,4.482030577960082e-05,0.004024138669847,0.3682678191488024,0.1854539142965673,0.1622808008900438,LCO,12,74
-5184.0985047030135,2.1330715784883867,0.0295306191679285,2232.979013311648,-4.540749772049352,-0.259250227950659,-0.3448315097141475,0.2662443460924049,2.899546209127209e-05,7.958248360794988e-05,4.5934338724873085e-05,0.0001234567015517,2.504774665905815e-05,0.0403473912299687,1.6706612669998663e-05,4.947292477971223e-05,0.0042857231524135,0.3767614278182436,0.0836470754102999,0.1247599870573089,LFP,12,38
-5063.82052969267,2.069602729831125,0.0188189441857376,3306.4691403482,-4.256952317049283,-0.5430476829507285,-0.2432305113685074,0.2027318675072598,2.374255773079805e-05,4.027450190866309e-05,3.021270408361683e-05,0.000142484940972,1.4986809592323575e-05,0.0405320434150087,2.449584597984858e-06,4.824779949967456e-05,0.0042272896187017,0.437566257021697,0.0136596247655788,0.2355436068442166,LCO,12,58
-450161.725360026,2.166143322905936,0.1203665955735883,68520.89475025184,-1.4683512399775367,-3.3316487600224747,-0.2767420081171313,0.2699504407876356,1.3413915485779434e-05,4.950478614922416e-05,1.6310771364957617e-05,0.0001288606874524,1.912484442373203e-05,0.0934947080992669,7.813159930975699e-06,4.8547049904320864e-05,0.0236331470305872,0.1680773088116033,0.2269897825832715,0.2581909004879938,LCO,13,15
-4798.691246103888,2.1256652583872624,0.1006517107825708,1371.2042588242673,-4.6812380938945495,-0.1187619061054618,-0.107322137012188,0.2359953402619013,2.6189579583635635e-05,4.101495190912524e-05,4.7925271462881565e-05,0.0001302885825638,2.7814998837303248e-05,0.0410240877862299,3.816772056054256e-07,4.305877973059472e-05,0.0040608542187691,0.5563516170999455,0.0259158159796701,0.2404104299081963,LCO,12,28
-4699.33908892191,2.0874804121892234,0.0126338942481726,3534.6304815356243,-4.194514714151374,-0.605485285848637,-0.2743094467744636,0.224071381130207,2.5400241073368605e-05,6.377128124255704e-05,4.24730122850636e-05,0.0001214109514085,2.707197611477196e-05,0.0406794721173712,8.16231462590628e-06,4.888591522171438e-05,0.0041072240640196,0.3325466428013774,0.0474626008778043,0.2756813095463545,LCO,12,66
