SpecificEnergy,SEIGrouth,TempIncrease,Price,UpperViolation,LowerViolation,VolFracViolation,C,la,lp,lo,ln,lz,Lh,Rp,Rn,Rcell,efp,efo,efn,mat,Ns,Np
-208265.39692818717,2.403969934894156,0.0800917808685631,4958.6325723412965,-0.23766613691118366,-1.2623338630888163,-0.29890473379980664,0.40858339128105725,1.9532172820880672e-05,0.00011377337255573192,2.076416906767536e-05,4.8011884428522225e-05,2.731044425939584e-05,0.04479163442573219,1.4797537899145087e-05,4.648446559778576e-05,0.023210693396034307,0.06219902137763186,0.13298866461177872,0.4359075802107828,LCO,4,8
-142502.10940377248,2.545795164779218,0.003991815979852245,18188.987484506528,-0.35214076584236054,-1.1478592341576395,-0.3316020814986559,0.2861951434355053,1.2830717256254569e-05,0.00016032217640499818,3.5647109610723234e-05,4.3246552607972334e-05,1.30137453708574e-05,0.04394906771517236,1.6457567536872046e-05,3.554409461544913e-05,0.014664566556586435,0.053105241894308874,0.06633442160316565,0.4789582550038697,LCO,4,68
-349042.31406374543,2.5480766387937206,0.0025540141152840946,75210.25681595824,-0.344968059552599,-1.155031940447401,-0.2297011298146584,0.2001023969686248,1.326866651156544e-05,0.00024557643948574023,3.0506487414621413e-05,5.460371952526058e-05,2.0485290555140895e-05,0.05331070389925544,1.4433549570104811e-05,4.1312470432447446e-05,0.023105910662018694,0.0234844606152531,0.14090027930723528,0.5359141302628533,LCO,4,97
-100390.84932468363,2.5507941209267204,0.05427441457055105,2118.665682715983,-0.5099696821933772,-0.9900303178066228,-0.08015270861265333,0.22654900721053506,1.359315998951955e-05,7.163019534767535e-05,2.771748157799678e-05,9.168804231584105e-05,1.2386785838584841e-05,0.06376613650396093,1.9616519965106907e-05,4.307541569033083e-05,0.013712097364023132,0.06458946868433416,0.1906040881675968,0.5946537345354158,LCO,4,7
-97050.01179464934,2.4877166448523034,0.0033868600985565113,11301.080644636168,-0.37462299642539065,-1.1253770035746093,-0.04171791121689472,0.2038504298394794,1.3175588102835856e-05,0.0001605999821256814,1.7252021677497905e-05,4.256680746819623e-05,1.298172499433004e-05,0.04337818905453161,1.6205247227912274e-05,4.9538691673412914e-05,0.012403560621944728,0.053064901856538525,0.36804937631825346,0.4671678106083134,LCO,4,68
-166840.6361642261,2.578308230569481,0.07467367902090155,2772.985270695776,-0.5546246100542085,-0.9453753899457915,-0.14645684012432048,0.4003836078017728,1.957088039289027e-05,0.00013792270330180434,1.9795475332240842e-05,4.79950901145405e-05,2.7427132925568837e-05,0.04433719314038223,1.754124717285133e-05,4.4702015471813656e-05,0.019076119971853163,0.05549689603985121,0.13234128076195392,0.5957049830738744,LCO,4,7
-73847.33937173567,2.311842777131323,0.0028192930728851385,27491.49167689881,-0.4053839898944087,-1.0946160101055913,-0.026225004813196118,0.2928325513472572,1.2386858003000126e-05,0.0001201164625397181,7.581158530744185e-05,5.2762758068526064e-05,1.4909329989989265e-05,0.09663205206467979,1.2290256942493594e-05,4.7071688376243184e-05,0.010753859983183976,0.308132432610213,0.054585223697594984,0.5410573388789959,LFP,4,99
-682442.1672643797,2.163782486963885,0.01098924152914271,37876.43020508853,-0.3510562257527621,-1.148943774247238,-0.24885763165804375,0.20236893117126034,1.766215302982692e-05,5.2668561518105855e-05,1.32026260262438e-05,6.938046211420914e-05,2.3564597244920735e-05,0.07760489086109726,4.280386776921036e-06,3.2834462692724756e-05,0.024931237681099765,0.022222371947410276,0.2359863030779518,0.42293369331659425,LCO,4,32
-241028.71147156082,2.601351690193416,1.9441544692676216,5475.899659549914,-0.2916991925286627,-1.2083008074713373,-0.43134862809953134,0.22757148025038604,2.2799028584449803e-05,0.0001183369462626898,1.521872923365854e-05,4.702833328446002e-05,2.9454154290567816e-05,0.05176453241886718,2.4079929058574494e-07,7.812433968737352e-06,0.019985168342663284,0.08424433446092963,0.2669099059702892,0.1474971314692499,LCO,4,10
-207128.89187143938,2.48890885740385,0.004038917707403773,30973.58807760964,-0.4202697761432663,-1.0797302238567337,-0.2125616068375411,0.3228719551268806,2.0030546106371004e-05,0.00016093819950094122,4.660935738108045e-05,4.048831039883127e-05,2.2398986073009065e-05,0.04505367961013955,1.6473625516877488e-05,4.481169986901941e-05,0.01931663285142965,0.05112463150383886,0.16117170079005866,0.5051420608685614,LCO,4,71
-63310.0989960954,2.4354232665763207,0.056804718122149274,1951.206397371663,-0.35999019198880333,-1.1400098080111967,-0.35215352412225354,0.20890554999259214,1.6249013514124606e-05,0.00012450404990853005,4.475137854601022e-05,7.413353342100798e-05,1.9416275556661783e-05,0.042072299998468655,6.232102203570099e-06,4.5625437236580876e-05,0.012229011057363466,0.18714348201615552,0.01508130039932275,0.3756216934622682,LCO,4,11
-176338.13722778458,2.4167926002081233,0.016142509972762162,13218.552527468179,-0.23679340166402163,-1.2632065983359784,-0.5711139948565749,0.28562562060586616,2.6563719927778558e-05,5.8639040438847114e-05,1.8360649787565463e-05,7.857845576535478e-05,1.4224465794868372e-05,0.056685265394169994,4.309258298450492e-06,6.484541337502755e-06,0.021043993866477574,0.2369611502682723,0.03978190552747949,0.0821429493476733,LFP,4,19
-32068.79496253339,2.1072708875398973,0.0036547063036560233,3909.628455316921,-0.3022811023616754,-1.1977188976383246,-0.19635752079794944,0.37496995777984343,2.7836854573039783e-05,6.1022292278041985e-05,1.3598207508465493e-05,8.99932068534941e-05,1.3452343635407897e-05,0.08132345739479954,3.9529669712272215e-06,4.663574774412055e-05,0.004502735943818792,0.01542094149824258,0.5504017101609997,0.1678198275428084,LFP,4,98
-417718.1167413562,2.3339232256165943,0.0259215557200745,27839.56687542241,-0.4030072336836721,-1.096992766316328,-0.20434888661438622,0.6673688590264407,1.336488914482516e-05,0.00010588700019990017,3.4904204135876094e-05,6.124609355696373e-05,1.8740790277981266e-05,0.05860019584909268,1.4779021535132678e-05,4.1499677789270134e-05,0.02345312211972556,0.05494670154061311,0.46260892172406287,0.20809549012093786,LCO,4,33
-158073.32068045888,2.2282217126250554,0.006490883593890281,34546.87585247788,-0.3516405505795799,-1.1483594494204201,-0.3395159269161109,0.5536694113859761,1.286847743317672e-05,5.5246660394874615e-05,3.4885460119774423e-05,4.700342624262664e-05,1.2328946048168164e-05,0.06288138066399297,9.427854872255844e-06,2.653792030154623e-05,0.015282371898529719,0.011454997815053321,0.41548901184090214,0.16354006342793367,LCO,4,87
-252468.0172108165,2.1832014710546623,0.006877922978370619,22967.345400605427,-0.33749584542444744,-1.1625041545755526,-0.6191200822197183,0.20025822423950718,1.468295646930318e-05,5.803752607737663e-05,1.5144750267411233e-05,4.9746066862173805e-05,2.499224279801776e-05,0.05157287664830514,1.5129920739528688e-05,3.644592044690287e-05,0.02111069781297455,0.038398610548282634,0.19726095522024384,0.07522035201175527,LCO,4,36
-62828.04173612428,2.3751922677745925,0.003629244438666515,8174.854225034162,-0.25949775665524655,-1.2405022433447535,-0.3095887604723352,0.29874366794573837,2.7820511355975224e-05,0.00010133456485393797,1.093185351744542e-05,4.923273740190442e-05,2.0223572102087325e-05,0.043209224471295014,1.823637247662398e-05,4.6405852994853225e-05,0.010053920884556535,0.06619800982228018,0.14363751461389185,0.4105757150914928,LCO,4,75
-247245.62761663162,2.206457421733534,0.0026835849577517283,44865.39742147771,-0.3224895928436755,-1.1775104071563245,-0.36245240915279164,0.20932856857442836,1.77639588723822e-05,6.242520318219732e-05,1.0571036337023952e-05,4.7862681045361657e-05,2.5062611166709558e-05,0.05491099508757938,1.5057495276353046e-05,4.503671077959243e-05,0.019966397910956092,0.10240256709977633,0.39551664711089507,0.06962837663653694,LCO,4,82
-66128.01503543709,2.0796111358719154,0.0049045458874821726,13805.372937813792,-0.3540049975634645,-1.1459950024365355,-0.7110749637216642,0.2312269122066232,2.9180158050748526e-05,4.7856240947657324e-05,1.6525217290784583e-05,9.07132066160219e-05,2.8280029275098323e-05,0.043779992995783334,1.4462503751190177e-05,4.726969136440165e-05,0.013377815949395223,0.05751065059112566,0.14002309248345998,0.021391293203750134,LFP,4,64
-207357.28468452313,2.1892222810842354,0.00312880568657075,45888.93905421722,-0.3627582427513598,-1.1372417572486402,-0.3262603969061113,0.32663971775655987,1.776508860860923e-05,6.251986826039846e-05,4.653999728851825e-05,4.785780655133625e-05,2.528574538290285e-05,0.06159108155895022,3.0430833972369837e-06,4.5315887220546145e-05,0.017855315607498326,0.01214196191913729,0.3239614566256588,0.26763618454909266,LCO,4,91
-423324.73185537365,2.400291612729928,0.0032598438054136673,90990.11196290802,-0.3431894944283407,-1.1568105055716593,-0.6571034522710206,0.3058665889051766,1.305555921057427e-05,0.00012645697673299643,3.3830931865052875e-05,5.4413352985081596e-05,1.8823408210575815e-05,0.05824231181076492,1.4781873360770578e-05,4.149318521839226e-05,0.023535947385869508,0.022442151143785696,0.028734606971519402,0.2217197896136743,LFP,4,91
-100122.18654257765,2.3420043428962356,0.18829806857635387,1767.4606674862637,-0.3086501789428837,-1.1913498210571163,-0.27614057921947954,0.2277017283913252,1.5312036278899632e-05,9.335096764579573e-05,3.0452593854025456e-05,4.6975031098268874e-05,1.2290756769762713e-05,0.06384348181364098,8.436537392890589e-06,3.198229368195089e-05,0.013120976047154807,0.08481214880894421,0.010578828969408052,0.5584684430021682,LCO,4,6
-41002.76862218617,2.3554634373457297,0.0227702661663245,1687.4104134616914,-0.32014399512708636,-1.1798560048729136,-0.3019441259943121,0.6654418987743445,1.2368984889631617e-05,0.00015054122862773764,3.501332935349824e-05,8.767767737599875e-05,1.302514394387199e-05,0.09124410643708242,3.0312346770189136e-06,4.004951924632063e-05,0.004331130322499771,0.04488202468218643,0.3728410771848052,0.21033277213869636,LFP,4,35
-109635.11941745032,2.157815477979424,0.0055330117544648985,20463.601867523783,-0.23655242194165815,-1.2634475780583418,-0.6753162170409811,0.28915301240200153,1.2354889190841604e-05,4.839617679520966e-05,1.329393477242042e-05,4.6890756830634553e-05,2.4734883375866296e-05,0.05942444188888803,1.886984020264531e-05,4.722416484140924e-05,0.0146639393933331,0.057397587302123326,0.1463554359633345,0.05093075969356109,LCO,4,57
-80554.18268975079,3.6420006961241125,5.085189347620024,430.39341001768577,-0.8140230071754111,-0.6859769928245889,-0.5141117639145766,0.3367767541652953,1.2884251711918314e-05,0.00011584456494347687,2.0090855737189814e-05,4.8857877315724344e-05,2.734243331968484e-05,0.043470166520843616,3.554979059355421e-06,4.6471320452964446e-05,0.01867645847206359,0.08148188616068289,0.13136764088023906,0.20303870904450155,LFP,4,1
-104368.15986899388,2.1618709201495925,0.004072419076135895,13814.93518659402,-0.28690388821643253,-1.2130961117835675,-0.5218918079654665,0.2395785309648797,1.2090857955762866e-05,4.626188495824125e-05,1.1738855324000518e-05,4.688973120348402e-05,2.3581584089764216e-05,0.042145323390570824,1.692286659533129e-05,4.46899599607341e-05,0.014535932606047328,0.05462961658443237,0.13228224149126241,0.22119633395883878,LCO,4,58
-10405.032214327051,2.188623125081241,0.007883582385683253,883.3904544914874,-0.2869590260480628,-1.2130409739519372,-0.596874134167505,0.24163472977114386,2.79692927278506e-05,5.301952989621747e-05,1.5284330063425814e-05,4.995878921768824e-05,2.7165736450544202e-05,0.040625644298237826,1.3678805674452114e-05,3.169193857844231e-05,0.004878733790177673,0.06692512445129588,0.1975794641389252,0.06862127724227399,LCO,4,36
-3631.957522006413,2.0256467129739377,0.003032838032447608,1706.4738772549383,-0.3269516495570741,-1.1730483504429259,-0.03420075998417649,0.27884780510019175,2.7290400896598756e-05,4.003770757143635e-05,4.383387618941486e-05,0.00012469785597892855,2.655538145355696e-05,0.04161308182633727,1.0816071922253834e-06,3.8542282479167415e-05,0.0044225739887845845,0.5450179392174702,0.26635300725345396,0.08442829354489934,LFP,4,92
-93579.15850474023,2.230406939636845,1.1528626987842927,1743.603943491272,-0.2898880453146866,-1.2101119546853134,-0.041461655667959785,0.22654891104241112,1.4303808630292587e-05,4.622676988066886e-05,1.5574496619630765e-05,5.293043101346456e-05,2.8778175073979983e-05,0.07385606611774022,1.964367634704265e-05,4.47240496345699e-05,0.013324691758204282,0.07153249745553991,0.21844648653410187,0.5985593603423984,LCO,4,6
-44283.3463178664,2.2466180274580907,0.0032880779723055953,8978.246504791125,-0.2322916372972852,-1.2677083627027148,-0.5725109043550578,0.3147664272895098,1.3172783287930174e-05,6.531085086346178e-05,3.410770852371622e-05,5.462881285707946e-05,1.882734080135864e-05,0.042927318388738984,1.475797233346477e-05,4.9929028128671006e-05,0.009096696602385868,0.021925863010074025,0.2811948123751201,0.05436842025974806,LFP,4,87
-438369.06507709407,2.2369772985333167,0.0033528557245434383,68269.085290746,-0.3073900652806856,-1.1926099347193144,-0.015084675748142318,0.3318936622538348,1.3423443685504735e-05,5.7974774144995494e-05,1.264196888642956e-05,4.400916694799308e-05,1.6306597866160827e-05,0.05645187086574867,3.3346008798978906e-06,2.6273296849629297e-05,0.024505521745125124,0.06558512494865623,0.33068997106744424,0.5186402282357573,LCO,4,88
-99515.14284435686,2.1740328629568655,0.00432636021667239,12432.536028316426,-0.33752242298707813,-1.1624775770129219,-0.3195694437860832,0.21623159464660566,1.2374101713337489e-05,4.4693422627060315e-05,1.172087719137382e-05,4.1236703855861124e-05,1.3679613391270379e-05,0.04751278082221237,1.6934500670378e-05,4.4615757095151266e-05,0.013265768824647296,0.0679928077086302,0.32336641687530504,0.2190713316299816,LCO,4,58
-24554.737240342227,2.070857846447593,0.007739526584278264,5315.957093820156,-0.2872009917320746,-1.2127990082679254,-0.5797626497367938,0.6794734030607494,1.317147817500964e-05,4.174118960459642e-05,3.058761471855141e-05,0.00010757959509877249,1.326814994509949e-05,0.09727077430149132,2.749836861553617e-06,4.2193721261906903e-05,0.004257604306073111,0.044970056565333025,0.23986741828129027,0.06539987541658299,LFP,4,100
-27179.06521333698,2.4758825713193406,0.0112112215460127,1906.4767474942885,-0.3417608214924943,-1.1582391785075057,-0.5487793640838324,0.37450277532040227,1.2367360171749966e-05,0.00019943572829351935,3.718944716840722e-05,7.297519295705388e-05,2.4968121139326552e-05,0.09243897501633086,5.6892969380317015e-06,4.728981583812244e-05,0.004327505890118245,0.04433032557682244,0.12399294583366885,0.2128973645056763,LCO,4,36
-216701.62150357867,2.2549580664522293,1.140386887570718,5377.296033580962,-0.39779901643704285,-1.1022009835629571,-0.42669573193639665,0.20121552554152647,1.3407595747475556e-05,5.522754691298781e-05,4.655790336781302e-05,5.3835735737565654e-05,1.2783146268267327e-05,0.06299914748165455,6.47365986954644e-07,2.5772740726145483e-05,0.0245839519144052,0.033048114004843976,0.3269097483394918,0.14334640571926757,LCO,4,5
-21797.397247431716,2.2705967452530302,1.1556952763351176,181.9023014972483,-0.5183159919923561,-0.9816840080076439,-0.17421071847201952,0.4159274230235424,1.3520057204141292e-05,4.1218738887892397e-05,3.096595553959818e-05,9.164571109816029e-05,1.3261231481942178e-05,0.07722932940737245,2.0226404337050994e-06,4.2217302207336994e-05,0.004272614311592801,0.06489892579412511,0.26313648159471487,0.4277538741391406,LCO,4,5
-10316.438878709818,2.099192273407125,0.0029228643868795317,3070.6162161289817,-0.3216490396877454,-1.1783509603122546,-0.6688517694364512,0.28242007392253715,1.6598104826683262e-05,6.0898720586718684e-05,3.603988310677142e-05,9.007989950637518e-05,1.2996408758047208e-05,0.05803344708984186,1.4800567820516403e-05,4.8903015130777025e-05,0.004415508437542012,0.012077376455143148,0.026531051958643692,0.22253980214976204,LFP,4,88
-261715.479489872,2.331537203151343,0.012601456035395957,13985.01140766791,-0.3788393864856623,-1.1211606135143377,-0.14977486978306775,0.3230295188619489,1.2989535784958037e-05,0.00019588635377559117,3.2180988348210775e-05,9.243190298563486e-05,1.6289659322212e-05,0.04379553915946398,1.896093551486667e-05,4.561624170937356e-05,0.021892164757108624,0.0452791148979452,0.16610897480742656,0.5688370405115606,LCO,4,25
-96593.66045812838,2.1539552404905624,0.005864154435200612,9601.55252115198,-0.29501063224773283,-1.2049893677522672,-0.2527975374778336,0.32390474736239017,1.626729423617026e-05,4.7636181274017236e-05,2.453056383290052e-05,4.412792546789399e-05,1.9316869335843478e-05,0.04553213770276113,1.9275379881025343e-05,4.4906412019025126e-05,0.012216951970535645,0.23560720767716897,0.06285553783069421,0.3787397170143033,LCO,4,57
-261215.0195995152,2.110803873150726,0.018079406557491306,17907.621061898106,-0.3018528163446881,-1.198147183655312,-0.005809841691184703,0.4627056630212325,1.387179276851716e-05,4.8149874414932256e-05,1.7104209534343595e-05,6.803333965974683e-05,1.2617509578766188e-05,0.05086743102546633,6.846778248610136e-06,4.438457023361316e-05,0.02400901756690059,0.07467150920177573,0.4316174364219746,0.4179012126850651,LCO,4,26
-759734.4939449301,2.2196788268110055,0.005706039017174341,70108.49989781744,-0.339422997171539,-1.160577002828461,-0.7035350409573935,0.22006069982716225,2.6354009486273094e-05,7.202414606430827e-05,1.2348449196988856e-05,6.423649899186455e-05,1.2953697914742836e-05,0.09679092805630236,1.8288321140580598e-05,4.7373925540824254e-05,0.024417734428605092,0.011646573825700586,0.11852352875623301,0.09629485646067301,LCO,4,42
-261134.0372870084,2.074959211767391,0.0029558606594123358,119092.32710308593,-0.2927669907311845,-1.2072330092688155,-0.2426878278264878,0.2681024260716563,2.879310742445659e-05,4.941888281744944e-05,1.882330981852969e-05,5.283992178214309e-05,1.2993773455043752e-05,0.09156152846069851,2.483944493618066e-06,4.495541831606057e-05,0.023851940737196983,0.49418442643579863,0.06233971072638068,0.13078803501133296,LCO,4,95
-400137.95084984734,2.1574912704446865,0.12799555800870796,11234.459729868488,-0.3878883877601087,-1.1121116122398913,-0.5099725565877162,0.4164990588865675,2.328106634701979e-05,4.760905157532184e-05,1.6990655263545896e-05,8.892406562054211e-05,1.3882082112044974e-05,0.09400497043551631,7.154199620664236e-06,3.628234541248765e-05,0.020810814483812563,0.017688085113930344,0.1565346828606503,0.2458046754377032,LCO,4,10
-369567.4831721211,2.234653445935814,0.0029566480737379104,104456.48220212982,-0.28263409454720545,-1.2173659054527946,-0.4203291669569367,0.3439877028651114,2.8792604375021195e-05,7.561276868496522e-05,1.4530735715649405e-05,5.192395996684994e-05,2.949360877718332e-05,0.07785208282552138,2.4835909021082394e-06,4.540839107591539e-05,0.023864950713697774,0.366171068500056,0.01212604889142968,0.13137371565157774,LFP,4,96
-338103.5524027454,2.23527598746945,0.005150276109952512,44483.09804948428,-0.2903361412560308,-1.2096638587439692,-0.01843959545024665,0.41476992315790834,1.3933178221417428e-05,7.603139079844371e-05,1.3637811180158e-05,4.5945855816900814e-05,1.6571551953103422e-05,0.05816591456270821,6.897502696357429e-06,4.450382602139261e-05,0.020379634768598633,0.07255336669150458,0.4236684865753331,0.41533855128291564,LCO,4,79
-467685.5245076058,2.2081254167183215,0.005768228398187066,49856.14806381393,-0.34534730804437075,-1.1546526919556293,-0.35407367481903795,0.31867821627640075,2.435790890314247e-05,4.6038050514668154e-05,1.61628112273757e-05,4.3715966638679376e-05,1.4336700724046887e-05,0.0869194537373224,1.979316685511459e-06,3.59833836598974e-05,0.020915478303142245,0.028976142688934284,0.2331968281015731,0.31375335439045476,LCO,4,54
-11920.693209284827,2.3967193815112453,0.002208256389391054,2738.8451456787543,-0.1915506150835622,-1.3084493849164378,-0.4174274162560455,0.20151896118850418,1.3331033917018105e-05,8.63733236222237e-05,5.4584822322939436e-05,0.0001390198670477469,2.3189408120993033e-05,0.041477677670500736,1.0121054678115517e-05,8.041098651369239e-07,0.006502329776831267,0.02753373980347444,0.26205732990625485,0.2229815140342252,LFP,4,54
-223928.23739523502,2.1864458423854667,0.00421121110134547,45151.93282436621,-0.27288364689404077,-1.2271163531059592,-0.5054124041488939,0.3139717739656611,2.900990375162879e-05,5.122816986428545e-05,5.110068295606588e-05,4.669701146859871e-05,1.2052404993555467e-05,0.0526053536099253,1.7036699496311904e-05,4.349836567608242e-05,0.021053571562002094,0.027238810930502132,0.2817221459995053,0.11562663892109873,LCO,4,72
-369582.1746461805,2.081018833422792,0.0038221345490028814,102484.21642419811,-0.2292857001517632,-1.2707142998482368,-0.6104049037947382,0.32825552189501706,2.4327253270839454e-05,4.3900700538189825e-05,1.61020103335739e-05,9.093309863197174e-05,1.6952764379619086e-05,0.09934968359929078,2.851355402406121e-06,4.526530760878439e-05,0.020905056441209147,0.08417331688109364,0.1341258768158302,0.10129590250833799,LCO,4,84
-182990.26471330327,2.4882346812582785,0.05966537489284438,3756.383099588224,-0.54651305362942,-0.95348694637058,-0.5916791071731503,0.2036180153400714,2.3247987986968654e-05,0.00012846450864769328,2.69140423881827e-05,4.6167380702248237e-05,1.3495439738164729e-05,0.042894828637384565,4.979408959486294e-06,3.287548981075141e-05,0.019295929693254565,0.1149120430523109,0.11160335461323542,0.11180549516130343,LFP,4,8
-134865.12283820222,2.177355333607154,0.03694364035752734,3391.672395247923,-0.3035201892360764,-1.1964798107639236,-0.48367172983888507,0.20663004092691306,2.6846346824493153e-05,5.7131521683555295e-05,1.6237862442419483e-05,7.216369015222978e-05,1.3227460713009247e-05,0.049847080395015494,1.7965531127571775e-05,3.153100914730426e-05,0.019090064957994902,0.039929354282045776,0.2945574273944061,0.11184148848466313,LCO,4,7
-131804.29853861564,2.2157475374201403,0.013668260581687136,6992.167579109828,-0.3634650335783185,-1.1365349664216815,-0.4490425842357377,0.29377677993488316,2.109480569066168e-05,7.752466270047418e-05,1.639349317530649e-05,7.361760223880929e-05,2.3087064209783203e-05,0.05649612776077565,1.6440942609717543e-05,4.683004907562587e-05,0.013879472209385822,0.020600321020040765,0.4349028229532412,0.025454271790980403,LCO,4,24
-87354.97355294999,2.1729500136065085,0.003368780907373513,16250.732269277181,-0.28597295369152675,-1.2140270463084732,-0.42364634308659477,0.278399346615913,2.4881110598954333e-05,5.80855524807373e-05,1.4745398659789817e-05,6.0995607480289204e-05,1.2448288986827349e-05,0.056442148713639353,1.8644764152881136e-05,4.7973307220551004e-05,0.01131999217018434,0.018496563467028264,0.048778690164646324,0.43907840328173064,LCO,4,86
-299504.1722348762,2.2428656286862796,0.0029848029411674985,53028.080112616364,-0.25773426543452693,-1.242265734565473,-0.5714708177619411,0.21422380404249658,2.7029978859552847e-05,7.417302015855719e-05,1.2227476748509712e-05,7.24307062533532e-05,1.2957131514625584e-05,0.041952998341688044,1.4320811294031435e-06,3.044383872514393e-05,0.024502078022268396,0.1212889839814528,0.12223431033214847,0.11500588792445768,LCO,4,75
-517687.26351935323,2.1633548839711176,0.007251752365591161,49576.51180246044,-0.3317839573015533,-1.1682160426984467,-0.6399614752715511,0.3125737627044313,2.516441264567138e-05,4.5552289883474565e-05,1.7101137110575126e-05,6.793270628048754e-05,1.2788158605067172e-05,0.08044224444992093,1.817432689532381e-05,4.881514711793231e-05,0.022909233812010068,0.06789839278300454,0.12581304039389296,0.09632709155155146,LCO,4,42
-280097.23711223115,2.2729030270751887,0.0074537468942786995,36471.099605393654,-0.3589993666043654,-1.1410006333956346,-0.7222658214104307,0.21360416629111068,2.702210057046424e-05,7.421167765117947e-05,6.817994016395526e-05,4.378531366720943e-05,1.5185642006329634e-05,0.04646289402775576,1.4357632482143205e-06,4.9828704873565425e-05,0.02436570649479014,0.12231221497024398,0.06125969839225914,0.02416226522706625,LCO,4,44
-529580.0676955578,2.1604272861080043,0.010364603418763172,37987.77944706917,-0.40549236772345765,-1.0945076322765424,-0.5473026048375582,0.21727658901834512,2.1827054743092478e-05,4.182516984425876e-05,1.6992164673743245e-05,4.472987611260084e-05,1.2861158718651684e-05,0.093621451261293,1.3219684489884122e-05,3.100985696870397e-05,0.021235341101618725,0.03461082397025329,0.04167348684706011,0.3064130843451284,LCO,4,34
-292235.6814717365,2.1267023309472126,0.009648393635377664,30388.14137260167,-0.39961252714534723,-1.1003874728546528,-0.7063445560059849,0.2601401847323319,2.2782509827074275e-05,4.894563570972711e-05,1.6894370483261377e-05,0.00010805161257572285,2.9020622114020736e-05,0.09884114389952604,2.1818573961852116e-07,3.055081662037146e-05,0.019545687419235833,0.08697770700296838,0.11252802630019157,0.024149710690855204,LFP,4,28
-686871.35479385,2.2297952897206197,0.004061857247761057,68259.42265902756,-0.35767786178172933,-1.1423221382182707,-0.48583978910649744,0.21254292908475364,2.8036195773460764e-05,6.228594124853555e-05,1.2475400845882518e-05,4.145774624930555e-05,1.4164448189854179e-05,0.08385514766891096,5.916576223851771e-06,4.2231341408909284e-05,0.024410553553377103,0.027875277237152316,0.304337320579223,0.11194761307712724,LFP,4,54
-296414.4820128643,2.3453501660526146,1.174028083638985,5271.799648003492,-0.31225850104818775,-1.1877414989518122,-0.536062170478182,0.21342319846643487,2.561620462960216e-05,4.4119519215221594e-05,1.1550806865504423e-05,7.320849535883111e-05,2.905159370045035e-05,0.0969554684937935,1.540214859499026e-05,4.738208158499561e-05,0.020616270152012072,0.16882208470689297,0.11196810398971589,0.11314764082520912,LCO,4,5
-649242.9656201748,2.206014299309665,0.009554569497216909,50144.61927699395,-0.3627531330401954,-1.1372468669598046,-0.6456004327310334,0.2505592852458388,2.6964301938329893e-05,6.3223715789997e-05,1.6573506367179895e-05,4.3722625854990275e-05,2.1238074613102835e-05,0.0905703834604894,1.546226856054358e-05,4.031039046950359e-05,0.024324194845231333,0.0901111582885328,0.10519759455386721,0.08909081442656662,LCO,4,35
-407749.7570649298,2.2722562393192836,0.0031487112781035634,70051.7928009803,-0.3249635397580022,-1.1750364602419978,-0.6734574832649292,0.21254151606472838,2.849184314650209e-05,7.972175032205222e-05,1.2212484748838474e-05,4.1000654152233975e-05,1.4169876805380996e-05,0.056783656965003704,5.975177011213561e-06,4.229160381058601e-05,0.02436754029322251,0.026604853783180712,0.11932125817871343,0.1106164047731768,LCO,4,75
-403521.22570593265,2.3229898347481375,0.004962450568825156,48368.00655430219,-0.3249635397580022,-1.1750364602419978,-0.6786789175063217,0.22048506531974227,2.9594238496083784e-05,7.208091484477809e-05,1.228066334913837e-05,4.087083145469384e-05,1.3883339706690784e-05,0.08378781232810965,7.903381964436052e-06,3.4754834446687644e-05,0.019807627811842705,0.013828792021169215,0.1160024359540172,0.12148985451849185,LFP,4,54
-361707.1770887103,2.593733178708521,0.04218193289769073,6877.4908482847095,-0.5686181107662485,-0.9313818892337515,-0.6736677582508994,0.22314258780795038,2.1167632155558466e-05,0.00016833951580239774,1.6970330223547168e-05,4.469827227364662e-05,1.3517217690299324e-05,0.08242275912749822,4.907509468810729e-06,3.09521657886721e-05,0.018375641577808244,0.03338796399376114,0.11195567186091954,0.11098860589441994,LFP,4,8
-93508.6918451745,2.1454348205225915,0.008058874278101518,7269.19505675828,-0.36427648677292623,-1.1357235132270738,-0.58692492362306,0.31910676841240343,2.4884332428072656e-05,4.0590308777643925e-05,1.683098887624854e-05,4.3843008749116916e-05,1.2409344123159848e-05,0.05550020423071925,1.3825624894093431e-05,3.585918397210867e-05,0.01117321079933825,0.02908842553105062,0.05743696071120276,0.25654969013468665,LCO,4,40
-255606.247972205,2.145125165340886,0.025806119282785357,5719.089250836159,-0.4219036628081394,-1.0780963371918606,-0.582992987588791,0.2218226650897552,2.911012332777928e-05,5.371788422329784e-05,1.1898592560104397e-05,4.004389673509534e-05,1.2944320852338227e-05,0.05552328204687319,1.3972139867579013e-05,3.682545241354452e-05,0.021133380516636886,0.13687077958671084,0.12177145153602909,0.08836478128846907,LFP,4,9
-166283.01618143352,2.187924850301629,0.002191824564461935,50266.67712459913,-0.19663718782639172,-1.3033628121736083,-0.5259728928887553,0.2008995750275674,2.7806686812418777e-05,8.605251866261813e-05,1.898411459807861e-05,8.498240726439844e-05,2.3717988910975498e-05,0.06274335103314897,1.4886879530426655e-06,3.036684060335517e-05,0.01747487863323306,0.12153492602586671,0.12629043775492824,0.15620174333044984,LFP,4,96
-229411.2942672881,2.1994994582543765,0.0033195476228549134,33112.55962476719,-0.38235541866460565,-1.1176445813353943,-0.33328217320278275,0.3195363935325207,2.4535568625217097e-05,4.58246323071185e-05,1.2127226309802328e-05,4.707966017922327e-05,1.4126160870701266e-05,0.04169343849416905,4.978825392750082e-06,3.3959187664817617e-05,0.019941604155105867,0.03906889964195814,0.2430182487476697,0.3146306784075894,LCO,4,83
-82541.74131702243,3.681823644811729,7.39852427240995,233.60391745547236,-0.9832943280714286,-0.5167056719285714,-0.30808711102979525,0.25709838933658846,1.9402110996057636e-05,7.417850467445714e-05,1.207798398018282e-05,7.208654321087072e-05,1.2518930766851785e-05,0.04657806890690367,1.643023159242628e-05,4.272744175877345e-05,0.013839418163162556,0.020230908772813146,0.4357473410825208,0.16593463911487083,LCO,4,1
-320483.6399959144,2.6672889203804453,0.015386028142744217,15710.833502991265,-0.314755158933826,-1.185244841066174,-0.5465996895337677,0.2101159779822701,2.7170137962275724e-05,0.0002107119564216697,1.2214894431020187e-05,4.845740135174569e-05,1.295669324243256e-05,0.04086875792685062,1.402241538419939e-06,3.1590861648723394e-05,0.0226120343531864,0.15649587148074925,0.11184640088398734,0.1150580381014957,LCO,4,25
-349868.54646713834,2.2444064204923158,0.042956716312300657,9859.04074652541,-0.02144337040865807,-1.478556629591342,-0.6465742323545534,0.20225100057356407,2.1095554229674758e-05,8.361454752264879e-05,1.2194382366463835e-05,7.007695376113631e-05,1.803099672304238e-05,0.09941560632198018,8.350210421550706e-06,3.055205380112321e-05,0.01947182711791431,0.13200451773430993,0.12152223118607068,0.02989901872506606,LFP,4,9
-753202.5328262199,2.0865416944654984,0.03610715376964422,17980.99349370588,-0.36292536209585613,-1.1370746379041439,-0.28896871371080746,0.42572791589006254,1.2955658987943556e-05,4.354885321400172e-05,1.1064981125151206e-05,6.388995489406028e-05,1.2924624145687665e-05,0.09296007060198194,2.707375963356454e-07,4.425643844741388e-05,0.023876797910228714,0.013092542554671443,0.05479044970481947,0.5731482940297017,LCO,4,13
-288938.27747272316,2.2406271088416863,0.003924502230342694,44537.82494042704,-0.3464920072998261,-1.153507992700174,-0.31150046948658616,0.3194547762139778,1.3590997307804715e-05,4.8258981035111516e-05,1.212663661248581e-05,4.7597983588871814e-05,1.6699910745185966e-05,0.05821827673825688,7.78856543303445e-06,4.8682301678410225e-05,0.019769148044297656,0.03894414757863382,0.16396623407393268,0.41558914886084736,LCO,4,77
-95108.53196620867,2.1854774941366477,0.005076357091401147,10837.724641169028,-0.2752803727382691,-1.224719627261731,-0.4202652866845821,0.21707479051689693,2.1854570555899003e-05,5.505371928162853e-05,1.6109306651980126e-05,7.490361517628338e-05,1.5313605036076145e-05,0.0936274548762874,1.3101484641183273e-05,2.3986255277054453e-05,0.01069841223813358,0.04104750490315869,0.1621580271923844,0.30652918121987494,LCO,4,38
-50225.980620233466,2.5898778260957207,0.0027819303065977174,8972.123066128093,-0.29776370926590445,-1.2022362907340955,-0.2403732376086184,0.270828191412935,2.925393174236459e-05,0.0002369179505166779,1.2293220510551642e-05,5.0720312559750585e-05,1.7987407174131213e-05,0.047109002631101536,1.9090042092169548e-05,3.4074254335115474e-05,0.009547019881116713,0.04037022170341223,0.1989320168253706,0.45032452386259886,LFP,4,80
-216820.49125452767,2.113583493426299,0.003918345341804007,77083.23980805048,-0.2742022202329899,-1.22579777976701,-0.6791533237174786,0.3557504499931351,2.8063259779551754e-05,5.11815342898732e-05,5.124876774899999e-05,8.66401829921742e-05,2.3674317100652713e-05,0.05185684236981905,4.076484763054767e-06,4.351116159654194e-05,0.024230865137866896,0.027092291270781596,0.11186794165964901,0.1118864433520908,LFP,4,88
-298580.0125341909,2.1902404195587297,0.018436917251645583,12546.512018244865,-0.3744453596192674,-1.1255546403807326,-0.36747426176474074,0.3141326019092805,2.101099873426769e-05,7.754518969136799e-05,1.6591620246623455e-05,7.36945418569329e-05,2.3918174717471777e-05,0.0560069742844683,1.6444208310728107e-05,4.683128162837601e-05,0.02130395977291801,0.03227645930812026,0.44072650741078334,0.08952277151635563,LCO,4,19
-399078.4972356607,2.19428550069544,0.003406786790255054,72827.85565485392,-0.29816903343000334,-1.2018309665699967,-0.27305781651800853,0.25425187433264257,1.791204585989988e-05,6.17314771548201e-05,2.1796320934507464e-05,9.204776309497966e-05,1.616374357384356e-05,0.08394245476540978,3.047978327493006e-06,2.0519364865644487e-05,0.021900382644272777,0.0678331866356422,0.3249003299646693,0.2642086668816801,LCO,4,69
-125952.06524131447,2.1004046685466573,0.0045685776190506405,28636.263932420003,-0.198504082205881,-1.301495917794119,-0.35705595804306467,0.21371043249528354,2.702555007325203e-05,4.904753308335347e-05,6.916748588805646e-05,8.527055799195292e-05,1.237998571132034e-05,0.046452659625498625,1.356964910412073e-06,4.203381051829156e-05,0.019378439222580226,0.019228991879030388,0.4020530753064879,0.1516619747714171,LCO,4,61
-308398.72393331944,2.133542147213667,0.0036469221430115643,85969.47797454424,-0.2818243924349275,-1.2181756075650725,-0.6708623202994878,0.3566830718000299,2.870976893796783e-05,8.394494545818136e-05,1.834103784924013e-05,0.00010639382649034167,1.345195479989507e-05,0.09673933618375821,4.92446100474906e-06,4.3731087012182045e-05,0.018314882458464223,0.03615744666456168,0.11199422606317845,0.11098600697277212,LFP,4,89
-762667.2834443004,2.09053974613357,0.050937125920436796,24755.31684553764,-0.3167244488027787,-1.1832755511972213,-0.44209391494288286,0.5757008918277766,2.873753590895686e-05,6.1034100683412025e-05,1.2352491435913268e-05,6.437183179809715e-05,1.3583003097827549e-05,0.09960513867378076,5.895512341740532e-06,4.423370104621725e-05,0.023843444395941528,0.023471890198611726,0.27445072227694534,0.18998347258156015,LFP,4,17
-119006.51889665247,2.2108912529463236,0.007107018491962948,24856.867685542453,-0.3283655963444172,-1.1716344036555828,-0.2936759053665915,0.3078166968897944,2.658699925978991e-05,0.00019892967154014576,1.4449665812601284e-05,0.00014335197753584063,1.2250527998743781e-05,0.05602308407355459,1.4709369379754046e-05,4.413369480393153e-05,0.01954106412317472,0.339834777805715,0.11239711649906045,0.18409220032863302,LFP,4,42
-181848.03869378398,2.1698703512864856,0.20895143711675374,4458.312229188233,-0.44019760747611336,-1.0598023925238866,-0.5639237263764774,0.217275169665118,2.874401511523994e-05,7.545490504647322e-05,1.223071850763339e-05,0.00014379137981494473,1.4177350522380432e-05,0.04332307557888476,1.507839380833548e-05,4.423583163606736e-05,0.024289249871546403,0.1465470876243242,0.035449344364708896,0.18407984163448965,LFP,4,6
-126812.7647271511,2.064801714019695,0.0073416583709512975,20563.868685100868,-0.3263546809187403,-1.1736453190812597,-0.007899635186751186,0.2657475929328118,2.8311116976808052e-05,6.199505164723393e-05,1.2365843338071234e-05,0.00012512961391679205,1.5550021031731937e-05,0.055579555276745164,1.3497372837057102e-06,4.470555118879971e-05,0.02054847823535614,0.37744861463083085,0.029942265427088447,0.5147094847553296,LFP,4,38
-354499.6726477721,2.3013636778383084,0.003765557659211285,50144.76654852195,-0.32879236046440496,-1.171207639535595,-0.6214374868316769,0.213610818092167,2.808190379387587e-05,8.598330640356346e-05,1.717215584336017e-05,4.32291653813351e-05,1.4506144787022649e-05,0.04994168722109835,6.435212929556406e-06,4.359352172112989e-05,0.024377203535461266,0.12245893823325639,0.031046076425308,0.1550574985097588,LFP,4,61
-43723.75989622621,2.032780389574877,0.005286763723984165,20040.762896112035,-0.2659556142756969,-1.234044385724303,-0.19596724779818409,0.24570957717163378,1.9237147698514378e-05,5.5174753905928175e-05,5.744009111471558e-05,0.00014053003931895828,2.4632642787892118e-05,0.0562754270208795,1.7561149279700239e-06,4.875583103973216e-05,0.015074691418743881,0.5238900116708634,0.14005393633517874,0.07008880419577396,LCO,4,60
-22131.954405579087,2.0664043021564473,0.007060766241601084,3099.8368980109376,-0.31813195496778235,-1.1818680450322177,-0.6389052862894644,0.20056374936909618,1.2764230899078483e-05,4.5525915974812094e-05,4.320369402760977e-05,0.0001209471284281623,2.1461219372251328e-05,0.07281175209419963,1.62774271129694e-05,4.621535999394786e-05,0.006044285808081392,0.1229334716645401,0.1497286594543132,0.018432582591682407,LCO,4,38
-205246.24261415907,2.3083687835468,0.004159652698689767,54849.64615209113,-0.33210660603568876,-1.1678933939643112,-0.39393299382700053,0.307986318109557,2.627218475272951e-05,0.0002123760352400648,8.019022059364905e-05,0.0001128821698980852,1.8581928922206216e-05,0.04567675345038884,1.3822283084229486e-05,4.498635663621862e-05,0.023745166258935062,0.08053488394561817,0.060546072815919796,0.3949860494114616,LFP,4,74
-31190.26086204144,2.105282672230816,0.012163962974348647,2681.14333736982,-0.14858416636138472,-1.3514158336386153,-0.2471496563380564,0.43178354694614707,1.252399838710257e-05,4.1263010817238504e-05,2.070078362993083e-05,7.22825020640242e-05,1.657495758248038e-05,0.07366167178575722,2.1850314289951014e-06,4.758450156841496e-05,0.006349452148367387,0.023285819516820266,0.1501628758626512,0.5094016482824721,LCO,4,35
-38425.17607608586,2.509605112293445,0.004086365580855999,2274.656868370393,-0.37292003512915173,-1.1270799648708483,-0.2543049070749325,0.22740224937690975,1.3775656261545116e-05,0.00024741261835069825,1.2831532571196676e-05,5.615225821615619e-05,1.2932000693153286e-05,0.05549518224892564,1.3165433673853156e-06,4.989952394163839e-05,0.004248792072814145,0.010951288096083856,0.1551140073077694,0.5096297975212143,LFP,4,82
-2852.0849988503314,2.1079198314576666,0.01975444972377432,322.7315476558044,-0.30755308866550024,-1.1924469113344998,-0.14883199053012286,0.36098306606996644,2.7490874763800658e-05,4.217047947717203e-05,8.449632887683072e-05,0.00012144569721333398,2.8578436831332086e-05,0.04056391714028646,7.967138903261679e-06,4.024614233156375e-05,0.004010749821454167,0.5194376955100575,0.1374048770743258,0.12432543688549397,LCO,4,20
-93197.00661189014,2.2684684708445224,0.02504146962144549,4348.988346212789,-0.2990235463173381,-1.200976453682662,-0.3727902875871365,0.22338157105088063,1.2126506010875117e-05,8.376092467846783e-05,1.40429183641524e-05,7.191048227195861e-05,2.737155940891884e-05,0.08210569797971326,1.0976756535032978e-05,3.239769426449748e-05,0.011476519719557973,0.22191794648822777,0.12461223032845281,0.21067953559618297,LFP,4,15
-25342.645044888013,2.1197002438780297,0.012213046844311647,1537.6490475425057,-0.1558008257162644,-1.3441991742837356,-0.23915991032847295,0.43315052570890067,1.6149099707822755e-05,4.1213370581049144e-05,2.701643140211693e-05,6.494178000658574e-05,1.6125393962361786e-05,0.07378715313661016,2.279271605943034e-06,4.7679864306940324e-05,0.004857811798320016,0.03134355450171242,0.15786218194990032,0.5016343532199143,LCO,4,35
-36105.46768279902,2.0619160586732286,0.003506675945695512,10301.418365144342,-0.21091700736343988,-1.2890829926365601,-0.21380921661892294,0.29556949558723,1.7274977216645678e-05,4.319913922392518e-05,1.632162870025204e-05,0.00013080950502942045,2.8945426313448662e-05,0.05381320685781558,5.9173149615048575e-06,4.825821912495114e-05,0.009505209437615516,0.014108107922620017,0.1931700238856123,0.5089126515728448,LFP,4,84
-41021.84228521387,2.1840455908697436,0.0061566175329995105,5608.192214424039,-0.14709893212870995,-1.35290106787129,-0.6497858775393603,0.2040289029453693,1.741006402112219e-05,6.978406472173582e-05,2.132735122995417e-05,8.499894401964119e-05,2.043941119055451e-05,0.07248132819768151,1.715085910273702e-05,4.619754449227272e-05,0.007138322879725064,0.12205175166395804,0.14545268631608058,0.012709684480600985,LCO,4,51
-66609.25974907533,2.2394322280741985,0.0030060122775776178,11935.1181806254,-0.3121298595817876,-1.1878701404182124,-0.30322475016455797,0.2949352699852582,1.7042218459165956e-05,4.135709830053723e-05,1.281868919630944e-05,4.123785761014858e-05,1.2590075842835962e-05,0.05556832997558909,1.3216113482114688e-06,4.9142513700605096e-05,0.00957252244261322,0.10473757756897203,0.012305911867371427,0.5097317603990986,LFP,4,95
-176157.70331010118,2.4595859054081064,0.04844572434805003,5793.008765357306,-0.35395051818350964,-1.1460494818164904,-0.2209073055826961,0.21917995324491055,1.3728389448339246e-05,0.0002490777313248819,1.5273791263827217e-05,0.00014702458475254694,1.2902035881448608e-05,0.059040873076754784,6.558171246685805e-06,4.7184945682857436e-05,0.019801274507771097,0.038618980569771914,0.15842413237789243,0.5120495814696396,LFP,4,9
-197100.52760133968,2.268056213701133,0.006429950119787,13339.120857703281,-0.3143999686694823,-1.1856000313305177,-0.5917915594054084,0.2184454397029978,2.8746425814260336e-05,5.284252114600573e-05,1.4628889864787423e-05,4.3179830022335586e-05,2.3429525467118397e-05,0.043347156925689884,2.5194640625377707e-07,4.9319699836038546e-05,0.018996474667599975,0.1026684330825043,0.06537334687128424,0.17016666064080305,LFP,4,34
-81625.91496648347,2.180219466395828,0.003020440539794028,15848.040393250129,-0.25340414848070303,-1.246595851519297,-0.296610127447145,0.2864109074526223,1.3070318742665364e-05,5.1797035768805505e-05,1.729331623921824e-05,4.658788278662296e-05,2.079860121367022e-05,0.055627215586304436,5.922228026998581e-06,4.515884101945729e-05,0.011058152526475865,0.09253816135731789,0.05649847880394268,0.48435323239159445,LCO,4,92
-111901.32074549064,2.067432685817789,0.0029993881960074255,48360.68779784883,-0.27247039922205296,-1.227529600777947,-0.34688728127355817,0.2928399400527685,1.235046697699095e-05,6.488923244631222e-05,2.294032143982664e-05,0.00012980109258088792,1.4882425904204527e-05,0.09772616416259677,1.683120785576382e-05,4.8005725750059555e-05,0.013285643321225931,0.06448772450379708,0.011477683595275331,0.5071473106273695,LFP,4,99
-38291.41418799164,2.5672147403034122,0.029539305206076807,2204.463591903096,-0.42072856385553337,-1.0792714361444666,-0.2689118264462228,0.38977862721304607,2.308156656789343e-05,0.0002485150825492795,2.715942730242918e-05,4.039213455776352e-05,1.6959844755338944e-05,0.05631896130887882,1.9603139570870955e-05,4.990678336814754e-05,0.004178542311223078,0.011583063095428118,0.14109973856218258,0.5084053718961665,LFP,4,83
-29760.18005896554,2.418418868170135,0.003456668739776709,3824.1412536502007,-0.31662873336099473,-1.1833712666390053,-0.3689577748584524,0.2710110256293346,2.925693419907925e-05,0.00012638815713600154,1.1286752137712304e-05,4.805977785378402e-05,1.7990232203532033e-05,0.040532281401861284,1.92209107182847e-05,4.691522742718746e-05,0.006999565880111024,0.037978811842660984,0.0702639966866571,0.4527994166122296,LCO,4,74
-23571.475370144988,2.204002219798321,0.002517408883992329,4419.817393036013,-0.2515469239461847,-1.2484530760538153,-0.29989233055061304,0.20780996810036212,1.3623638744703532e-05,7.118304335263324e-05,1.0610446801429402e-05,5.635039587305201e-05,2.0386811479185264e-05,0.040493978570480454,8.246015270784214e-06,4.551267761781708e-05,0.00700981371756611,0.021644947402122035,0.1559987652889692,0.45246395675829576,LCO,4,86
-182227.2445418702,2.224185895926429,0.03897999018881663,6544.543538256704,-0.363446117567392,-1.136553882432608,-0.43528551541295,0.28633196576805825,2.545240697409976e-05,9.273829663421133e-05,1.229568752531453e-05,0.00012453404137388423,1.8281282770397182e-05,0.055766244168555794,6.448242967449784e-06,4.470859155928047e-05,0.02052172073008994,0.026467583776419668,0.024231934472133898,0.44401496633849646,LFP,4,10
-72715.3311582414,2.2686590874585177,0.050871077736717826,1526.3597067225028,-0.380303931197,-1.119696068803,-0.2809407932966034,0.869861538876497,2.9120680104067673e-05,7.278951592947297e-05,1.2276072140796718e-05,5.2578077752870654e-05,1.3172681721613363e-05,0.08986697604515148,1.1652948100395222e-06,4.868392013083125e-05,0.008368192029744183,0.014028387849617806,0.1203080189439795,0.5147227999097994,LFP,4,10
-52729.83674831258,2.161527034894637,0.00422410902504584,9572.809237565092,-0.3123222244464525,-1.1876777755535475,-0.3016629595355892,0.23036329775539677,1.295086889825774e-05,4.262506952517552e-05,1.125910112779709e-05,5.642072717243827e-05,2.0515097003542422e-05,0.04008793269237758,3.7294717817438e-06,4.5470763478795264e-05,0.010508943884752372,0.020465937564753275,0.15651121689169872,0.4513598860079589,LCO,4,86
-179422.82964257358,2.1194262799731503,0.004406901502012473,45364.19560989271,-0.2989187685775594,-1.2010812314224406,-0.7831328880625531,0.2142189902394418,2.8869675694394162e-05,6.51307622270885e-05,2.319664307539007e-05,7.732300625809615e-05,2.7347375672339354e-05,0.06099999174734623,7.5992529678751015e-06,4.8000397811972255e-05,0.019118605810877327,0.06299040485232038,0.0654807156540375,0.018395991431089054,LFP,4,71
-85406.44940845286,2.120130777690868,0.01812527760419022,9150.405754487252,-0.35149813381701733,-1.1485018661829827,-0.24587485848084134,0.27853441725503786,2.8786113064917257e-05,4.7897334030768695e-05,8.233428471542199e-05,0.00014997357104524784,1.5221147995665834e-05,0.04564814886884495,1.551912942489734e-06,4.584330600441216e-05,0.020630933198177666,0.5622771746522999,0.02990964307231095,0.0919383237945479,LFP,4,18
-31446.36403933044,2.059542417884222,0.004442917115831947,10018.976202330667,-0.27999873254250396,-1.220001267457496,-0.8122379510843221,0.20266988436175004,2.6252723633542236e-05,4.078948276328885e-05,9.048119359426268e-05,0.0001497693372707879,1.8656841350878654e-05,0.04158772783974438,2.4840951554295905e-07,4.8992021778667046e-05,0.010726838363791664,0.06439299589022994,0.026605227083629928,0.026763825941818125,LFP,4,65
-8977.462591572748,2.1161805666336835,0.005552366075945782,3090.7227422053834,-0.3432864883089426,-1.1567135116910574,-0.8118318084171614,0.20465582918654898,2.6343999826722752e-05,4.1510677534193227e-05,9.28212282031106e-05,8.316463455633206e-05,1.8560514959134334e-05,0.05014156440102602,1.4935580889511977e-05,4.8996820115579956e-05,0.005510308398123863,0.062336960649723716,0.04346537262925847,0.012365858303856522,LFP,4,65
-332536.5985494264,2.38803154086882,0.002359520304162707,69046.83144085786,-0.3421489064769254,-1.1578510935230746,-0.7724999193407083,0.21706732049538927,1.7317188111514e-05,0.0001727218489062993,1.1968706143413207e-05,6.517069590115818e-05,1.4184871959450572e-05,0.04308255825439705,5.305159315014437e-06,4.416861564953165e-05,0.024346274821483563,0.07219715872821789,0.04007304741854034,0.04522987451253352,LFP,4,83
-13213.361516598748,2.263780411568982,0.0034578498945192515,2099.044780738402,-0.32869148175306506,-1.171308518246935,-0.19964249130078693,0.29935624405185696,1.2673059267664856e-05,0.00018913981507070728,1.6317758663701217e-05,0.0001307977914548917,2.8945521040752436e-05,0.05317150454257393,8.022005360533996e-06,4.74914731757602e-05,0.004194404966733114,0.014974285717661599,0.20641484647431818,0.5089683765072334,LFP,4,84
-63754.54359804284,2.176676738918912,0.04237291571456735,1429.6881847785342,-0.43401541082234374,-1.0659845891776563,-0.2814258248931545,0.40550136697466044,1.8588803009381017e-05,4.205341400639542e-05,1.93138497601839e-05,4.375958615761787e-05,1.3145583726858395e-05,0.0941276973881724,6.019166883571701e-06,4.507892586365233e-05,0.008279000254941571,0.04340111885910544,0.12083170094335703,0.4843413553043831,LCO,4,9
-29122.442513970695,2.0623678531203016,0.0033653523056205764,8757.712155788282,-0.30175640736261755,-1.1982435926373824,-0.33992891275330195,0.2025651514521299,1.612544246749188e-05,4.01310743263292e-05,4.674416046587916e-05,0.00010583203682717519,1.7909804604413265e-05,0.04208802156192853,3.472380164350554e-06,4.390708612124793e-05,0.010834913091945456,0.08229404864507492,0.05357006311814609,0.45420697548347705,LFP,4,65
-663577.6244435639,2.327758481517723,0.0877287355749986,12590.890660099798,-0.32647049792054794,-1.173529502079452,-0.2959337081073915,0.3153762175051426,1.5600304385576992e-05,9.3742171012929e-05,1.0095950281205519e-05,6.931356539596321e-05,1.4215691196942916e-05,0.09926553936809857,5.43339042439398e-06,4.4260746379897455e-05,0.024349909717246675,0.017481162641472914,0.07851175064068504,0.5380733786104506,LFP,4,8
-137803.54881020525,2.3452580517899997,0.003466969438379191,22722.452622249053,-0.20808524978528098,-1.291914750214719,-0.30704399116670467,0.345149730578873,1.2517702205220837e-05,0.00011251679545957757,1.4952666791460634e-05,4.658284760650378e-05,2.2710012957145517e-05,0.05671872604796042,6.071844426879525e-07,4.515088396357081e-05,0.012763270241928023,0.08633822240156333,0.05570005287490882,0.4809177335568232,LCO,4,92
-14096.196414102535,2.2455474892199665,0.007563090726563127,1973.601431190498,-0.32655803527440774,-1.1734419647255923,-0.5834315931680784,0.2035518308399144,2.6571324192690407e-05,0.00013523770567111526,2.2769584552423683e-05,8.517811135204491e-05,1.8568143235760867e-05,0.05461109623782941,1.4894945016181938e-05,4.799003508981134e-05,0.004647855088886195,0.09516843262020935,0.019347478950205565,0.23205249526150676,LFP,4,57
-38671.184035724706,2.0659178560040767,0.020212877067635877,7691.231335401313,-0.3557124486353054,-1.1442875513646946,-0.8323504664419721,0.6667740620152564,1.679440284459359e-05,4.3370514338606665e-05,5.2380887580824745e-05,0.00014739022327111555,1.785924991041433e-05,0.045621409486145105,1.4429619434623378e-05,4.655376532300278e-05,0.01192514670756917,0.026324934574310795,0.056812942196700765,0.014511656787016346,LCO,4,36
-56549.72640922245,2.2020957238571848,1.0699423672003747,716.8862191061374,-0.43401541082234374,-1.0659845891776563,-0.1871681514453697,0.4046686570254317,1.851931939582516e-05,4.616899439537747e-05,1.0756122108779488e-05,4.3748113819336275e-05,1.3789881924660015e-05,0.0915969936919114,6.077882758671454e-06,4.4220571903158945e-05,0.00816601643835932,0.04382644966639837,0.11741147463128937,0.5815939242569426,LFP,4,5
-11465.066628671451,2.1665005377529547,0.0027255638553200625,2136.019304084198,-0.338258149755001,-1.161741850244999,-0.19651042225378113,0.2351058707320037,1.7952545834991755e-05,0.00013473919573073293,2.5726390025018247e-05,0.000149867970983286,2.9147868460009653e-05,0.054615731906715405,7.559469571723913e-06,4.72546170279482e-05,0.004186951687124433,0.01224588053945546,0.2079534461934951,0.5132902510132684,LFP,4,85
-755982.2193855332,2.094592862630011,0.016213737535073474,22394.136006218174,-0.2609376529396137,-1.2390623470603863,-0.2956834299654201,0.21996224103845366,2.7398498252623033e-05,5.088008455971454e-05,1.0300329505602523e-05,6.367008499735604e-05,1.2516849201728241e-05,0.0945648035725632,1.4622362647332993e-06,4.509348940020706e-05,0.023914714625666945,0.015821999329720712,0.03274160766821664,0.5857529630366426,LCO,4,17
-96670.54923766597,2.236816239204183,0.005521534670999824,10878.914802219266,-0.2864233952478692,-1.2135766047521308,-0.07647746978753156,0.2886795285123873,1.3171829072636302e-05,5.002752190076864e-05,1.3294422693642781e-05,4.699955914664716e-05,1.3803474808969563e-05,0.045811862688582325,1.6180138309158022e-05,4.981301376437135e-05,0.01328106224600149,0.06730529315792153,0.32276592395398995,0.463451313100557,LCO,4,57
-266670.9846429223,2.5412328478495425,0.0053661782938142,48282.92264544555,-0.3578876529251893,-1.1421123470748107,-0.6449083383507387,0.29230281710021805,1.6508955283103545e-05,0.0001866631196509314,8.826334515414053e-05,5.792345065726108e-05,1.742048962766511e-05,0.049326133123872413,2.290445823095133e-06,4.793338749036052e-05,0.024337434185437493,0.1369944988055845,0.03273251844349136,0.11536464440018551,LFP,4,52
-150364.41917600928,2.2759354731504446,0.005752892183509103,12036.944544417373,-0.3979167696586732,-1.1020832303413268,-0.13394453050917132,0.21248081082785059,2.6003604821468667e-05,6.923699114522964e-05,1.2068748660332018e-05,4.2573387189265154e-05,1.2582039148390617e-05,0.06036446993455403,3.753955842302288e-06,4.3925025455377224e-05,0.014403080066426092,0.03758384610670405,0.29989925729190003,0.4585723660922246,LCO,4,42
-3370.8285311373447,2.0933189041723868,0.022857601846233394,358.3574792240592,-0.30755308866550024,-1.1924469113344998,-0.03767017262538164,0.3389701046008826,2.388423172493955e-05,4.568821016116396e-05,5.9948174897368895e-05,0.0001487904309592681,2.9763699168927414e-05,0.04042295740443002,7.125214469336681e-07,4.087490713564209e-05,0.0040129099406889385,0.5820542338147828,0.20330464662017184,0.10697094693966365,LCO,4,23
-43707.53757554102,2.2422761436666483,0.003069105726978009,15145.77370120876,-0.2658507947982631,-1.2341492052017369,-0.7169110731098176,0.2954401241195834,1.230115893751485e-05,0.00010159719474161179,2.6074477288367474e-05,0.00013893813073073986,1.5633910238674782e-05,0.04481791246004385,5.629651639119621e-06,2.388737825925177e-05,0.010733204085114958,0.026829510229017656,0.10728761170384678,0.078971804957318,LCO,4,90
-45338.99587247521,2.173357385560306,0.003280509239359017,10144.913649053138,-0.30156416977624545,-1.1984358302237546,-0.24493987283394225,0.28407011031292106,1.3935943057220404e-05,0.00012177258089719715,1.409076578262137e-05,0.0001209110050873028,2.726839917945859e-05,0.07477042348747197,1.807830071940514e-05,4.774728674572118e-05,0.007700912233908809,0.027373395905777125,0.3122452656978476,0.34544146556243305,LCO,4,86
-385983.67493914015,2.3920643468145744,0.0037498266186089878,55729.086118236955,-0.3969102999840963,-1.1030897000159037,-0.10776465059197493,0.2762011798003487,1.9740536404247975e-05,8.382409787243629e-05,2.718144238518851e-05,4.0133386843253276e-05,1.220988069831274e-05,0.0953202331860854,3.293829652336557e-06,3.583964068956382e-05,0.01777950615615803,0.05674591720923411,0.1926868680501525,0.5728025641486385,LFP,4,77
-659963.7524623857,2.2727569644139782,0.022897533499187706,17549.838350204394,-0.35928383240649886,-1.1407161675935011,-0.5290781559742643,0.22431254625763397,1.2550887314650727e-05,7.8288136029722e-05,1.2461247997404962e-05,7.198128066979857e-05,1.8078027854156778e-05,0.08185715410334511,8.289449480350097e-06,3.5196691328331204e-05,0.023867244743949946,0.011069623716955211,0.1377896200935237,0.25206260021525684,LFP,4,13
-120232.11666050201,2.199131169679948,0.002503634936635767,33648.427378862805,-0.3318487322262307,-1.1681512677737693,-0.3032694506086412,0.21948600703149168,2.5791006252057565e-05,8.794884474422283e-05,8.692365182362529e-05,8.190445348538777e-05,2.335849040201966e-05,0.04033337885935921,1.8118492031173497e-06,3.854398019395202e-05,0.019349336140881503,0.07878048255072578,0.27297369720788667,0.27497636963274635,LFP,4,84
-165146.7467716884,2.505209926414189,0.0031984908638145212,38526.91346119985,-0.3090438802641646,-1.1909561197358354,-0.41211687839686795,0.2674127343518586,1.3215527567539791e-05,0.0001007685536161369,9.583309686760686e-05,5.3836059622496404e-05,2.8335865732576433e-05,0.04299462338596338,5.403400312257574e-06,9.054374831754853e-06,0.019245130534269555,0.11231243660254184,0.20343413912250802,0.20213654587808222,LCO,4,85
-365573.04840086837,2.4786343021158297,0.0036328811569874614,65996.59904500742,-0.3040319009236381,-1.195968099076362,-0.7028412578870108,0.29213035483675315,1.728579411532019e-05,0.00018602702520802654,3.033323195130336e-05,5.7929425284363194e-05,1.7370708808514434e-05,0.04905813519548162,7.021451896979331e-07,4.8115751357310966e-05,0.024390669921084553,0.04173919411259065,0.0700548807773669,0.11536466722303167,LFP,4,71
-179710.99590630532,2.211834897372536,0.005305073737664866,14172.570707027835,-0.3137469489233844,-1.1862530510766156,-0.2638145244886082,0.211409493780897,2.8751446787419944e-05,7.085911792997253e-05,1.1509047559239615e-05,7.39824821178737e-05,1.2252947938164933e-05,0.04296669840501601,3.7454172171971086e-06,4.395281962316519e-05,0.017801267977199473,0.018542909272332146,0.18900703582271489,0.45863553041634486,LCO,4,42
-328996.3097967838,2.258795493670264,0.032365537960825794,8152.124959135607,-0.39182355286225423,-1.1081764471377458,-0.591349949362636,0.22080931095419942,2.6372985079664535e-05,7.265434085424319e-05,1.227796533217773e-05,4.052521018944451e-05,1.2946264596559333e-05,0.056007397237456936,1.829173821326084e-05,3.0479592275007187e-05,0.024467121393874663,0.120887168437467,0.12151433740315583,0.0962485447967413,LFP,4,9
-513180.6361131453,2.1855428902065532,0.01548806167776498,27619.988245611898,-0.27029183940196866,-1.2297081605980313,-0.6077168622332981,0.2569246523983417,2.3861561531671954e-05,6.900369624742655e-05,2.3884533675802393e-05,7.779875453307067e-05,1.2642089137861057e-05,0.08920209238231114,2.159404481845894e-06,4.7796720293564005e-05,0.02203993036253818,0.05802323967816111,0.053457427212775535,0.2108024708757653,LFP,4,22
-34340.99243254382,2.1802440047431677,0.027629800770212057,899.1811392048508,-0.2744075618068855,-1.2255924381931145,-0.2912337167498501,0.25788159454255916,2.380720273790097e-05,6.432230544520163e-05,2.3584775836019262e-05,7.500091863160333e-05,2.8030785400004992e-05,0.06094779436444997,2.158360343388148e-06,4.923490033045737e-05,0.008656088479991502,0.15417421271789566,0.26064838621621134,0.22394368431604295,LFP,4,8
-24109.26199313722,2.267727521252068,0.004046442162446763,5997.23802477911,-0.3375896694994829,-1.1624103305005171,-0.49834135315546146,0.3087563605738981,2.9646784736971683e-05,0.00019023298108993903,6.183845909198048e-05,0.0001479066458138849,1.2776599079321611e-05,0.040930035816493286,1.6608440112090534e-05,4.778424874182915e-05,0.007923463629996203,0.07802276627266998,0.3249224761572986,0.028713404414570043,LFP,4,78
-77811.43299775751,2.1488561429923596,0.023684199949601924,4826.455995899421,-0.4626967283475665,-1.0373032716524335,-0.25465592885780575,0.2353432233487667,1.708234697717373e-05,4.008108029007439e-05,2.6367878813285378e-05,7.78401330794062e-05,1.822491617088076e-05,0.04050128664677206,1.0457758407329342e-05,2.3482457550311898e-05,0.01758946683550077,0.47927685815327603,0.06743305273416726,0.12863416025475105,LCO,4,15
-34201.73783512388,2.540788264241117,0.005531918808992585,5403.528862368871,-0.33019384336261126,-1.1698061566373887,-0.5410377358733574,0.2844033177077187,1.702040717354404e-05,0.00023233934555094433,7.444461790315321e-05,5.263846809448495e-05,1.5006492104408077e-05,0.04851193642446391,5.533301947755778e-06,4.5314178776052766e-05,0.007804902010753915,0.028173326076812857,0.329986120379678,0.030802817670151802,LCO,4,59
-195580.2909878592,2.1978623698391506,0.008318843547540145,14537.89297924306,-0.19586332475265955,-1.3041366752473404,-0.1865791405149888,0.23481320422222202,2.5937212011552543e-05,4.631162535718888e-05,2.6339309371089347e-05,5.3311592722864664e-05,1.822909285815189e-05,0.09607171658856475,1.4029334615533254e-06,2.2784220664765202e-05,0.014475894379796093,0.2222867567481316,0.4082789093445346,0.11285519339234511,LCO,4,31
-30744.96710767002,2.2752711303109945,0.003778370550211691,6358.930253806394,-0.32658925701931807,-1.173410742980682,-0.49688702431283205,0.2847786736867701,1.2454172936869448e-05,0.00018413920643095303,1.6718611958692703e-05,0.00011363936961633191,1.7458357087078905e-05,0.052693108404335325,3.1187993577594453e-07,4.76293228720284e-05,0.007657345736369161,0.07866947307903313,0.3261379598577943,0.028305542750340557,LFP,4,68
-135320.4086446566,2.5272045783627233,0.004473021556359407,22736.515939823013,-0.37998291902796133,-1.1200170809720387,-0.7012084080664263,0.31765637999772833,1.7030946926813275e-05,0.00016089910641992825,2.6338134872855256e-05,4.061325580032187e-05,1.8172924833104408e-05,0.043445708755436255,1.0484680814974939e-05,3.746954673370192e-05,0.015912637838046122,0.025112680484133176,0.06945632490884421,0.13422258654059643,LCO,4,66
-112743.59918711949,2.0824153215996013,0.006434619150761927,14627.82214319998,-0.2781781301098416,-1.2218218698901584,-0.20799739829789643,0.3026129953197404,1.900769844169655e-05,7.115583124551176e-05,1.1511208993971049e-05,0.00014045526083100588,1.2207672661099439e-05,0.04390730298684591,3.7454651667050063e-06,4.3956565116644e-05,0.017330598747464943,0.03602367498182779,0.23326195705574032,0.4527169696645355,LCO,4,42
-82662.30445492602,2.0654729228295756,0.004426458964617617,22560.072926396446,-0.2802488280215307,-1.2197511719784693,-0.7268796599856064,0.33149095800435047,1.2094947039005834e-05,5.230079259741185e-05,3.354799973504983e-05,0.00012760235260510973,1.5871465977874658e-05,0.09498714340289573,7.530250555012605e-06,4.4773752586047314e-05,0.00985690501066232,0.010830888044681134,0.03009104994006715,0.1621984020296454,LCO,4,76
-41705.34653347768,2.1823618920354786,0.058864986390961126,1046.618214636927,-0.2290521127163352,-1.2709478872836648,-0.2751889402355998,0.3306327436997243,1.876124984534592e-05,6.805986946106519e-05,1.6514509576375076e-05,7.385270764609879e-05,2.2442384774179674e-05,0.04314595241652811,7.737406763662574e-06,4.93814084986725e-05,0.010905667356533266,0.11021803589746391,0.08506442632360046,0.45952859754333586,LCO,4,8
-27417.7836755291,2.207277100129699,0.0067333683789777285,4978.727472650565,-0.2865958359141043,-1.2134041640858957,-0.41320067417176987,0.2939291914128549,2.8034339745826713e-05,5.0292860737539226e-05,1.407891983719777e-05,5.0422449391777005e-05,2.3821302797267628e-05,0.04581300263967813,9.712808619584841e-06,4.91044635320121e-05,0.009436252696431264,0.3960071165778071,0.08984882108987997,0.030943388160543126,LCO,4,50
-125110.94757025037,2.2674502737006623,0.024881051810829082,9546.982563371443,-0.40674643920908693,-1.093253560790913,-0.6510528700734459,0.21880934549095565,2.3845516895167574e-05,5.9629269985847394e-05,9.020207044762346e-05,7.588135531417596e-05,2.3409767498526964e-05,0.06142866002769115,1.802686896470152e-06,3.8324863384667045e-05,0.01933908318280464,0.048440412035089794,0.04883466160676961,0.18167205628469477,LFP,4,14
-153180.72238614148,2.3102514320628362,0.0029642162256931625,40488.08488103577,-0.2597071726385991,-1.240292827361401,-0.4831399937054459,0.2516899250674149,1.3194137669821241e-05,7.07100587250655e-05,9.632712712156236e-05,5.122122363095938e-05,1.2143911227210102e-05,0.04296622521421721,6.146558721040868e-06,3.973259251124687e-05,0.01927389531520052,0.037330248708526026,0.20800445420942656,0.20152530337660157,LCO,4,85
-8371.03003604891,2.0953415217867644,0.003103652947127197,2408.1594876060994,-0.2976803270271233,-1.2023196729728767,-0.38609623593978115,0.30860312641781396,1.213567998627307e-05,6.575557577343411e-05,2.7160611758037922e-05,0.00014415828056630519,2.8147638998405174e-05,0.04370559871296226,2.020503749835927e-06,3.2404792867614814e-05,0.004705165551759205,0.15399516529402074,0.16584936785621682,0.2240592309099813,LFP,4,89
-67140.87924702368,2.198080468046429,0.04434289728482121,1794.5421221089396,-0.31227495134225514,-1.1877250486577449,-0.15744655579283917,0.2744347008341913,2.010873719040526e-05,7.064577350815522e-05,1.6172141773308148e-05,9.000431961691174e-05,2.7294731629844456e-05,0.08735661502726647,9.68182068347445e-06,3.070292933844633e-05,0.009714370174752891,0.10833242356257078,0.08536563365109802,0.5788553869934921,LFP,4,9
-168239.17580343218,2.5766238204905054,0.0036829787973566594,36785.31106869709,-0.34026832220683545,-1.1597316777931646,-0.7394943417792325,0.31780279041615295,1.6852083563914144e-05,0.0002100457623693441,1.9877135439848674e-05,5.14011640254003e-05,2.5975500114244174e-05,0.053858528879561905,1.0567166503369762e-05,3.759695297207461e-05,0.01618904433533915,0.012894274611633463,0.06934015139045215,0.10827123221868196,LFP,4,82
-367147.66992999223,2.5135764171401953,0.004093437022456085,49814.82663585963,-0.29477197448616366,-1.2052280255138363,-0.33882902032366014,0.32502244196119423,1.2523178213953443e-05,0.00018694941740555942,1.7064771382891503e-05,5.0321753866380706e-05,1.961508302589222e-05,0.04919193095805433,6.720933247265917e-07,4.3917916466835e-05,0.022576174379055902,0.051860349306442566,0.06965740099320844,0.4696532293766889,LFP,4,71
-521510.5317924358,2.085589937203351,0.019559494980217956,30881.636040143898,-0.3816806201496412,-1.1183193798503588,-0.34987694071736697,0.20420523284114403,2.3810676705252314e-05,5.046493424508654e-05,2.4098308892714052e-05,8.417350181603136e-05,1.2515558244221953e-05,0.08698038710790025,2.483329183746889e-06,4.4000596425494434e-05,0.024760633538796477,0.05950832772722417,0.06334633560043455,0.45726839595497437,LCO,4,22
-194289.68295982725,2.0289704346239477,0.002495712421630482,93415.24979557257,-0.21506499825918013,-1.2849350017408199,-0.2670241954279572,0.20560440457800996,1.2165297511910378e-05,4.00345205309772e-05,2.3010451486727895e-05,0.0001473342222557651,1.5842266319204877e-05,0.09524844352226702,1.0476289415304152e-05,4.602567204873999e-05,0.021251068663030993,0.4837380673475472,0.012679268485424208,0.16655846873907149,LCO,4,79
-54582.87606080812,2.1759397839312484,0.00450426022361405,7301.270665105139,-0.37926537161636986,-1.1207346283836301,-0.26986558048207576,0.29307146670706524,2.819449169893103e-05,4.2664931375238906e-05,1.4579843550056267e-05,4.127246314242798e-05,2.0514162124433826e-05,0.04020978315685994,3.0805534530884364e-07,4.7701124281898e-05,0.009485829412382215,0.1028619942814982,0.05636182489432073,0.5009106003421053,LFP,4,91
-311664.7864963157,2.0720410347678695,0.007236678389454929,34799.69757013491,-0.32363612988024215,-1.1763638701197578,-0.083701570986638,0.22510534212708,2.6011576681798176e-05,4.628640791927031e-05,2.388310840178129e-05,8.870274806564146e-05,1.8230758434154716e-05,0.08919426763665961,2.500566417095256e-06,4.1282999923302824e-05,0.0220408709071693,0.22234116156713096,0.41230934323174395,0.2116479242144872,LFP,4,35
-204124.59859630698,2.3489703162088555,0.016473591746265163,13398.636432727395,-0.47868295068719213,-1.0213170493128079,-0.16786199683229397,0.3570329259217141,2.7703208782769247e-05,4.754742387605207e-05,1.2935086308592843e-05,8.563672994516294e-05,1.217583134523268e-05,0.05611301883381779,1.6485767002464992e-06,5.662182025984737e-06,0.024865565870637672,0.3387898277026775,0.04271367899756958,0.38063449646745895,LCO,4,16
-27801.7537272735,2.6033870004178223,0.02744245482440282,1217.8379922661695,-0.269521852151831,-1.230478147848169,-0.2592980252203988,0.21984116413948623,2.7519288624726677e-05,0.00010205596063465289,2.8496640784770825e-05,5.432976282234005e-05,1.6101025692329277e-05,0.04202212213972733,1.0475532095386451e-05,1.1848371688517305e-05,0.0092114751377027,0.512363159591152,0.09574398358100668,0.06259483160744257,LCO,4,13
-124514.3276247204,2.2488495526462255,0.00212315249996324,27142.35070449602,-0.2893129600245423,-1.2106870399754577,-0.23551231606379108,0.20501291466910268,2.3388803637649815e-05,8.471758933673461e-05,2.8106082706494964e-05,7.302315850919711e-05,1.3213288194897436e-05,0.04247171165959996,3.698416586249314e-06,4.516370429991934e-05,0.01620719927647684,0.010394488920528987,0.09088759799497602,0.593205597020704,LCO,4,95
-115407.88969120143,2.240189989055677,0.0022289958879930464,26438.54392938906,-0.2824636699603751,-1.217536330039625,-0.4148333840917381,0.2022808644963327,2.8868321821616114e-05,8.474028629998751e-05,1.527100269954695e-05,7.302215712015756e-05,1.2173120780555184e-05,0.04318315748684163,3.6764213348792136e-06,4.27497833440066e-05,0.015555430426036061,0.01013424062192438,0.046766425534502665,0.4582659497518349,LCO,4,95
-445855.958690116,2.123237514360691,0.0024665930089801205,135447.7688734249,-0.28258902465996094,-1.217410975340039,-0.6038611450714864,0.21353512069567773,2.8090014233191818e-05,5.445882866117512e-05,1.8989498978775898e-05,8.551439472362875e-05,2.909376408938176e-05,0.08707967768149653,2.9834693724581933e-06,3.549042192059357e-05,0.024212174813619015,0.09926105735627686,0.11380305972164731,0.11307473785058951,LFP,4,99
-756050.0357476217,2.1109820266360355,0.019057854144782546,31337.56376758155,-0.3064626137818838,-1.1935373862181162,-0.28356857366912547,0.41573085827396694,2.5686587164694847e-05,5.307491540847348e-05,1.1638427524247779e-05,6.356050439684894e-05,1.3247572287110483e-05,0.09358719303819342,2.70612601898572e-07,4.299349814396318e-05,0.023862786844913456,0.013098221583139207,0.05902057135606183,0.5743126333916735,LCO,4,24
-730877.1299089802,2.406524559355093,0.022353970139431942,18370.685530876617,-0.2834411146840381,-1.216558885315962,-0.5249328118095119,0.22579677887279279,2.8333971272435944e-05,7.63345864943831e-05,1.1722842472013657e-05,4.553912534723679e-05,1.8070158767951146e-05,0.09143210845504876,5.9321594421485185e-06,1.9320710841261736e-05,0.02436606516177841,0.011143181587671303,0.13722236230729,0.25670164429552683,LCO,4,13
-3370.8285311373447,2.0943471088025674,0.019893621181111154,430.90257269558435,-0.3866841870887505,-1.1133158129112495,-0.22479839593617823,0.327040233109925,2.387947907825352e-05,4.809092493266345e-05,6.471913681020324e-05,0.00014792728007283486,2.831730666825509e-05,0.04296985500276167,3.710651683455598e-07,4.204728843242962e-05,0.004102679065065282,0.5355335426615545,0.15601384751749148,0.0136542138847758,LCO,4,23
-3468.5438201132774,2.108480571161372,0.020258087090048896,352.28182101143864,-0.3866841870887505,-1.1133158129112495,-0.1534543399275552,0.3185231307785489,2.7207883425269372e-05,4.213859937329574e-05,7.816488044046891e-05,0.00012152373138893703,2.406683648679916e-05,0.040590104869718355,4.101583076269437e-07,4.0266968023126024e-05,0.004101619668586106,0.5210534866710121,0.13161868938828566,0.12387348401314704,LFP,4,21
-3293.4797761934897,2.1305137641586764,0.02550047576186963,291.32122917108956,-0.30755308866550024,-1.1924469113344998,-0.08214760193764525,0.3353963815807216,2.3884211431434447e-05,4.2887490357757354e-05,7.738306561580546e-05,0.00014875571194496314,2.9362324702518285e-05,0.04044627005298379,7.093612163771036e-07,4.087751469621191e-05,0.00404121810615033,0.5674179539382406,0.20298257090085942,0.07745187322325484,LCO,4,18
-3183.9481112455005,2.035107925163721,0.002240327375874659,1684.9191978126216,-0.23932586528972521,-1.2606741347102748,-0.1480332677793843,0.2012279892018901,1.257114005157612e-05,5.0643881321138765e-05,7.162406140526095e-05,0.00012156683494379009,2.81958119243641e-05,0.04044228653814923,6.442167907027186e-06,3.5553583709871755e-05,0.004011637537086477,0.5428568391686727,0.15980735371828886,0.07930253933365425,LCO,4,100
-3196.243675844008,2.0299463087202763,0.002582544840332201,1775.0953033197634,-0.22923855543761817,-1.2707614445623818,-0.2727223553930006,0.20375036307445366,1.8153655986040946e-05,4.059908079380947e-05,6.412717457071471e-05,0.00014608655040456933,2.8538711189320207e-05,0.0413890029960747,6.044328649071476e-06,4.254820790515014e-05,0.0040134144466365046,0.5199568463386199,0.11849673593495891,0.018824062333420585,LCO,4,100
-759734.4939449301,2.106129404817016,0.034128023228941935,19274.001810480047,-0.3329102336845331,-1.167089766315467,-0.7244787130530249,0.4185782069691948,2.9790541472415988e-05,4.073740534362871e-05,1.0612593199516139e-05,6.444546219832543e-05,1.292568857046058e-05,0.09489383908726128,8.212461218636468e-07,4.2261348549111184e-05,0.023904529216866616,0.011960300838618845,0.04742558569925581,0.14613540040910047,LCO,4,13
-3105.1950627281753,2.1628198934519056,0.06555664931782489,210.48614524798606,-0.34372369171363104,-1.156276308286369,-0.23706101893393106,0.21118583916371442,2.9755001414665584e-05,4.0589476355329924e-05,8.691930419778952e-05,0.00010176557762117928,2.819652821626447e-05,0.04004794552470997,8.578709076871017e-07,3.857489525766862e-05,0.004006745225409283,0.5680422798079802,0.11454339225969612,0.010353308998392655,LCO,4,13
-3370.8285311373447,2.108386074639797,0.018788378313278807,385.9223574860712,-0.2921056719453681,-1.207894328054632,-0.23588858867375884,0.21523411140476087,2.666357345616798e-05,4.567066361596549e-05,6.423353810697442e-05,0.0001474453770970914,2.767165480983778e-05,0.04306309521753665,3.1712017931550573e-07,4.444479505053114e-05,0.004003485327317778,0.5234745984798583,0.1554545169512071,0.015182295895175743,LFP,4,22
-732159.9379974548,2.0884749938045664,0.016213737535073474,26851.51716089787,-0.24645528588751198,-1.253544714112488,-0.7679968011897461,0.20761004043525721,2.9093594005592707e-05,4.5444897888686776e-05,2.557012670868803e-05,6.380657057822852e-05,1.332802635338727e-05,0.09702617418426125,5.881370838183938e-07,3.9361501261840735e-05,0.023840555918478227,0.013007482983218488,0.032961062896672555,0.1160346529303629,LCO,4,17
-47902.744423251155,2.730937562431808,3.746078097235083,667.4417340046064,-0.6578043057350378,-0.8421956942649622,-0.007411289853595515,0.21440597065612302,1.5899123987605083e-05,7.131813713306872e-05,8.682445035107216e-05,0.00011454925609537532,1.2842793725717088e-05,0.05790318123729191,1.8178821076335233e-05,4.184596513069731e-05,0.015231971312000938,0.10604843082180111,0.22746873804861842,0.589071541275985,LFP,4,2
-759734.4939449301,2.2073431913475536,0.028438559955333346,26525.730384219056,-0.30813754114954506,-1.191862458850455,-0.6169962465980552,0.38634926938111086,2.8748356579402097e-05,7.420885028193886e-05,1.0375142507141424e-05,6.405303526039925e-05,1.297909930494871e-05,0.09901457476399449,3.4012248588020228e-06,4.002541383740415e-05,0.023838827800150376,0.014928093128447999,0.23025741853552034,0.06781824173797645,LFP,4,17
-663577.6244435639,2.1459736926071695,0.03988377539290802,13124.843840130477,-0.40291642757555834,-1.0970835724244417,-0.3689639287084333,0.25882561664985626,2.0862938349593798e-05,4.039529080967458e-05,1.214098219848853e-05,6.67877446127722e-05,1.3817725434338014e-05,0.09962827393385036,8.165249415835486e-07,4.5244936828993175e-05,0.023896828727151695,0.018159853643490126,0.010209943013293876,0.5326662746347828,LCO,4,9
-601264.5494448838,2.156728804612124,0.023558345893229114,14580.699659303933,-0.3570959628324317,-1.1429040371675683,-0.25428177703141375,0.22772624660111168,1.7608472929424136e-05,4.2237363369858585e-05,1.0757232515093077e-05,5.3068887636759424e-05,1.3167103910521437e-05,0.09080047622069352,2.626317506268065e-07,4.193126298491753e-05,0.02433142763906543,0.06276829360990147,0.02042018131419455,0.5925297480444903,LCO,4,11
-2990.953517801695,2.07906732515659,0.020439758512440453,340.8042514023951,-0.30755308866550024,-1.1924469113344998,-0.17310096821341092,0.3312919840531389,2.6560186695009783e-05,4.1971046269817305e-05,4.467711374241851e-05,0.00014970916064751367,2.140007191583519e-05,0.04063913164714712,4.8781768437830524e-06,3.992612987601163e-05,0.0040102605540405616,0.5198347950045118,0.1585686948217582,0.07849554196031917,LFP,4,21
-3365.9158843381797,2.035938226781814,0.0025212977702679727,1527.7213893418711,-0.24300486294263202,-1.256995137057368,-0.12318236740587407,0.2350959047494407,2.7148499299606385e-05,4.191814698137778e-05,5.551307359103915e-05,0.0001480807452881878,2.7042730185884534e-05,0.04047624080655488,3.0935726060856154e-07,3.232584366504188e-05,0.004025241118315962,0.5237745871470793,0.1734002543334583,0.1096427911135884,LCO,4,95
-3584.6994576644624,2.021403351631728,0.0025925251357273374,1456.759491590087,-0.23932586528972521,-1.2606741347102748,-0.04724161106468394,0.2120545396253531,2.4878385935384644e-05,4.025273583927973e-05,4.904098523729374e-05,0.00013225652070394053,2.7554380949479777e-05,0.04160362005739647,2.5707327161950805e-06,4.076677982310051e-05,0.004010641768072304,0.5888677966610565,0.14503947784807372,0.1488511144261859,LCO,4,92
-3703.98535887651,2.0303157673588235,0.0025833426055207076,1576.4982828267916,-0.2277086223236413,-1.2722913776763587,-0.2143435566292733,0.21580975187767704,1.8022808290968274e-05,4.060144257731186e-05,4.2507392051482544e-05,0.00012608396656979922,2.8994045101761515e-05,0.041605554835058116,2.5360908459333794e-06,4.33986461781088e-05,0.00401343160335721,0.5787896051165062,0.11840664751757887,0.018460190736641666,LCO,4,92
-3365.9158843381797,2.0299463087202763,0.008472606753723227,768.3118205860752,-0.2621950593409359,-1.237804940659064,-0.2698106326206131,0.32798436357945326,2.3847724842227693e-05,4.242534235694451e-05,5.8413298812664416e-05,0.00014986538435446175,2.692892862861785e-05,0.04301638917848508,8.31795117996594e-07,4.708060251744477e-05,0.004024594652893505,0.5330373080429668,0.1146416022864963,0.012510457049923818,LCO,4,42
-3703.98535887651,2.035396781393981,0.002465915279988925,1718.3123035774993,-0.25327902729177865,-1.2467209727082214,-0.20779436995679734,0.20121992795910054,2.0567999791093998e-05,5.4883433489411504e-05,4.124705428372287e-05,0.00012156315205028582,2.7824256611658555e-05,0.041625564472669394,6.806161398507481e-07,4.7065327379777575e-05,0.004011591277474566,0.5942057252778483,0.09914112388256976,0.028858780882784565,LCO,4,100
-621884.8456911587,2.2770122838331086,0.05207632576629399,11694.91257905073,-0.40258487114945396,-1.097415128850546,-0.25237806226070425,0.4168247726675222,2.781000602315442e-05,7.650572199288597e-05,1.1296291368709426e-05,5.6550737612564715e-05,1.3174089024414772e-05,0.09354299998539682,2.9176399061284936e-06,4.5967726406562975e-05,0.023862072734773573,0.020432676286151905,0.08159105415642899,0.575598207296715,LCO,4,9
-36952.865851089635,2.555878183265451,0.0037458091110242034,6467.966267143816,-0.3474437044055314,-1.1525562955944686,-0.21117418964467127,0.3267793752168446,1.2526223213987443e-05,0.00024962443089915874,2.3719717602873995e-05,4.658285797600928e-05,1.6663134647446705e-05,0.05319257827816826,1.7302434494758523e-05,4.799571823212867e-05,0.007346387030337622,0.09413638767527857,0.1331465685270577,0.49154285415299254,LFP,4,83
-755982.2193855332,2.096558778686023,0.04732196597685921,18317.84669920627,-0.36292536209585613,-1.1370746379041439,-0.2469365890122972,0.620862842185835,1.7634430120543926e-05,4.170707934201404e-05,1.074840394324198e-05,6.407399415027685e-05,1.2813143302991851e-05,0.09377156446113497,2.995996668804472e-07,4.524464752350873e-05,0.024545033735333194,0.012906623409570616,0.07022422144921334,0.5999325661289189,LCO,4,13
-728023.7235172188,2.1532035368791598,0.026411940193965977,16312.874202893237,-0.39970146909905147,-1.1002985309009485,-0.12540434548419666,0.22570241610400613,1.7290018114007695e-05,5.27569274988798e-05,1.0755051924946398e-05,4.244717015683482e-05,1.3168333089454602e-05,0.09052588507019796,2.5106186811040394e-06,4.256053018787016e-05,0.02437997622821886,0.011093977005006708,0.19492733173978338,0.5985743457710133,LCO,4,13
-756050.0357476217,2.106129404817016,0.025236306801351145,17612.653312196446,-0.3329102336845331,-1.167089766315467,-0.25835523879435784,0.41403778436636335,2.9327231660256854e-05,4.155059113386463e-05,1.1642206119980262e-05,6.407678852165456e-05,1.2779670827303282e-05,0.09358370320461169,2.571565371706549e-07,4.525685654341404e-05,0.02482670387760312,0.01290233188016827,0.058919808362929524,0.5998226209625445,LCO,4,13
-269287.1981166312,2.2228269985316467,0.07550717641526436,6367.843040246709,-0.40513603355265104,-1.094863966447349,-0.25402291797472243,0.2022625898561444,1.3440353239359433e-05,5.203260033678386e-05,1.3407206605826362e-05,9.174845648704557e-05,1.6209230741827802e-05,0.07774541783794345,2.0552211716394612e-06,2.849031111581067e-05,0.024968458406138844,0.06481319085486381,0.19028239855974086,0.420881492610673,LCO,4,5
-633695.7457465588,2.1355956925958597,0.047367543302723705,16241.03455861842,-0.18421869681000125,-1.3157813031899988,-0.2592492350991421,0.653565859958124,1.7645937964015246e-05,4.248225788988064e-05,1.0760650895121881e-05,5.270015669051323e-05,1.2668778063791696e-05,0.08942056647940452,2.6256280152948907e-07,4.682509293650056e-05,0.022936588702603334,0.012475802385287428,0.07184116857196611,0.5864337939436044,LCO,4,14
-3849.034616179912,2.1287219791340815,0.02947675080183867,247.4362795405758,-0.3813809244861286,-1.1186190755138714,-0.011512238358255211,0.3762162582334287,2.3801318746911614e-05,4.083261226907007e-05,8.542128136807392e-05,0.00014386434812932076,2.936254404324739e-05,0.04038941715439858,2.60949884667001e-06,4.0877611941356225e-05,0.004010164502258779,0.4813989268467954,0.2869934556460295,0.15009537914891996,LCO,4,16
-3093.581453576793,2.10834370519498,0.021656474219632363,333.41971108012893,-0.30755308866550024,-1.1924469113344998,-0.09614170558072199,0.3697808643319985,2.751594731243812e-05,4.2217724218898724e-05,7.83265516170406e-05,0.0001378311866668756,2.014526010733281e-05,0.04056854660483641,6.857194500323108e-06,3.976503842820176e-05,0.004009558764269737,0.5194212294550474,0.17003117043068391,0.14440589453354663,LFP,4,21
-591103.6894123731,2.135414782913419,0.03414952424470398,14906.41681793286,-0.3151051497362367,-1.1848948502637633,-0.23876909666456447,0.2538278754082137,2.424091008091153e-05,5.276098921787587e-05,1.0545147721927618e-05,7.458863244079376e-05,1.3277980003952011e-05,0.09047460244764369,7.928225433281598e-07,4.2257347931554734e-05,0.023680168509878256,0.010713086001026353,0.26441317460881897,0.41610464272559033,LCO,4,12
-3365.9158843381797,2.0268194329507847,0.0033529928349047638,1037.7225169184655,-0.24534080148009707,-1.254659198519903,-0.14032913229872535,0.21413395063114385,2.998323130730428e-05,4.177192247904715e-05,5.762504218548352e-05,0.00014864699810263925,2.00501520061207e-05,0.041753159074339144,2.736145138536975e-06,4.386798628956788e-05,0.004013448424315497,0.5235673929085104,0.1181329324264804,0.14797054236628399,LFP,4,63
-759734.4939449301,2.0922131052014112,0.034128023228941935,20423.81603700297,-0.3329102336845331,-1.167089766315467,-0.7510988829329022,0.41600464784300195,2.9092255252346896e-05,4.72883428440332e-05,1.163039351174987e-05,6.419912101883322e-05,1.2778967157988911e-05,0.09856916108998853,2.565684918542524e-07,3.9206886557727815e-05,0.02383873302146823,0.012899719178153541,0.03274950959363633,0.133251888295308,LCO,4,13
-643025.1445593775,2.146138203319624,0.03414952424470398,15204.755027842799,-0.35355331213826346,-1.1464466878617365,-0.3671184526919017,0.2217227551662786,2.1985160709146288e-05,5.276180689360161e-05,1.0026762702733205e-05,6.393040664488268e-05,1.3285457643910061e-05,0.08671053183936944,2.54436087759365e-07,4.226365541086193e-05,0.023839384547327418,0.010218142361790451,0.028017153882062495,0.5246462510642455,LCO,4,12
-653887.2725240624,2.088099839979156,0.019585515004592515,28363.13208896357,-0.37753198259983023,-1.1224680174001698,-0.5009590251932077,0.20730527508385535,1.9585192610516417e-05,4.143341626708542e-05,2.5987696977627956e-05,7.429939677987617e-05,1.3115718437441658e-05,0.09842169533051222,2.6893994387584912e-06,3.935588020993501e-05,0.02469899277445035,0.01651285417261099,0.031030781956873525,0.38149733867730784,LCO,4,17
-759734.4939449301,2.0862314263960013,0.034128023228941935,20782.53769870144,-0.3329102336845331,-1.167089766315467,-0.8308364190257527,0.42938189485553613,2.9252570410763356e-05,4.7106606002540364e-05,1.021110515548737e-05,6.398797548219657e-05,1.29816548318054e-05,0.09837538124584146,1.4702425765778804e-06,3.8863889659195337e-05,0.023838729720108254,0.014962059778153222,0.02682302428566702,0.05737849691042711,LFP,4,13
-755982.2193855332,2.098492078025091,0.01529617740821034,19033.777306443066,-0.24285488133743272,-1.2571451186625673,-0.2617945657640455,0.31525431683588356,2.9423737133269655e-05,4.1549175719219474e-05,1.1653720408775108e-05,6.407809444496856e-05,1.2827306327709646e-05,0.09377307888085482,2.5674248738040787e-07,4.488704606714908e-05,0.024836607888533327,0.012900313553025188,0.055533494299148264,0.5997716263837811,LCO,4,14
-3771.874668888526,2.0333188423374544,0.0025825236582228865,1610.0702917125886,-0.3184569637129755,-1.1815430362870245,-0.13945315601426111,0.255293401587662,2.6240073207041228e-05,4.198650367406863e-05,4.467947114157838e-05,0.00011355338296941374,2.659021813464841e-05,0.0420629298061698,4.904143230436442e-06,3.9940714655105236e-05,0.00418558006731572,0.5451752568647821,0.1581477983222273,0.08722378879872965,LFP,4,92
-3370.8285311373447,2.091538827704988,0.02033039300710474,439.55193477185134,-0.28720992171689375,-1.2127900782831063,-0.11472972833013817,0.3269577063657333,2.3886410810573613e-05,4.282446042857727e-05,6.436363600483747e-05,0.00014792699554118236,2.7831031154611536e-05,0.04352527982916392,2.1488524942997013e-07,4.087288451986636e-05,0.004040721880463505,0.5335640573071468,0.20303285341918687,0.07867336094352814,LCO,4,25
