SpecificEnergy,SEIGrouth,TempIncrease,Price,UpperViolation,LowerViolation,VolFracViolation,C,la,lp,lo,ln,lz,Lh,Rp,Rn,Rcell,efp,efo,efn,mat,Ns,Np
-279423.90727689146,2.2286596702444386,0.004432160214177168,279517.9764047629,-0.5467666761877439,-4.2532333238122675,-0.45299358928791617,0.22549929444110356,2.8816230301707724e-05,4.342225642999724e-05,3.574362220172527e-05,4.6156645761557356e-05,1.2661245354239197e-05,0.0598785917687098,9.526129607350609e-07,2.027717081475358e-05,0.0244238120044434,0.09121864238382216,0.3654366563736673,0.020351111954594436,LCO,13,94
-49747.26932755839,2.2210282703978494,0.1073905029003978,13987.21433405673,-1.2675427971316964,-3.532457202868315,-0.6372039102206566,0.7931506835248667,2.681869575471807e-05,5.029019373429031e-05,4.070358990778001e-05,4.4259876968691375e-05,2.7189016619986983e-05,0.09021044727825364,1.0292876761038434e-05,2.890165208457747e-05,0.008651333905778429,0.020602747593817576,0.010924469314250996,0.2612688728712748,LCO,13,24
-179571.67621694194,2.5004664500980285,0.020783393774401596,185369.76222713405,-4.26766833392999,-0.5323316660700215,-0.3910413757509891,0.3988984448909227,2.3394028888821826e-05,8.039190695326809e-05,9.85440033281369e-05,7.695984211233334e-05,1.6920731097765854e-05,0.08070804538328932,1.2369909467542697e-06,8.840197510128966e-06,0.018707866985647557,0.01127463575421045,0.42910636056823515,0.09857762792656535,LFP,12,78
-589549.1978484152,2.773505891354874,0.0628359523216077,125772.11455259696,-4.687162717404043,-0.1128372825959687,-0.3061341117764268,0.299536176242969,2.7305809260084533e-05,0.00019755144013302597,3.224604824246999e-05,4.214725244119257e-05,1.3577024961551501e-05,0.09550038760384892,1.58829315053016e-06,2.3287223324779838e-05,0.024109092511667422,0.01797767330221009,0.5396017669349339,0.06628644798642923,LCO,12,28
-98703.02168070435,2.2222100617423632,0.009629280212058606,61163.66663602417,-0.3654055462109511,-4.43459445378906,-0.2045603087810246,0.21134063376320894,2.6902418644285665e-05,0.0001061069143098735,2.7340868184107023e-05,9.199085900675899e-05,2.018069311956436e-05,0.05388169771616365,1.3936873331275587e-05,3.991461136860776e-05,0.01323121016167946,0.2579095799673736,0.2802149027902792,0.18731520846132266,LCO,13,78
-8744.938234933217,2.263191026021539,0.01192282655196467,11220.334868736727,-0.5234161688916714,-4.27658383110834,-0.6210686954568396,0.23242326196118457,2.6474829834771107e-05,7.402363018461027e-05,3.911762881498508e-05,4.446894382836079e-05,2.7135082264970698e-05,0.042120436444408764,2.2503169779852238e-06,2.678301425089533e-05,0.005693174377623766,0.14987405842268656,0.062447755663152776,0.09660949045732103,LCO,13,92
-189425.91717891564,2.600345871706319,0.022665440681306,70444.60333741397,-4.305238257849929,-0.4947617421500823,-0.5259428890007041,0.23987427785156298,1.7035658458235218e-05,0.00017498900193206702,2.0353090074812273e-05,5.588718854547482e-05,1.2251180889562228e-05,0.05786789464978537,1.311219635383304e-06,2.0025819997361572e-05,0.015678625221023014,0.01904778065949203,0.35820060132207665,0.026808729017727267,LFP,12,55
-206697.2424434011,2.1975709843059508,0.03683692052698567,72569.0014711047,-4.488798951432955,-0.31120104856705666,-0.5927641668246375,0.23069309323151674,2.9999300465501182e-05,7.585959521450658e-05,2.4847273062093134e-05,7.782149248232842e-05,1.5232115299520597e-05,0.09904712453411448,1.7648515102199384e-05,3.110886782476695e-05,0.01532806380957743,0.02651078558572814,0.2251742865777765,0.08555076101185786,LCO,12,37
-104826.58579680193,2.4421536609633594,0.010372508277095715,199298.2766493158,-4.20222280839441,-0.5977771916056014,-0.2730215239278201,0.23497819752448948,2.7922389026312644e-05,4.4582701578154066e-05,9.732381435720112e-05,8.078528679036242e-05,1.7010825415689586e-05,0.0960879415060806,3.7325043677926764e-06,2.0844521855321736e-06,0.019599599454303087,0.12131456611105439,0.5170674008213607,0.018596509139764877,LFP,12,69
-439216.9765927365,2.239012305913917,0.03753298735157341,209813.6569758089,-0.6602646919232882,-4.139735308076723,-0.3193141088846082,0.2653904288293672,1.5768427631390597e-05,0.00011782299262212559,2.438224556691182e-05,0.0001466830591155141,1.483394840037765e-05,0.09933557965830796,7.372261595805437e-06,3.138609970334142e-05,0.02392950291406727,0.13921829876932418,0.22732913344412548,0.2441384589019422,LCO,13,40
-11395.881067005745,2.149432160559158,0.01399754640122812,13615.911587701774,-0.49729897595337746,-4.302701024046634,-0.7625245259389993,0.2749748970635878,2.6492719164391748e-05,4.413976281823742e-05,2.0573816365005755e-05,4.3989989927613394e-05,2.7180798053246954e-05,0.06217606838758896,1.6649379050577246e-06,2.6514490469405372e-05,0.005348220750964494,0.10214461973548804,0.010167666141852681,0.05516318818366004,LCO,13,89
-108723.73503359279,2.5288356119924638,0.06971797781984479,23766.269106313917,-1.0217820584894213,-3.77821794151059,-0.20076151399197595,0.21325951962171824,2.0259662193405338e-05,0.00017567392723223104,4.62790780452342e-05,6.759304405470211e-05,1.3084934733965994e-05,0.08997760240228889,3.7654160030671597e-06,4.929818851537335e-05,0.011618696370593004,0.3007345663302571,0.16782698196604878,0.2606769377117182,LCO,13,22
-144059.13007271913,2.1983148698454738,0.009136792845380192,268390.9358655449,-0.5582535725846753,-4.241746427415336,-0.420275864053255,0.2360908967871773,1.620855376522167e-05,4.0773289086244076e-05,9.776128553854051e-05,0.00012661400289529855,1.2511280203826297e-05,0.09485310747132433,1.6474008124796593e-05,2.0551208729806504e-05,0.017517416131581837,0.12150899974540208,0.33362218586395054,0.05459295033739241,LFP,13,97
-41961.0587379208,2.471654517742296,0.18856196377667211,4600.702518096565,-1.9919583057676817,-2.8080416942323296,-0.15263693151413482,0.28431257044480485,1.865633168377845e-05,0.00012108144818007599,2.5603026104158865e-05,6.968963268112655e-05,1.7671965858366774e-05,0.08631394466020564,1.782120294140422e-05,2.8316984143331784e-05,0.008002593415674173,0.1655448598957252,0.46646190887659134,0.14535629971354874,LCO,13,10
-148599.97144558278,2.3314411866834694,0.008890917087547252,240282.8176116256,-4.369262968603081,-0.4307370313969301,-0.34107330710139216,0.2099757199407734,2.5673060521408773e-05,7.684889901414342e-05,9.425296348415466e-05,4.0256430220421044e-05,1.5280874363250988e-05,0.09905031545291042,9.294311199009083e-07,1.9254623358869913e-05,0.017931002407733956,0.18120809034690075,0.2923127622525431,0.11540584029916398,LCO,12,93
-256197.0134634956,2.1494535346836243,0.052283176840872345,71712.61551312728,-1.1162180339909114,-3.6837819660091,-0.5433277673485151,0.40621451506611633,1.9012631241689433e-05,4.1275976126623325e-05,3.572347271298581e-05,4.383160025083808e-05,1.346473421192668e-05,0.05929585112577635,8.384057483760343e-07,4.572163672140653e-05,0.024754557885257825,0.0914401269162063,0.16346604643792845,0.13176605929735022,LCO,13,22
-44356.26057682719,2.2882042213351346,0.057583836255202324,11905.11918338884,-1.1167662477088456,-3.683233752291166,-0.49630598843959634,0.2497529951508473,2.8441832695408334e-05,5.038382806632959e-05,2.2896669882479388e-05,4.4681058000852955e-05,2.7332769412035778e-05,0.09917566303449464,1.6285595030381926e-06,1.0241989828827363e-05,0.008674955067597504,0.11545346797881557,0.2286186547545077,0.08962188882708046,LCO,13,20
-178259.66730045935,2.1836989390987873,0.05574265614074323,24966.811453538456,-1.4897823475922607,-3.3102176524077507,-0.8081869835723787,0.22580084704001324,1.6407210678382536e-05,4.163714645798664e-05,3.09153349412486e-05,6.764419207088263e-05,1.2470356966433584e-05,0.046183904632618,7.9110007762591e-07,3.7042846085479905e-05,0.01950034871401862,0.023613378681336766,0.08358459987544734,0.01461503787083726,LCO,13,14
-49543.84004237311,2.211926066227929,0.006371864556892315,55310.551926018234,-4.404960672065457,-0.39503932793455476,-0.5378445366861216,0.268722498170642,2.8506907397260145e-05,4.160153600564666e-05,3.117567330391234e-05,4.010522019877954e-05,1.5068959405578239e-05,0.09918117632171848,1.952529030036097e-06,2.3400520734571846e-05,0.008641185782895602,0.11317544449381871,0.20161590960343606,0.07736410921662365,LCO,12,97
-26752.096445786177,2.1588340817065763,0.0035207851296729696,26514.551354101153,-4.211148458869886,-0.5888515411301256,-0.23101854465254013,0.23528128366946835,2.723501760552205e-05,4.0505881629670526e-05,8.569422157213616e-05,5.300934018420573e-05,1.2448539662269037e-05,0.044081421390651736,1.448557726781684e-06,1.977495207127361e-05,0.010183513195844433,0.1668255566801502,0.5117951504969498,0.02036074817035993,LCO,12,76
-9822.276643524838,2.205762469108101,0.13903912227008494,1437.0925743575544,-1.5999212242675682,-3.200078775732443,-0.6198701505325225,0.2248412133093226,1.6325649526747238e-05,4.161193293957899e-05,3.1080760034030226e-05,6.852279720118593e-05,2.6414940175810903e-05,0.04610374618476981,1.673924854665498e-06,4.190152642296338e-05,0.005119893986656187,0.13655224596798132,0.11743890363132047,0.056138699868175795,LCO,13,13
-8113.654006711486,2.1396811712092765,0.06972284736975595,9233.821025591275,-4.409037059404113,-0.3909629405958981,-0.7672408152876552,0.7996284534085034,2.6298614611379322e-05,4.4538610254297656e-05,9.779560219284528e-05,9.758875001599315e-05,2.723443249233611e-05,0.09011083731036554,1.3331959709514345e-05,4.136972668674598e-05,0.0041716165194253425,0.12235074274302556,0.02432048908571997,0.016087952883599307,LCO,12,64
-33464.8908044287,2.190305545838269,0.010300980712989863,37657.35638457028,-0.5645400688394417,-4.23545993116057,-0.655883720736625,0.23497540065370717,2.7437579802008832e-05,5.277634957412932e-05,4.0553560873869283e-05,4.002703189886757e-05,1.9079242991077273e-05,0.0972654901962558,2.130761036126813e-06,2.887045925485641e-05,0.006662726207964242,0.1154505807589781,0.04053083649722827,0.11813486200716866,LCO,13,98
-15534.032155048877,2.9395516016894687,1.6839353648184485,1373.771444579642,-2.5692508255787914,-2.23074917442122,-0.7421131409087764,0.40789204358003867,1.8797476485151634e-05,0.00010716360972384313,5.008510122483878e-05,6.731957710449897e-05,1.3070553666363482e-05,0.0899751562522365,3.1628557600172734e-06,1.9579303014687526e-05,0.004950419502738772,0.03684558423100093,0.03388135234866668,0.11715992251155606,LCO,13,6
-216170.8550670788,2.2459183645025655,0.017420365432614143,109177.93531554329,-4.296358445721793,-0.503641554278218,-0.3344230384543069,0.23051017555128864,2.6063205052699434e-05,0.00012329864980355646,4.146314866581778e-05,0.00011330439836622183,2.6733047689237944e-05,0.07418417212280289,5.072603258177894e-06,3.2322608457403283e-05,0.01822079718700941,0.03525958683289339,0.1723611880571793,0.3879561866556204,LFP,12,55
-154016.38392333582,2.5329415260788015,0.011894481499806755,196302.03161484533,-4.1937565326509585,-0.6062434673490529,-0.403083149362357,0.2502930077794378,2.850101521585518e-05,7.710165196687063e-05,9.450207966112622e-05,4.183393838325009e-05,1.4450502165753259e-05,0.09917567332196026,6.253903998396581e-07,1.1345613682065365e-05,0.018136152741354633,0.21153613782281894,0.1993779198440995,0.11600279297072456,LCO,12,73
-176795.6227996816,2.1494682854266443,0.009483064528880952,294296.9173783482,-0.532670183080981,-4.26732981691903,-0.26107727780445,0.23238715812656938,2.6467216884621484e-05,4.798291501090868e-05,7.518075959419594e-05,5.24929648087301e-05,2.729665624567441e-05,0.09673458160560236,1.601665154000933e-06,3.843167473375878e-05,0.02026518177553872,0.16305757391418468,0.48810883333914723,0.017756314942218222,LCO,13,92
-23654.245713078588,2.1748008589963854,0.09403680290296795,6318.852544435493,-1.1795514089456418,-3.6204485910543696,-0.47560420051126223,0.2563951186722219,2.6818399156883598e-05,4.7923855206888604e-05,9.696418357781009e-05,0.00013306584412183024,1.814607531662436e-05,0.07911427944072381,9.840224142845707e-07,2.5064777134248706e-05,0.00669900910113292,0.14586578772483863,0.22627322093910102,0.08225679082479814,LCO,13,19
-12368.987664146542,2.347082059153595,0.06890071381988824,9851.729721399457,-0.6249328490890846,-4.175067150910927,-0.47608407481871406,1.0153498725200936,2.7082729506660638e-05,0.000142305092095914,9.858967415243112e-05,9.76912217950903e-05,2.641325141551672e-05,0.07848132961726347,4.56103926018392e-06,4.885877145748616e-05,0.004064717463953568,0.12221066696896869,0.055136256382918566,0.2765690018293987,LFP,13,81
-702691.2398321495,2.633594028830813,0.09653260869535044,261129.8812472713,-4.6685640598526845,-0.13143594014732685,-0.6363700826253276,0.8574010746665441,1.3447725484504858e-05,0.00019424257050542926,2.45122167173245e-05,7.203184253571062e-05,2.3916427117845e-05,0.09842531498461157,1.2523532908060069e-05,4.943381050473816e-05,0.02427074404415165,0.03063533719371194,0.18718347482598255,0.07581110535497805,LCO,12,48
-111149.66762831675,2.1707579867654596,0.010484035875810201,129227.57662528854,-0.3688137665238429,-4.4311862334761685,-0.22719298835494872,0.23503396329749887,1.615134464487274e-05,4.2993737470365015e-05,9.814211399259364e-05,0.00013192457444443555,1.2512901124256268e-05,0.09492244177874443,1.6520132924303733e-05,2.0551208973203115e-05,0.01413092876685947,0.1539618438416395,0.41752728666244976,0.13131788114096205,LFP,13,77
-342661.5951598509,2.5927727938286136,0.010336522405375557,273872.65661087463,-0.3788480699956551,-4.421151930004356,-0.46840792970332507,0.2286281791367056,1.8301234713564597e-05,0.00017958766706751197,1.6361526245205278e-05,8.615942408310738e-05,2.63125844306405e-05,0.09743049734453386,2.0436065516382833e-06,1.9688495576092904e-05,0.019221604659188082,0.15437196881544568,0.04052812081582517,0.2666919806654041,LCO,13,80
-291346.83596528677,2.2264572807251755,0.014665589958619787,191207.77216555536,-0.38841286717645573,-4.411587132823556,-0.05088454855286251,0.25122753871944037,1.8066791790772568e-05,8.096972597850087e-05,3.523423822597319e-05,7.859441527918757e-05,2.90417802902993e-05,0.07045159680318105,4.766664534062587e-06,3.397711045247631e-05,0.02359433110873926,0.14288173790705844,0.4588489661342765,0.27738474740580266,LFP,13,64
-32729.258003307077,2.1514755255955755,0.024172612748535435,15298.142355676211,-4.26893745609928,-0.531062543900731,-0.15199994016220086,0.41360678532793776,2.9095824629084322e-05,5.280213070181525e-05,1.4167186983237198e-05,5.306702744470161e-05,1.8293179043195955e-05,0.07750599925161687,1.1461980237298564e-06,2.897942065308059e-05,0.006626958148449722,0.19208093234457202,0.46667310775106263,0.11924601974216448,LCO,12,67
-254429.74012198704,2.1607302782486455,0.5368978160997876,53304.953701055994,-1.137484433752988,-3.6625155662470235,-0.17998013528323253,0.2256740735548886,1.630067881119162e-05,4.13492895933686e-05,1.2095584948979173e-05,4.542856400281744e-05,2.5879882807434848e-05,0.09823973118801069,4.2071441539008444e-07,3.906230665850844e-05,0.01913806904557121,0.22930884145141572,0.5028991651086202,0.01781185815673158,LCO,13,20
-42739.299637749165,2.607039195338069,0.010149500132882497,27599.97515479655,-0.3998711963183368,-4.400128803681675,-0.08943313414446652,0.21811833369023131,1.8311558660631866e-05,0.00021187205764776467,1.8359072298223098e-05,8.623228549864034e-05,2.821665911589667e-05,0.0981792273766937,1.7964087793964483e-06,1.967974682921243e-05,0.006483628516083103,0.15446776255639605,0.4194035696340055,0.266695533665132,LCO,13,81
-66061.27844566084,2.478369098757966,0.032952027532044834,22905.556238973943,-4.514581465068943,-0.2854185349310683,-0.35861923977661825,0.2330626522904113,2.7047508424595827e-05,0.00011033097730849773,3.126639577970352e-05,6.779992048798646e-05,1.5086363613023821e-05,0.0985341059580423,7.160936697387813e-06,1.9754522998604044e-05,0.008747635179701273,0.05127094931563907,0.5038276723416226,0.016282138566120107,LFP,12,38
-31169.5153382544,2.4167275991163857,0.013374824610972464,32433.852545545113,-0.4278306195897841,-4.372169380410227,-0.27095699506007787,0.4001947793226641,2.3336732416349098e-05,4.371538637821779e-05,6.436667889747583e-05,4.340382069602648e-05,1.2140300743623899e-05,0.06169217162549549,1.6693993462421504e-06,8.70850984755103e-06,0.009027100539209658,0.1036278709295222,0.4383929692279266,0.11702216478247336,LFP,13,78
-429928.4605008766,2.0940789289069497,0.15508603119642944,121401.28511793385,-1.1244791850847164,-3.675520814915295,-0.3797270423669039,0.40663741249066,1.90620893175242e-05,4.085855778335601e-05,1.898716495611286e-05,0.00014786460967392375,1.5479623009992315e-05,0.0995267905493346,1.0413270240247823e-05,4.590353603240842e-05,0.02476938277743693,0.1395011825398908,0.16318591639480787,0.24758585869839742,LCO,13,22
-20958.770373619634,2.2320826268217493,0.013420510145510156,18002.903676934453,-4.344990035632776,-0.4550099643672354,-0.24291191682392987,0.24789597405646932,1.3504289922834624e-05,4.074088451633873e-05,3.984542011168896e-05,5.131738005365988e-05,2.0893262299539302e-05,0.07731135798369153,1.6318745089683706e-05,2.0422867925836715e-05,0.005864551860314347,0.22578383532837948,0.33108344559973546,0.13022080224795513,LFP,12,90
-691155.8396300129,2.337903918496437,0.008868798035610656,429357.9742604339,-4.322522918844136,-0.4774770811558753,-0.36777228069513535,0.21142630984426014,2.831300879136804e-05,0.0001276352506736136,1.9964510722089935e-05,6.093807523691866e-05,2.922409629922657e-05,0.09993182149284367,8.742873734819059e-07,4.067770841384384e-05,0.024963941534874114,0.04963677299012351,0.05998069146546943,0.45261025484927175,LFP,12,89
-592446.0353153974,2.3358948027727005,0.08979527848597822,224439.96616593155,-0.8497057417415874,-3.950294258258424,-0.4131872725953979,0.7846867635631583,1.3685453021152631e-05,0.00013329101318514068,1.0468197346598898e-05,8.94338690254379e-05,2.990813256046305e-05,0.09344251872455411,3.4623483880256232e-06,4.1534405953257784e-05,0.0236855505597824,0.08674581531917089,0.28808318199409605,0.1419837300913352,LCO,13,47
-80287.96348602592,2.327332038749746,0.015173015977479087,55685.69089437702,-4.198438290532067,-0.6015617094679442,-0.3951679217357924,0.2704998286670626,2.9744309113663274e-05,0.00010187396889684209,9.186496647452895e-05,4.791016221821997e-05,2.716012679299414e-05,0.08935022388411802,5.820715064420643e-06,4.0130085033387934e-05,0.010624938943654724,0.022805294379923086,0.15330521653424697,0.3587215673500376,LFP,12,69
-119178.08640874522,2.131362823565685,0.015212758081646774,95382.23182792512,-0.3658787191815307,-4.434121280818481,-0.3430631721687827,0.2906932102220357,2.5395538768012053e-05,6.566670828735142e-05,3.187299249779367e-05,9.152550040272403e-05,2.4516019893802738e-05,0.06326709609755608,1.988354398245742e-05,4.07190894129442e-05,0.015821148248961938,0.010966934632245181,0.4852395364129226,0.09073035678604954,LFP,13,72
-15426.52018607139,2.087722727821455,0.008336680092060888,25236.08122043877,-4.391201541285341,-0.4087984587146707,-0.44744921915239094,0.2115255533272653,2.964767445461886e-05,6.015025734357382e-05,7.289729328707334e-05,0.0001122387378328014,2.8053109381606905e-05,0.08299430914883667,1.988390037652132e-05,3.961870055087986e-05,0.006156040283533714,0.01399561040152188,0.09776286609575652,0.3707923043503307,LFP,12,98
-211268.5507742358,2.0937419320369064,0.023711819329400044,123537.19056667986,-0.5339173998647269,-4.2660826001352845,-0.4309705233917911,0.38840024648926236,2.6342635686245392e-05,4.062388124401505e-05,2.491020737417876e-05,6.236231468273058e-05,1.2744135755925387e-05,0.049759314475566675,1.2760176251955088e-05,4.4755202226204e-05,0.023451355595991385,0.011900958560347497,0.2874659330900056,0.19966258495785583,LCO,13,54
-37871.63275371395,2.13929433794189,0.011936514439388401,45968.34264725038,-4.419235137800584,-0.3807648621994275,-0.20842166641258142,0.30863306304063487,2.8713094058329282e-05,7.223779766509665e-05,5.08241006447277e-05,0.00011555530389929207,1.6646141269940363e-05,0.08711838669606964,1.3937682261495572e-05,4.8818675961946186e-05,0.008368724569656618,0.13173130230176822,0.1606322565212961,0.4292147747643544,LCO,12,98
-120392.67555199277,2.572095807968844,0.010620032931959515,133075.049361443,-4.404835545256908,-0.395164454743103,-0.19269968110135893,0.25770613264180986,1.3397498792397448e-05,0.00021887430140056426,6.270714483769314e-05,0.00014363126747594015,2.8699304641475997e-05,0.08737913940268975,5.133499635613164e-06,1.602668181672942e-05,0.013776187032201782,0.012067180070483408,0.16034570360291278,0.5648874352252449,LFP,12,99
-158948.4263821364,2.155596787468702,0.020451345146847832,115658.21600380266,-4.394462488112808,-0.40553751188720355,-0.751124003104241,0.2104791248087086,2.2724921465778628e-05,5.4832015331770466e-05,7.311776355506886e-05,0.00011162886616131918,2.8008634151916692e-05,0.046888548909979386,1.9879552405936217e-05,2.5741339490759624e-05,0.024647869084553478,0.05654522314469222,0.07658151516046127,0.045749258590605524,LCO,12,44
-58831.418482952635,2.081025404068209,0.011490577129430777,61904.45863048351,-4.421118578382412,-0.3788814216175993,-0.062432007919496324,0.3084584763526738,2.9579106155141903e-05,5.57934782853183e-05,5.115727338188457e-05,0.00011576110275702021,1.655797578032717e-05,0.09467051840597276,5.492038077005951e-06,4.891562279297608e-05,0.009643870398337468,0.13044499853204805,0.162630811624561,0.5744921819238947,LCO,12,98
-423144.6083065382,2.5578993180061103,0.012098470898658922,264673.5448784449,-0.33054763326701675,-4.469452366732995,-0.22989793912603318,0.22399309949905166,2.4737597972496305e-05,0.00023759484800601658,7.967967242309852e-05,7.306427293030821e-05,2.8214296415600603e-05,0.08903000502225267,8.26469999844458e-06,1.0209614428844199e-05,0.0222481136762405,0.0676571854843136,0.1975905283203952,0.4348543470692581,LCO,13,69
-248502.62905903542,2.47179751379067,0.008945614432068639,250774.49812801127,-4.392494474782303,-0.407505525217708,-0.3623724728367551,0.2102956822326236,2.962901394947975e-05,0.00014269724893235447,9.247148776526544e-05,4.7640389848637575e-05,2.6795149763841987e-05,0.08468917596453392,5.0783864537010945e-06,4.3195968871523926e-05,0.019156247452808563,0.024149873713024905,0.18242088838297016,0.3610567650672499,LFP,12,100
-34918.30762276692,2.0935171892252913,0.01167950423927281,39074.9765552318,-4.184642587325989,-0.6153574126740224,-0.3267203737755583,0.24071211232002276,2.3472722907765996e-05,4.237452592259301e-05,7.721316536219145e-05,0.0001499367490440787,1.2214235917262932e-05,0.09996664272926473,8.322911728499087e-06,4.882112740214243e-05,0.008070840127865459,0.04809656526354163,0.16337024401010025,0.39181281695079995,LCO,12,72
-117716.68143860428,2.137708110859995,0.010094940178318808,102763.99190716891,-4.259645841272729,-0.5403541587272827,-0.6980245787851603,0.2477001638963626,2.613541437774796e-05,7.372187394700673e-05,1.9267314026876023e-05,0.00012858181714834693,1.8470723440007564e-05,0.08431257600669556,1.1999383496047586e-05,4.32081914996336e-05,0.012739932769981319,0.0533935039401654,0.13175208572122066,0.04682983155345366,LFP,12,83
-232838.2940254691,2.1656244260014144,0.013537647371007929,124992.32468561124,-4.186877136908734,-0.6131228630912773,-0.2763736442991429,0.2311142446307148,2.937680622123473e-05,4.688283296816703e-05,4.263023222653838e-05,4.1048997538568225e-05,2.8685472656169724e-05,0.07758563852446823,5.061271958220223e-06,3.277444986323936e-05,0.018424955720602286,0.01793253038446406,0.172475614021405,0.4632182112949881,LFP,12,69
-378993.59207188926,2.20790728591992,0.009799999942320812,343797.2075660066,-4.3881253220839085,-0.4118746779161029,-0.3114647406350972,0.23774575702349335,1.978647721194895e-05,9.310611193609174e-05,3.271721093754023e-05,9.369190749802025e-05,2.5469059059902872e-05,0.07629222526762122,1.8170353401581098e-05,4.451856298506537e-05,0.02449112951582401,0.06164891845296566,0.5292229330882291,0.02766340782370807,LFP,12,95
-14204.449720576693,2.1433977228522396,0.015358661462210581,16206.44835649886,-4.4228942771453745,-0.37710572285463684,-0.5753102491747171,0.34545200592088354,2.8367190533028934e-05,7.232763414681348e-05,1.85370738710004e-05,0.0001268398356232599,1.278531337136254e-05,0.08177464816730586,1.2058272376042013e-06,4.9638491969584125e-05,0.004782459713524054,0.13200782927200946,0.20236179257344264,0.02032012897983093,LCO,12,99
-60441.27798335602,2.121081786369314,0.026098769282873392,36687.540694666655,-0.5701975271525939,-4.2298024728474175,-0.2640474687056421,0.282018351031173,2.7352612730175525e-05,6.769532947950222e-05,2.0835072823393603e-05,0.00014862879528811944,1.9695892324397478e-05,0.08221803473413894,1.2202030999110772e-06,4.531555815714127e-05,0.010475984620648296,0.016942169787670106,0.1318380547227209,0.517172306783967,LFP,13,48
-85647.2048277932,2.2611261588338816,0.038830943187295096,43549.45202802918,-4.484307958953842,-0.31569204104616944,-0.42601306418320006,0.28534640783448406,2.7352945866765786e-05,0.0001265167080515716,7.187660365752243e-05,0.00011735765799409128,2.698241034134478e-05,0.09680526309188209,1.0129409575406824e-05,4.529152402405865e-05,0.011527940906820782,0.0715684531365571,0.1035651201468884,0.3288533625333545,LCO,12,40
-247030.0617249421,2.1614447230145926,0.014148898673744947,262329.17526761256,-4.411787243777852,-0.3882127562221598,-0.614869271609201,0.329159288088277,2.6098461093237776e-05,8.662236553650268e-05,2.2394527397522165e-05,0.0001355312028454861,2.7418292853718795e-05,0.08263583902161685,7.61282303898984e-06,4.2950409364921715e-05,0.019228576657972233,0.03182074794166048,0.07598006410335763,0.207329916345781,LFP,12,98
-253550.5293540318,2.1084612150239765,0.008953518758115113,460226.45566003886,-4.397249990966351,-0.4027500090336602,-0.4735524934464562,0.23731788923685718,2.968336852450071e-05,4.6755931609764804e-05,1.0611112844112222e-05,0.00011231171228702128,2.5358908021463694e-05,0.0970537960085416,1.8931277238275443e-05,3.7249428936790914e-05,0.024729812243838287,0.015093042938043054,0.1701621755818549,0.27119228803364587,LFP,12,99
-11775.08634557683,2.078746192107296,0.013534818224055348,14742.534208117713,-4.350790285757029,-0.4492097142429827,-0.06830955227287572,0.3127069960947847,2.9286734972703843e-05,5.4932773289977464e-05,3.906575926265925e-05,0.00014965890045198624,2.8687832634743686e-05,0.07712704603222392,5.049528143739582e-06,4.414121111286879e-05,0.005500233615742468,0.13060901052684235,0.1579952610126166,0.5730861761876654,LFP,12,89
-28800.290099534534,2.441796705606491,0.02931693399344649,11586.210945457573,-0.47150985449189875,-4.328490145508113,-0.3594853407290832,0.4095225669173402,2.186256576976626e-05,0.0001615890264406309,2.6817799549797183e-05,6.000752856523585e-05,1.3171492233858293e-05,0.0433963192015467,1.251999870027356e-05,4.757009581980586e-05,0.006996418540125022,0.08322636240778813,0.287628121993738,0.19966017486939067,LCO,13,60
-184418.86110552558,2.2136506976520414,0.012298184209299045,193471.36272827626,-4.185197244929292,-0.6148027550707198,-0.43600391223955404,0.22838279035202882,2.856736106822938e-05,6.326423812063634e-05,4.161251999514474e-05,9.281357103793106e-05,2.566526227466454e-05,0.0843954507008823,1.616989108593384e-05,1.82691136157474e-05,0.020446149175694605,0.09506718491803562,0.14354375919826837,0.25538514364414205,LFP,12,69
-16118.535695567636,2.179526222514137,0.012272678142366353,25758.597663519515,-4.419261716046606,-0.3807382839534057,-0.3422394245025986,0.3115485146038331,2.9940400627046397e-05,7.782288972025549e-05,4.162020191235295e-05,0.00011695729530355255,1.2490893498631469e-05,0.08716817426056346,1.9918897045538536e-05,3.947024314351759e-05,0.00609936694464148,0.06186553427472921,0.09536338829505117,0.4305316529276211,LCO,12,98
-397902.0585309279,2.232904204537937,0.009107703477761206,424198.57359852985,-4.398673297742469,-0.40132670225754197,-0.31992910317878254,0.23945677488386044,2.7695006720431925e-05,0.00012101023195378301,9.283344176975898e-05,0.00011244859754679852,2.674024876397523e-05,0.08491000246026002,4.249674797000475e-06,3.24550490666734e-05,0.02478719909446044,0.022990989895885054,0.19827638579602322,0.3888035211293092,LFP,12,100
-431345.26742785715,2.208656125526178,0.03963188651085428,209875.9620365699,-4.399298777697162,-0.40070122230284966,-0.5637506681891886,0.45198540616214067,2.6409784859754676e-05,8.839276145362681e-05,2.5026286532276385e-05,5.978258497943216e-05,1.3970563129014238e-05,0.09956588417777562,1.3112524461221802e-05,4.477354401541515e-05,0.021494779557677698,0.03571139344175126,0.05954352135158161,0.2709944170174786,LFP,12,54
-39821.008141560735,2.573269508557494,0.02559174544398856,34065.979309156064,-0.4761410732930784,-4.323858926706933,-0.5459358689872679,0.3278725542374156,2.4134675365594876e-05,0.00021968848446652305,8.019816771957811e-05,4.497569074221505e-05,2.8827110927223235e-05,0.09667356753051151,9.552618668663643e-06,4.7057058383127116e-05,0.00804178162583023,0.0901011942613163,0.1749927106375083,0.11897022611390765,LCO,13,56
-574154.1805134343,2.503995430756385,0.014378238838835591,195884.29528769857,-4.242585880872262,-0.5574141191277491,-0.1438206364258363,0.22381037303646512,2.845939932606158e-05,0.00019363896660117436,2.0469086827238585e-05,5.556729430556628e-05,2.9979584625830384e-05,0.09031024948542345,9.975229701465535e-07,4.8956483228295605e-05,0.0222213977914914,0.03791135955280311,0.19800643448603594,0.5502615695353247,LFP,12,60
-591354.9657240441,2.495836631617469,0.008907767476859094,355420.47106799844,-4.275950554293168,-0.5240494457068436,-0.09195400699932144,0.20055319259143606,2.9645557499484103e-05,0.00012784968073937682,3.391992853894976e-05,5.836277259066743e-05,2.8449595582039126e-05,0.09935210376359728,1.4874506365350326e-05,2.658298030377298e-05,0.02452282553885443,0.2222677902173741,0.02480728922948567,0.5909709135538188,LFP,12,85
-126234.44426863028,2.454647261836552,0.009170507665711152,98000.79478376496,-0.5553507006684271,-4.244649299331584,-0.383591552935586,0.23538353738516088,1.8439948375084255e-05,0.00016551806021349665,4.9519230288482265e-05,6.911112898458465e-05,1.6320119374776492e-05,0.060779597761643496,1.5031702512699288e-05,3.31929114333651e-05,0.013470794105493449,0.09174885970263687,0.34467928596024544,0.10998030140153175,LFP,13,96
-128801.50733378847,2.4655145826401563,0.011222625612460816,92750.25655310148,-4.1746370147570815,-0.6253629852429299,-0.4730382971353072,0.20147421354022693,2.4935816534218533e-05,8.901657759424196e-05,9.432042739978928e-05,4.025859423963455e-05,2.0826133799125005e-05,0.09384158578188831,1.246795352961217e-06,1.9993790024894397e-05,0.0130066425184668,0.12090178204749205,0.29169488382406417,0.04436503699313664,LCO,12,69
-89370.47884311192,2.08179583606543,0.014610860228794908,99641.74036885017,-4.429230392943182,-0.37076960705682893,-0.06302629377550695,0.34555396319572035,2.8357291002401138e-05,4.832955552362911e-05,1.7067641995756484e-05,0.00013202553882043767,1.656269172317076e-05,0.09936336869343675,1.1812934596429866e-06,4.8914880119397676e-05,0.011935607122747188,0.12982273963593516,0.1625639553235878,0.5745870112649701,LCO,12,99
-187289.48376163963,2.3947218894550306,0.010872754757425041,95934.39412194614,-4.3882532534319125,-0.41174674656809884,-0.4288968870449963,0.26712071124635056,2.7935450195236778e-05,0.00012934696024263957,1.1614942824348783e-05,5.6363997661198496e-05,1.8382790812667407e-05,0.08163840352391105,5.6698714180871334e-06,4.170196465829889e-05,0.012385438000228267,0.08889748202120543,0.02431159191059122,0.38789403902320707,LFP,12,95
-234160.30251969406,2.3373032684153556,0.013815627370847761,129275.99432446982,-4.296300901037242,-0.5036990989627697,-0.09162464151181327,0.3135589323516789,2.9118121530169447e-05,0.0001279287793003739,3.1560160580305424e-05,5.8317483522278705e-05,2.833637129114066e-05,0.0768551807151744,4.805974880684893e-06,4.779843080625625e-05,0.01692113355698844,0.08736029637736879,0.15971946171444573,0.5912956003963722,LFP,12,84
-57786.33033797494,2.0933534141616663,0.018177884615787357,52075.745934954335,-4.2244365913041975,-0.5755634086958139,-0.26973527965534094,0.3549189670250058,2.1428435281428366e-05,4.059342626816355e-05,4.260606347583836e-05,0.0001458100526017008,2.6039292305213636e-05,0.09519673865695663,2.9596185308601405e-06,4.9632734741376425e-05,0.00976935569266882,0.011707262367480414,0.18207253762108333,0.4664849203560954,LCO,12,73
-67155.19520483345,2.1637126544175613,0.024108807599965566,49812.8570182276,-4.234858542326847,-0.5651414576731639,-0.3598672980786207,0.37851125333738583,2.987106006743516e-05,6.687481509533783e-05,5.1292373272151886e-05,0.0001467327240473465,1.6554126255449357e-05,0.09504827352743983,5.497555098583249e-06,2.6642351688243902e-05,0.009615346686784508,0.16889764915328775,0.15352058879111966,0.2477144639769719,LCO,12,69
-73062.0135633207,2.0804802775807327,0.01492706608574163,70560.67878868154,-4.220011698733941,-0.57998830126607,-0.562643382583482,0.31311437905862277,2.612779885906321e-05,4.223726236809993e-05,2.4880160319955196e-05,0.0001245877932763633,1.579089335532637e-05,0.08864526359645375,1.1561339333614718e-05,4.8691974880541316e-05,0.011063136918988506,0.05066893827134682,0.17327681861373265,0.14341086053143856,LCO,12,76
-37088.03030119927,2.1373484595217436,0.013630916194584643,36181.18348091046,-4.189838887931579,-0.6101611120684325,-0.4047133419202278,0.25931146475237565,2.7427328572534842e-05,4.202649820541331e-05,1.607635615450787e-05,0.00011326044483620342,2.388086730705664e-05,0.09974127043654814,5.238247790811597e-06,2.654841752373311e-05,0.008050202255666421,0.05376941437787143,0.16352187736322887,0.30799536633867197,LCO,12,72
-14199.65116123216,2.100198455166522,0.015193473975011296,18679.82845544276,-4.423841100149076,-0.3761588998509353,-0.221555240375222,0.3607207330650947,2.965541311593007e-05,5.2559588487124424e-05,7.347731959977753e-05,0.00013266020819225908,2.8969354343330475e-05,0.08303763806391537,4.825071952181115e-06,4.6280541606967734e-05,0.005499034947328731,0.013697128971273849,0.1580831957914563,0.536664434862048,LFP,12,98
-200558.67473656536,2.4287759593348226,0.19137785593142262,29053.75101378052,-1.7387954205595335,-3.061204579440478,-0.34485831385135113,0.28186931295478934,1.2643782856437317e-05,0.00012462394057429052,2.0898042377541345e-05,8.409255426452663e-05,2.2118864749146846e-05,0.05652676237649239,6.590341985360149e-07,4.680949576633466e-05,0.02179859317449102,0.02786825075579379,0.3171636711694142,0.240109764223441,LCO,13,12
-132347.0618136988,2.0747918374838674,0.04401758086755724,44458.52391015824,-0.8357978966072537,-3.9642021033927577,-0.5810538413475169,0.213558982686763,1.578693508982264e-05,4.463616813595743e-05,1.3069162456132612e-05,0.00013369398393538984,2.949233533468368e-05,0.05177488597541428,1.8263854793505887e-05,4.845752625674031e-05,0.018772163020334784,0.011272898541646672,0.08663175810012026,0.2510415020107162,LCO,13,26
-477352.0895742316,2.437878408145492,2.2314653720060775,45611.53459202271,-2.219661512664672,-2.5803384873353394,-0.3426240399150491,0.6706993789614137,1.3679896960463854e-05,9.971090511525169e-05,1.0481185120440595e-05,8.35026385660842e-05,2.999351792476024e-05,0.0946233345267203,1.5530969290622452e-05,3.124009828219975e-05,0.023553962619861066,0.08646847850317123,0.2839343522015147,0.216973129380265,LCO,13,10
-97807.54096739381,2.1605701650138167,0.04631310662849188,27346.21475432528,-0.7325541203596799,-4.067445879640331,-0.3530626338733426,0.37718536725698004,2.5991103492773242e-05,8.30020510441216e-05,1.0907027712037186e-05,6.231864413740617e-05,1.2881840326918407e-05,0.05161573947956403,9.879667335625083e-07,4.7609106727016396e-05,0.012735186471414073,0.011918580923779048,0.36719630066847536,0.19782248453440301,LCO,13,39
-16209.053661949109,2.1583972983358217,0.2934846663862177,1415.5616714893342,-1.9935306705670186,-2.8064693294329928,-0.3418530688922663,0.5192056108059714,1.4205868543665226e-05,5.4469388616854554e-05,1.774740895725816e-05,4.4881022665787236e-05,2.5238220266491246e-05,0.07946640846542179,1.390947644906823e-05,3.7482709294299515e-05,0.004440444263793251,0.12300275202797081,0.013402286911722888,0.45174189216804006,LCO,13,11
-563082.8137913677,2.4119755728119485,0.009692030382159423,411375.2695286296,-4.406904200051358,-0.39309579994865373,-0.007682871818826542,0.24366382028391137,2.3323863347413993e-05,0.00010841694501954332,3.374428609616043e-05,5.9173563761542126e-05,2.8681541800467994e-05,0.09935791498067076,1.9978357574726814e-05,3.112062205447152e-05,0.024664485222085884,0.21940196726989974,0.11399833812742344,0.5889168227838504,LCO,12,98
-199796.2499507194,2.2196445773285616,0.257665045816093,18276.513362223926,-1.9280323524776009,-2.8719676475224105,-0.24150360021227402,0.21080989318390497,1.5883047315265252e-05,4.0669932568391765e-05,1.1402559946354233e-05,0.0001335193722506431,2.839222408943111e-05,0.07972647274233868,1.8332088686338092e-05,2.4243785245126783e-05,0.01665228030164619,0.09331220052196276,0.3770376087128935,0.21814659055286978,LCO,13,10
-151392.2736793061,2.2997036902349692,0.21287062190047346,18193.569361342823,-1.9401438816091883,-2.859856118390823,-0.5613500877723272,0.41658989383389106,2.9431382082003575e-05,4.656791610506355e-05,2.6639750243160898e-05,4.1523508012673387e-05,2.5057688141468224e-05,0.04226684841889074,5.497117959425208e-06,3.9240101322092674e-05,0.02202724700341078,0.13861585685045033,0.08096574310031229,0.14906831227691025,LFP,13,11
-125574.91664503934,2.648672171491579,1.9400896152718587,7343.182776233669,-2.477856730251567,-2.3221432697484445,-0.01120183062021618,0.35909140161175784,2.654762781065487e-05,4.0945301819581814e-05,1.7103550051770234e-05,5.348714830727993e-05,2.8128558471188313e-05,0.04007031338598274,2.546856642198521e-06,4.282649560497969e-05,0.019945202724824064,0.39803166906377263,0.4771464490710121,0.04362005124499915,LFP,13,7
-263725.31309689773,2.2251876021430377,0.047878359897934916,50117.61457070309,-0.8598433196045292,-3.940156680395482,-0.5652084823179169,0.2852933134891037,2.8114806178548935e-05,0.00011065189409238611,2.708902938898705e-05,4.112242670884723e-05,2.5066901241298506e-05,0.08750580585245771,2.082573276816975e-06,3.915299850401724e-05,0.015414842870091792,0.08046936405855541,0.037757766837615864,0.24656438678591197,LCO,13,27
-29850.55170113258,2.599415315328179,0.5500350598330417,1482.6962083926383,-2.100620845372511,-2.6993791546275006,-0.37420367763064677,0.5150063998958193,1.4543395486971105e-05,0.00014569316048569918,1.6114805389993367e-05,4.391505287966822e-05,2.5232501813993874e-05,0.08203477746819796,1.4085415050763074e-05,2.5011862682879137e-05,0.004492916068063194,0.08612764533419272,0.013337410077873063,0.4563312669572875,LCO,13,10
-238886.54814417366,2.3951193881754156,0.19430828415657264,21528.56728760077,-1.7221486635319891,-3.0778513364680222,-0.21723796614838775,0.23944249652405458,2.857475213672978e-05,0.00010136776740885061,1.0899957092000964e-05,6.259127618858879e-05,1.2850966540977727e-05,0.08101247775166102,4.989041038508712e-07,4.239143336755923e-05,0.01659900328402074,0.0718286304143026,0.37877962671930665,0.2621537767180031,LCO,13,12
-86641.22303381922,2.199109210994886,0.010471979715893944,83227.857895175,-4.249911364885804,-0.5500886351142071,-0.2305741188279492,0.3631337080178805,2.3918117288922373e-05,4.15855131753158e-05,9.760590494417999e-05,5.3012953659589727e-05,2.0894914438497173e-05,0.08379833588320754,1.1504675413424354e-06,1.9995619106388582e-05,0.013070531426470655,0.16731074586528466,0.5120293526925993,0.020085782614166922,LCO,12,76
-146439.49991334198,2.134014515171319,0.024578400083256607,45052.57558595526,-0.9949310577302342,-3.805068942269777,-0.604887938737819,0.46333650353246436,2.9978986336051493e-05,4.588419769683735e-05,2.7091911806551383e-05,4.154959946333982e-05,2.507104342260806e-05,0.04196916454036641,7.010590060594656e-06,3.9281326561346804e-05,0.02208229931449697,0.1387035816743916,0.037687099759079565,0.14872137982870987,LFP,13,27
-42461.20646605043,2.6401379581585678,2.873390086003456,1996.8087545941414,-2.8494967906748556,-1.9505032093251558,-0.43765202668488157,0.2836163067019176,2.809893277851574e-05,4.582891067184365e-05,2.6442973420819016e-05,4.152361193837054e-05,2.5057623153805437e-05,0.041029764084611536,2.0567297663984463e-06,3.911166062060609e-05,0.012508526592556742,0.16322974475179114,0.08179975492043899,0.24731847364288834,LFP,13,4
-289722.93710952764,2.376152934366043,0.20692788757657027,27000.80839974515,-1.937950266022284,-2.8620497339777273,-0.43258184535605,0.41693083905713124,1.3639196901545601e-05,0.00010236072606268342,1.0042034778273231e-05,4.76590486658188e-05,2.3928132242341686e-05,0.07982047370752324,1.792722756696061e-05,4.9133215054700534e-05,0.018555793897137334,0.1044102728231115,0.2436773914145468,0.14933049040629176,LCO,13,11
-70485.49025808068,2.3824117511719374,0.3202340108581899,8675.020160189859,-2.097705586705999,-2.7022944132940125,-0.41514444554152785,0.2836162176730018,2.812185110436465e-05,0.00011143007737358731,2.643614427397777e-05,4.093469843945876e-05,2.5053597000516702e-05,0.0883679436265961,2.094486889913717e-06,3.9092172869275004e-05,0.011385924421523013,0.1645980237541741,0.10257878888977967,0.24767874181451843,LFP,13,9
-85751.32002389716,2.3047578646693245,0.15984827665424156,8726.805076473827,-1.732189227121438,-3.0678107728785733,-0.08013018310422404,0.22369891245717144,2.8580349827941823e-05,8.72545036258241e-05,1.088999518719755e-05,6.322350323473339e-05,2.9139373119453276e-05,0.07829193143857748,2.13904328160358e-06,4.3955406469380915e-05,0.011380071234852327,0.07102886355767288,0.5097716258449183,0.2690693274931848,LFP,13,12
-77072.3480549448,2.2043912040070315,0.05414233994567401,23643.60166779557,-0.9692981205077231,-3.8307018794922882,-0.5050703578672214,0.28530201710005626,2.812222754816183e-05,0.00011118442678760492,2.7106090548673737e-05,4.111353821843177e-05,2.5057540275313424e-05,0.08952545262906444,2.0830164348444646e-06,3.9171508297470976e-05,0.01125408382402188,0.07789715485300243,0.10081835482013661,0.24621413245963955,LFP,13,24
-277093.19498223515,2.4296398619306685,0.1970248513489571,25390.825808466212,-1.9315201850689405,-2.868479814931071,-0.49723654583280075,0.41693339626077125,1.3459554213945726e-05,9.88001454782589e-05,1.0048873855884493e-05,4.7369320033450275e-05,2.4918723001080562e-05,0.07995514107510882,1.6474728988902214e-05,1.540869082980901e-05,0.017840430202012366,0.08103619795177372,0.20244126293094628,0.14928599328447933,LCO,13,11
-102812.27756780738,2.8215183496213614,5.4928629807953735,3303.705452603826,-3.0093435103325774,-1.790656489667434,-0.46220612654495197,0.25554177744419326,2.809865932943024e-05,0.0001530047312063512,1.1973904995513886e-05,0.00014903508879553462,2.913719161324732e-05,0.04097926532510233,2.012927808140298e-06,4.717669263098921e-05,0.01710002161401553,0.13302675238257977,0.11262743318899127,0.22213968788347704,LFP,13,3
-433469.67105176405,2.39291560731526,0.2406553146453334,41857.33757459444,-1.993630837146128,-2.8063691628538834,-0.05439929032545654,0.47906251439080444,2.8083376233469105e-05,0.0001126336125294975,2.6521568974521888e-05,4.075480341735223e-05,2.4913959661489452e-05,0.08929861337876567,1.99640921339534e-06,3.86733813569155e-05,0.024124611340718527,0.17832165249176174,0.10285748733323308,0.5944215698495486,LFP,13,11
-80796.81027770812,2.206062018722608,0.04203380016871612,26302.360301342607,-0.8401960863085733,-3.959803913691438,-0.5014094523290851,0.2852893028167942,2.812408633598723e-05,0.00011064088627181897,2.7088974977008784e-05,4.110940577392233e-05,2.505335707614601e-05,0.08963370573457569,2.082384464395363e-06,3.917991041550291e-05,0.010955047343541224,0.08053671713430896,0.10147495057747702,0.24657887995912897,LCO,13,28
-15578.86096632043,2.1248157136380668,0.011656125048905402,5262.895892967988,-4.23400870183886,-0.5659912981611512,-0.14164964887509235,0.22073616663677748,2.8600169451969353e-05,5.5080594812893805e-05,1.088732692039741e-05,6.399082270681815e-05,1.7909549180027003e-05,0.0782851171367888,2.1400040164712853e-06,4.395237186454616e-05,0.004002156509799423,0.14882584912603017,0.5874785926645015,0.05204590933437599,LCO,12,62
-137494.96834542858,2.318058794897026,0.038835651851900674,26465.25209816717,-1.2372319720954437,-3.5627680279045677,-0.15028462931192133,0.23089850448276888,2.863158117343082e-05,5.9929877261404485e-05,1.295009871072552e-05,4.053956552051885e-05,2.712108554433673e-05,0.07735089007062397,2.045700735260431e-06,4.235600670481358e-05,0.016527795140118533,0.07115210903000278,0.5310879305347042,0.17747533112337174,LCO,13,18
-462954.791438481,2.2971232335264937,0.07396367871786629,57164.278971518834,-1.4584925252485732,-3.341507474751438,-0.10137530574927445,0.22377360443040994,2.299311849576495e-05,8.713473762190648e-05,1.5037236935050246e-05,4.016431390233221e-05,2.8614138402882634e-05,0.09675142764352998,2.956065538089836e-06,4.1456993209847134e-05,0.023305952660469736,0.07684870088943722,0.5096401647278865,0.24213582863340186,LFP,13,15
-377593.7489798295,2.6373505437595286,0.11210010924604674,32613.195212984767,-1.7989106703341164,-3.001089329665895,-0.28447847294356,0.21033929779309107,1.2381828581065036e-05,0.00014217218109824033,1.0009412401674252e-05,4.710703731360116e-05,2.2494092428708135e-05,0.08035114116400482,1.5786441274225244e-05,1.573571828954305e-06,0.02065015664081449,0.010925387246192853,0.33758900020171023,0.29700713960853703,LCO,13,11
-23767.642783842537,3.235040013878897,6.706078810313448,887.3861515528248,-3.079714607842803,-1.7202853921572085,-0.010855084046175856,0.2802055643785741,2.646481564998647e-05,4.079710080726912e-05,1.2689394677228868e-05,5.35857331803631e-05,2.8114089327930434e-05,0.04001076077506415,2.692906243587672e-06,4.959920615984388e-05,0.010523533525807923,0.39862746226012646,0.4771474554976448,0.04336999819605291,LCO,13,3
-319200.27119981626,2.098048338257118,0.010870585121970469,235749.44573336752,-0.5141934556897851,-4.285806544310226,-0.2559400121247227,0.24288736749698775,2.6574013396184098e-05,4.391619562415688e-05,1.0650150159332422e-05,5.360423814997285e-05,1.657090127303712e-05,0.06350272467911747,1.4457869994909412e-05,4.943936217640033e-05,0.02347604171945324,0.07614742104581379,0.4387105842936847,0.15920198253577894,LCO,13,90
-44279.50248124682,2.2179580627751436,0.053364632766919606,4059.941881303083,-1.5145771245699677,-3.2854228754300436,-0.5555236190069583,0.23018400072652365,2.554733040965396e-05,4.149191097665754e-05,2.9121077065161213e-05,4.1104552610893004e-05,2.5570523716791946e-05,0.08953025927801124,2.1270321140992803e-06,3.907843510634269e-05,0.0063020919352273636,0.07723409193676789,0.09798540560806786,0.19925688344820594,LFP,13,14
-277032.68856951006,2.514019385033766,0.5468782774567592,20596.56770432518,-2.3576415351089537,-2.4423584648910577,-0.5555231778593207,0.5052271288683363,1.3548185381211829e-05,0.0001023852361245164,1.0001077075346105e-05,4.2799097003286556e-05,2.241680406532768e-05,0.07982632227111555,1.9518468821325523e-06,3.925201513186287e-05,0.01856458727430115,0.11897660893036899,0.10640445959262834,0.14909575361768201,LCO,13,8
-24680.651528126415,2.629534908259896,0.09714672987497538,1083.5519099060748,-1.8441915636031894,-2.955808436396822,-0.054876238507207575,0.2753939237916324,2.5398650044913608e-05,0.00013637714471237557,1.002160970463339e-05,4.74769170481469e-05,2.621279221452972e-05,0.07941507015669835,1.7962173584265832e-05,1.4856220639903288e-06,0.0040828008678922435,0.010251061769536812,0.3381397440899702,0.5267329556332854,LCO,13,11
-244407.01403247908,2.2679046038722688,0.05953005644886446,36901.702556994096,-1.6018511943630642,-3.198148805636947,-0.5966523101404879,0.3634627178974256,2.5588107747226363e-05,4.044074207328689e-05,2.2551168916085924e-05,4.2694187928318565e-05,2.1179699544463313e-05,0.0936050675165597,1.859788786528459e-06,3.915185574804591e-05,0.018364785864891157,0.1612976847223053,0.11096423920402625,0.06108576593318066,LCO,13,14
-359001.21544708766,2.457921332042077,0.16664637772045965,30095.56433089989,-1.922492170864082,-2.8775078291359293,-0.45124189555659117,0.38913504268727134,2.8238338819330895e-05,0.00011310988422320856,1.0019410565865424e-05,4.2616399112206954e-05,2.517882471439251e-05,0.08047450567209523,3.500394738366377e-07,1.541771160624633e-05,0.020058933433569334,0.08018030760767,0.337765123823257,0.060812673012481874,LCO,13,11
-317776.8052582892,2.623720586237438,0.008579103302880859,250169.98287082254,-0.5547672560244123,-4.245232743975599,-0.7933792532500521,0.20418860342027,1.2500150263328334e-05,0.00023674252051136005,1.6391257135661138e-05,4.1857709584818315e-05,1.602631370342261e-05,0.0956959091936674,1.1494672232459756e-05,4.726113696648891e-05,0.01569051073558891,0.03621074776133888,0.06064880954233383,0.03976118944627527,LCO,13,97
-134812.73427151912,3.1672297334265744,11.110896446752719,2024.9919599209463,-3.4103701187963082,-1.3896298812037031,-0.3121962837900655,0.24349954827514753,1.6410439401943196e-05,0.00012393525435164536,1.0245063288581176e-05,0.00014940510960067052,2.9123383552713284e-05,0.04061022790801792,1.3506407460653973e-06,4.9848452833667476e-05,0.023781279112472426,0.1333067586334608,0.37819943197154243,0.10629752560493137,LFP,13,1
-235722.16777397273,2.258410388145028,2.1320665303751634,13657.764197418033,-2.444064375287134,-2.3559356247128775,-0.6876848167394104,0.2121598733508841,1.4141260224544511e-05,4.6568360771194825e-05,1.3031448346649785e-05,0.00013512783493531855,2.976470029847176e-05,0.04221837543159694,1.8285114760657925e-05,4.8461295267303137e-05,0.023495846414549222,0.010958326738382523,0.08925976116660743,0.14209709535559967,LCO,13,6
-189719.70333087287,2.2454513948876915,0.18238473645525544,18341.865808177263,-1.7303751612004277,-3.0696248387995837,-0.09928369061420228,0.2308125222564454,2.8574518948170566e-05,4.177594246608329e-05,1.0871367825908854e-05,4.0103230573117774e-05,1.7511429636359715e-05,0.08267558639592382,2.7258120632226236e-06,4.239145827671416e-05,0.016600899801908355,0.05983842486962394,0.5953633617171545,0.17551452279901925,LCO,13,12
-632220.2468935717,2.799328244836143,0.13190335633008735,190842.9873496074,-4.753289096517136,-0.04671090348287521,-0.04598027303563068,1.0346934433204824,2.518740004214849e-05,0.0002271745403099648,2.357034746831202e-05,4.0728895842946706e-05,2.344821327494813e-05,0.08927579724469759,1.7553212012005133e-05,3.393763665705367e-05,0.024275810128430303,0.1858383195434672,0.10202128007391408,0.5961601273469881,LCO,12,49
-35471.27695380229,4.135676927028729,19.157319732500547,1067.4422317549793,-3.566413275873593,-1.2335867241264182,-0.1668750010053297,0.5197920912651136,2.813616657429308e-05,5.460742756761284e-05,1.7355460370617102e-05,4.152219813282611e-05,2.4981754796396423e-05,0.09443919915730963,1.4111441689059148e-05,3.671915888987289e-05,0.012575443882349335,0.18195728574718079,0.037717809756599927,0.5434499034908896,LCO,13,1
-91510.60005645525,2.2009715946333572,0.0105527379830756,96716.82845879029,-4.204623954482955,-0.5953760455170567,-0.4074110157848254,0.23527025551696557,2.722699384684029e-05,4.630113729588956e-05,6.996050635306266e-05,4.001647485403062e-05,1.915686204293956e-05,0.09537070679985424,1.2454811389398573e-06,1.978531479391909e-05,0.013070431949013537,0.12127648060162857,0.3809883634113313,0.020324140202214687,LCO,12,76
-288567.410505024,3.047923634057621,9.52435238004934,4912.461707480598,-3.3629836497301824,-1.437016350269829,-0.5607059603246219,0.20835935762948143,1.3431265905447584e-05,0.00011037613939373004,1.022140971028208e-05,7.076249295802391e-05,1.7805626706001245e-05,0.09006099150846866,1.6974195324919064e-05,1.4299406695143589e-05,0.023747011337976194,0.0575743977428955,0.25104653743286787,0.0606731044996147,LCO,13,1
-417382.28861951485,2.328827624256099,0.051920166907739304,69335.45996525808,-1.3548045782728977,-3.4451954217271137,-0.27559350437213137,0.2065388825316472,2.42489439773807e-05,4.5200666675497265e-05,1.0647945192252044e-05,7.127816796601366e-05,1.2583164026211404e-05,0.09664618507288805,1.4524053919918193e-05,4.858195154875651e-06,0.023750962474364985,0.05957963492250092,0.5297686840500867,0.06505817665528102,LCO,13,16
-758681.9433380589,2.5092470658070836,0.01999464403900921,283035.202257937,-0.49254112037710485,-4.3074588796229065,-0.38315722976078104,0.2755493837821573,1.3558091536945554e-05,0.00018265948808075046,2.034953090999336e-05,5.575864187566421e-05,1.2585954401623591e-05,0.09914417767726098,1.2938429220699078e-06,4.863418971539103e-05,0.023533725429290133,0.1422584822489258,0.37812392593393085,0.026460362056362326,LFP,13,55
-206148.99347185745,2.327691698721326,0.010471251093713774,123475.01563060017,-0.3822386923293877,-4.417761307670624,-0.2062910729826014,0.21754559048175776,2.302427645433932e-05,0.00012835793144783204,2.679882129087257e-05,5.9608189157598455e-05,1.2533970907822591e-05,0.049784177049521774,7.282329447777888e-06,4.710911515053272e-05,0.019408208238598332,0.05308592200018375,0.5930094791520948,0.07761352586512008,LFP,13,79
-169796.90647719605,2.093207301464235,0.00889346943471837,174592.68597629666,-4.38475062814841,-0.41524937185160127,-0.5114717359240828,0.2102603497618303,1.6135960154506114e-05,4.135646150143891e-05,1.1433198876784277e-05,8.969891597854323e-05,2.224206529829556e-05,0.09042081219695497,6.386188374884795e-07,3.245622221215371e-05,0.0156564715066357,0.0164726574130268,0.3576116370388449,0.04444396962404554,LFP,12,96
-88070.77417277856,2.0916626540365906,0.00977595385679946,108009.93549740137,-0.5647672693108916,-4.23523273068912,-0.21491813716843855,0.2386150840695817,1.2079385003212744e-05,4.225166143966629e-05,1.681224029634407e-05,7.392205327052346e-05,1.2851489762806178e-05,0.05155056352536745,6.16368155596545e-06,4.287195788266036e-05,0.016088658825172027,0.08216471189387108,0.06395988982512384,0.5689572611125666,LCO,13,96
-135957.1002043108,2.2243485177984694,0.022788457907457663,54141.286396312295,-0.46758728911059677,-4.332412710889415,-0.47129857151591414,0.24504707159996064,2.4698387317153982e-05,8.898293257761453e-05,2.034175568513032e-05,5.2354659855247334e-05,1.2544002501505116e-05,0.05798940755262175,1.374015025865918e-05,4.844397535647419e-05,0.01384879711014019,0.019234742984492473,0.3617413639195447,0.07772532158004872,LFP,13,55
-330852.4035955685,2.238049416761256,0.038358816459746196,105087.03234907746,-0.7000110668911219,-4.0999889331088895,-0.19780793841343092,0.30040781673766664,2.033813904467955e-05,6.463781009073943e-05,1.2741396541115793e-05,4.301948809772035e-05,2.621142469505157e-05,0.0871953665580254,3.4755799705975824e-07,3.095754845041758e-05,0.02035216123761545,0.01513359207385774,0.5325551744003976,0.18450329511231373,LCO,13,39
-173493.2395805208,2.350593542936354,0.017148697939145214,115092.98179685907,-0.39968942937163376,-4.400310570628378,-0.45250729044941573,0.32570346221661967,1.6561501698598606e-05,0.00012069266837425117,2.905538386777048e-05,4.335644540824891e-05,1.7541215146963145e-05,0.09324200811007026,1.3989960393163677e-05,3.874931491098509e-05,0.013133091227005275,0.036713649686450925,0.4024258761099634,0.038353183754170045,LFP,13,78
-86821.98418737107,2.641666275598235,0.08995280912069964,14789.32005158425,-1.4319342554434797,-3.3680657445565316,-0.5083715080471338,0.21720050925856732,2.2981113221190045e-05,0.00016615690979338032,2.6542224058115913e-05,7.297000087596796e-05,1.2516767894013242e-05,0.053837536070735506,1.2563055826147502e-05,3.104066575862149e-05,0.013833264286152915,0.05301889852800147,0.291275075188583,0.07733451823628174,LFP,13,15
-111604.77332878746,2.3680177981744484,0.08005407792798476,15433.574707614262,-1.4245570246067416,-3.3754429753932698,-0.3746297966997324,0.22487943338743321,2.8127347192417913e-05,0.00011607906921099166,1.3824148730827837e-05,7.346537549246626e-05,1.3226380172725652e-05,0.0538336423113225,8.201146710351234e-07,3.102470492699096e-05,0.014817526158906231,0.03327990679874938,0.2906875746814874,0.2314027218200309,LCO,13,15
-353403.2358606027,2.612392647097013,0.028419365136770736,89871.30827992188,-0.7230700938911312,-4.07692990610888,-0.001887824889502343,0.2753531396587311,1.3673199930244043e-05,0.00023479794460731456,1.307895214981845e-05,4.264168655933075e-05,2.6215017314315897e-05,0.08153830669597814,1.3042852766092686e-06,3.088572855397438e-05,0.018967459123687885,0.1968722615134512,0.5367399436759874,0.1944999699210591,LFP,13,39
-47095.142137333336,2.0684744109348694,0.010591255721122099,47972.61994099079,-4.17862544839835,-0.6213745516016616,-0.2951143953041916,0.20406721346297715,2.1528717442925708e-05,4.456342307790507e-05,6.966481993678718e-05,0.00013652138772515606,2.5756130168585612e-05,0.09348388158430336,1.1728079743077715e-05,4.737438490992959e-05,0.009374247072101166,0.04739970673483297,0.11831731758048578,0.4691685803804897,LFP,12,73
-139868.35973421665,2.6017216845082265,1.8711845976331805,28600.041849899382,-1.3302863621292005,-3.469713637870811,-0.15059408301205457,0.4251554237432962,1.646015715927511e-05,0.00020760403748800636,4.338504754066172e-05,0.00013147320513446902,2.6321789597831523e-05,0.047201383824215966,8.395159203403957e-07,4.031681111246772e-05,0.019349488160190532,0.1972827958330896,0.48260100693184876,0.09952211422300722,LFP,13,19
-100935.02605325493,2.208958889218512,0.022804109238357215,34132.388524963375,-0.6438097414743993,-4.156190258525612,-0.45872959800233803,0.2420540973717481,2.3610732240460502e-05,8.944051477446199e-05,2.0039095386622282e-05,4.832532436362703e-05,1.2167243967283218e-05,0.05149515412473323,1.8135804529396755e-05,4.149467284753688e-05,0.01352882695012463,0.011730391332803368,0.3530392058209101,0.10650080484394861,LFP,13,41
-106209.83642386078,2.7618256382936686,0.06066556610220556,22555.65083873009,-0.8709618294956485,-3.929038170504363,-0.2396789542561949,0.30124360982078696,2.732830423148161e-05,0.00022268247206600088,3.243788463283853e-05,4.165507648795686e-05,1.3059917481344941e-05,0.044703495794108816,1.9353237995041756e-06,3.9453073114746655e-05,0.014473642947810738,0.010232013823146053,0.49549946876689827,0.18458956315376082,LCO,13,28
-187534.59491984808,2.261366193442229,0.016813038562763026,145383.47727335893,-0.5917365088560089,-4.208263491144002,-0.5364453492277249,0.375579183634335,1.2026878179868361e-05,0.00010257519080055194,3.4126288316167366e-05,5.5741130334322464e-05,1.2173818040159507e-05,0.06075904498962874,8.431475285173237e-07,3.979514002679596e-05,0.015721950769048056,0.010486020210958534,0.33953863614369806,0.04352999441761854,LFP,13,99
-34335.41167269459,2.1984244311966092,0.011473036187603564,50903.668632180066,-0.5247600897646194,-4.275239910235392,-0.3480361810630178,0.26979017343989065,2.265001152599001e-05,8.165875762947893e-05,1.2337260873075677e-05,7.962836425978547e-05,2.222921406370765e-05,0.0952973582921695,3.0368236937939103e-07,4.38131786384964e-05,0.008283681079377875,0.2362141825539602,0.10873976077900803,0.237009875604014,LCO,13,91
-147766.99567398167,2.795611784381367,0.1463703850975714,33932.18996094824,-0.9513706923666092,-3.848629307633402,-0.5220886194969829,0.408702313169891,1.8291204954829284e-05,0.00022316546268618773,3.24206603379039e-05,4.394250588040832e-05,1.2169325981472977e-05,0.060901083044659604,2.456132770861088e-06,3.9798210802251374e-05,0.014470959771425812,0.010111715057145372,0.35955351141175185,0.03824615403411995,LCO,13,27
-276584.2443126879,2.117155421308671,0.01658395891944408,190810.16025814018,-0.585807934694607,-4.214192065305404,-0.17096365522089196,0.31281377540795535,1.2427332886019908e-05,4.309598968939725e-05,1.6663179969175324e-05,4.2029225651033076e-05,2.1139195373778227e-05,0.09482574485906693,1.9576765200075704e-05,4.271453467449078e-05,0.01638978708848121,0.10300029747596226,0.07997922658556644,0.5760568207175794,LCO,13,97
-127418.25026666308,2.3146832619455537,0.009157989872693059,100526.89114677272,-0.5533697922304981,-4.246630207769513,-0.32222793530220706,0.2077874987919715,1.6047050060530693e-05,0.00011321040006384999,4.199378754877379e-05,5.980810688994279e-05,1.2936809941320136e-05,0.044523639084708674,2.5324675748378674e-06,2.9431943251457234e-05,0.016196835702274315,0.012614834926974784,0.5532240865443763,0.04193314322644197,LFP,13,96
-131903.247362227,2.2022629912197424,0.01434850593420078,124188.21690792424,-0.5724210937808536,-4.227578906219158,-0.7013801981379177,0.3684415608087722,2.816254168381546e-05,0.00010135377281100481,2.3087819914950456e-05,0.00011091058485350054,1.2213410031686774e-05,0.07632534459616183,5.666796321876476e-06,3.478980008579971e-05,0.013104553220229118,0.11658509344823917,0.03303354361426762,0.07900116479957547,LFP,13,95
-159073.96573309402,2.2845269978866876,0.7358108451853804,58344.495630413905,-0.7263958585582273,-4.073604141441784,-0.5215510818547053,0.3947169918257562,1.4338832828680403e-05,6.622919010009058e-05,1.8458226991188797e-05,4.4152572871495345e-05,1.2166546584989866e-05,0.09978508162875183,7.4519710137659284e-06,2.5178708337311493e-05,0.012439267882277295,0.011662887883031287,0.28787063412629277,0.10891539613597072,LFP,13,41
-42555.49242643414,2.6035082768770836,0.11531341596725164,8100.163585011345,-1.4495140707795287,-3.3504859292204827,-0.20854083855439665,0.20590719033239158,1.3145649801691467e-05,0.00015471148313991163,3.7369023247835414e-05,8.238277830331483e-05,1.7549810099911636e-05,0.09179287894247251,1.3986300691382615e-05,4.546767171881414e-05,0.008217219410797078,0.06967761212550376,0.586674144792853,0.06510740452724678,LFP,13,15
-98371.12185175762,2.7686645898911215,0.09453539716390377,14680.527153826963,-1.4360194892787135,-3.363980510721298,-0.49196632045498306,0.22846177048478897,1.3359286725565759e-05,0.0002118422240302323,1.8447003942395724e-05,7.305196104011441e-05,1.2165817221286573e-05,0.047368110007761914,7.443078946112844e-06,3.3769776853782855e-05,0.014468930478475658,0.02726301647900112,0.28784694375793063,0.12292371930808522,LFP,13,15
-12169.67616625223,2.233930025317793,0.011531194359186012,9047.689123705593,-0.5706324718585094,-4.229367528141502,-0.09294484940567294,0.27499575499085077,2.844470530507307e-05,7.780316852909666e-05,2.828664768873817e-05,4.8386772217316785e-05,2.9583201456819052e-05,0.07573782330867937,4.872462501030275e-07,4.77151933012002e-05,0.004163627446400655,0.0532226090437853,0.5743619300090174,0.20947061154152452,LFP,13,96
-483493.77071752993,2.552283305699819,1.2271796981354,48016.53117069623,-2.295970164798433,-2.504029835201578,-0.4239223696852794,0.7876762791795352,1.3681358281010256e-05,0.00010345773132637776,1.0689050022212914e-05,8.430901816788059e-05,2.7250544054913715e-05,0.09467247255123873,1.7936407760942737e-05,2.3679515963344042e-05,0.023700312278168805,0.08567543644315406,0.3029581868934488,0.11744400697811776,LCO,13,10
-208486.34988670587,2.226786873821161,0.00858076717057167,227419.6634733261,-0.5412458738908796,-4.258754126109132,-0.8140909038604072,0.20141025815933583,1.3224400675395378e-05,0.0001261395988424169,1.1399638386302134e-05,0.00011107465913637508,2.2615649559327278e-05,0.090313074894557,1.1689882409728023e-05,4.7758260699583265e-05,0.015690718347305763,0.016171086646990688,0.060014588880227926,0.039723420612374216,LFP,13,96
-101899.51566495973,2.317862951508055,0.7964577911201939,11109.726517202727,-2.3131927309709255,-2.486807269029086,-0.22720361296657665,0.3742719076165241,1.834512793629209e-05,8.124485116250355e-05,1.1449350534581378e-05,0.00012976797206513065,1.7568653275320993e-05,0.09323444767194397,1.3986551197472652e-05,4.856323065269099e-05,0.013273426365774967,0.1337130678378084,0.5206725521136761,0.0484107670819388,LFP,13,8
-41829.35691385431,2.3233903198724977,0.0377171043225187,14145.689253307668,-0.6657649600632993,-4.134235039936712,-0.544742960943783,0.21125284116083454,2.7531612572915134e-05,0.00016988883668559782,3.14504878274918e-05,0.00011375381768066964,1.3726855748655955e-05,0.053803729313777394,1.7113835062369595e-05,4.9419717152773685e-05,0.00866313751027549,0.02665968723853307,0.2932691975270362,0.0653281542906477,LCO,13,36
-555045.4555813982,2.29262049712067,0.013123226488188746,294153.5470520955,-0.32606731038967496,-4.473932689610336,-0.5520456485207912,0.20804251401995125,2.9700737471857518e-05,9.068439908452908e-05,1.060965678335091e-05,4.976793579251336e-05,1.2584608974411464e-05,0.09732882337931115,1.9500708828471324e-05,3.362722291630225e-05,0.02261101418274391,0.02591384885450713,0.278440885560907,0.07359961706379466,LCO,13,67
-225327.2248700414,2.5956119406675553,0.1040269916865938,55594.57978905932,-1.1912026430722236,-3.608797356927788,-0.3503084486510186,0.3963100604043333,1.4172179151546085e-05,0.00010740797590639606,2.5612625263560835e-05,0.0001099800913114642,1.258643000171464e-05,0.08926650103016559,4.053666901427505e-07,1.574653893702757e-05,0.017953330036576853,0.16158752937285797,0.33969453023317764,0.0784094917429458,LFP,13,21
-197374.938310526,2.3824036951205345,0.0016401776894040237,175964.15371040482,-0.5641430227786941,-4.235856977221317,-0.45565333920474815,0.2106097081476247,1.212694945155641e-05,4.295904882483696e-05,1.673353942867803e-05,4.273040522172359e-05,1.9584430143562493e-05,0.07659464128634277,1.3370685684826693e-05,3.5868310152503563e-06,0.016498758207278225,0.08050209042682734,0.24870658304058016,0.1451379873278444,LCO,13,98
-99885.0285279987,2.2286475627944187,0.02232512957201168,42003.835810968885,-0.4361263740698931,-4.363873625930118,-0.5980326767703537,0.21939990640255044,2.3628435717138305e-05,7.738603036206939e-05,2.39893428223238e-05,4.627911031275712e-05,2.0016740513347378e-05,0.04823066953089013,1.2090305096988236e-05,4.891393938321902e-05,0.01316802828619747,0.01062093561589916,0.2736554170624772,0.04769097055127006,LFP,13,56
-317349.2019608384,2.273402953389728,0.014444530872805696,323547.80167745263,-0.3762260591152966,-4.423773940884715,-0.5886511576652351,0.2756769057871764,2.482991885529947e-05,4.89388221569971e-05,1.1280430766745178e-05,4.033742365853005e-05,1.6627842580845632e-05,0.09065061405505932,1.3060990013405464e-06,1.5741465315173485e-05,0.0233196830397098,0.1330105997083637,0.18283041869712338,0.025507823929277786,LCO,13,78
-133086.59485262173,2.2379358451907185,0.02007777684816609,50330.82125968959,-0.42158210530548956,-4.378417894694522,-0.6047343226537252,0.21884877375716538,2.3625790818625562e-05,8.898332274487377e-05,2.56828481673708e-05,4.0628413032026507e-05,1.2049711100343622e-05,0.0481362500170188,1.2056968135618488e-05,4.8443680226820546e-05,0.014170430258060933,0.010542953880286475,0.2350411777004362,0.07968154576555216,LCO,13,56
-103009.22578413159,2.4756432061955675,0.09691865392976211,11666.35038438146,-1.459266481861512,-3.3407335181384994,-0.15407777887080898,0.21438080479845864,2.1136170219163474e-05,0.00012746694529195492,2.106719150184106e-05,5.9139442266476904e-05,2.191590113356429e-05,0.048678669894518856,1.0958836713773393e-05,4.5558222036166905e-05,0.014125799481970704,0.09235762951542026,0.5939670394114356,0.08959755220233523,LFP,13,15
-688085.2575070437,2.6710720595262707,0.01677316935951805,442457.30117511045,-4.4309461770080745,-0.3690538229919369,-0.3336228012606438,0.3918644115772896,2.7380525223527893e-05,0.00023251860051667873,1.051444520706534e-05,4.220318990475907e-05,2.4692973975179554e-05,0.0958192456324027,1.9767172891206826e-05,4.305056713217711e-05,0.024114321115226614,0.1378748529061849,0.05321610782788222,0.4052862380052892,LCO,12,97
-230772.71860540024,2.176060098356893,0.011474728837202635,181746.87811847808,-0.5747464911861684,-4.225253508813843,-0.25465131690044207,0.28387478159834734,1.2029937960781821e-05,8.200894915397101e-05,1.728338549199278e-05,8.235342742263024e-05,2.6502644940038635e-05,0.08528276048838096,6.218575727263797e-06,4.285821498042288e-05,0.01617052083246978,0.07278205067044051,0.12904593640497322,0.47352069602414426,LCO,13,96
-144427.84880429524,2.184449473581524,-0.01836838493154242,245077.602403397,-1.0416888320031816,-3.7583111679968297,-0.3941348518017157,2.404020907010066,1.514503290274632e-05,8.17158470797976e-05,3.524132374332907e-05,4.294458935000915e-05,1.3606060215743194e-05,0.047328492505627026,3.710812369231204e-06,4.8863228426978494e-05,0.024358076781388443,0.48148340994737815,0.025330227101365885,0.029051511149540257,LCO,13,94
-148582.87504979246,2.5826656325592596,0.023718351144743056,69592.71728960838,-0.48829343189888164,-4.31170656810113,-0.11274149954944213,0.3527870489945324,2.3366179837165043e-05,0.0002348521028752543,1.9038730379994484e-05,0.00011583893936123577,2.370811899083706e-05,0.0671652883611858,1.8110918152897445e-06,1.0362987313131072e-05,0.014803670313161139,0.03949847000209881,0.3946047011091025,0.3831553293393566,LCO,13,57
-595328.7374337924,2.2955387044394038,0.024280199517522916,265809.102667263,-4.308215820240413,-0.4917841797595983,-0.5106946659094298,0.36293918751409937,2.831742708825494e-05,0.00011616758207026165,1.6136620210984142e-05,8.596497654733633e-05,1.7171483331169323e-05,0.09734620500567097,1.3723500042934658e-05,3.2797677498891926e-05,0.02342017175311344,0.19184282538558545,0.06696822059701837,0.16049428810796645,LFP,12,59
-184007.448181037,2.0400357717063335,0.004414053089132998,146130.90027655062,-1.0698503152120509,-3.7301496847879605,-0.3354492015677458,2.5233929353032822,1.4707466190237628e-05,4.039234031560333e-05,1.8642302503639304e-05,6.293902219450539e-05,2.6186006248946188e-05,0.07138180358404184,1.3737202933124063e-05,4.079340744513471e-05,0.01629537575530061,0.08663376123777847,0.39720135590021766,0.1107156812942581,LFP,13,95
-662754.340213215,2.5330654575548466,0.011933443191854892,359840.76856251416,-4.3330843426250425,-0.4669156573749689,-0.2161706032671351,0.26296773470594936,2.7038628314159162e-05,0.0002101120827884119,2.5677106758791364e-05,5.049022969091882e-05,1.350273243027677e-05,0.09525227765126518,1.4333861337560995e-05,4.9400128129737046e-05,0.0232147771245134,0.13668561883252164,0.4182312619565405,0.15891251594380285,LCO,12,88
-339235.747985934,2.3412441202737297,0.009289721927669237,229340.441073328,-0.5554521499011713,-4.24454785009884,-0.26820295861282384,0.23574044394271046,1.8222192464929664e-05,0.0001400323668769392,1.625942675093843e-05,8.593706784838976e-05,1.6416595700350464e-05,0.04828630925456261,7.953714254793467e-06,3.106543976254056e-05,0.023805699924529623,0.13018250932417594,0.2259395650654007,0.30567496699759955,LFP,13,96
-635870.0372478996,2.5263786916069293,0.016300548459934238,389061.61042032996,-4.431333442281101,-0.3686665577189103,-0.2220573108068088,0.3602892643799563,2.8982683338818224e-05,0.00014954928519496027,1.0447450352698805e-05,5.4605134502383586e-05,1.7384845735890996e-05,0.08300953730155193,1.7686713589565584e-05,2.7164573288197316e-05,0.02493025142210492,0.04155142315295157,0.20697251755308577,0.4594187484871539,LCO,12,100
-250484.8842222381,2.346043823610696,0.16074410899194747,74866.63666458224,-1.2271869824105437,-3.5728130175894677,-0.6381568757747756,1.1485534557288606,1.2305159536786408e-05,0.0001135490213729967,1.7634635246188657e-05,7.692277685631973e-05,2.2062953304070693e-05,0.07184782269358918,1.1670351842386772e-05,4.621070645541819e-05,0.017295136845312063,0.02826120938744643,0.01567799752232397,0.24790391731545397,LCO,13,35
-181348.32875108853,2.101081746439323,0.021723419350378866,93624.05138436348,-4.347638169162302,-0.45236183083770953,-0.2052040535827857,0.2607219049059074,2.8102941245130986e-05,5.9593251981652764e-05,1.912481860747629e-05,0.00010429522828877912,1.4547391464479506e-05,0.07757638342686182,1.37827309302432e-05,4.9043552276548595e-05,0.017769420074717723,0.1335399702617796,0.02382086525214872,0.567435110903286,LCO,12,51
-395980.5768324452,2.2035555304359855,0.0161587381574376,243919.6302841085,-0.37461005243287104,-4.42538994756714,-0.48206833812814565,0.25576279018195675,2.733353946932265e-05,0.00010042827569075691,1.816845921866698e-05,8.593890491825628e-05,2.688005597345285e-05,0.07712158968847423,6.578517199387569e-06,4.3866987089954014e-05,0.023724289757552634,0.09079889964054055,0.28023337710852314,0.07689938512279068,LFP,13,64
-525724.1635993384,2.478009416301569,0.011970596815061862,364167.1866911078,-0.3609741938377553,-4.439025806162256,-0.44122118717892445,0.2552409660194121,2.8520417613738158e-05,0.00017048681890813704,5.3298055072567583e-05,7.710160565800226e-05,2.9015093498211546e-05,0.08630279733300986,7.100776514295328e-06,4.225683289939046e-05,0.024600681225354137,0.04258046612741735,0.03200270181321926,0.414195644880439,LFP,13,77
-209106.02974803606,2.239258919028628,0.010149906114059979,144177.26669635053,-4.200794648148076,-0.5992053518519356,-0.3192956438872179,0.2123818411767287,2.3166456812115737e-05,0.00017058737491100874,2.0867869212512512e-05,0.00014720739363359659,2.5950005691649274e-05,0.08402590908297827,1.7107194806139773e-05,4.628518079756065e-05,0.016435771522356493,0.11615791556903604,0.10434507872483695,0.3902013618189092,LFP,12,77
-288749.46420304605,2.543058956392669,0.9460248217594023,22007.107477710208,-2.5179131824640777,-2.2820868175359337,-0.37962334779251716,0.275747100060668,2.5469486234023527e-05,6.0554465396323906e-05,1.9502410441783236e-05,4.019949620374696e-05,2.1591300816600647e-05,0.07736815956905374,2.0700198671338103e-06,4.455852572697522e-05,0.024509618569177154,0.051514283921202095,0.3543494542924335,0.14451291399384736,LFP,13,6
-73456.57007434887,2.0939349729384826,0.05778257785332922,18129.60443737766,-0.9047429210637716,-3.8952570789362397,-0.7236883445260486,0.3209444629652443,2.5469402953747812e-05,4.8594162827217146e-05,1.8879681673825693e-05,0.00010148346428880496,1.586530737337827e-05,0.04852237662445587,1.1770534541430497e-05,4.3089880877127886e-05,0.012005761376450158,0.16989900613787523,0.011467998706815495,0.024944650629260712,LFP,13,27
-270261.020938943,2.6321371309705115,0.02607243400382705,97759.93379694365,-0.48473006163597887,-4.3152699383640325,-0.3969770862453542,0.3542527271824536,2.3363562788628888e-05,0.00023567384791795006,2.2207660526833458e-05,4.6991140460362516e-05,2.370870644719902e-05,0.08633015474708797,1.6380331962229738e-05,4.2676793527053944e-05,0.014752531717107786,0.03902173329084428,0.39445619063823073,0.09954498982557075,LCO,13,57
-113218.0181734073,2.145431169614142,0.031714341889776884,27596.298682988177,-4.633801690364791,-0.1661983096352202,-0.4684728657088292,0.23347703518293517,2.3806738683422395e-05,5.4744842185018436e-05,2.891047711909144e-05,4.2876017218455e-05,1.787259042180078e-05,0.09266966154806477,1.623862288268641e-05,4.7481599216364e-05,0.011692234179677808,0.036061600553828885,0.2905381737057987,0.13492736003154324,LCO,12,28
-37211.83516308177,2.1688850341206254,0.009177709879202774,42625.21163431795,-0.4083146724137947,-4.391685327586217,-0.4091547309991639,0.21091484507455033,2.6844576530201908e-05,0.00010220392078473716,4.7661753999933714e-05,0.0001112889022157638,2.9229520143773316e-05,0.0820797825265535,1.2712172950094795e-05,3.6422348617115533e-05,0.008411966316387649,0.25817045862537913,0.0751488540392239,0.18752595633623317,LFP,13,83
-49464.001343199794,2.07627258546327,0.009016587283440795,81666.11533290989,-4.380780577713352,-0.419219422286659,-0.6626671659045331,0.20439685533150354,2.9982981394108908e-05,5.535957301748281e-05,5.4459903190414875e-05,0.00012655396029097974,1.4821034503883802e-05,0.0578755569727556,8.29333067715018e-06,4.884657656819802e-05,0.012728849037545295,0.1753902368610992,0.045715953241090804,0.046226643993276924,LFP,12,97
-502466.62768340233,2.6126429142574006,0.0394489589178246,175800.45152999557,-4.484576847909629,-0.3154231520903821,-0.40727214199243356,0.26527952894863205,2.8345907702081695e-05,0.00014935307308125623,1.61182683495518e-05,0.00010046190955686677,1.2260411151124478e-05,0.09524615064021091,1.1628906677364167e-05,1.5014316438333333e-05,0.023426157863596943,0.04190277840890612,0.07857699594572069,0.4022480836529396,LFP,12,40
-184010.18804912645,2.051915362070504,0.16062776710484633,222323.45353679423,-1.2733680209635025,-3.526631979036509,-0.45142579206076994,3.461075225902892,1.427469265853955e-05,4.893507074000069e-05,1.864101092984547e-05,6.16816408799715e-05,2.6451815874008088e-05,0.08158825382927547,1.38589707671077e-05,4.07626637280929e-05,0.01822894700597838,0.04684725653231901,0.4011670617483569,0.03055988965855416,LFP,13,96
-354623.5091037536,2.542999473090249,0.010307440914212086,159640.88211735076,-0.5584164952437476,-4.241583504756264,-0.00804301799319651,0.2507033719512358,2.7676333705376816e-05,0.00018250159172591884,1.5416539752615923e-05,4.8123957427050374e-05,2.235448210453969e-05,0.07717316888133646,8.97647391766496e-06,4.601308485780149e-05,0.01702686827813311,0.16051875814675268,0.5098820348399711,0.2515561890200798,LFP,13,95
-25435.329377164886,2.122461486820938,0.04925622822646025,17459.845758118878,-0.724221405743009,-4.075778594257002,-0.13885159727067586,0.9979693501845349,2.9958685754437742e-05,5.114649483390967e-05,1.840331650894334e-05,4.764327400230392e-05,2.4316127498163237e-05,0.04052820901040452,1.9076634734443767e-06,2.5987480701162815e-05,0.00805927887023947,0.11329046273161295,0.15396573872521407,0.5238922012724971,LFP,13,95
-194155.67535207793,2.1034344039377424,0.00890764484635529,311784.0724364827,-4.380615885015814,-0.41938411498419725,-0.666381508344278,0.20430793138521325,2.8491306991926518e-05,5.47864980095113e-05,5.27745575960132e-05,7.683310419451031e-05,2.962828480547911e-05,0.09788766755434769,8.793004036154857e-06,4.805846772019553e-05,0.019765222221773897,0.1758976528157768,0.05200911832469053,0.0357117205152547,LFP,12,97
-288482.7745046896,2.097691274946033,0.009616348520692835,257698.94684923682,-4.213643001687906,-0.5863569983121053,-0.17376746537856003,0.21554905768921084,2.7184697327099004e-05,4.5810336826399614e-05,1.3782922830524534e-05,0.0001012783904965533,2.4047906821553695e-05,0.08441674556441332,1.857111012705523e-05,3.5739042637130654e-05,0.023570137442018115,0.1338141837876073,0.22175448726721692,0.40066386356661576,LFP,12,78
-138718.18815896453,2.482793312975967,0.07209944165761908,25590.39784166269,-1.431956019265975,-3.3680439807340363,-0.4697266174047357,0.20779054194569024,1.3897073166380799e-05,7.607068287346819e-05,4.719637728777535e-05,4.720589549991735e-05,2.530338392048471e-05,0.05598305093305332,1.4265843815790909e-05,6.616713852178956e-06,0.018369355129427233,0.052175792775259335,0.38061517915063736,0.02748241066936763,LFP,13,15
-677227.6682105722,2.6589606070521237,0.17836309372014053,197586.14327055987,-1.087880233130221,-3.7121197668697903,-0.08962282319537695,1.2928158266847678,2.733156972780044e-05,0.00016962346887475113,1.8519689390660216e-05,4.425746296967804e-05,1.5786304470227385e-05,0.09039050307819137,7.5669707802716435e-06,4.937303522545338e-05,0.023713876038414523,0.10114025971187672,0.29280410243456173,0.44643281465818463,LCO,13,49
-553953.283374749,2.192373307292652,0.009302769062467273,412587.363796793,-0.38229129874472534,-4.417708701255286,-0.3771486006563083,0.2007461186163391,2.115733679791015e-05,0.00011235977953356716,1.08995457047274e-05,9.982512835526988e-05,2.9415707797829067e-05,0.09885235914635267,1.5675192597353615e-05,4.810905288540357e-05,0.024306372995963912,0.11680046626492933,0.045902679400598875,0.3901482536781635,LFP,13,81
-228314.29176084936,2.27804229092776,0.05034432510837437,84785.0958323703,-0.940688295960129,-3.8593117040398823,-0.41834437809667524,1.2704077155006046,2.1109936232908007e-05,0.00010964048178266305,2.3797037972942457e-05,4.5987177107252866e-05,2.370959641957633e-05,0.0814926125224278,7.419861925344271e-06,4.7691543604347654e-05,0.01463577035760449,0.010478249120059457,0.39548560753233897,0.10569176525092643,LFP,13,56
-151158.35940995725,2.214537665772914,0.01148249998625518,108736.65526041212,-4.173488025891061,-0.6265119741089507,-0.549167642739874,0.21525826172950038,2.6100123329361708e-05,0.00011327609949836874,2.6504142271618947e-05,9.266675120955625e-05,1.5734634798477363e-05,0.06405014241873,1.4135804122940348e-05,4.015018364195755e-05,0.01643276891176814,0.2419481862178965,0.040119909269463114,0.09876426177276645,LCO,12,71
-204881.1667454949,2.1096466541293606,0.0330669536790143,67204.37008358123,-4.516058794487563,-0.2839412055124484,-0.29123739817002503,0.281935044036156,2.3156350283937127e-05,5.861331692380867e-05,1.9096424480323858e-05,0.0001042179192032708,2.599870806551228e-05,0.08410074271044185,1.3732361934170626e-05,4.9081367843351834e-05,0.01642352793513711,0.11579256943807907,0.13297913959623647,0.3899908927956595,LFP,12,39
-251426.6194598667,2.278087141904308,0.036573444018877334,154980.54777393493,-0.6057696295564625,-4.194230370443549,-0.2577415778434413,0.4820698379894802,2.5950829436428175e-05,5.7793575008179696e-05,2.765189488884677e-05,7.021684821049917e-05,2.485943166763517e-05,0.0861577393180028,3.911472226122067e-06,1.5188264861625255e-05,0.020935508139416723,0.0801157148902752,0.07966123203277435,0.5124814752335092,LCO,13,52
-393831.93036137486,2.5259708488660713,0.04547461255983761,88302.75351279195,-0.8059843720930218,-3.9940156279069896,-0.2037455749811602,0.21992247059929326,1.7681877900334618e-05,0.00011362089653023831,3.052338575494133e-05,6.703206475310433e-05,2.6193594367021388e-05,0.08633029469482928,1.5162406545485629e-05,1.4637745405577092e-05,0.02096161412354721,0.10462491669579846,0.10501017326639847,0.5166193350566429,LCO,13,28
-361576.08518008917,2.1793740190384634,0.018556635954978702,222954.48379861432,-4.279765190124408,-0.5202348098756033,-0.46366057386668275,0.255900337391303,2.7333922666177352e-05,5.959387842103632e-05,1.1728621759010024e-05,8.586248143404023e-05,2.2737663275230725e-05,0.08719114883791315,8.876836927341189e-07,3.232146335904993e-05,0.02378494833007277,0.15264807256710344,0.22169811833682754,0.09199323522938634,LFP,12,58
-26182.388858240447,2.317565731139496,0.21496143968167852,5158.126686517821,-1.5599205279926665,-3.240079472007345,-0.47575803216826834,0.4175135725011433,2.5037611418256398e-05,0.00011226785104444909,2.872467885622469e-05,0.0001015083506993403,2.824738758270534e-05,0.07979966890408835,3.273940306102153e-06,4.323183419677851e-05,0.006859889946839429,0.2113741409880492,0.10136669939537568,0.14150112744830684,LCO,13,15
-5959.528297832603,2.0901325118883687,0.01969075973350109,5555.446693489876,-0.3913388810513396,-4.408661118948672,-0.4400538465412279,0.36356019219882024,2.4642653319806215e-05,6.016248822544732e-05,2.8544171388505377e-05,0.00010099630221126497,1.4288634269923e-05,0.05138366273533483,1.8096177192006664e-05,4.502182753106467e-05,0.004020032966298673,0.33017779743252273,0.04739163164332916,0.11237672438292025,LFP,13,75
-538350.1546440767,2.6570266653290986,0.0451107890317109,144079.95292658248,-0.7286946849025426,-4.071305315097469,-0.7608991941771411,0.36936624768765636,2.861449703951948e-05,0.00023853496703241534,1.3003609609979372e-05,4.0632943623160445e-05,1.797725497909707e-05,0.07625235780915696,6.698595605760122e-07,3.6650777683580785e-05,0.02169636820693123,0.11653035883419365,0.02686650703657406,0.02570393995209118,LFP,13,39
-308361.66835541214,2.1321952920028577,0.01961444350875673,324402.90539589,-4.242980980597181,-0.5570190194028299,-0.36101911870593784,0.3690717381202806,2.345762036049134e-05,5.932765535370587e-05,1.0942653655127353e-05,0.00010812571107624236,2.282576773467131e-05,0.09703661235354387,1.3992548889913048e-05,3.228530939422094e-05,0.02393551996068702,0.14669663227516772,0.3013643001742322,0.12091994884466223,LFP,12,75
-84706.41070161905,2.5761945935163726,0.02993499987488074,46252.17495762892,-0.497398819849451,-4.30260118015056,-0.27352904680084567,0.4093612047732975,2.9275423844199822e-05,0.00010959137294833172,1.6013649118356747e-05,5.81968417025388e-05,1.2107407838300974e-05,0.08616203116932562,9.437971313431282e-06,1.4601403146464206e-05,0.01067094753781684,0.038986413702579874,0.07133060193499739,0.5461539375615772,LCO,13,57
-299797.6279239605,2.290073647700013,0.013241395944624132,188505.5946936768,-4.183514090478468,-0.6164859095215434,-0.4977695103762842,0.23113433988447188,2.827163438367094e-05,6.676429426253863e-05,4.085247705012762e-05,4.680632961453717e-05,2.7557566806945835e-05,0.08444602865901962,5.138058197670337e-06,2.716374574439897e-05,0.020438013641416165,0.025894157038542726,0.15359081612985045,0.25274551645532267,LFP,12,69
-393393.473217775,2.1803804562530877,0.009565817789920213,335111.4680510225,-0.5483519829772519,-4.2516480170227595,-0.38684355772861356,0.24295126661507105,2.3024125370845726e-05,7.016420856865188e-05,1.3438632704628628e-05,7.642135100132203e-05,2.9052907810955788e-05,0.08728333709458136,6.989503399927048e-06,4.914257809478335e-05,0.022088553133765957,0.11758921626883129,0.03558078234588516,0.38998644365667007,LFP,13,95
