SpecificEnergy,SEIGrouth,TempIncrease,Price,UpperViolation,LowerViolation,VolFracViolation,C,la,lp,lo,ln,lz,Lh,Rp,Rn,Rcell,efp,efo,efn,mat,Ns,Np
-264753.92589325394,2.1397126583299912,0.018767146972952422,153566.50369560314,-0.5588910176103639,-4.2411089823896475,-0.3254600062490902,0.2027759935960648,2.165765196883024e-05,7.125625629630206e-05,2.1124758222852247e-05,0.00013577000816405454,1.5345408062260668e-05,0.09454291964824361,4.57336236284128e-06,3.574474897696768e-05,0.020365325857782623,0.0710648776381448,0.01459219494552691,0.5188829211672381,LCO,13,44
-182356.3720840513,2.256515003068843,0.04309436984169148,121800.41043691937,-0.5227723977633829,-4.2772276022366285,-0.7832169184039086,0.6523338777863859,2.9006158167878222e-05,8.815821890692264e-05,1.8066810882576664e-05,5.037798634021911e-05,2.3051210798678873e-05,0.047941031734009106,4.985510856821314e-06,4.650309438654882e-05,0.020789197155233082,0.011447813958027252,0.03913142334765568,0.09620384429040851,LCO,13,63
-263501.2349087153,2.160610401864405,0.015739063835267235,182583.31115633156,-0.3821957227152595,-4.417804277284752,-0.5390289334879101,0.2178442853638272,1.395620432585401e-05,7.968973615707463e-05,2.653894239546461e-05,0.000142450812646885,2.6606285846821374e-05,0.07524438748007264,1.7033142251771805e-05,3.55652557156979e-05,0.020356592241633126,0.0973239690270478,0.2197836342373573,0.07386346324768475,LFP,13,61
-455387.9068132662,2.2473395165314054,0.009322239463738727,347656.9080132557,-0.48614433570826066,-4.313855664291751,-0.6238388961959831,0.2103734579818205,2.0461413819266322e-05,0.00010445898648302914,3.3108488108744404e-05,4.86092830070963e-05,2.5915187944357836e-05,0.08799821086454537,1.1106103245415023e-05,4.43580579234079e-05,0.02176061252256184,0.03125918940595498,0.2183583152825095,0.056543599115552456,LCO,13,89
-479624.6743915637,2.6057753180664482,0.09011716261603511,138438.54607192866,-0.8738852475731278,-3.9261147524268836,-0.39751011111888845,0.3637768541227641,1.4505151827786377e-05,0.00024177839403815947,5.258865873751048e-05,7.127943131232779e-05,2.6467504840544273e-05,0.088606570837293,1.8918970354873622e-05,4.811918529399704e-05,0.02388927621604233,0.04294471229082801,0.2501749426987932,0.23937023389149037,LCO,13,29
-306372.9089008229,2.235213045480952,0.009196010498492602,283486.67284882517,-0.48014367441243877,-4.319856325587573,-0.45242012487824623,0.2211439059688792,1.582976721288414e-05,0.00012609818415279165,2.621770733999049e-05,0.00012102179733800971,2.5682624215617965e-05,0.06559918908957628,1.8691284840942636e-05,3.4778865062158155e-05,0.02285475008898775,0.09177014981896982,0.3495185203658505,0.0362912049369335,LCO,13,88
-29332.306990582067,2.7972425708148885,2.165888893618419,3609.893773749533,-2.1025519500608496,-2.6974480499391618,-0.7348802813073229,1.7072354566387593,2.8400859739036913e-05,5.4209071194741016e-05,3.201164420601983e-05,7.697331847361213e-05,1.484781941928552e-05,0.062045030649100164,2.4081220074564967e-06,8.578467236472194e-06,0.005674667125731175,0.020702846573748553,0.16019595153768335,0.014220920581245324,LCO,13,19
-26352.71529212362,2.3382416182075128,0.02013954107603655,16837.56955239564,-0.4651127288218646,-4.334887271178147,-0.1680146251607938,0.41236225313788516,1.6508517537793462e-05,0.0002052338868611581,1.2060271694992472e-05,0.00014066245641336186,1.5243307166763541e-05,0.07807883554333687,1.907962368569769e-05,3.7792324226715924e-05,0.0055057153874205015,0.10504120549427481,0.37819744089440216,0.27874672845052934,LFP,13,82
-492525.7427706985,2.363548377836621,0.009050440499945717,390144.5129389961,-0.5741553631737162,-4.225844636826295,-0.22639858104589472,0.24435950574095233,2.454246412402013e-05,0.00013676321481768854,1.1306280383969726e-05,7.369846997956522e-05,2.9903510491357324e-05,0.08501019343577604,1.9298075986446584e-05,3.807460220661314e-05,0.02392624923521621,0.11039413572155338,0.30836116481176623,0.28484611842078567,LCO,13,98
-579483.0027206792,2.6388817198114483,0.02833200612323867,252919.0861906033,-0.4264961068981066,-4.373503893101905,-0.3444389306183505,0.45023987772359686,1.4187219128131405e-05,0.00024114319489213979,2.380574500949004e-05,4.735393242700452e-05,2.3254728037657966e-05,0.07412274173916185,1.61951003762121e-05,4.3444196132435426e-05,0.02308488264293489,0.09761849164308325,0.4305948879783944,0.05734768976017188,LFP,13,70
-533729.5631722318,2.6106783688519655,0.0338073031665004,127564.83075511079,-0.7230752996253784,-4.076924700374633,-0.33050737221190996,0.2289102584510922,1.4158017596894777e-05,0.00019271548221848052,1.6139940449142375e-05,7.286566784747134e-05,2.5461386166372597e-05,0.09241046196487468,1.5039256576324209e-05,4.8400734754789974e-05,0.02121000357521531,0.0562919257478246,0.5191233917852691,0.02407731025499632,LCO,13,34
-33626.26901270689,2.2537625336799643,0.1378780347124233,3262.784670078927,-1.6338841800212833,-3.166115819978728,-0.6590726207662039,0.2874890717001038,1.7016759906334138e-05,6.62309940411133e-05,2.9532963111360095e-05,0.00012697782639533212,2.6698090328944144e-05,0.043415882427845,1.9991702744171403e-05,1.927975832319768e-05,0.007676160963522968,0.014339598118283683,0.09207377152271749,0.16451400959279494,LFP,13,13
-133509.58651360072,2.2097273811301967,0.010055118454987378,179965.03274981308,-0.3384188366160288,-4.461581163383983,-0.7901873482416063,0.20831144343896735,1.5433819823008497e-05,7.413231774522676e-05,8.479573973916478e-05,0.0001040405523013682,2.6013586370831596e-05,0.049623645956529946,4.579916270262383e-06,3.967474887504644e-05,0.02117886306585866,0.036892370660859104,0.02219035756779101,0.08072992352974366,LCO,13,77
-30476.376650578564,2.2688375239660297,0.00949347922558013,24514.685260021604,-0.5198145835312644,-4.280185416468747,-0.6899125762244038,0.20988317580924024,2.9274739512196543e-05,0.00011258493290464263,1.8812100183849493e-05,6.0606766678717916e-05,2.77916765536549e-05,0.056890540490375334,1.2429673744931301e-05,4.084067970757902e-05,0.007108112646781997,0.024432686070245336,0.15932181901372305,0.056332918691627876,LCO,13,92
-331145.8419980127,2.3185557940963677,0.9080799698805857,31546.590953030143,-2.3318455680073953,-2.468154431992616,-0.3691148365846767,0.24170729600294022,2.451061354803511e-05,4.115587781929171e-05,2.8664253431641384e-05,0.00012200808625339779,1.8421340350698432e-05,0.0885200444863105,1.9940447745109817e-05,4.007277139005338e-05,0.02425292579608109,0.048963965810282006,0.26893482584993345,0.24298637175510793,LCO,13,7
-532772.4634790777,2.311982379668225,0.014172086630778624,301048.43530271703,-0.3579981855810743,-4.442001814418937,-0.27041401986612323,0.24479985920711253,1.8206256739936546e-05,0.00012929481253943047,2.954235701400023e-05,7.389532954032344e-05,2.743211705655634e-05,0.08887512879556723,5.097218436978877e-06,4.531205179646429e-05,0.024388179073136347,0.07606974447771203,0.3889879148084716,0.19452832084769317,LFP,13,67
-228672.0607540304,2.5828237138648413,0.00922214733289263,271244.48111781507,-0.3438473709134371,-4.456152629086574,-0.36269571668667056,0.20596285090892572,1.4062743287825213e-05,7.418218368469778e-05,9.401829877922995e-05,0.00010205546695922714,2.6145747875394546e-05,0.08575095934808205,1.9339685216205468e-05,6.006138685940776e-06,0.021222229601666254,0.03664213902735432,0.025244081525084262,0.505418062760891,LCO,13,77
-336515.214574274,2.549816239221921,0.012921055431207626,168696.56314695734,-0.3670885052295745,-4.432911494770437,-0.32510070202773156,0.2613334694367212,1.265944620331687e-05,0.0002208715152010985,2.9733389752483422e-05,6.194232003554098e-05,1.585855853332632e-05,0.05184161927860372,1.8885753948255762e-05,4.509707220824697e-05,0.021535791102383246,0.03658425744048195,0.37763999783002916,0.19067504270175734,LFP,13,76
-46855.45492897166,2.489446615266334,0.009507678273313645,26516.154834291374,-0.35030851195984525,-4.449691488040166,-0.3061078625474517,0.2058139978428533,1.2651710714657464e-05,0.00019463727831206274,1.6393833771388056e-05,5.999982908030567e-05,1.501913609030642e-05,0.08299325671933522,1.9178156459136193e-05,4.70337963815868e-05,0.006750790258133024,0.1297534457114221,0.4713982831728738,0.02274040856825239,LCO,13,76
-308981.16229026386,2.1647452797302167,0.010313302097173233,237490.8434242629,-0.4137715886272346,-4.386228411372777,-0.31632986527366225,0.24481793797225226,1.651132561092863e-05,9.747911886532174e-05,1.1993134445369958e-05,0.00012819006099166775,2.9836472796127227e-05,0.07807431260635873,1.89804730129789e-05,4.6158306591822664e-05,0.02068631636783581,0.054637171782022056,0.38389236204759813,0.17514060089671762,LFP,13,82
-79339.46362538074,2.6892963761783246,0.041795597397060104,18213.917714097784,-0.8413026810499531,-3.9586973189500583,-0.8345015579279006,0.28964624561355806,1.669986517864449e-05,0.000245862977999557,2.5974423958091712e-05,6.560074134706746e-05,2.684142839926716e-05,0.05731282798315423,1.8331813620984392e-05,3.737066570017374e-05,0.010237764915067777,0.015536190078280578,0.0255100817598404,0.05445217023397847,LFP,13,28
-26366.231645613134,2.5095984235261897,0.011145904604724349,17117.413645068787,-0.3416262912784873,-4.458373708721524,-0.4218621602819458,0.21740311624673592,1.6022730253259982e-05,0.00017328318152264632,5.736008830479542e-05,6.509332153856575e-05,1.612864284774456e-05,0.04765898321829441,1.9511396643884844e-05,4.299587455499776e-05,0.007151197533256484,0.04667765069854973,0.3831222667688394,0.07833792225066509,LFP,13,74
-511400.70493349305,2.3197971224961726,0.009288788482002526,463465.5993850475,-0.5738586995988157,-4.226141300401196,-0.27749949485893277,0.24415435342549208,1.5317406775395637e-05,0.00012579471440258034,2.9581302077979662e-05,7.471504751085296e-05,2.9915708021352743e-05,0.09055936692011626,1.3955144744669827e-05,3.780722204096458e-05,0.024605645809528637,0.11060058467946715,0.39033619541944564,0.15156372504215443,LCO,13,98
-386296.03379958833,2.2688138543559466,0.01158910913314402,272507.0076824293,-0.37159705592383574,-4.428402944076176,-0.24136357419773302,0.25746064789996287,2.490730960284826e-05,0.0001617556586396029,3.401288625888706e-05,0.0001329390368010549,1.5093970152184192e-05,0.06851580115081228,1.9663471214453655e-05,4.51013166464116e-05,0.024281646638774253,0.04772352639232727,0.3866836721861513,0.2542292272237885,LCO,13,77
-27377.30562015871,2.43232707979167,0.014012320453252514,14831.444939096351,-0.39426169967449454,-4.405738300325517,-0.1299562844078922,0.30278338598625243,1.8171107196851452e-05,0.00014103053291097807,2.9672920205215785e-05,7.103671437567782e-05,2.849458795049691e-05,0.05194759337858701,1.956971675383469e-05,3.736222174133763e-05,0.006787299604665092,0.07320618246131469,0.5387167586261211,0.18812077450467196,LFP,13,77
-395295.50378219335,2.398678596644657,0.032471626247327176,186075.16493258235,-0.6469183178560698,-4.153081682143942,-0.37127917127553467,0.20691502733831882,1.4201185595636084e-05,0.00024358769293524727,6.28921832481532e-05,0.00014308920106681782,2.6500962779331547e-05,0.0884860537342177,1.9953853468078535e-05,4.002246438731131e-05,0.023886742359738058,0.05179306422606909,0.2692244157370028,0.23770334876139348,LFP,13,39
-27942.74377463758,2.335987732631472,0.041370994666679525,7042.192225422454,-0.8325233560414773,-3.967476643958534,-0.14821515135313568,0.2587614200427762,1.3054124169089724e-05,0.00016823383580089545,2.921780012295397e-05,0.00013566611825697528,2.630058067092726e-05,0.045215227603195164,1.75730738617337e-05,4.357046266181615e-05,0.007939060263552088,0.05598915388756977,0.5585813923824958,0.16721430237679885,LCO,13,29
-27244.92427794508,2.1027117456936675,0.023567874139525838,26911.313952197575,-0.430444397330767,-4.369555602669244,-0.24335270964650213,0.43901236792685283,2.9316391975104706e-05,5.645761427718087e-05,3.4504182805964546e-05,0.00011568849155510129,1.3405239518441174e-05,0.06843933648037115,1.8991558226643114e-05,4.524877877074565e-05,0.007848669820015577,0.06309652453107786,0.38020178052888054,0.24334898529353957,LCO,13,77
-167041.6898914189,2.0913128020647602,0.022263590816358862,212425.54274982688,-0.6113830940766078,-4.1886169059234035,-0.04909102502114515,0.5052093825530557,1.331077970423938e-05,7.196589283399797e-05,1.1770044125431262e-05,0.00012802924398216882,1.457998925319453e-05,0.047435679392294844,1.9505269058277035e-05,4.1819366110985834e-05,0.023658730406522964,0.48399936911675573,0.3840748688400676,0.012834737022031528,LFP,13,100
-28401.651643486624,2.454375681325184,0.01690523808520441,14701.619562694947,-0.3871397316894942,-4.412860268310517,-0.25811251519278167,0.3340001730788912,1.229503258801794e-05,0.00014448581280254586,3.492594576082122e-05,7.038512621423992e-05,2.8531805702002347e-05,0.051896328570453426,1.877725409838561e-05,3.72647696235439e-05,0.006695465856403578,0.07349400368812443,0.5451589738211031,0.05323450729799084,LFP,13,73
-189544.46798571903,2.247331628518642,0.14433445234324543,47400.44367082574,-1.1137838023930584,-3.686216197606953,-0.1716227322935988,0.34332975634944807,2.0055157128421585e-05,9.244873474193347e-05,6.309841759209084e-05,0.00014437970859719596,2.8554989346018804e-05,0.044748008917597754,1.9387818661071177e-05,4.006113420114107e-05,0.023990196420131064,0.050602292370651454,0.5413026545184378,0.16647232081731186,LFP,13,22
-327040.247221633,2.349208836377464,0.020504159589070058,179699.0572669385,-0.5117526163873194,-4.288247383612692,-0.3662719191875343,0.21002420253202608,1.3370709920648188e-05,0.00013185978976488892,8.322345496571308e-05,8.340408720990811e-05,2.6876015409686766e-05,0.09383067466105073,1.0854678300694661e-05,4.282431963172291e-05,0.020330180727515735,0.09874206483825083,0.40704289480290295,0.05794312117131194,LCO,13,50
-63704.37653700898,2.3635633932880884,0.01889603364956493,33711.82124015221,-0.39866124101261136,-4.4013387589874,-0.3824504172217934,0.3330971616887689,2.7108323953230125e-05,0.00011623279160669908,1.1980782882687701e-05,4.013862819260362e-05,1.5639557453354193e-05,0.06499997776414253,1.9207557746942186e-05,3.977472663437096e-05,0.008867347680592795,0.09185757971881156,0.1896589076596479,0.2660330953997471,LFP,13,78
-17043.48622929415,2.1428801174263103,0.014751912707236923,16610.60850999033,-0.5839793810952756,-4.216020618904736,-0.2890072636281311,0.3474826221450726,2.008744234850857e-05,6.79162859832181e-05,7.652555356324389e-05,0.000148167324771229,2.8555450999980952e-05,0.04468192201986452,1.8494426991591522e-05,3.5972856926978155e-05,0.006651335231072581,0.05016422735591314,0.5395902081826927,0.05123830083326317,LFP,13,96
-85818.89617654009,2.7193982984467824,0.06357191933437494,17934.509975400175,-0.9172358937964162,-3.882764106203595,-0.007829537210902404,0.3353656597799933,2.7803998813650103e-05,0.00020837475032398908,1.200900255598329e-05,4.939758207839994e-05,1.4154158414485597e-05,0.06828679040962302,1.9363507850094346e-05,3.7329718521493254e-05,0.011062637083842194,0.02964671099240948,0.557882293770865,0.3346414580258232,LFP,13,28
-552583.899017593,2.4654234558835793,0.010043764578388981,317629.12458288716,-0.35467667518267376,-4.445323324817338,-0.3824401682995301,0.20500908809186869,1.2040863615108444e-05,0.00019193997261152058,1.602092980185728e-05,7.287632495199738e-05,1.3882163689591011e-05,0.09243400433830906,1.3061761216936479e-05,4.900233447418821e-05,0.02171127120078052,0.052553016116528066,0.470925023582799,0.02408179200114291,LCO,13,77
-278950.4705617782,2.4524210658633487,0.03132111686956398,221991.26112228984,-0.4659899112398804,-4.334010088760131,-0.5761632008844009,0.47362108394732616,2.276493744541676e-05,5.6031432090853365e-05,1.9434614826417863e-05,8.049893611556872e-05,2.063402501712303e-05,0.08608479523297677,1.1671322604174434e-05,5.746612658443213e-06,0.021412053428337456,0.1251190177427042,0.04218480899640164,0.18653297237649336,LCO,13,62
-314490.851705728,2.231853915680791,0.016038363921745298,310849.9183051613,-0.45473575504130537,-4.345264244958706,-0.5549478217964101,0.33363499230531973,2.7112877318254083e-05,0.00013681365762302153,1.0814848902573316e-05,0.00013476580601431732,2.9255285874178737e-05,0.0901103643108313,1.925960792216034e-05,3.7815035374418905e-05,0.02091727897030267,0.01569456460023764,0.1981150472976307,0.1612425663057216,LFP,13,84
-354969.5527625548,2.330040277423352,0.01889920770002855,203089.9613829563,-0.3671313682102806,-4.432868631789731,-0.7774495630676255,0.23566152181724803,2.5675607579947353e-05,0.00021008338643758702,2.7475407888721656e-05,0.00011400604971474333,2.6738152625131474e-05,0.07525572909756191,1.59390392554709e-05,3.811617049462651e-05,0.020404556903163777,0.029444785456113468,0.06703882686153506,0.05606682461472605,LFP,13,62
-323733.7611511618,2.539134379125873,0.010139322940256957,152058.62626606974,-0.3694007388341305,-4.430599261165881,-0.16488753278310386,0.24065566430653426,2.0241462192075524e-05,0.00019331286257621478,3.581617961054406e-05,7.293002128967739e-05,2.4818646701772793e-05,0.051633779095665036,1.7347062217438167e-05,3.299024932417703e-05,0.021357679684589338,0.042688562779446326,0.4707357623662638,0.25168814207118606,LCO,13,77
-735648.8899504686,2.5346387635423717,0.04157504643968203,362902.6531408225,-0.5250997814460376,-4.274900218553974,-0.7590350511120718,0.5139651091848496,2.62854291821131e-05,0.00022025024422850918,1.9037022448786178e-05,5.747707223926555e-05,2.2992918788383387e-05,0.09969933229325008,8.897592629028421e-06,8.698791261478377e-06,0.024531755209941362,0.018791237881680134,0.1306842955184462,0.021489415487801953,LFP,13,59
-666062.7372223765,2.5701679626692657,0.00979670750052344,537169.5162536186,-0.5565782537751573,-4.243421746224854,-0.7324986570486015,0.23211460470614836,1.2484149281106517e-05,0.00021947900059520457,1.2351498934611654e-05,5.23077382707053e-05,1.4396006486466914e-05,0.08934956019413653,1.96068173349367e-05,1.826700689838746e-05,0.024141055633227562,0.04571764674670086,0.05132590811481613,0.10045778808988154,LCO,13,96
-388341.67954565777,2.491745503039048,0.011404338538593493,221374.24827370068,-0.3234656624758614,-4.47653433752415,-0.7027660758138499,0.21975304307503662,2.9777797649582828e-05,0.00022027376690182261,1.8320864974154972e-05,7.721320168095482e-05,1.8054904232001802e-05,0.09997652029965129,1.5349272062755074e-05,4.189408291401886e-05,0.017158659861282677,0.02660802089969136,0.012840112945154317,0.1877857903413045,LCO,13,74
-59562.67858551617,2.5567570707256815,0.02223684118201798,31991.063503950074,-0.4326173629904062,-4.367382637009605,-0.6923738236143506,0.35642116881607916,2.9354438145207877e-05,0.00018546660378337905,1.755478140235692e-05,4.296033572455248e-05,1.504698289592803e-05,0.09338160670735061,6.837595859307269e-06,4.2484345335191306e-05,0.007585571912489691,0.03876236203946528,0.10510571630907309,0.09375809803711102,LCO,13,60
-350770.72048652003,2.3484106582317814,0.024192386292060337,154880.7074428564,-0.509775686086428,-4.290224313913583,-0.508339147419926,0.22189417033931136,2.1600053901451333e-05,0.00011645545538550148,1.8188362934962244e-05,4.006754896239372e-05,2.845918577718565e-05,0.06569240415534768,1.9731311382394524e-05,4.9344373401976664e-05,0.02286997126074377,0.24995918362692093,0.05607642483846151,0.11562524411469155,LCO,13,50
-19720.652536972157,2.343391903377447,0.027349496209997336,13503.213923256179,-0.49287724086403273,-4.307122759135979,-0.45986358268095395,0.5187784106473178,2.4783228344899876e-05,0.0002142069524215095,2.4728909508438785e-05,0.00012249913468619428,1.7780918143171503e-05,0.0830141817080468,8.518366701765802e-06,4.974389642134391e-05,0.004560240492265209,0.024663719468652617,0.3943430269845525,0.051129670865840984,LCO,13,82
-737178.55616503,2.7095334845649015,0.06690291888669772,137161.67439505228,-0.8256255606581604,-3.974374439341851,-0.38853060269352235,0.20225662688336862,2.6100558506890114e-05,0.0002499556031009258,2.1122402028376564e-05,5.4585155057487744e-05,1.2494714584461098e-05,0.09975539879478211,9.986370035241618e-06,4.1923292014560114e-05,0.023482283756755772,0.016503833727759817,0.40996384984198175,0.11500171373673618,LCO,13,27
-463468.87299656624,2.326650664315202,0.013369995107047181,373975.73462454474,-0.3573599093787081,-4.442640090621303,-0.32021527461400956,0.25844377830710336,1.6148446391226272e-05,0.00015111222719368684,2.967731577225165e-05,0.00010178564489009018,1.4368323493267605e-05,0.08685726991381602,1.2719046517041363e-05,4.990582135317737e-05,0.024896617276827415,0.05237161906699775,0.032844383683137746,0.524568722635855,LFP,13,76
-291823.05528751406,2.1968389771755197,0.00858076717057167,279766.3075172243,-0.5213181089272041,-4.278681891072807,-0.22673704970484498,0.20028897616840888,1.5721012659321173e-05,0.00013220248187968141,2.4954762970194733e-05,0.0001489848892368681,2.4441153400289702e-05,0.08065132397499658,1.2572357261479737e-05,4.5222599293537574e-05,0.020861214093142656,0.07683451076501513,0.5481204866314109,0.07830795289872909,LFP,13,92
-389067.2199486666,2.573333203178291,0.035210673792344285,185958.4554533147,-0.5323451752011508,-4.267654824798861,-0.7391731476546145,0.5267497407901616,2.9366104478644408e-05,0.00023530361512612698,1.7530909379468602e-05,5.749556217192706e-05,1.2708263721385463e-05,0.0973227931081186,9.800725963011528e-06,7.018356165993937e-06,0.01769135211562145,0.039281825832527824,0.13103116756830524,0.0205138589445525,LFP,13,59
-11696.894551559633,2.0755719323456434,0.017879397566751797,9304.504401591616,-0.3776764977218505,-4.422323502278161,-0.49929243038741944,0.29793435434660875,1.572161894110245e-05,6.018085070164491e-05,1.0098648394025595e-05,0.0001385657342593404,2.72280388614176e-05,0.08917495883272702,1.9367608265997354e-05,4.931416389756869e-05,0.004152910929873859,0.260379188270732,0.13669367452024214,0.033634706821606505,LCO,13,65
-323749.38611768885,2.110913464768322,0.023985809135603473,298192.51802908245,-0.43754591383464714,-4.362454086165364,-0.6070950051542384,0.5301611244604241,2.6707671189697297e-05,4.366589072517022e-05,1.666630366609019e-05,5.746559881270728e-05,1.2853974169313302e-05,0.0995777185820837,5.3402249606753335e-06,4.105378169063655e-05,0.022288951852960176,0.040045737562729944,0.12923274266372833,0.15362651461930332,LCO,13,69
-35846.20938168838,2.610247145002964,0.020962763745764307,15725.728879041775,-0.5561264136649413,-4.24387358633507,-0.6200445801726199,0.23265277726172684,2.71175296825635e-05,0.00024021138345258064,2.8278669018637736e-05,4.770683634006944e-05,2.3891039817205406e-05,0.091209323846664,7.974853253284504e-07,4.0558887824748696e-05,0.006167818988518651,0.03787144648301369,0.2303586563896243,0.04172531695474218,LCO,13,46
-167155.6562920184,2.343290769833399,0.03912633988208107,73608.09129490831,-0.7831336818923802,-4.016866318107631,-0.25548614422439575,0.5202254689861681,2.7495786943094236e-05,0.0001304081346239759,1.8070358827170903e-05,4.036013391555687e-05,2.4252342833531106e-05,0.05297583155190936,3.86019428172333e-06,4.811958390812828e-05,0.01973652965622343,0.3104778208479519,0.20091233583310605,0.16312369909454638,LCO,13,43
-23908.426402825477,2.3799339592203985,0.010215483377033397,13161.414950732686,-0.4348236202985305,-4.365176379701481,-0.1273920029605876,0.2156337000985116,2.8845936948295343e-05,0.00015433585432411549,1.2760325946675312e-05,6.814253143317435e-05,1.6139531186047173e-05,0.046130972010706914,1.7422952641096972e-05,4.9733150021467945e-05,0.0065494086430048955,0.09935732370626953,0.5821556939022129,0.12109497943093007,LFP,13,84
-561234.9662569996,2.5763529051617278,0.03553140213633007,150623.807879627,-0.8498383960922098,-3.9501616039078016,-0.5016641685390041,0.6615944773005857,1.859843507764388e-05,0.00014492211432601582,1.7993004412439393e-05,4.109940195814151e-05,2.307789354733341e-05,0.08252428738695099,1.6588895669257394e-05,4.8119046513750416e-05,0.021673173125964208,0.0659993013376806,0.19983896529255926,0.16249756483075614,LCO,13,42
-432287.8972768658,2.303284292785504,0.01217927149301423,429202.99872140354,-0.49273729672511735,-4.307262703274894,-0.17851249598824726,0.2688766139829492,1.8095892594935666e-05,0.00016352078004820686,9.021655995473571e-05,0.00011022742152153682,1.3376867648129791e-05,0.09797621400261207,1.6402983223615755e-05,3.389687559362792e-05,0.02376796621860832,0.10648600306601899,0.10003888023000133,0.5449626207157325,LCO,13,88
-234814.11121163378,2.122218391039097,0.01492738451395385,305719.6218942684,-0.3863182277210271,-4.413681772278984,-0.45654691799006686,0.29589409355026697,1.5454675341510712e-05,5.911347316210177e-05,5.709128288153189e-05,7.771140319561161e-05,2.7375572287645615e-05,0.08783866502787556,1.9741676591724998e-05,4.7744986192281805e-05,0.022125682625096735,0.2632281778691806,0.1860097049715855,0.02421519916916706,LCO,13,78
-318683.59276922635,2.199586094256353,0.04710599936123714,59459.222131508795,-1.0277307527319763,-3.772269247268035,-0.5845260722598998,0.5202627692495201,1.4685253496002553e-05,8.685675468188686e-05,1.6314041108920857e-05,4.024243978431614e-05,2.9859561438527827e-05,0.07953675797922474,3.857141676358906e-06,4.54251309253054e-05,0.01755944058427192,0.06848943401220692,0.11366074148884761,0.1633237522390457,LFP,13,27
-102137.07724980633,2.5144802812337472,0.032805043831960354,55136.93620420219,-0.4476584124748513,-4.35234158752516,-0.31778783022812096,0.5160047815148494,1.2725851303681041e-05,0.00019347263597171998,1.2213132482072558e-05,6.441075154095972e-05,1.4017795865800996e-05,0.08735729064490322,8.87749072427808e-06,7.083799169292564e-06,0.00992868336608941,0.022105780291244014,0.5725157729998495,0.017590616480785647,LCO,13,70
-37784.10776268483,2.6571587428030212,0.0789950391206927,11451.697833110462,-0.8898592749258256,-3.9101407250741858,-0.43791141957059765,0.6741054702582947,2.732603974800782e-05,0.00021863177312680937,1.753115501803753e-05,4.713830750891071e-05,2.4259087624041848e-05,0.09013457444697813,1.8897244527937326e-05,4.8121396917761214e-05,0.005897352338801034,0.06668208540038661,0.26145551869073513,0.16395097633828065,LCO,13,40
-173393.4733137574,2.457332213834546,0.004675341418395466,460300.45165430877,-0.5543475818503154,-4.245652418149696,-0.8587328561801585,0.22995740741829876,2.9950931788725286e-05,0.00024259950766351433,1.0104939212485359e-05,4.9850748384807276e-05,1.2678524044626396e-05,0.08572957252537243,1.965280135413401e-05,1.6795730786461802e-06,0.02279005455041592,0.03636225663513169,0.018934389094980117,0.015970498089729793,LCO,13,96
-82153.73326645794,2.223631516667979,0.03290129763633427,81198.38083141585,-0.4818669486699676,-4.318133051330044,-0.4215449851252421,0.4724384195597758,1.2150781991982052e-05,0.00018123109064487817,1.147154978071059e-05,0.0001387282674523273,2.2850772167768494e-05,0.09988055052945725,4.080906057944189e-06,3.32993374081304e-05,0.011630944941729207,0.3601953394157683,0.12695501156223443,0.02130466389675523,LFP,13,63
-153591.13770803943,2.229778711611785,0.02954976463818469,165242.59725352126,-0.47163232171695313,-4.328367678283058,-0.1541859273147388,0.5227325966855573,1.20642456220931e-05,0.0002258693236972215,1.638049629982948e-05,0.0001223996250053863,2.9916921487266795e-05,0.07876249817694354,3.855531306377676e-06,4.566063910543551e-05,0.017604083544018594,0.48406910107990064,0.1269632695268847,0.16478170207847598,LFP,13,79
-44476.659777864326,2.3630276735272213,0.028802562039895167,24126.928014112036,-0.43033360046098323,-4.369666399539028,-0.8739036798751108,0.34386554466324293,2.5809753347404407e-05,0.00015163727569227225,1.7555406275891185e-05,8.492736789063355e-05,2.9580934614335544e-05,0.053723612142034374,1.5074800316823075e-05,4.952894672807677e-05,0.008513957008769512,0.01474681171616718,0.018486275670403403,0.022863232738318768,LFP,13,60
-389499.23312636587,2.679970715877379,1.5139630681622527,36014.61532518727,-2.4837651064709405,-2.316234893529071,-0.3848037754010111,0.4464986692221815,1.4189565955359886e-05,0.00021935406401896306,2.3915364404061644e-05,0.00012637467381247636,2.4308243985743533e-05,0.08846411435758585,1.722243920114499e-05,4.3452487371091615e-05,0.024895711854680973,0.07297788731319366,0.4047314718598397,0.06748686542595565,LFP,13,7
-566068.5523481603,2.522377857092105,0.00954654905519838,459476.4383546216,-0.5624152957215642,-4.237584704278447,-0.8552045623896014,0.22860328467635815,1.5346184216219138e-05,0.00017062795180455728,2.868446905398172e-05,4.9217410610605284e-05,2.740111599688834e-05,0.08482971673409279,1.9743660049067934e-05,1.9629156086205546e-05,0.02279457356225388,0.030135140211936695,0.01701039419548954,0.027649903202972368,LCO,13,98
-109048.69385038868,2.469080379235568,0.01937321720548309,89173.53355177116,-0.5930196031497417,-4.20698039685027,-0.755256011224075,0.4512123620159548,2.293999960000633e-05,0.00020057783203451533,1.258585669748503e-05,7.762095375530332e-05,2.994479006696153e-05,0.09020463564648343,8.316112524228758e-06,4.832643642699947e-05,0.010146396394107571,0.04309623308613526,0.0977965823869732,0.033851173302816576,LCO,13,94
-402311.3236479978,2.2880414190812233,0.009958107727588972,282813.2508594396,-0.5389079722951635,-4.261092027704848,-0.28349855688066283,0.24810215900568944,1.4502201604910554e-05,0.00013101228740870346,2.4878928607061676e-05,8.702197231651237e-05,2.4632930600644346e-05,0.08062939388880674,3.3242260392566882e-06,4.73890867030564e-05,0.0208997582715908,0.020511480915348428,0.5467026326834814,0.07928732952050739,LCO,13,92
-583675.2051456141,2.3200820848369794,0.021664090085480116,342489.96038102265,-0.4867395781431938,-4.313260421856818,-0.3470978197426814,0.44725018967715485,2.7547287557428487e-05,0.00011506298567114861,1.1843564067491964e-05,4.963478223273082e-05,1.6605827066480956e-05,0.09966349357571133,8.536796278659798e-06,4.990465982094912e-05,0.022228016736414963,0.043107125157093376,0.5276435977078103,0.012151457392415004,LCO,13,83
-230684.33188012443,2.2277544379505656,0.038260374171733245,144379.30020449442,-0.48185433060356075,-4.318145669396451,-0.5956069010918503,0.6738480245222236,2.9898102081186153e-05,6.626863293022183e-05,1.266798458367875e-05,4.0135540817940386e-05,1.2598833405410108e-05,0.07710616592558493,3.2354452816435386e-06,3.596251253055926e-05,0.017378156664925336,0.08279889118548892,0.017900106151657352,0.23369410157100345,LCO,13,72
-521793.15155687777,2.577966905263499,0.01391288415617319,426414.29516648955,-0.4561274527085999,-4.3438725472914115,-0.4983508407062609,0.29527502457638,1.3698261863009394e-05,0.00023619156468449894,2.8893608302216235e-05,4.971074972244766e-05,2.084128692692145e-05,0.09485091247049601,2.013010022817106e-06,3.7730518884889245e-05,0.023254639913843408,0.21778972746858052,0.18958690071677578,0.024272531108382837,LFP,13,85
-21315.970565426203,2.440840616889207,0.009673378715658133,19288.66650172101,-0.549367828231965,-4.250632171768046,-0.6442521669620945,0.2157215433187747,1.4250429479399717e-05,0.00015374176120190713,2.5399364672465658e-05,6.417246156548465e-05,1.574209701754659e-05,0.045894288717783616,6.116627268517616e-07,4.446012547861248e-05,0.006523048365726709,0.10957885499688555,0.056078494724542294,0.12009048331647765,LFP,13,97
-648834.2493450132,2.525854364980766,0.017400630484879588,322480.1238634468,-0.37626881403271284,-4.4237311859672985,-0.2731417682798346,0.31357466629133307,2.6024914043830716e-05,0.00021991880387309034,1.9010441379533663e-05,5.3256322147865593e-05,2.7480981777383357e-05,0.09969876457951267,1.0370327419016903e-05,4.230193353072833e-05,0.02298582471658901,0.018829851776255308,0.5216174696319666,0.11641091031194353,LFP,13,72
-54018.29236120383,2.3706031409773254,0.020331353657032446,20220.265443714736,-1.083530569190117,-3.7164694308098944,-0.7347565803993723,0.6202002785049279,1.2204874874688766e-05,4.233561337011889e-05,1.6348105484790302e-05,6.458147272763113e-05,1.6781810969289085e-05,0.07949173226624198,8.979478638798885e-06,4.7164530784087145e-06,0.009807110567771539,0.019383078070952808,0.11546297402303471,0.060397367506640265,LFP,13,27
-485815.7193597437,2.4156792173071797,0.032124221742840145,274615.0956051641,-0.4623909589020343,-4.337609041097977,-0.4536280453511865,0.46962486180332735,1.4764509657503822e-05,0.00016135988008402836,1.69749344464645e-05,8.493272556121593e-05,1.8673913927566658e-05,0.09955880578715388,1.0638579775666707e-05,3.360700128308433e-05,0.021302887132549624,0.19017109347721484,0.13483420301907031,0.1513666581525284,LFP,13,64
-81166.35382823499,2.7288616568758215,0.06492152798804839,18797.292354743167,-0.9985036615912719,-3.8014963384087395,-0.6190835030463043,0.22994997875260717,2.997407642884627e-05,0.0002436775654007853,1.8606056309002635e-05,4.670331981168161e-05,2.390505580320794e-05,0.0937444621851345,6.895596646057475e-07,4.0598832313658675e-05,0.009668134430926166,0.03847234764572761,0.23071442521560592,0.04172972409236218,LCO,13,22
-436398.0460539324,2.4818982215736645,0.9589814265182094,45132.64041886623,-2.450722280278157,-2.3492777197218544,-0.6203560941146314,0.6488984780225961,2.9917528736770307e-05,0.00011970645457478457,1.1717698713070254e-05,0.00013461045962027352,2.7583616036986614e-05,0.09585733119282133,1.4477492179325318e-05,3.8678675862546096e-05,0.024892380891843917,0.06989675517256257,0.08192196677529326,0.1578251839375128,LFP,13,8
-37242.64423841301,2.4850789550705983,0.04407570617177035,18095.015662666592,-0.5390059039450392,-4.260994096054972,-0.7230771157417228,0.6556504472322815,2.4060012360507966e-05,0.00015381290469937683,1.470425847511177e-05,6.417930456032462e-05,1.2268375295547384e-05,0.04586925218263709,5.03238569552704e-07,4.352227125371355e-05,0.00789362466606484,0.05485480274065703,0.05629788504913974,0.09577019646848041,LCO,13,62
-36383.80058768244,2.1581041351408774,0.014081685119374063,24512.615408797014,-0.48462938542298417,-4.315370614577027,-0.19850428001523956,0.3965853976040211,2.8347007782243686e-05,6.591005114015927e-05,1.2629925526061173e-05,5.112023167910309e-05,1.781214661236311e-05,0.09182849735513582,1.5897193866255454e-05,4.97545525021918e-05,0.006535824731266031,0.0750159046445189,0.5827731747211493,0.07370664061909232,LFP,13,84
-542017.9035720326,2.672065957698037,0.04550120985930783,135231.9153609743,-4.611913152948183,-0.188086847051828,-0.0240811376493425,0.3579962998057607,1.2940879312460438e-05,0.00023725041223745044,6.177578846237877e-05,5.660807555511911e-05,1.929399737282082e-05,0.09440930597536729,9.147699726969603e-06,3.2835841364044434e-05,0.02323169706493821,0.047610541934169213,0.5602952567759137,0.2980130636405746,LCO,12,35
-144710.3072435768,2.4136793508566154,1.3549731993149425,12423.203928472421,-2.709032922754062,-2.090967077245949,-0.7711481717787299,0.35839162194669877,1.3293635705341701e-05,6.327834350139954e-05,1.840263679245524e-05,0.00014709897869606003,2.614461888338106e-05,0.08954183944328953,8.11144787387158e-06,6.66178622958721e-06,0.01638855476137274,0.054426626978227366,0.06940987203402227,0.03501532920902056,LFP,13,5
-109792.77081700074,2.8025387420010377,0.3694652886776682,13250.219416655653,-2.2912917685148884,-2.508708231485123,-0.12751328040356247,0.36377824227666966,2.5959977507514663e-05,0.00022343931305309975,3.152606836341338e-05,8.087141260133845e-05,1.63122952525277e-05,0.054189139063844066,2.9326028233690153e-06,4.6074069883447e-05,0.018868744435524026,0.29000588449522086,0.07838923281070846,0.4340916022905083,LCO,13,8
-40796.227677838324,2.556477403264286,0.15423733913698337,5226.884529886585,-1.8404322130058048,-2.9595677869942065,-0.4751526108066236,0.24486933047424392,1.6335032906539908e-05,0.00016020001487021586,1.5426371521339857e-05,0.000146124901083883,2.409641666579452e-05,0.07839596579983199,1.5542229122239334e-05,4.096466657976468e-05,0.00795579906897977,0.14262544711149028,0.2527736820293599,0.05944826005252629,LFP,13,11
-404544.3664432991,2.656481689362315,0.3884439464603858,38180.88167782718,-2.0278035429681225,-2.772196457031889,-0.3564067721331825,0.5885106800506619,2.9774025645747424e-05,0.00014385784478001648,1.0642188747527792e-05,4.283688020514689e-05,2.4305228600528883e-05,0.07526843589073866,1.5460236626893682e-05,4.89399254478169e-05,0.023513445789108557,0.025916034574693308,0.038364010241157584,0.5093131830509666,LCO,13,11
-51677.435826014116,2.5449353540334045,0.46538711146401324,6200.420730098003,-2.021658968459363,-2.7783410315406485,-0.5264699239940525,0.5389727357658534,1.6088512456118968e-05,0.00013820819660856714,1.1960045791672487e-05,0.00013437105876162221,2.4096415278756025e-05,0.07830297110195866,1.564174428467243e-05,3.846333309857325e-05,0.008622215511424136,0.1426269190542007,0.09379079457708725,0.1671123623746596,LFP,13,11
-15760.212438508705,2.5487195946667645,0.017505769534379014,12921.755583673561,-4.221183639542161,-0.57881636045785,-0.6117471649700204,0.28814045107204195,2.669780189830036e-05,0.00022030452415328447,4.650382874879473e-05,0.00013794893285360417,1.2178922798680762e-05,0.09684779119695208,2.807652628157363e-06,1.7010298449322725e-05,0.004699774659598388,0.02441554206629594,0.041491286357397336,0.2523460066062865,LFP,12,64
-744139.309773965,2.6163321639655956,0.02800712891782542,267976.210147098,-0.5755418993332668,-4.2244581006667445,-0.5730050927164363,0.30657424584215387,2.9946617010445287e-05,0.00018548052736933084,1.2486886780241881e-05,4.743665926707531e-05,1.6773235066053896e-05,0.09550250905139807,1.831947258076205e-05,3.0505660738621413e-05,0.02490758087975102,0.011042106550071623,0.08197408317326621,0.2639787175602259,LFP,13,48
-382908.4990877424,2.49272787500846,0.046779861614548834,63138.60197621297,-1.104665469915119,-3.6953345300848923,-0.19205902178792067,0.2268458469828541,2.9947401971528467e-05,6.865560319856721e-05,1.8342732801166686e-05,4.303238022489761e-05,2.9464901426866258e-05,0.08788922640037004,2.919681300489117e-06,1.3405541907696438e-05,0.022379235712188417,0.07059656313514076,0.0915899308391411,0.5757544842377975,LFP,13,20
-14220.83356152133,2.7414274900941367,0.12457968030026609,1318.9671175902708,-1.8647711822380657,-2.9352288177619457,-0.19847413566252825,0.2553753523016016,2.3176118371491214e-05,0.00019401811155334714,2.0267753814486422e-05,6.304072440447886e-05,2.287185036509872e-05,0.08830669600068752,5.330400065294394e-06,4.990214648719258e-05,0.004030286811390893,0.1505255421252143,0.4574477040978646,0.12355261811439285,LFP,13,11
-196432.72450166446,3.027687284549524,0.6779747347719435,18217.353592535394,-2.3742020011511826,-2.4257979988488287,-0.7521914662760103,0.32384431634886357,2.9952063842449533e-05,0.00018593027408851892,1.0802932860968935e-05,4.783656868732601e-05,1.3974879100114812e-05,0.09858317133658766,7.253410563134051e-06,4.957780503936463e-05,0.016181568171978924,0.029955640874828163,0.0803585050110218,0.06749438783813974,LFP,13,7
-27357.25810933822,2.620880644754645,1.2501406931867542,2069.1607765022272,-2.6888363895661485,-2.111163610433863,-0.4322517717615176,0.5405463335138649,1.3836886016366682e-05,0.0001774976410284761,1.2779815421638271e-05,0.00012305745235158868,2.69252558640929e-05,0.06869180193006606,1.5663854935926573e-05,3.9683297016317865e-05,0.007290855413621826,0.18693973118216375,0.09255918849968132,0.21824930855663738,LFP,13,6
-39607.844515111516,3.22442325491023,1.3319422555769589,1946.810103149985,-2.52168900793221,-2.2783109920678015,-0.17079177587077488,0.2524663376777826,2.7049231410236396e-05,0.00019427258784884022,1.3264251498114432e-05,5.6075735951446995e-05,1.778898395648707e-05,0.08435608892036255,5.233362238242582e-06,1.2000933622794862e-05,0.006766228619556224,0.20266125422959838,0.4308790068078722,0.12566796309175454,LCO,13,6
-25747.673216319894,2.2621374226502455,0.20895989768989093,2750.6706410737015,-1.7846331340347632,-3.015366865965248,-0.26102390014792476,0.3579579895590434,2.3380410883291993e-05,4.098211391952202e-05,1.9089254855308216e-05,4.394278597342192e-05,1.266456593926955e-05,0.09079784743018811,1.8561043275095435e-05,4.260177105418774e-05,0.005728001950556496,0.05545543346527668,0.02436857122823624,0.5891520951585624,LFP,13,12
-299115.7720500772,3.4994395744927567,7.371604760954751,9903.31423597279,-3.218866306190762,-1.5811336938092495,-0.3176375234304182,0.3065115558917301,2.9985644014275087e-05,0.00017529054992856114,1.2214795529707873e-05,4.446876744100535e-05,1.6855300670314242e-05,0.09327507986641728,1.9768704640248488e-05,4.2331922612084846e-05,0.024984278992071975,0.01641176781628122,0.1117509582339564,0.4841997505193443,LFP,13,2
-29329.041967169294,2.8497451302326846,0.1300974555087871,2089.1705916311794,-1.6385068481668839,-3.1614931518331275,-0.6888745053505734,0.2879641655924429,1.3078142673057953e-05,0.00020449908890397326,3.442860627873003e-05,4.496905166333571e-05,1.664941440671076e-05,0.09582746394077742,6.29772559156061e-06,2.9449875965533808e-05,0.004000380543911386,0.05167165113735894,0.09290798919150917,0.09654585432055858,LFP,13,13
-122931.24195051876,2.565469686747968,0.23754121630577502,18545.976796038514,-1.8801396325134618,-2.9198603674865495,-0.37737890031844323,0.3632149801220177,2.467101077587427e-05,0.00017466727387876771,1.980430392822174e-05,0.00013586790396793498,2.210422799011271e-05,0.08262291577930313,1.2084198125775275e-05,3.7367534915807066e-05,0.014927424777777872,0.018842549052253958,0.048033440882284326,0.48574510974701857,LCO,13,11
-729884.9798641516,2.541508523505469,0.025279476692093517,239579.29988489804,-0.5393348006665732,-4.260665199333438,-0.07738699164787877,0.20442588356006233,1.2202736279204825e-05,0.00020103988806436147,1.86732295764773e-05,6.412680115630254e-05,1.6775158895334998e-05,0.09730299328336806,1.971336744736842e-05,4.103646230943194e-05,0.02489444018941642,0.010324273759137127,0.28201675478255017,0.560271979810434,LFP,13,48
-42547.836997678285,2.5087654589469075,0.013427530490876674,22278.029755649328,-0.3677038046659149,-4.4322961953340965,-0.3062996088663129,0.26129220815532767,1.2803500345801674e-05,0.000168317593771494,2.9655984473059744e-05,5.356980532678572e-05,1.7060970658061194e-05,0.052062164190183835,1.950467313172992e-05,4.356984182313921e-05,0.007902947936360547,0.05594918298606234,0.3803537571756582,0.1873974509719666,LFP,13,76
-216058.47043040354,2.4210069371773613,0.22391327706096228,25283.555517456894,-1.7802214322563472,-3.019778567743664,-0.319086048479687,0.3593700946430835,2.332150667799627e-05,0.00010117185118863589,2.2135289265092955e-05,4.391245551968099e-05,1.265662101650883e-05,0.09418923220728542,1.8524841304487502e-05,4.260395408954503e-05,0.01626342385760913,0.015140880990915508,0.032918960612445286,0.5628541099169522,LFP,13,12
-92009.71501780597,3.1023313384475415,0.7154612163873432,10715.752913153983,-2.259158466619567,-2.540841533380444,-0.8260656191441771,0.36788744687137975,1.4326442260835203e-05,0.00020233477669551767,2.5602679029931824e-05,6.476661057245873e-05,1.5316615473718842e-05,0.09494195693906468,9.021148847814901e-06,3.7771915274545134e-05,0.011333962917130496,0.04273266431000816,0.028207695650016018,0.03299402089579872,LFP,13,8
-445595.9340691313,2.7852352738022033,0.1776445971529073,55093.78463688678,-1.8502181622081721,-2.9497818377918392,-0.20436626988955398,0.28916427691778424,1.2458700895504008e-05,0.0001907498636773732,1.68277931956626e-05,6.475808166706821e-05,1.7042045499242446e-05,0.0962565226733776,4.4580651300414945e-07,3.3327768101275124e-05,0.024430395991236545,0.051462701679533464,0.08242841419203902,0.5917426142388735,LFP,13,11
-30306.2696564352,2.1294116303778217,0.029972694761064518,6764.470330815223,-0.9031522596906498,-3.8968477403093615,-0.6214272378610343,0.22679346906130907,2.981654855736821e-05,4.319046913705369e-05,1.0740284755685649e-05,4.6744298717759e-05,2.7456475394009944e-05,0.05778905617976811,2.876491825320022e-06,4.904626430413134e-05,0.007710837209113157,0.056318814897497835,0.23251671198048818,0.01973723526097977,LFP,13,25
-502320.0017555946,2.363036068111392,0.40764077134003623,50332.87554237693,-2.1744819232943726,-2.6255180767056387,-0.6626900169489316,0.4460965483994204,1.7174478165391866e-05,9.653630073140554e-05,1.863225993629966e-05,5.799027657167726e-05,2.5459636766963486e-05,0.09751239441628859,4.8733347699016266e-06,4.9731666807861005e-05,0.024544159990658246,0.018604775113419528,0.13134660187141334,0.11735860606623559,LCO,13,9
-30940.050674385217,3.005780513156018,4.484025973671558,1260.0851394954423,-2.6697116505831175,-2.130288349416894,-0.6991241424760799,0.2911728556004261,1.312932480819579e-05,0.00022306894398631234,2.2911880615072648e-05,7.342159881763093e-05,1.7240213777031204e-05,0.04045888064868837,1.9781383795105196e-05,4.8747839588090016e-05,0.007674789550985278,0.02742887354674372,0.17144073755096872,0.032006246426207766,LFP,13,5
-275150.4987319709,2.532544810000568,0.6240264757295891,18597.42252021634,-2.3860798226012108,-2.4139201773988006,-0.27775896660671806,0.5454910903181378,2.9772408910852497e-05,4.928408282304336e-05,1.4754406790839537e-05,4.2835806582277354e-05,2.720656327971192e-05,0.08323888731417747,1.1054719714695408e-05,3.319066971504907e-05,0.019767276018511772,0.05527360829882644,0.08263873332563544,0.5143286917688201,LFP,13,8
-19354.372481776074,2.8880098386125725,0.5447014579785546,973.9963698326902,-2.3562701070665355,-2.443729892933476,-0.1487260455557644,0.20833778112700468,2.6039493074630417e-05,0.00019180633572382977,3.1617488203280054e-05,8.87583807794297e-05,1.6261292123301283e-05,0.09704993945152424,6.475793363039096e-06,4.998267178099765e-05,0.004089239258733216,0.2912404135923894,0.4689164997305353,0.021117041121311002,LCO,13,7
-119992.33142558423,2.680373632086954,0.7236235751413134,13713.407788439234,-2.5078183638746694,-2.292181636125342,-0.5847262987381454,0.2851572846134226,1.8871606431730573e-05,0.00020459963116001599,1.1495855565652856e-05,0.00012445436841961645,2.8060759971209748e-05,0.09587141590496742,2.5359924386994517e-06,4.234722179428621e-05,0.015518473307994995,0.0777403805310569,0.08139439998040493,0.18613892075039276,LFP,13,6
-27234.68587478254,2.9577233923716113,6.390011155536354,628.3923355506049,-3.173292581513607,-1.6267074184864043,-0.6992881477352021,0.24281591334440367,2.2708467829213364e-05,0.0002454284010734175,1.0620918812683306e-05,8.644125329159617e-05,2.4353639311457908e-05,0.05575184592953228,1.3459627928310993e-05,4.902475357188492e-05,0.007403003418685132,0.025913245813674095,0.17339164040134927,0.03140696604977458,LCO,13,2
-36516.01332129161,2.380056416687795,0.2169487266432708,3182.1394987935023,-1.7847832628973634,-3.015216737102648,-0.18595252971008736,0.3536665992611874,1.4485136028675567e-05,0.0001042035011839262,1.2564192657271447e-05,0.00012444856811462488,2.7552497958212387e-05,0.05844806805055858,1.4331120669939202e-05,3.967264940648418e-05,0.007344999392619103,0.020286567201366523,0.12497724354137585,0.5987836595471704,LFP,13,12
-39802.352910847476,2.3231498616031288,0.46102656477883325,4482.287641179857,-1.9579684257153218,-2.8420315742846896,-0.6296720708120235,0.2880366206986735,2.7440216085763244e-05,7.495872745189989e-05,1.140405758194969e-05,0.00014022895561765066,2.7391063746443192e-05,0.08076730810432126,1.7031051796627053e-05,3.450797754532009e-05,0.007679727820348626,0.0818417223580192,0.15453510713250296,0.06395109969745444,LCO,13,10
-501475.3782020202,2.1541138209192914,0.042889317669937574,141394.89473310547,-0.8903051587413557,-3.9096948412586556,-0.7134989499486206,0.23177883129965662,1.2123362426649942e-05,5.334832524828129e-05,2.0542306661246514e-05,4.253981865775835e-05,1.2712790127736469e-05,0.09741823098728046,1.2767755615032141e-05,4.1030441605577076e-05,0.024304662560426047,0.026274675498287627,0.06150790969519192,0.12871846485789995,LFP,13,25
-23311.50127600841,2.315755971836023,0.20895989768989093,2072.2945910857343,-1.782102226785085,-3.0178977732149264,-0.5828285477462816,0.3603578995781705,2.1451508990524128e-05,4.1515478022250857e-05,3.71967936302105e-05,4.4385229523368996e-05,1.2475936499345913e-05,0.0981484631472245,2.8638011374986396e-07,4.591481050450575e-05,0.004424104328153166,0.055462243942518814,0.02439411274378687,0.26731509556741284,LFP,13,12
-58973.14588407285,3.968407042402788,12.246861900622196,1701.683927849876,-3.4589521455778467,-1.3410478544221647,-0.6588487826270749,0.359428074518706,2.7008067266335395e-05,0.00016998910388665406,1.9159364498825566e-05,8.621526080705361e-05,2.434385265199147e-05,0.04069995427168664,1.3473539541488406e-05,1.2361879236756697e-05,0.020671055462611963,0.06715232032492784,0.1741635124334619,0.029835384614535367,LFP,13,1
-129250.25627908525,2.149190825485488,0.043155468418250124,23766.754722857608,-1.1329120947460396,-3.6670879052539718,-0.5493939773660907,0.2555710787764286,2.004503706606808e-05,5.9686655080720325e-05,1.831465072050131e-05,4.6423470028652555e-05,2.9569502402679288e-05,0.08845830530443838,5.48896797382808e-06,3.431563064631975e-05,0.012613629259763785,0.18557712391595044,0.08816920126087835,0.1068596974570805,LFP,13,20
-325062.4107614032,2.152465331700869,0.01546819756944062,381080.7251834063,-0.3477177314470268,-4.452282268552985,-0.849382425647942,0.30421982225980465,2.2155787338280988e-05,7.480676882943519e-05,4.640667591386501e-05,0.0001130808806601284,2.6799674942254754e-05,0.09759057066964937,1.5296746606239212e-06,4.9764844657167234e-05,0.022768995786094925,0.020454828880023864,0.048862883707854535,0.011299861764179648,LCO,13,73
-111780.63745468238,3.236248417072784,3.183725005979881,11237.504510635285,-2.4646677302861093,-2.335332269713902,-0.1723454522507193,0.4449970547712353,2.6127845214633735e-05,0.00022312499899111046,7.562654502796349e-05,5.6453570312286576e-05,1.627398310765971e-05,0.05388126130163751,2.665242690752037e-06,3.214237767872275e-05,0.018651638820708798,0.08820726307050901,0.17091186244900777,0.498535422229764,LCO,13,7
-21048.46641633339,2.4405087888124912,0.21097062266645597,1697.793552475411,-1.8205702701151125,-2.979429729884899,-0.013101832313811457,0.36763085271923746,2.799206195819823e-05,0.00012655153593597987,3.147973802098367e-05,4.5327821921868804e-05,1.7938643673758493e-05,0.0981762203250968,3.5070183595515792e-06,4.614385308046768e-05,0.004332333540819877,0.2980690706876599,0.11458822358663584,0.5042408734118928,LCO,13,12
-18577.727425187055,3.3988696457481518,10.477266791625107,432.8936886074576,-3.4058111587685715,-1.3941888412314398,-0.09179117372627288,0.20686627156021678,1.9997056448402178e-05,0.00019245084942516084,3.165214212134891e-05,8.970158244112524e-05,1.574826136881684e-05,0.08811752105179882,6.514621906570682e-06,4.4005050749883845e-05,0.007717905946005708,0.1805106962558749,0.5492388900849506,0.10845923993290164,LFP,13,1
-62801.93026339829,2.73845842451606,0.10975402163582512,7980.157997469511,-1.4581253673213013,-3.34187463267871,-0.7127928018372781,0.281658680018395,1.304743765688642e-05,0.0002238462439139422,3.0316118742451024e-05,9.467256216444091e-05,1.615447507005613e-05,0.04393860044002899,2.877014021220805e-06,2.2055245384217135e-05,0.010631247939092847,0.044940530329952835,0.09881831108308983,0.07344835674967924,LFP,13,15
-410236.33669749333,2.6223599059540343,1.961003716582524,27172.358328903807,-2.6085047999887507,-2.1914952000112606,-0.3292120429999523,0.20205408500199445,2.6012630290789244e-05,0.00019734188554831937,1.7761612823627837e-05,0.00014131700556717524,1.4219626143890225e-05,0.09767835560993263,1.9713157624127413e-05,4.652280618855617e-05,0.024703738806824506,0.01863539269387427,0.05465974058029805,0.5274928237258754,LFP,13,5
-659187.6183390828,2.609856904709706,0.02611504813302342,312270.2007884072,-0.42648588221897654,-4.373514117781035,-0.8153566154697401,0.398654646469162,1.9418396403811973e-05,0.00014739109396044058,1.3595635761087053e-05,4.270726407962916e-05,1.5998896690089735e-05,0.08748634370028877,6.172233929563277e-06,2.7080613638462016e-05,0.023478569082547814,0.05403287857730077,0.03496855975317814,0.02564194619978102,LCO,13,62
-54196.122664846145,2.2394727858776915,0.014220374153094972,56817.22814870537,-0.35535777929402457,-4.444642220705987,-0.16511267184530953,0.2779862390069858,1.2052633433733701e-05,8.07386983381655e-05,1.8615063663732317e-05,4.0770268755230924e-05,1.7960804599651185e-05,0.09591565992434573,1.280725349860065e-05,4.8629661960180245e-05,0.010017550113587768,0.15609854029838155,0.023765213958387727,0.5850235738979213,LFP,13,73
-33034.46429992802,2.2022156079572754,0.03642595217288082,13751.69578590966,-0.7557476438328834,-4.044252356167128,-0.39690893491326573,0.20659229311426758,2.4592505222953796e-05,8.1143583103595e-05,1.422103157182117e-05,0.00014686116402899885,2.7533404188652473e-05,0.08818570971867835,1.6783096938008678e-05,4.735928864136609e-05,0.007660557994802844,0.03356875859090673,0.035641208857450105,0.4638810976383775,LFP,13,30
-21144.55924947792,2.3831928896056525,0.02225184779807815,9449.830804791327,-4.333942896455127,-0.46605710354488394,-0.6221818739134442,0.24165087818850253,2.2785993754966872e-05,0.00024863501607855844,1.0100622250336244e-05,0.00014884902253388944,1.7122826384133114e-05,0.08338279405732321,2.8081274851204785e-06,4.225718882602959e-05,0.00479385378582599,0.12012960233798727,0.0482926823649968,0.1393958413835719,LFP,12,52
-231228.8666366275,2.650683200810059,0.0568222068398224,69343.37705150867,-0.8190131757557282,-3.980986824244283,-0.20978202745718377,0.21322387362687747,1.454598397946648e-05,0.00024066907560523653,6.556354161472656e-05,4.694656896747546e-05,2.1294728894297854e-05,0.08417971645283574,1.6611485425535137e-05,5.467515858912936e-06,0.018316678567292327,0.16698631787961513,0.020968313087632914,0.5322633415755682,LFP,13,28
-52631.46165576143,2.118282242165107,0.04955431334475964,10598.153213931126,-1.0563765092973014,-3.74362349070271,-0.6035725142988593,0.2284451656790684,1.390123307141499e-05,4.1126384495593146e-05,1.455501790849534e-05,4.473438077023405e-05,2.6868409132084237e-05,0.09855093934427345,3.059922239516921e-06,3.578934932375266e-05,0.007713306292429499,0.04261623592784894,0.22662690028925866,0.057184349484033135,LFP,13,21
-288824.40036316105,2.5280285406730494,0.011881317957576,154982.33825105944,-0.3663435039043321,-4.433656496095679,-0.648392694392372,0.21004781041469123,2.8933881186444283e-05,0.00023702929691918958,2.87315167128124e-05,7.026014277569954e-05,2.096491891925802e-05,0.08766085576487824,4.064652711302359e-06,7.313668763628984e-06,0.017146483687764585,0.042004857874560035,0.05252097986607168,0.1870814678669963,LCO,13,60
-533536.5585868821,2.452722058671757,0.009630390260008965,416926.0832561598,-0.547958744305646,-4.252041255694365,-0.7846702855051532,0.20664831993134444,1.4359148216519725e-05,0.00023133547049003432,2.4869432606382583e-05,4.0031384655268165e-05,1.584470950157008e-05,0.0694569705693527,1.895335158616333e-05,7.007536418439778e-06,0.023912889376800927,0.01326385641857921,0.12206377484952362,0.010002083226744084,LFP,13,97
-23007.359922921725,2.3720143478220956,0.013347803885140033,15052.279511371547,-0.35894974974852545,-4.441050250251486,-0.5323724347504544,0.27774473192219595,2.715452041399339e-05,0.00017612308662292293,2.3186406411289596e-05,9.817668847502682e-05,2.795428112762419e-05,0.08780758231224033,4.474774846219449e-06,3.497829680566765e-05,0.0048864700116915075,0.052998340129473326,0.07351303076598352,0.2711161943540889,LCO,13,76
-496840.55698772724,2.3388969116939973,0.023019783970604606,266143.7764988455,-0.5305953937685786,-4.269404606231433,-0.5644360369893986,0.20142624503690112,1.8423486894424738e-05,0.00024368214310075756,1.8232399037241327e-05,0.00011988987713282681,2.801818150655464e-05,0.09554584309341221,9.774093552320436e-06,4.689061510384151e-05,0.024639207328984863,0.045709657630449235,0.04688836656848848,0.2729659388116638,LCO,13,46
-260070.3022816347,2.154506790087626,0.10745606692995932,121989.23493074584,-0.8364578675474021,-3.9635421324526092,-0.47236401101965675,0.8831695807203734,1.2209027396826933e-05,7.92652058256021e-05,1.659745981419317e-05,0.0001484924780174695,1.853805193871024e-05,0.08276081004170578,1.6260644276466958e-05,4.739371602835049e-05,0.017333355274179927,0.12448646731894254,0.04001369793994373,0.293135823721457,LFP,13,51
-59336.22408210178,2.536367555311013,0.012016948572134792,32457.557364271037,-4.203838434990388,-0.5961615650096235,-0.5781220471139025,0.21480873101038825,1.9757315576006635e-05,0.00020324662317436115,1.0074050970998115e-05,0.00010167378841517006,1.9965716141039627e-05,0.07569647212674618,1.174523854764399e-05,6.269860981695041e-06,0.008638717926343837,0.12296530189499053,0.041505592159797766,0.18740705883130926,LCO,12,62
-109553.22313219917,2.2676187805234074,0.014324474314567565,92466.52902740324,-0.4907555314140879,-4.3092444685859235,-0.571028819186983,0.2364333579078724,1.2823389337744911e-05,4.3986969261121975e-05,2.483966811284384e-05,4.149375428053761e-05,2.445152558694723e-05,0.0742375101550701,1.9350528807705394e-05,9.25726858918424e-06,0.012582023227019578,0.04755338630632231,0.01677336059786939,0.29464443390882533,LCO,13,89
-293330.71762734774,2.473234710672637,0.1043043490815638,150435.88317872756,-0.8401339679465778,-3.9598660320534336,-0.456203678513079,0.8894323803991625,1.2182757618346534e-05,0.00024941275578353836,1.0028821103958194e-05,0.00014848244340634714,1.7107321894307535e-05,0.08366639748292025,1.6301204387705808e-05,4.772972067591818e-05,0.018888248890014656,0.11987372352851952,0.05215267867426883,0.30176991928413266,LFP,13,51
-298504.8914047702,2.5623910625684276,0.009797917228649958,220428.96912497003,-0.4291763421641619,-4.3708236578358495,-0.7407953448808928,0.21188281757669075,1.2174172638272646e-05,0.00013910518196565206,2.4797441854089273e-05,4.003070129756525e-05,1.2381479539685646e-05,0.06932818491863547,1.5039502186286988e-05,2.268623721540865e-05,0.01885169955389051,0.010962643322499854,0.13431052576984032,0.043931486026767115,LFP,13,85
-244110.5403408242,2.514365581193566,0.009762992800037866,163719.78120928502,-4.373577146357839,-0.4264228536421726,-0.6065971554424179,0.24165695450499736,2.7324589043751077e-05,0.00016207272804146476,2.4842556997353748e-05,4.131263181943311e-05,1.3124356278648394e-05,0.07387339677907702,1.9587215127742925e-05,4.245490882426878e-05,0.01629369615142327,0.12279304737228391,0.06280545244162075,0.13780434474367748,LFP,12,94
-16699.840190895786,2.3671755131662153,0.011941036285671256,15183.510263621989,-0.48909139206141106,-4.3109086079386,-0.11979657285767209,0.26897933549839315,1.2952697275783142e-05,9.766694568718676e-05,8.334990157615299e-05,4.0066706595165244e-05,1.3441418872248028e-05,0.08352288769409623,1.661290514141387e-05,3.01449228786861e-05,0.004974692219723473,0.16747612342323728,0.09803925164224142,0.5446880520768492,LFP,13,88
-395399.43939149514,2.5328697056397265,0.04128109578823241,154641.83159238705,-0.5848760118048517,-4.21512398819516,-0.19545423270829143,0.5163502366119093,1.3041889570804447e-05,0.00024322150166916114,1.6231871491316074e-05,6.595347525905575e-05,2.2955673537929016e-05,0.07249505037366487,8.877784513851116e-06,8.725539249709771e-06,0.020795311747059165,0.07694637887205555,0.5535311710462165,0.10406821737343647,LFP,13,57
-88536.38463806262,2.1120532203413114,0.24575833908115335,35061.89057056563,-1.3148631237686814,-3.48513687623133,-0.08253286358825307,1.0601934997015765,2.3581393647970838e-05,5.1186837001655465e-05,2.3664804960894218e-05,0.00014680304284026618,2.6065212392658455e-05,0.08817992925385858,5.224042044092597e-06,3.75098454896985e-05,0.013038736384146226,0.05633617010078604,0.31292738072320936,0.4782035855877515,LFP,13,30
-388668.11892359157,2.2379554066330782,0.009141419630573765,529178.0394015083,-0.5681603239706448,-4.231839676029367,-0.397508637842367,0.23502623561147526,1.805030201677161e-05,0.00012370869961779638,8.470113140954899e-05,0.00010975073409583929,1.776388397116846e-05,0.09983414474695604,1.8584662013514303e-06,3.654096256312614e-05,0.02376745802729551,0.17431773488821714,0.10206586452219377,0.2561077627472222,LCO,13,99
-314085.6704223006,2.540511465815963,0.010743775350568864,295426.7308906722,-0.5309939144012645,-4.269006085598747,-0.6854675111971829,0.21642303544427455,1.4346137800989343e-05,0.00023773354574474113,1.914605974635411e-05,0.00012641665042680496,2.8021439306490865e-05,0.08796342876966795,1.663176459821147e-05,1.1044059077163234e-05,0.018585046617407976,0.011869314758469323,0.08456554435051049,0.14809762969383733,LCO,13,93
-19390.204609534474,2.1969039437363924,0.03642595217288082,5996.284413099973,-0.7713124173268753,-4.028687582673136,-0.2781376206303108,0.21548635253308024,2.5033907263137704e-05,9.32127113725025e-05,1.4211658052364946e-05,0.00014680241836690703,2.493934179443566e-05,0.08817752417989877,1.8121919011397484e-05,3.747329223337502e-05,0.005150197357565771,0.06697842100344972,0.10643330536288244,0.4784506530033571,LFP,13,30
-407188.80710317486,2.28638005135318,0.02677870042314927,220805.67133110153,-0.4266198112022579,-4.3733801887977535,-0.22254895225681504,0.4513824506765091,1.8277198983482677e-05,0.00012742990770419846,2.1072821822241214e-05,8.515621443176501e-05,2.3211594377543252e-05,0.07409514039737125,1.6297113690947058e-05,4.615994700381951e-05,0.02249628109252227,0.07572661525868926,0.3888675234290004,0.2428569090554954,LFP,13,70
-448247.02449779754,2.5200085018622644,0.011470301174695758,414061.75612327666,-0.5048120785586363,-4.295187921441375,-0.22666859707622933,0.2700948566945856,1.2117617633858657e-05,0.00013901994322712183,7.887686951695287e-05,7.335191886932007e-05,1.238139784667806e-05,0.08956517667596162,1.6937127801888153e-05,2.2437765473759315e-05,0.02396450089256768,0.1503389331050804,0.13510398639925295,0.4178884834194374,LCO,13,89
-297350.2409742266,2.4852583180487917,0.009112485338109757,216352.77635394756,-4.36869536568409,-0.4313046343159215,-0.5245828767545248,0.21629032614367294,1.5193165813252833e-05,0.00012633208641449478,1.648545413350389e-05,4.0045551330696314e-05,1.294585902848462e-05,0.06770715557803622,1.9018896446635297e-05,9.540688788150431e-06,0.019642770404481643,0.17032856313574316,0.08697273953694772,0.1481158205727844,LFP,12,94
-373543.2256400128,2.647251224335241,0.013949908030032968,214687.52236252237,-4.200988604363317,-0.599011395636694,-0.7206146601861417,0.2697671084867123,1.9945894000182456e-05,0.00024050358677842997,2.4848093951710042e-05,4.125420244970858e-05,1.4746721739383647e-05,0.0737053733863673,1.5538415857224537e-05,4.8396581854087456e-05,0.020018426145995312,0.12266347976198731,0.0629111598205838,0.023810700231287212,LFP,12,75
-271904.18568975135,2.3846148425074256,0.016218168355406726,189816.63740037676,-0.347462731580336,-4.452537268419675,-0.15018709846937917,0.2685131072001561,1.8086883639055118e-05,0.00012888429578925407,9.061601477546736e-05,6.947839402262845e-05,1.5243958332034608e-05,0.09059677862165619,1.5533768835744362e-05,3.384568879993659e-05,0.01884310047067567,0.1302463613395596,0.10124726601007937,0.5483192741809819,LCO,13,69
-222473.6127684663,2.3886584864699545,0.4188320441487289,46230.32125685007,-1.4867827552926443,-3.313217244707367,-0.3919288526869038,0.9064946464934129,1.7671773908567494e-05,7.924509961045964e-05,1.4214421897347773e-05,0.0001481085903888657,2.7582235669039718e-05,0.08019937403937906,1.6016127248861856e-05,4.7359263096737625e-05,0.017441289208112623,0.03299830886452038,0.04022198718725323,0.46485085126132264,LFP,13,21
-268667.4495204004,2.4631880272973015,0.008490485769908702,214834.70802428733,-0.5018257279503331,-4.298174272049678,-0.675957833756402,0.21004599855308015,2.736697758812702e-05,0.00013143254632090693,1.9190934677153753e-05,4.104240625120063e-05,2.811668074517373e-05,0.07360885808009648,1.9731178802201453e-05,4.244370401723602e-05,0.01860594477068225,0.05455139117214202,0.061833085676491234,0.13765768939496484,LFP,13,91
-196365.58247381405,2.5313078323001283,0.009264804379666581,167839.52836883065,-4.38359274647636,-0.4164072535236514,-0.625750733763843,0.2297524564993255,2.7363477130881004e-05,0.00011558035134796353,8.180394865742211e-05,4.032861251877324e-05,1.5356797929505744e-05,0.07362313241083865,1.9998502189345444e-05,3.373381560334615e-05,0.01629266693217816,0.11945289441536952,0.10247685586969957,0.08231951595108793,LFP,12,96
-316948.88803696306,2.5864147082311115,0.022398377735575983,118214.79176095294,-0.5983036873313665,-4.201696312668645,-0.6510485212569797,0.25562034166038583,2.7314019437899833e-05,0.0002278507717819113,2.482154679583076e-05,4.087550908239241e-05,2.4667890615052748e-05,0.08884960235691068,3.650848886414654e-06,1.0201208639472262e-05,0.017550380683100292,0.03995783328800862,0.05172610647038097,0.18726753898463083,LFP,13,44
-312828.5613846771,2.5830737593537583,0.018226733524972706,217793.4682107554,-0.3500872724804722,-4.449912727519539,-0.7785027014732839,0.21763952803883918,1.215869168325438e-05,0.00013763655820153212,2.7682774306316557e-05,4.1030148355293726e-05,1.2300926568129486e-05,0.0874516390849794,6.059630762860691e-06,2.710681148632274e-05,0.019382966583279825,0.018326448210081614,0.09646944170595029,0.03670140861068423,LCO,13,62
-169791.09447789792,2.2224794332626443,0.057053108762384674,114251.99367278529,-0.5791010994043546,-4.220898900595657,-0.4604647427067654,0.9095979718291434,1.4013132707107996e-05,7.921341904236918e-05,1.7554331234606948e-05,4.583508983703851e-05,2.707411925916606e-05,0.06753133898841385,1.9037894034581028e-05,3.8101140106113065e-05,0.0164259709433091,0.23611934119420908,0.08821965577459534,0.1451962603244302,LFP,13,72
-45656.93468732444,2.5427003455963892,0.016688234561056912,26466.924331376445,-0.39656446197555795,-4.403435538024453,-0.5777663230684263,0.2781851508705395,1.2111171304871113e-05,0.00020370785570979097,2.2400597365410896e-05,7.906762380429299e-05,2.5768064870020306e-05,0.09575587577347573,4.496611196094008e-06,3.518225361324698e-05,0.006775109799260406,0.05315233815947757,0.015679438755005503,0.28340190001709065,LCO,13,60
-314464.0997676781,2.593350544597742,0.0685753733633345,77888.68693809876,-0.9603621513953726,-3.8396378486046387,-0.6344377434801617,0.23184477489539373,1.8337379227480633e-05,0.00020375872109410477,1.8350524147400537e-05,7.89078443469559e-05,1.4901343477887373e-05,0.09835476498409158,4.398801947582074e-06,4.835929307910036e-05,0.018366083892484245,0.01846068646832472,0.07237696827305218,0.2047246017784615,LFP,13,23
-38700.3646205595,2.3987052754460696,0.03417733803573677,36550.93458448828,-0.6155600449267027,-4.184439955073309,-0.4244900355886898,0.7011400222759036,1.6293990876595806e-05,0.0002377132439857015,1.8994462204165537e-05,0.00014919735233940402,1.5129617879569665e-05,0.08892766997027325,1.619961103736149e-06,3.3293572884319486e-05,0.006854913312807112,0.12597612511714967,0.03272893301401017,0.3468049062801504,LFP,13,90
-298421.7444033129,2.5174913984518446,0.016147980284332994,167656.9795315994,-0.36831941485582576,-4.431680585144186,-0.7533306338302972,0.25501978528317737,2.2640114752896323e-05,0.00013350598646702988,1.2867207380840498e-05,4.270754935433527e-05,1.600731926612623e-05,0.08748739025100705,6.053365104043761e-06,2.7119251011450533e-05,0.017570728190501504,0.05435612672397085,0.09672037178088302,0.025592867664849018,LCO,13,62
-267266.9451497755,2.1682301494514347,0.09130501714350311,124052.2348316997,-0.835997815411659,-3.9640021845883524,-0.5924781701264694,0.8872910606292757,1.2165712964657628e-05,8.944391936359987e-05,1.947417901010558e-05,0.00014983785928860763,1.760355299733794e-05,0.08125104187921334,9.653442817260095e-06,4.7422998892436737e-05,0.017224725508205915,0.114359875710617,0.03909747015850933,0.18406448400440437,LFP,13,51
-181489.9693254779,2.610422513739116,0.009293496708470012,134899.5647696742,-4.37157541594668,-0.4284245840533316,-0.5611755699628695,0.22895341804348618,1.7554859615999847e-05,0.00022473145584475543,2.4842443097451597e-05,4.1314908066988754e-05,1.2355271100844393e-05,0.07362697859249033,1.3663283422576354e-05,4.238446269716524e-05,0.014536293583397305,0.11505924844446419,0.0627564331783556,0.19100874841431076,LFP,12,94
-197856.0845613203,3.6094083677251576,6.890658150899588,4900.038625057108,-3.2830076071527117,-1.5169923928472997,-0.12337507221525557,0.31082352362901045,2.9934981930160603e-05,0.0002462271272107772,2.3359615341606206e-05,9.051925708267698e-05,1.878478312682556e-05,0.08813358799471009,2.8328476059811284e-06,3.2172650023913835e-05,0.018377504808824725,0.3249690426642866,0.4529646812844881,0.028691203835969833,LFP,13,2
-54637.069863743694,2.6269221756808543,0.010347156656741303,36085.30986097843,-0.37762345157918276,-4.422376548420829,-0.36655272795772365,0.2150124182636224,1.845832665082888e-05,0.0002486624273500892,3.6208529054751556e-05,6.409779791178433e-05,1.3004950986550693e-05,0.09225256365278367,3.555893517646532e-06,1.237222047179836e-05,0.007225890235589692,0.01216876638303982,0.1419576772676753,0.40932082839156125,LFP,13,80
-290043.4671602892,2.4805197341346528,0.10858861557957589,68834.32283284586,-0.9816374926073479,-3.8183625073926635,-0.2730825698025239,0.4465601562056194,1.609242247570496e-05,0.0002148532242659768,2.2672911078376177e-05,0.00011881892268047765,2.432921990112556e-05,0.08846403766810972,1.7204618756866328e-05,4.0048151983670915e-05,0.01795635249217912,0.012614087415521683,0.4003526768260431,0.2439506659559114,LCO,13,27
-485563.91080444667,2.7532773448800207,0.5750341952356833,67269.24446755291,-1.8053050221899056,-2.9946949778101057,-0.8214978388807227,0.2562770861368304,2.9515824840606934e-05,0.00019658579340052,1.316817610030876e-05,6.427494906603002e-05,1.301965466135857e-05,0.09747656490272054,8.923435138721946e-07,4.8631023490510476e-05,0.02443236449360136,0.020675286405512947,0.052484553192899644,0.03534232152086475,LCO,13,11
-8330.29551671559,2.5630511732203685,0.7353299187493131,3234.0613544464904,-1.7569122069422534,-3.043087793057758,-0.8708325992215543,1.427751566336852,2.833669155677611e-05,9.846122497232354e-05,1.0448546448544116e-05,5.572607201444891e-05,1.4029903040156264e-05,0.04205900308770312,2.119441332864409e-06,8.729756598321872e-06,0.005916170004110849,0.02942095119852816,0.01785224775469708,0.011894201825220468,LCO,13,22
-305483.01511924766,2.528791797885979,0.015217118258463582,116339.12998634424,-0.4970033023960667,-4.302996697603945,-0.3764037544845904,0.20459790633799185,1.4392327419856043e-05,0.00023123689329103365,1.703093480586384e-05,4.1214493725475605e-05,1.7702726740862402e-05,0.06938911303682938,1.5066833329456024e-05,6.490824888931484e-06,0.018797964295585886,0.12050493648661219,0.12237043397460287,0.3107208750541946,LFP,13,51
-150333.64008594773,2.333868600510579,0.010024533369668966,161905.99858730193,-0.47573365153493796,-4.324266348465073,-0.3088973123343989,0.23652252752215328,2.313488813601066e-05,4.8023047641469245e-05,2.3682212180066656e-05,0.000115676685737179,1.4658637402066904e-05,0.04175284110092081,1.898516522544834e-05,6.608081287689936e-06,0.02286284778670778,0.03198244693220231,0.4620002466795764,0.12711999405382246,LCO,13,87
-87822.85870216489,2.6177059680087424,0.030552270134931902,76853.24113228709,-0.4477447151593168,-4.352255284840695,-0.5696563155835894,0.43974141665838584,1.2614586763889316e-05,0.0002321338976125378,2.327934665855162e-05,0.00012304434418053563,1.4355025295360826e-05,0.0501157931444105,1.3727723865394206e-05,1.546181496564706e-05,0.015356088222623401,0.06731356552421766,0.2588232637014894,0.03420685519070352,LCO,13,63
-188715.01991733167,2.8421982893680244,0.2840556371994928,44118.27119867225,-1.5446357697707427,-3.2553642302292687,-0.6929451161481504,0.6695875519623269,2.4624373779570334e-05,0.00015272330468723473,3.971643298697205e-05,4.081269885198441e-05,2.4528051257033936e-05,0.046279226601590645,2.1385629684460697e-06,9.968117452884815e-06,0.023941940396369887,0.02719175119857111,0.02958408251238223,0.18027905014089637,LCO,13,17
-147045.5235074174,2.9160591689245194,4.189170401608176,11465.625979843368,-2.465033476512204,-2.3349665234878074,-0.01707222897248084,0.39317518445294075,2.8890391114832506e-05,0.00023858821944469617,9.419273256463383e-05,0.00013683774119990522,1.3754849930265523e-05,0.07460325077969802,4.920431320726523e-06,4.755661999531547e-05,0.016449547202250663,0.09999215609179876,0.5299852010639543,0.2829504138717661,LFP,13,7
-274749.9037280382,2.6618717296141243,0.2998428154641812,68299.65087567913,-1.4105956317041972,-3.389404368295814,-0.1874951471466576,0.47169470036214767,2.897023507621932e-05,0.00021587586469357095,9.533959184198313e-05,0.00014952131878917497,1.237427491383661e-05,0.08404008633342773,8.24160887586427e-06,3.7389916343625034e-05,0.022738303747539188,0.10218361996646945,0.5282239809594426,0.11209725192743046,LFP,13,18
-311112.89658992045,2.145996981801594,0.03701994707899832,332048.4286172065,-0.4780318745137251,-4.321968125486286,-0.6532544298382621,0.6330368447991626,2.2203718592531847e-05,7.504456115587454e-05,3.580508843335695e-05,0.00014899367989615897,2.70014850876969e-05,0.08810729525327345,1.5244762537203491e-06,4.4115248054325466e-05,0.023293309272581983,0.029621630656109732,0.22868559161988022,0.01843834788574797,LFP,13,71
-421215.67618496716,2.2526306562084293,0.01103006939945098,229487.1147899058,-0.4706126642957358,-4.329387335704276,-0.14462549836943606,0.2596996438075647,2.963503528025873e-05,0.0001016199642298845,1.1145489402201549e-05,6.275932538418344e-05,2.5083321593805456e-05,0.07880501353485307,1.675155925418558e-05,4.5099486134455455e-05,0.021144366336534135,0.09721535371171797,0.4268179012719091,0.261341246646937,LCO,13,86
-225891.32756835394,2.3589263575616473,0.02708848265583576,117936.1940285857,-0.5788208112515534,-4.221179188748458,-0.6305771591493379,0.3216133044991615,2.8373258143884643e-05,0.0002288139087274303,1.7887592779725744e-05,0.00013634769650729218,1.2276179682212344e-05,0.05608165245576105,1.453551156065095e-06,4.5497396913627347e-05,0.020660357340637623,0.09250622001730743,0.1545146245872809,0.052401996246073765,LCO,13,48
-34192.20876272572,2.2472980493693315,0.023670707430117836,15808.175288686749,-0.4792497412939838,-4.320750258706028,-0.22472605524896772,0.2938307855563783,2.8978032407823996e-05,0.00011062845612015839,2.14219522598511e-05,6.147722851713828e-05,1.3171525353632418e-05,0.09933452307645813,1.3149425534523792e-05,4.631952541458623e-05,0.0058992458093770975,0.0797764334759262,0.4996928284564224,0.1258046828186838,LCO,13,56
-610742.7624341494,2.520280936839665,0.02367986815334498,218485.32405091662,-0.5828951230375026,-4.217104876962509,-0.28442462823039727,0.23863757089889615,2.569545289589958e-05,0.00020871345328589834,2.1116189487080834e-05,8.165234766044789e-05,1.3280972999806595e-05,0.0912663458441072,1.527053289131872e-05,6.225249252444183e-06,0.02422798687816129,0.05674344462830058,0.5371965185489403,0.051635408592361855,LCO,13,46
-448758.84470600437,2.737450311325607,0.12932733382494727,73779.35673240075,-1.4753547588445244,-3.324645241155487,-0.32950937507940237,0.3146599732425306,2.9789364523435964e-05,0.0001783083380466127,2.6240582478969635e-05,4.448776545051674e-05,1.685307557228314e-05,0.09330156021645342,1.9750415526736817e-05,4.937000075491098e-05,0.024720347687047547,0.01640930606968915,0.012779800086195042,0.5713015187647135,LFP,13,15
-278509.6411004874,2.262794501947403,0.043909584936605475,125042.40327942037,-0.6846777287594321,-4.115322271240579,-0.28491824115846653,0.280152606422331,2.968224308141263e-05,0.00012014791523184252,5.102930626223998e-05,0.00012679439986069822,1.7866523073114778e-05,0.09574651636445916,5.383202875855942e-06,3.280647638173134e-05,0.01932894726671574,0.14519615512391293,0.4755705479542165,0.024315055763404078,LCO,13,40
-470623.66079067934,2.522776247407401,0.025264732269124002,176688.2946667811,-0.568238156716653,-4.231761843283358,-0.3966777749165318,0.321160880875324,2.949360423149547e-05,0.00022923409795295782,1.799405682780427e-05,6.99533121301884e-05,1.4840613048180319e-05,0.09441882522869083,2.515508771324587e-06,4.575731177736648e-05,0.02063371034988063,0.01890596755206872,0.017175350809793873,0.49724090672160565,LCO,13,48
-94298.93529506093,2.462192825136431,0.0091335994918515,101844.82365590787,-0.37545382842633046,-4.424546171573681,-0.20443268295388706,0.2032679363079738,1.4568484896488512e-05,0.00023171602818410701,3.5068145349608214e-05,0.00013706921031683464,2.1775125303342305e-05,0.08169595469277725,5.923970572533059e-06,1.4273952519326205e-06,0.015267168942193576,0.07750463321933727,0.13666527034029252,0.5113974134864832,LCO,13,60
-752925.7434010146,2.5456012942956536,0.06509472297619827,244268.74798809562,-0.7283619759704152,-4.071638024029596,-0.35688514767865076,0.7405641848684744,2.730047457697622e-05,0.00014906123582908483,1.2296800889147355e-05,4.871012357927924e-05,1.9286155748011267e-05,0.09523450117099336,2.48748464893488e-06,4.5753632492959815e-05,0.023962991237673766,0.02747101518559355,0.049529366435703964,0.49611447070005177,LCO,13,52
-409048.8592790544,2.8418718443202566,0.18578523910708894,54350.898738523414,-1.777616812437529,-3.0223831875624825,-0.24063813528736766,0.29831264925348244,1.8452996726272778e-05,0.00024958448497406765,3.610171383812683e-05,6.388329418378409e-05,1.3305156433124111e-05,0.09522184616530999,1.4097089653659373e-06,4.0560002602450825e-05,0.023121728308165473,0.04906749285396951,0.53241050533741,0.10788386652125292,LFP,13,12
-17348.303968800337,2.1132079225188876,0.028035032346891704,15697.715529195848,-0.4504959106462394,-4.349504089353772,-0.032760753823419586,0.4332921032318275,2.5652267069543856e-05,8.52233557479825e-05,2.6989864130820592e-05,0.00014877916453991664,1.2632181617740672e-05,0.09511295816329057,8.837109025460284e-06,4.3785055030852876e-05,0.005606373836108963,0.309412661691715,0.5748152006309504,0.013011383853915141,LCO,13,66
-78274.51721028655,2.3753485337538023,0.010645315745752042,49987.2576441187,-0.32007385324068593,-4.479926146759325,-0.6500387331000343,0.2153988176699412,2.8843828327786138e-05,0.0002338836181547731,1.8820356261184046e-05,0.00011807804986745018,1.4552721571905702e-05,0.041561169030490834,9.662860424137287e-06,4.75525210080225e-05,0.012904851218968982,0.1448444663991101,0.11003448884993848,0.02508231165091715,LCO,13,70
-282150.9831213873,2.259335218580431,0.021821498472411677,160191.1438942183,-0.5874891018769972,-4.212510898123014,-0.4239661880957948,0.23718907183644905,2.3801699819959714e-05,0.0001221953144638313,2.1119399927185554e-05,0.00013559530729481903,1.3748814051664374e-05,0.0915651980513015,3.9284811014628185e-06,3.5993010443897015e-05,0.020445997944994708,0.07075071053414549,0.42376671844801994,0.011516382922039818,LCO,13,45
-651927.1152257582,2.3782091933124785,0.031316329352440955,406366.43742223585,-0.5176182554757673,-4.282381744524244,-0.36134580539794614,0.5920883797551881,2.138920103772822e-05,0.0001239533266329732,2.1890111371446203e-05,4.465856218168581e-05,1.337789957879024e-05,0.08921426790171431,2.4774494245584174e-06,3.992598471198028e-05,0.024996573323310282,0.022618610920614533,0.042329102996222945,0.5037064806852164,LFP,13,83
-19620.72278534042,2.195041556520647,0.03703055363472249,16587.75749581943,-0.47719591369921943,-4.322804086300792,-0.40673760925806657,0.5288118632541818,2.9031561082593968e-05,0.00013711544539186897,1.213290250485332e-05,0.00012321457244492183,2.906738332595569e-05,0.09931031071039137,1.2571489401709348e-05,4.83587319777441e-05,0.005358845655311341,0.29270692876108606,0.2174670771328741,0.01308838484797335,LFP,13,66
-559571.8968841268,2.2464381109769347,0.027301630236146575,181242.21883298576,-0.5779500234213444,-4.222049976578667,-0.1889793448657836,0.2598688107266031,2.434750347122599e-05,9.641137930690885e-05,1.8751984385003047e-05,6.223716725828302e-05,1.2035544900758466e-05,0.07875401263597101,1.6313762062132803e-05,4.736087142810446e-05,0.024525184607343348,0.09738834339078568,0.3814131899293841,0.2622191218140466,LCO,13,47
-58387.869383156634,2.488267127476731,0.03189123574933161,17335.98294318856,-0.7704319293532436,-4.029568070646768,-0.025645080198649528,0.21341297532026277,1.8336024619190223e-05,9.24143697039036e-05,3.6250253171485804e-05,6.497457175962541e-05,1.2264173814879681e-05,0.09227091167980668,1.637230581413939e-05,1.1454591246168844e-05,0.008806515062447538,0.04547423207099115,0.3833931849100932,0.4754875028202661,LFP,13,31
-71088.06682920767,2.6766633593443583,0.030120459465856154,34135.17893447292,-0.4420415720565529,-4.3579584279434584,-0.2644218147531786,0.4399032348149771,1.9547203690146968e-05,0.00017703195630316165,2.7551186263350824e-05,4.090715399707618e-05,1.3343564896095688e-05,0.050160170132233596,1.7543075590443486e-05,1.5356003188109502e-05,0.010956840358721494,0.02783072142963768,0.2604830555572907,0.37726440825989305,LFP,13,65
-21391.219583208105,2.2852681075548316,0.07410120881816888,8697.187394536437,-0.8802417153910014,-3.91975828460901,-0.1577949559756764,0.7288471942576792,2.8580586737733602e-05,9.59076460239778e-05,2.638110868992785e-05,6.151681968402303e-05,2.164615058212686e-05,0.08966596816162899,1.7609094860961554e-05,4.5483845380741225e-05,0.005380551709215919,0.10794555300010664,0.16853810321414456,0.49572138781007247,LCO,13,43
-617452.6351248801,2.5019118125416036,0.01601334635043044,378161.07331470377,-0.388381207698842,-4.411618792301169,-0.30198396167417607,0.3357357046781918,2.9937023445940883e-05,0.0001787557002041676,2.972958556874159e-05,5.8738419979733125e-05,1.685465319132665e-05,0.09331701978106963,9.494572596126563e-06,4.9359193021020757e-05,0.02471988618587077,0.020627795074329523,0.014182453166644186,0.5932057900848503,LFP,13,77
-69511.77689751043,2.4749659044247756,0.01860748449195721,28617.125001646094,-0.4281439022702145,-4.371856097729797,-0.03524709216188848,0.33361963006194073,2.4337296934915167e-05,0.00013668317085111916,1.2073354218602595e-05,4.127281933037555e-05,1.5241216294097925e-05,0.0681890361614368,1.920638002126748e-05,3.9776908059701705e-05,0.008291213167279586,0.0930585982049659,0.5511009372101716,0.250593372422974,LCO,13,80
-189499.765677026,2.547332043624968,0.011268071921566087,125060.23873811579,-0.4371094682938548,-4.362890531706157,-0.052498494297527065,0.25516145955396496,2.1989802246349053e-05,0.00017477514928865916,5.2588311925873286e-05,4.0720095943176326e-05,2.4264924035238317e-05,0.04823157418252544,1.699991661853939e-05,3.8254319525725e-05,0.01990845044744021,0.02622243483933456,0.5897050847118825,0.26157398615125593,LCO,13,83
-46404.13736281456,2.4535850105983554,0.006673267391657639,68902.53306077464,-0.580322245981499,-4.219677754018512,-0.6016674104008823,0.3314834636377576,1.8458007884147564e-05,0.00020760111341673167,2.1089677461008167e-05,8.945950184127116e-05,1.3281118499099592e-05,0.09125553013983749,2.335645423491014e-06,3.3424117233170434e-06,0.008766364001481834,0.07771545641096878,0.1289996918151621,0.12161744137298676,LCO,13,96
-360923.4758122716,2.68788861972505,0.3728524713381839,106745.91124080146,-0.8693445013174639,-3.9306554986825475,-0.21159473847603572,0.7306198421876763,2.8611229521358084e-05,0.00023085061164985473,2.267014226809105e-05,5.865549201056507e-05,2.5602670017309433e-05,0.089672943290962,1.780086233686361e-05,4.80227703776242e-05,0.01815542222287198,0.050193914426324676,0.06845303202226274,0.5997583150753769,LCO,13,43
-168205.23915153687,2.5475805611845486,0.015773240927687757,77639.31262309519,-0.36897603905154597,-4.431023960948465,-0.32370166759650143,0.26659939881238615,2.4462918882751637e-05,0.00018064005357570955,2.4300536124296153e-05,0.0001456430097480133,1.4510312918428194e-05,0.09795329976423063,4.517355315559311e-06,1.3398052976333436e-05,0.011707777796376363,0.07735531781969676,0.01484806796650549,0.5140949466172964,LCO,13,63
-391068.9617548735,2.5078240816119046,0.05813146535074719,124814.66473935609,-0.6889540328161843,-4.111045967183827,-0.6864469228223193,0.33791643119469283,1.4635096123838792e-05,0.00019186205625837518,2.3820223804726954e-05,5.8655355403054513e-05,1.3430469823058416e-05,0.09987101383419619,1.6426081956211855e-05,4.738709772619071e-05,0.017151790456008755,0.15153034534612667,0.06810981633867065,0.023912915492883418,LCO,13,40
-385101.56958885136,2.22975014613472,0.025999284651066455,141613.11516000755,-0.6806518553271701,-4.119348144672841,-0.3575701519456358,0.3776885308941089,2.7186513563272102e-05,8.312731268385924e-05,1.920862762159255e-05,4.0830959074150664e-05,1.5580101271723846e-05,0.09460105117740215,2.7992519284159763e-06,3.564225615722975e-05,0.020819064589704766,0.07192862240098341,0.013377587910593285,0.48712363774278755,LCO,13,42
-193938.11590262968,2.232327491996281,0.05899224837862421,52397.45500877074,-1.0044227557749608,-3.7955772442250506,-0.1192369201349015,0.3672766535579351,2.5992535030830056e-05,9.943406016593874e-05,3.1735024151704935e-05,4.238435894699539e-05,1.7882267740938516e-05,0.09808544642696213,2.492703579870071e-06,4.614320291869296e-05,0.01647047612548257,0.2901998158649568,0.08629612240648413,0.43426714159365765,LCO,13,25
