SpecificEnergy,SEIGrouth,TempIncrease,Price,UpperViolation,LowerViolation,VolFracViolation,C,la,lp,lo,ln,lz,Lh,Rp,Rn,Rcell,efp,efo,efn,mat,Ns,Np
-272062.36913313204,2.5625916325359697,0.0509854759706392,54124.38534580528,-4.799822576312337,-0.0001774236876741,-0.190161830692795,0.2206004991464892,1.3450507652087993e-05,0.0001772897503313,2.7939064853233184e-05,0.0001138505452629,1.872260671717349e-05,0.0913094892963995,6.732025191898661e-06,2.7603951002025528e-05,0.0179214502108018,0.0363182471695365,0.5651896834410095,0.1383302386966589,LFP,12,23
-69428.93385143016,2.100153078195603,0.0311349442234246,36052.55953336167,-4.4317107595013,-0.3682892404987115,-0.8276236233866687,0.2221430647432013,1.276956493335698e-05,5.643161319021183e-05,1.3400766574858143e-05,0.0001222895548458,2.940610503136901e-05,0.042047704579144,6.892713460441279e-06,3.963331351929066e-05,0.0146938443020519,0.0460389630819254,0.0153942383322661,0.0409431751991396,LFP,12,42
-26468.36533941105,2.143623506939477,0.0486447649727455,8393.810342748844,-0.9589948957766126,-3.841005104223399,-0.1696822086904537,0.2042987851431183,2.701019592429914e-05,6.79003337610936e-05,3.062613495398687e-05,0.0001067861115745,1.7612298371358775e-05,0.0934494112346252,7.875735745673806e-06,4.999459286739623e-05,0.0068501182505744,0.1186606974869348,0.5998869225488469,0.0417701712737645,LFP,13,24
-25468.17299718186,2.470437541250073,0.922582122962805,364.3524194979203,-2.637770570566957,-2.1622294294330544,-0.1005495451191043,0.2173917621323506,1.992453159358349e-05,6.176874473022732e-05,2.3215244061888653e-05,7.83741364945267e-05,1.6126892846842085e-05,0.0402760174352098,1.0467481127556897e-06,4.510413518128481e-05,0.0048118479399239,0.074560423529062,0.208989527479768,0.5459005038720657,LFP,13,5
-39004.22024583486,2.2345344355500107,0.0545863382831975,9067.750755315948,-4.740848939368362,-0.0591510606316489,-0.5213040980101071,0.2058962558570695,1.212909423501991e-05,0.0001135909052379,2.5394533288530632e-05,0.0001371945154248,1.557434705497786e-05,0.0542584914206172,6.75729737900236e-07,4.898402552958924e-05,0.0088929309424209,0.0175393536025328,0.0458756908277591,0.3452808575596009,LCO,12,23
-26567.9130273758,2.1524415762711318,0.0059495849653196,28816.216443711422,-0.3710464153592809,-4.42895358464073,-0.3821485225480989,0.2273114610450292,2.3892779233388336e-05,6.044271168641607e-05,1.3217457835031696e-05,5.301949970303369e-05,1.4610977598785298e-05,0.0545361159420936,6.109074778003624e-06,4.98847493445061e-05,0.0090835143452733,0.050648555327066,0.4544982231080524,0.0427046990167826,LFP,13,78
-44056.48309878534,2.194646400475156,0.011373568040541,44203.404198258,-0.5561067806456776,-4.243893219354334,-0.6434413322159643,0.2239349516508525,2.3598366764923214e-05,6.183671878200044e-05,2.178617799620741e-05,4.369182460217873e-05,1.4624915182623518e-05,0.0581602444924227,9.119598515706644e-07,4.6627336591420107e-05,0.0091683933166778,0.0217147712168702,0.1739728950847796,0.0908710014823859,LFP,13,100
-57651.70150568152,2.63367790899347,0.0168605941788099,23284.476435117977,-4.281669840215173,-0.5183301597848384,-0.8174183115460609,0.2241307889696087,2.888879379089594e-05,0.0002048233878873,1.0077767960646529e-05,4.366203201087094e-05,1.209945219476717e-05,0.0651541931096065,2.476355904903492e-07,2.1544879779975223e-05,0.0082052498412826,0.0569560597421166,0.0163860664685383,0.0392395622432841,LFP,12,55
-25688.168484751983,2.2600824003909628,0.01139383587305,21134.34736934746,-0.3308239807159765,-4.469176019284035,-0.3260997560304171,0.2035141473080107,2.725897742105964e-05,0.0001439435258528,8.659209577158326e-05,0.0001420470031667,1.7707132629330643e-05,0.0816366922799644,8.684791695256038e-06,3.823667924359634e-05,0.006376090318338,0.053837976834087,0.5214490668007329,0.0286132003347631,LCO,13,70
-549525.2803692337,2.571634422700235,0.0102987508955596,311759.38974157325,-0.3494883551600054,-4.450511644840006,-0.2703076483443597,0.2150559041828969,1.202338812546176e-05,0.0001365146802157,2.9248917214096292e-05,4.400085386242616e-05,1.763741639770462e-05,0.0956230267321199,6.744755192615145e-06,2.7576949911700885e-05,0.0222257058293732,0.0326873080173342,0.5880316533855604,0.0389733902527456,LCO,13,75
-22701.73083208704,2.0905319446118997,0.0123551189706659,17792.711125377227,-0.4908733886809173,-4.309126611319094,-0.3354820892649476,0.290975153821147,2.9029199691115426e-05,4.42703265777048e-05,1.4258627730005144e-05,0.0001411537141226,2.929327646478461e-05,0.0417060572683605,3.19289761826144e-06,4.597904157395238e-05,0.0077372881992026,0.0239922764071547,0.5289811089576409,0.0415445253702567,LCO,13,87
-32586.86750888844,2.094362380035688,0.009358949444499,29518.876478867554,-0.3670655792687256,-4.432934420731286,-0.2991509879491812,0.2033693760513225,2.3807474394875597e-05,5.517853014500684e-05,1.179626297102139e-05,0.0001167026367987,1.4583229109320351e-05,0.0542688001690616,9.883310280408388e-06,4.452426337169845e-05,0.0091106053009964,0.049127682672885,0.5533247075251441,0.0283966218527897,LFP,13,78
-19396.518983026377,2.1471790764127467,0.0154821475917732,17260.152624348775,-0.4663565284440736,-4.333643471555938,-0.1096859437114581,0.2145994035032665,2.2488586991807068e-05,7.790435279866897e-05,3.0630821946789816e-05,0.000107701474017,2.4951578027056983e-05,0.0936116581020274,4.898355508824691e-06,4.297980108770492e-05,0.0064844629315421,0.1674345961820211,0.5993750324996777,0.0535044276068431,LFP,13,56
-355186.53153312585,2.309491757262402,0.0133959059294922,206497.9918177141,-4.198568538342954,-0.6014314616570573,-0.6326787730314228,0.2314221160448726,2.713186535593612e-05,0.0001904308737968,1.8838742318999792e-05,0.0001166734331151,1.7591605258756893e-05,0.0629294756534472,2.6979005256041367e-06,4.906730096974171e-05,0.0233952793966914,0.0350955616905449,0.1787784816396761,0.0834471836383561,LFP,12,65
-276706.45467395976,2.4534752035648366,0.0732622796660033,60705.1588018117,-0.9950410042709236,-3.804958995729088,-0.3017724599272096,0.2283144241436357,2.761231476089132e-05,0.0002286436359742,2.7933296937104078e-05,0.0001036091446897,1.713853200799752e-05,0.0912989605540594,8.420996246972915e-06,4.9511425127508345e-05,0.0180309882539913,0.022269501853092,0.5648820622485764,0.041075975971122,LFP,13,23
-6820.836137544257,2.2063630267113163,0.0423274889317435,3956.527433120422,-4.576819559123891,-0.2231804408761206,-0.8257874401872938,0.2051776319485211,1.7333701353474305e-05,4.76518153616132e-05,8.506683006048037e-05,0.0001208141196836,2.9461402903950828e-05,0.0830061686015698,8.717024934763753e-06,3.757152835471299e-05,0.0041289646982947,0.0424787148167071,0.0149640688003528,0.0467697761956463,LCO,12,29
-17311.764773496972,2.5785805639005086,0.0097622192878549,14361.700950269083,-0.5570283136075673,-4.242971686392444,-0.6387113082623086,0.2286704976766921,2.385035812339368e-05,0.0002204021234749,2.1793131670204863e-05,4.6342090888202256e-05,1.201027939297437e-05,0.0580130763749841,8.324196386226553e-07,4.659491626417139e-05,0.0049536325524473,0.0259355750053605,0.1742273876146347,0.0911257291176962,LFP,13,100
-25233.590805442327,2.128303664678846,0.022103814808353,18173.905178367422,-0.5607563171733858,-4.239243682826626,-0.5057292203353205,0.2140348854937859,2.074153702409327e-05,8.525468765511421e-05,2.01230572333902e-05,0.0001353837410607,2.917693958401494e-05,0.0936619409578613,5.030941784027456e-06,3.981079261583362e-05,0.0066959762000803,0.1954067528642729,0.1698146908587577,0.0590493359416488,LFP,13,47
-7195.066384676888,2.257181298321877,0.0550692888061301,2899.8852215826,-0.9126012999047362,-3.887398700095275,-0.5387977480546997,0.2278667019274262,2.926755001525743e-05,4.747422924643997e-05,3.841643419586472e-05,0.0001172521021185,1.216673842778568e-05,0.0404064261196391,1.5676655026999035e-05,1.2807333416300433e-05,0.0055538254567352,0.3551177658621332,0.0115723636231134,0.0245121224600537,LCO,13,25
-3961.7448837418,2.358614120764692,0.0329540474728664,1819.707156918137,-4.560926422871788,-0.2390735771282237,-0.2908473885564157,0.2029734229550839,2.8034502784564684e-05,4.039252388412447e-05,6.700379507861763e-05,0.00011391691127,1.4596870814600315e-05,0.0403030879872614,1.0934648109463037e-05,4.134913494407628e-05,0.0041159464759946,0.3461993632886451,0.2214770279197336,0.0714762202352055,LFP,12,34
-160590.92742636643,2.3596836715254423,0.0196165165488906,95996.8862204871,-0.5670418139933204,-4.232958186006691,-0.4316078960091167,0.2135677158302264,2.084039404060552e-05,0.000235439972583,2.426178150030165e-05,0.0001370853864429,1.4779960066791172e-05,0.0941373251458746,5.003722056962052e-06,3.976236014133065e-05,0.0150145281585338,0.2624929591942732,0.162981499367867,0.0729176454287431,LFP,13,47
-9931.22133861427,2.078815498085673,0.009607309691024,9302.523338045405,-0.3746187755838903,-4.425381224416121,-0.0138151308827321,0.203032059759804,2.2195142924556176e-05,5.525284923337833e-05,1.1744898568278512e-05,0.0001181096187333,1.2121889227250024e-05,0.0408321862039059,6.560995306005615e-06,3.83443874800512e-05,0.0062166505897089,0.3486296271047864,0.5390613508425749,0.0284938911699064,LFP,13,78
-20877.091727891388,2.64701661090754,0.0091987769555845,12166.583589950074,-0.3743291345590904,-4.425670865440921,-0.3215159173257936,0.232332365492559,1.5593768514824368e-05,0.0002437272067389,8.705539307397182e-05,4.404466390999148e-05,1.8968347207171792e-05,0.0412026935705933,8.401243867282382e-06,3.821688709259934e-05,0.0063757560796668,0.0478471950793288,0.5473547991077897,0.0132820884870877,LCO,13,78
-47332.63902104631,2.192868523117529,0.0145124528916264,20321.94348839565,-0.4177862965964962,-4.382213703403515,-0.1258012300789429,0.2146030552550714,2.24862474464096e-05,7.667888533278278e-05,3.105708905541638e-05,7.058186937460775e-05,2.296728592621197e-05,0.0964121324067113,5.848887641883404e-06,4.306795889642754e-05,0.0067416834999377,0.1831836701040129,0.5914086210789713,0.0296064787380727,LFP,13,60
-33954.490778453626,2.488691241887067,0.5712040373649444,2075.016787678137,-2.634107550066034,-2.1658924499339776,-0.2161978779186434,0.2143170431739556,2.5266627624230563e-05,6.173870302335903e-05,2.118131821687546e-05,9.459301868376968e-05,1.4623321594479136e-05,0.0583250434345409,9.113548927249596e-07,4.663072133364562e-05,0.0093557236652247,0.0976569912544556,0.1574806441147938,0.4586644867121071,LFP,13,5
-49181.02963402337,2.3704864970345763,0.0096048724162972,38563.363228738286,-0.3708871020948834,-4.429112897905128,-0.4178999660442074,0.2308460838001921,2.24647474524429e-05,6.819963556581255e-05,1.0245780853285309e-05,0.0001265555893134,1.4584583597731543e-05,0.0528347385614675,2.814660992162059e-06,1.0630499908240044e-05,0.0102179376695355,0.0506637595224016,0.4228846823513053,0.0385515920820856,LFP,13,78
-11746.803869762924,2.210361485087225,0.006597564931416,7292.175198811216,-0.3941448838878543,-4.405855116112157,-0.0111543869389061,0.2270273985419263,2.408760863216033e-05,9.355507403254584e-05,1.835881388690812e-05,6.431250525860023e-05,1.5818031369270374e-05,0.0405673932124363,1.1001251533374142e-06,4.512669735801384e-05,0.0054998862454227,0.0188931239403366,0.4752675136860905,0.4246849754346667,LFP,13,80
-47646.68000606685,2.504349179303984,0.0106686029761742,30233.15973943353,-0.3207037504264463,-4.479296249573565,-0.6488304434334203,0.2206334818476456,2.3695610317968214e-05,0.0002206562758397,1.507870636146672e-05,6.876921102856502e-05,1.5263878859395486e-05,0.0540546962480301,2.28699287925985e-06,4.66175843013911e-05,0.0089471814426786,0.0169958625053146,0.1726927695954846,0.0914809244657803,LCO,13,69
-24990.59501740957,2.4850882722795467,0.0099125233970646,11788.194519612272,-0.3823266006868309,-4.4176733993131805,-0.1926333228621032,0.2402873816873369,2.527896506816941e-05,0.0002106854147318,1.1545281658955504e-05,7.67441373253531e-05,1.560450997014628e-05,0.040766272259442,5.831594650951587e-06,4.869653137294213e-05,0.006631392555104,0.1293432134818859,0.5903532815418866,0.0176701821141243,LFP,13,78
-386195.3847689651,2.2334964331834897,0.0009198879586106,239321.2018804919,-0.4190177809976489,-4.380982219002362,-0.1156646077719146,0.2026643859271652,2.340934105968084e-05,8.540977303511365e-05,1.0318149732102627e-05,6.443742887771872e-05,2.471109136102493e-05,0.0762226775879942,6.239675562687766e-06,4.315342950620102e-05,0.0224802171496914,0.2370850451281367,0.5328551930802741,0.0443951540196746,LFP,13,83
-182843.0293620052,2.0832413711930267,0.015633109510228,253355.9539825341,-4.359216017359309,-0.4407839826407027,-0.7740460519897887,0.3432288498773777,2.7540707041057e-05,4.423604653659167e-05,1.0643226317525851e-05,0.0001455375055937,2.7975993735488817e-05,0.0563559290348966,2.6961735161824058e-06,4.994098424388524e-05,0.0237080606021525,0.049462962569731,0.0952584828450435,0.0112325025954367,LFP,12,90
-8127.950089432699,2.295766829862653,0.0138013741176415,6874.492591178098,-0.3667005308367876,-4.433299469163224,-0.6148104250475481,0.2115025023316415,2.41338904512093e-05,5.845456954920047e-05,3.695282476033298e-05,7.411538414225753e-05,1.604928819127185e-05,0.0420899693098129,6.37937646143934e-07,2.396331776410172e-05,0.0053162275240452,0.0552013858654972,0.2179554998440236,0.042032689242931,LFP,13,62
-11859.602763460269,2.506170605128934,0.0095607745630042,11584.688313625244,-0.3645835822110896,-4.435416417788922,-0.3170876518944802,0.2019924682237727,1.2152192344785224e-05,0.000176361807922,8.774838590351605e-05,6.970258772577329e-05,1.902880825788591e-05,0.0598841187425688,8.45011082057101e-06,3.821030314384934e-05,0.0051624010261265,0.047287234289758,0.5445610145638751,0.0210640992518868,LCO,13,78
-15815.129146928486,2.097018806822949,0.00917079154327,12709.499052011575,-4.241578882484525,-0.5584211175154863,-0.706074514780044,0.2227820843731375,1.2735265685046276e-05,5.420771193932704e-05,1.2667305193577053e-05,0.0001250224609609,1.5237928256116844e-05,0.0417178823731688,2.246872454873179e-07,3.934823814309108e-05,0.0062580160733013,0.0462958043500179,0.0640589121614369,0.1135707687085011,LCO,12,82
-141314.1164094426,2.1600621025229385,0.0055595864070446,83965.88238088046,-4.381171530831864,-0.4188284691681474,-0.2811429489737044,0.230097463966818,2.4889803795291437e-05,5.916744148279542e-05,1.6701989846224726e-05,5.1340395675875744e-05,1.4617038170055278e-05,0.0427515146153084,9.05387466583695e-07,4.534788322981872e-05,0.0169520858219367,0.021876890942363,0.5369785360330219,0.0900016240509106,LFP,12,94
-219038.45347451736,2.400827512577877,2.556293548852548,9830.199982595006,-2.800916330535969,-1.999083669464042,-0.1558086370550708,0.2171946573651717,2.2803709522287466e-05,6.126876618705828e-05,2.3074314784298125e-05,0.0001300710454526,2.0327153746272543e-05,0.0939002394514179,9.215489682482782e-07,4.521771281288548e-05,0.0179522886360565,0.0353074413071261,0.1922820673661241,0.5466018542716788,LFP,13,4
-28856.344063938817,2.1104884197886067,0.0780428132864234,8485.39200138507,-0.7801034761268539,-4.019896523873157,-0.014738289742027,0.2241201152095061,2.470832385541049e-05,6.123234277809773e-05,1.0231444014662986e-05,6.126167607445717e-05,1.2523241734382964e-05,0.0577266554722108,1.4612911054028647e-05,4.627365465647113e-05,0.0078874217188239,0.2635787139598503,0.5467213023474035,0.1049616939507191,LFP,13,33
-7837.308651944884,2.1252818845493358,0.0119922161988025,6725.156377469302,-0.3155591390906025,-4.484440860909409,-0.7429012063343732,0.2151174569718469,2.268297371885068e-05,4.7258528472831936e-05,4.7485983335744656e-05,0.0001056450144812,1.204706227944657e-05,0.0421304235694443,6.854786130396248e-06,2.5094151675099344e-05,0.0047738227620603,0.1138231050058823,0.0235413679919796,0.0497343206677648,LCO,13,69
-349786.1083846599,2.460282658820926,0.050113983691002,64231.82110078231,-4.709500484651457,-0.0904995153485543,-0.3027455823814029,0.2285486479686644,1.2332886009617812e-05,0.0002338795991222,2.793323070996849e-05,0.0001034788176348,2.0020536751776487e-05,0.0913145187144676,9.220801961970808e-06,4.9574709007933374e-05,0.0178806638747006,0.0221579071296644,0.5647353269590975,0.0403611835298353,LFP,12,26
-12636.388618729192,2.301166046796751,0.8008390891254864,951.4608257256052,-2.169679778554503,-2.6303202214455084,-0.7937076465160628,0.2344443868554904,2.168292960396121e-05,5.859003482422457e-05,3.626964260483335e-05,0.0001180855276801,1.2153313129826114e-05,0.0420992059539391,1.9937113459600956e-05,2.9270451537752737e-05,0.0052050977838621,0.0910506515352739,0.0115266182764628,0.0337150836722004,LCO,13,8
-451218.7652234345,2.276857364317001,0.0120127884950475,448379.5360407352,-4.418299843548482,-0.3817001564515294,-0.3327979248283048,0.2886265179841598,1.8436191203926052e-05,0.0001881322776365,2.232866718538444e-05,0.0001463156165382,2.2217147691525385e-05,0.099280892559892,6.413424455989497e-06,4.829799890625492e-05,0.0232459517186854,0.0559574242524739,0.5288026233042789,0.0124420276149423,LCO,12,99
-537172.2914361758,2.6348274940211747,0.0098396931834065,397806.4561949332,-4.32736324910416,-0.4726367508958518,-0.5482929699894109,0.2278065088421221,2.7750843569650524e-05,0.0002351695452835,1.4722795538273812e-05,4.303841633709574e-05,1.2617609955002925e-05,0.0901068045918605,4.747710324536218e-06,4.667210777371703e-05,0.0232447037979487,0.2320426832246232,0.1344936155652229,0.0151707312207429,LCO,12,89
-121781.1151819996,2.168188267008506,0.0087040276281046,137495.69355876642,-4.389561053632015,-0.4104389463679965,-0.5847309719826986,0.2063316978855582,2.855554147483938e-05,7.323024400726645e-05,2.647516663322393e-05,0.0001320781734996,2.5146842936855173e-05,0.0408446929946158,2.163058840017273e-07,3.0288672205972646e-05,0.0202289519177887,0.0378343520890471,0.2925500282011058,0.0148846477271483,LCO,12,96
-369834.314320788,2.311485891564579,0.0091891289950563,296203.7459551252,-4.330328389281881,-0.4696716107181302,-0.1476595884720928,0.2073684466951637,1.425611323553986e-05,0.000213952447875,2.1434594179146177e-05,0.0001395650573398,1.4166490803660447e-05,0.0912027961498366,1.6582831482190464e-05,3.881117710259162e-05,0.0211653086680486,0.1621548372633453,0.2900631174829571,0.3301224567816048,LCO,12,89
-175839.1600972504,2.3780167131736905,0.0376620096148795,66326.1148893165,-4.479700862172258,-0.3202991378277531,-0.6705051392686712,0.274957904800078,1.248753624194584e-05,0.0002352552305166,1.46383235231205e-05,0.0001161329626463,1.2119385001312966e-05,0.0482206203342064,1.4133943137132796e-06,4.775094620843027e-05,0.0186316644815859,0.0729336947399497,0.1713838086676344,0.0151773573237446,LCO,12,40
-474562.2463623904,2.2970102094506224,0.017471961646599,295124.4560693348,-4.327253889331431,-0.4727461106685808,-0.6446044804167093,0.3712765710940995,1.3683712368732052e-05,0.0001324812122947,1.1247770380739626e-05,8.570663930166621e-05,1.7433187619659823e-05,0.0668347346371373,7.33736538037647e-06,4.623984206833785e-05,0.0233495188991484,0.130847348022204,0.134476392022179,0.0200717795389076,LCO,12,86
-181017.7510686453,2.186376885892748,0.0200020977604627,85302.47424744772,-4.3902889556753735,-0.4097110443246379,-0.3208048311924982,0.2270816398480855,2.3730342142105373e-05,0.0001139287346958,1.480528292327232e-05,0.0001411510209581,1.5552681723782683e-05,0.0938352704557793,2.108552460138602e-06,4.98129564364432e-05,0.0156409975434261,0.0116220131465079,0.0149079781489292,0.5826651775120646,LCO,12,45
-9118.638767048527,2.25579126660262,0.0108860475732243,5561.988987598514,-4.34100879148707,-0.4589912085129413,-0.6488177140625542,0.2016036130209408,2.532006899517856e-05,8.445094275258022e-05,1.4551703858230043e-05,4.099759606536025e-05,2.5549360576233228e-05,0.0431195382122751,5.695003931326212e-06,4.729735470205488e-05,0.0041344734696988,0.2321099626982968,0.0357256731357114,0.0133466501034376,LCO,12,91
-30708.448638472804,2.161151509237988,0.0176077859189568,23784.15094825107,-4.246204992291865,-0.5537950077081462,-0.7597699864496543,0.2433185210341965,2.9914853623270904e-05,8.463207487907145e-05,2.122453310297597e-05,0.0001453926897119,1.2379276012497564e-05,0.0934991683742358,1.7665868386835711e-06,4.379555892468752e-05,0.0068187799645483,0.0537516117653107,0.0307999125078542,0.0856784892771807,LCO,12,58
-19037.114407024656,2.1901313910827227,0.0084605510631101,14579.79700070541,-4.391357842345862,-0.4086421576541497,-0.6200533366543765,0.2001876481635127,2.862570661102796e-05,7.550987310212731e-05,2.34774389644187e-05,9.07039945484811e-05,2.5628714642042625e-05,0.0422737765699175,3.5889759352253763e-06,4.759278419360829e-05,0.0064973882447404,0.0145275298193969,0.0397395620939257,0.2556795714323009,LCO,12,97
-4184.340895581711,2.1665249576235976,0.0566938759824761,1828.1742479792351,-0.8424884667154373,-3.957511533284574,-0.3783978516373634,0.2040322660717401,2.915954851579885e-05,4.122010051789541e-05,6.837290180412724e-05,8.813540344924334e-05,1.4928448553912218e-05,0.0403546167823062,1.4008232968904253e-05,3.633095127241593e-05,0.0043356518483479,0.3512005915995016,0.1696057155671469,0.0307958411959881,LFP,13,28
-387278.08194975625,2.278786019085147,0.0123400961550748,359459.41803474026,-4.420336502489519,-0.3796634975104922,-0.26677223692408,0.2962624802772113,1.7822477422105772e-05,0.0001883493341837,2.2345741648550198e-05,0.000144013607253,1.3955604790769163e-05,0.083728171080948,1.9545208722429007e-06,4.830961674028314e-05,0.0229321186470046,0.0525665561421759,0.5989742956851668,0.0116869112485772,LCO,12,98
-26486.002379378413,2.303024792955219,0.0115088413130723,22868.26283404471,-4.393761059910879,-0.406238940089132,-0.7914977251856989,0.2738061755541255,1.2017586210537456e-05,0.0001818437323564,2.1643110795688605e-05,0.0001152837815277,1.212219485495472e-05,0.0660963368560689,6.037811842328773e-07,4.771990312709939e-05,0.0059708803723264,0.0175487933043924,0.1105803355496763,0.0103731459602322,LCO,12,95
-71530.28973374526,2.096342349227892,0.0449117640109383,25264.098162340117,-4.684095583503023,-0.1159044164969884,-0.5219937080284874,0.2351637321639796,1.8508404516032626e-05,4.6490918940875214e-05,2.301932867941056e-05,0.0001471912433185,2.7207946728962003e-05,0.0902364486737338,4.594141018128096e-06,3.1893593207945304e-05,0.0112221630666301,0.0585366974099998,0.2815018328083722,0.0679677617531404,LCO,12,26
-56703.05998619448,2.109905115599204,0.0186931382394663,32950.50361974171,-4.306933893172065,-0.4930661068279462,-0.3850723644101873,0.22701042480641,2.373685797554147e-05,7.042559605431611e-05,2.313258636782867e-05,0.0001498315359547,2.8881187206091e-05,0.0901122590271598,1.020431385071879e-06,4.901915751740979e-05,0.0091438549588147,0.080592571993459,0.3983171765361687,0.0660178870601849,LCO,12,54
-258297.5073483234,2.2400864884516176,0.0185839186153914,200392.19440962988,-4.29881471553653,-0.5011852844634817,-0.4684146178446465,0.2083632409550146,2.652200111296781e-05,0.0001608536656043,9.160983644448802e-05,0.0001483535553779,1.75968095992531e-05,0.0699053019882047,1.9570375872849505e-06,4.930862643276803e-05,0.0243017848980681,0.2079688310478508,0.241907586382096,0.0117089647254066,LCO,12,54
-36937.85622290645,2.090250692032157,0.0096939024203423,35521.574461669574,-4.365792720521512,-0.4342072794784997,-0.2611913655723831,0.2327230764371972,2.7751533951821013e-05,5.0400416959814e-05,2.290099482289624e-05,7.828941455700257e-05,2.8136337941086437e-05,0.0529252628449055,1.7035375849415496e-05,4.741900621758642e-05,0.0101037322130475,0.0350537184102758,0.0371596676695299,0.5965952483478112,LCO,12,92
-66137.73977473908,2.186376885892748,0.0198286817056714,26630.57538924405,-4.390926568369693,-0.4090734316303184,-0.3122794843806002,0.2268847244512984,2.376810842920485e-05,0.0001137887058464,1.2834523029194332e-05,0.0001361079042577,1.5561243532250707e-05,0.091412495156017,4.223326045726601e-07,4.8968533558478354e-05,0.0088789844252618,0.0190400668149877,0.01529836436185,0.583382084442562,LCO,12,45
-130668.05470374144,2.5548863625590075,0.0102548078698822,79344.79522020016,-0.3769091006988105,-4.423090899301201,-0.0942987659898383,0.2231256183864797,1.5825099472211604e-05,0.0002212106884151,1.0771264212449414e-05,5.079268808018626e-05,1.498120884138776e-05,0.0541951253557256,1.5620262444358335e-05,4.624163924882594e-05,0.0148375132010339,0.2266867223954662,0.5468322292551329,0.0621822823595626,LCO,13,78
-224337.69011435937,2.1553646894614253,0.1695470518041334,65662.67360984659,-4.733827946635692,-0.066172053364319,-0.4626756040729364,0.2727564940537295,1.455813067058038e-05,6.736634087039127e-05,2.5479047952123688e-05,7.189870713480971e-05,1.5410692588767512e-05,0.0530390432773158,2.2501483069645e-06,4.874069617785413e-05,0.024152357322035,0.0172174493624472,0.3387371340156405,0.1113698125489758,LCO,12,25
-9622.922577462572,2.298444711377912,0.027041677129712,4662.502795659964,-4.412040202562245,-0.387959797437766,-0.6086378533780091,0.2741244626378224,1.7205253846084437e-05,0.0001894413090688,2.1643733504747856e-05,0.0001391185321087,1.6369087769340575e-05,0.0600027238786094,2.212997766059847e-07,4.684997781290594e-05,0.0042674685680962,0.0171332159752101,0.0400403642330827,0.264188566413698,LCO,12,45
-54810.037550664005,2.152714693618451,0.0198857273282519,21932.93424183606,-4.289737628869972,-0.5102623711300396,-0.6511273949331984,0.2104792013885597,2.372948516755061e-05,6.373621738857839e-05,1.4197490586371252e-05,4.020772388641291e-05,2.889560656386548e-05,0.0430393564616573,7.783798705072176e-06,4.728192906258571e-05,0.0108826549119574,0.2345585103464379,0.0325041430586557,0.011809951661708,LCO,12,54
-461644.218378878,2.30975730004782,0.0182905650764185,213360.79544241767,-4.252567091405119,-0.5474329085948924,-0.256990362516397,0.2878374093623368,1.6181895225941453e-05,0.000188171134654,1.685787834339114e-05,0.000110762109069,2.218740149036208e-05,0.0779541166149163,1.933102338913561e-06,4.865176842488012e-05,0.0232461465235964,0.0581886473174728,0.5308116776373206,0.0840093125288094,LCO,12,62
-21075.144113184368,2.1365244911048493,0.0322852910917345,8100.729382745318,-4.520320489266126,-0.2796795107338852,-0.1868439070332276,0.2126039592327256,1.2687651362042486e-05,7.419236972405307e-05,1.6207624264215353e-05,0.000136896920434,1.4764161139546308e-05,0.0632515883128578,2.4415712132087548e-06,4.769051916675477e-05,0.0068358873683913,0.1303372051103603,0.0386913785828852,0.5741275092735268,LCO,12,34
-108953.75909117985,2.169202281053827,0.0160613254718279,50415.2655325232,-4.388053985082763,-0.4119460149172482,-0.4107078583706879,0.2039392285703538,2.3806884926838084e-05,7.357949311454863e-05,1.7099540954654687e-05,8.673252850697718e-05,1.813500803193253e-05,0.0707583841395151,7.857905150211508e-06,4.728396618026487e-05,0.013978962684644,0.1278644025648649,0.0324725528506234,0.3589551862138237,LCO,12,45
-91441.86800086794,2.114512230127633,0.0209602877464298,58425.08724335208,-4.409382740048905,-0.3906172599511066,-0.2153258637417131,0.2243793341484848,1.617170043142654e-05,5.4070387824505606e-05,3.0925413464423675e-05,0.0001006570182984,2.094622000892529e-05,0.0408259977220807,9.513576224993636e-07,4.2616589982655856e-05,0.0201337115322382,0.0373144419628598,0.5626876236308024,0.1146720706646246,LCO,12,46
-77171.43383708615,2.5719260422277905,0.0375240802482165,24276.838645387845,-4.634438857644049,-0.1655611423559619,-0.2837926117787978,0.2822823412534088,1.3124173003855076e-05,0.0002147350083345,1.0201939080942151e-05,0.0001488140102057,1.6935118168456834e-05,0.066346290597846,1.911755024038561e-05,1.24489836922177e-05,0.0118394477187326,0.0114632512818472,0.5469252966538184,0.0878188402855367,LFP,12,31
-21402.859749722276,2.156573622515746,0.0212843145552569,9197.373386215444,-4.298695429746033,-0.5013045702539785,-0.8355653898191546,0.2104631200376886,2.9960492909126338e-05,9.360629705147676e-05,2.4485622657310308e-05,0.0001061968385233,2.893195301029678e-05,0.0419299869467142,7.990398852291667e-06,4.892837712496718e-05,0.0067833211333709,0.050436725656093,0.0333128333216495,0.0106850512031028,LCO,12,52
-227462.0341406144,2.173271726988659,0.0089691336474867,224273.72853979043,-4.365962764272425,-0.4340372357275868,-0.449367090201946,0.2327038289268497,1.457272233798041e-05,9.430899861684604e-05,2.147552596727977e-05,0.00014596368118,1.545042754568091e-05,0.0442776007379931,1.6915916304858968e-05,3.851316793557172e-05,0.0249770262164083,0.0266018511381627,0.2886413468843098,0.1653897117755815,LCO,12,92
-34041.38725087281,2.2433685116554765,0.0356501969963788,10894.271887449686,-4.45501333976803,-0.3449866602319815,-0.1279341215588568,0.2353484882180176,2.8988531738112998e-05,0.0001813834110025,1.5624609735464675e-05,0.0001350994458414,1.5306787896354143e-05,0.0835091361409264,1.6373246958171205e-05,4.95164383658978e-05,0.006414753007309,0.1130825961907944,0.1128874618616352,0.5760958203887134,LCO,12,41
-230795.1750684308,2.541573789013584,0.0097320121972146,181064.9242905372,-4.363727092311578,-0.4362729076884335,-0.5763740636244447,0.2365518820333927,2.9687590963720687e-05,0.0001648248188704,8.965180448141451e-05,5.338118400678542e-05,2.037955318415505e-05,0.0738671647485592,6.771772626350841e-07,4.783649608390113e-05,0.017280880235057,0.0226011752633048,0.1540136429152095,0.177011118197041,LCO,12,92
-85707.66874219128,2.089759103277765,0.0144583470015544,70828.75629999992,-0.5665844931567605,-4.233415506843251,-0.6939567042991412,0.3357928520172611,2.6991369187255968e-05,4.563903243785709e-05,1.077156239183025e-05,8.43629174221251e-05,2.8785208011783765e-05,0.0455246336746305,2.7341102192839234e-06,4.999166453177776e-05,0.0136875388005708,0.0586074956529358,0.03875613451039,0.1386796655375329,LCO,13,94
-32346.989920419524,2.148405674615032,0.0084204652190738,36173.30419617227,-4.391956840569989,-0.4080431594300222,-0.5620298706101658,0.2016785366267841,2.8634074953895864e-05,9.643805098156996e-05,1.6872300752551922e-05,0.0001359271629489,2.963219550243516e-05,0.0935985910398548,3.3982186030941657e-06,4.919935700912273e-05,0.0068255886301678,0.0194986391480317,0.0140296916700703,0.3344417985717322,LCO,12,97
-77132.5870186227,2.178253018945472,0.042346862081148,23874.02265688435,-4.727146921054754,-0.0728530789452577,-0.6082736429118618,0.2731400652167506,1.455718332419052e-05,4.178496034532152e-05,2.5547382695698883e-05,4.302851129482512e-05,1.5076608651434712e-05,0.0903433001181258,2.1618770506746477e-06,2.3877639223610565e-05,0.0111620494357772,0.0168433000536221,0.2557469474546035,0.0491361095799124,LCO,12,25
-330149.1714514536,2.1586342924011976,0.0330248810805461,119259.52063744968,-4.524141745479767,-0.2758582545202444,-0.5980028327616342,0.2073562956985816,2.2642605462170317e-05,9.188794777776198e-05,2.449000197807697e-05,0.0001028391518638,1.4128489468285175e-05,0.0866493510198544,7.867050059939702e-06,4.89621368331816e-05,0.0211680276076986,0.2089166640085611,0.1081232336754952,0.0149572695543094,LCO,12,34
-54574.91050758504,2.1770831585723966,0.0093857856892623,40729.37497683002,-4.367192976303706,-0.4328070236963057,-0.211176888066102,0.2326948931286738,2.6063635632289863e-05,9.459553524332756e-05,2.3551868815927583e-05,0.0001460760715574,2.820344857796826e-05,0.0568351541650747,1.6914762018900563e-05,3.462432241003643e-05,0.0100760939601112,0.0230177035518686,0.0989808706866277,0.5968245376954017,LCO,12,92
-21832.17009744328,2.353767174815696,0.0397202753681837,7766.461116541867,-4.564900062887446,-0.2350999371125652,-0.6141685544548086,0.2974479662454364,1.2426051931018594e-05,0.0001906440688442,1.4630787999296276e-05,0.0001499857736576,2.963722417136708e-05,0.0961626149356238,1.008001714345696e-06,4.771586611689068e-05,0.0050188775993327,0.0840775740172048,0.1653275757437698,0.0664262957842167,LCO,12,34
-50260.18920489048,2.1163939397323697,0.0445430554163638,19974.364469359454,-4.513295679729353,-0.2867043202706583,-0.4454710340665651,0.2330348801456421,2.7153684653603697e-05,5.954914238923851e-05,2.2952354049737644e-05,0.0001485833279827,2.888855510374619e-05,0.0902821899661216,1.600459936647352e-05,4.909753060798314e-05,0.0086995444709976,0.0229054448007068,0.4021589385364211,0.0594645825963069,LCO,12,36
-81671.45203041681,2.146028909934093,0.0097684239647898,73505.93384107604,-4.290556991814782,-0.5094430081852295,-0.6984322553584993,0.2331259449935001,2.389325050261294e-05,7.311321889921203e-05,2.3456129715939223e-05,0.0001473132082203,1.936227759538148e-05,0.0476361965888595,3.682374279192848e-06,3.450063666284213e-05,0.013920877872439,0.1301625169621027,0.027932397312806,0.0734728303665919,LCO,12,86
-19132.596223497323,2.146678186968007,0.0198286817056714,13582.002404642491,-4.391279955742867,-0.4087200442571443,-0.6674427959672287,0.2268215441711783,2.121730777866505e-05,7.18711275150105e-05,1.2604790651432634e-05,0.0001496874869174,1.2261008785160775e-05,0.0904612022545898,5.637743466971082e-07,4.897577867374647e-05,0.0059740396788602,0.0700185675081209,0.0313436304778665,0.1611950060467838,LCO,12,45
-693441.0649539365,2.563760002371453,0.0298885986611367,176304.0541259522,-0.6645493063585377,-4.135450693641474,-0.1460974152139732,0.2170487164109078,1.2755792954432546e-05,0.0001802622820196,2.194172177827706e-05,6.216996415311052e-05,1.2414128600685742e-05,0.091360072818006,8.901989583580588e-07,4.918524247451512e-05,0.0239067145423324,0.1182893524890949,0.5647845417993549,0.1008286904975769,LCO,13,39
-38323.42927128047,2.176149011424704,0.0265966747324682,10722.106619078282,-0.7317724975170279,-4.068227502482984,-0.6771364905292506,0.2132340010008735,2.536318247992784e-05,9.866284804131614e-05,1.928986977340759e-05,6.153974685629984e-05,1.3043269867193852e-05,0.060702483947511,2.3984827272307094e-07,3.842146764587055e-05,0.0075717256160132,0.1143282060181865,0.050745226524642,0.0877900769279207,LFP,13,32
-90808.2525392232,2.5449882135872186,0.009184534476462,63540.89227311217,-4.392878391567848,-0.4071216084321634,-0.6426483665858789,0.2275534634467422,2.5816446142343333e-05,0.0002207158041373,1.717461160317925e-05,6.134389023578578e-05,1.2398540045865151e-05,0.0617539837515067,1.560814842909875e-05,3.885719473366077e-05,0.0105724197081934,0.0193782195353153,0.0947164326767646,0.1732569812020412,LFP,12,99
-22483.070849985284,2.2531216406948347,0.009755084431596,17770.403127946996,-0.531271393152295,-4.268728606847716,-0.2151965836784538,0.2402596412238856,2.7936233176548475e-05,0.0001761842909685,5.889681282816576e-05,0.0001272212758709,1.4995653450000887e-05,0.0407675751572987,5.814743044438203e-06,4.912475768776012e-05,0.00732057342836,0.2626467774367318,0.2410216928409154,0.2111349460438988,LCO,13,92
-86018.92884908845,2.2024360732068278,0.0083961696059675,62818.83393938688,-0.4980234793973963,-4.301976520602615,-0.2776597501671792,0.2105011092245546,2.406323482181556e-05,7.528799340736197e-05,2.8475722818179088e-05,7.134198894452608e-05,2.67924560318284e-05,0.0530195024168132,2.778525034664013e-06,4.861076916666269e-05,0.0127629963158625,0.0216441316920222,0.1692779978689937,0.4614181202718047,LFP,13,90
-15080.484157760788,2.2524876952804465,0.0105980538146798,8698.554545979414,-4.307614918374675,-0.4923850816253363,-0.6567877515406173,0.2506611186790649,2.7046313613728863e-05,0.0001536627279701,1.0551555281377612e-05,0.0001413198436583,1.2339340291436458e-05,0.0431006173699896,1.821958172475444e-05,3.895154647657649e-05,0.0049853407093932,0.0139064497921258,0.2073772020711948,0.051928596596062,LFP,12,87
-420872.7704539682,2.313909253873604,0.0095247496718147,338081.1185097134,-4.204989251963774,-0.5950107480362377,-0.760195676426234,0.2067215468719111,2.537636526422089e-05,0.0002043481940007,1.88046515002642e-05,0.0001365300639736,1.4058790453480956e-05,0.0810702470976197,1.2678779082879807e-06,4.381833583646763e-05,0.0231335573810985,0.0488118763434164,0.0234507113193579,0.0975417359109916,LCO,12,79
-10104.66894293826,2.1954636042517865,0.0114843803817903,12596.214603824574,-4.30790468198601,-0.4920953180140017,-0.5836719158149577,0.2644714428049253,2.72622961716538e-05,0.0001543736723295,5.3328213634101744e-05,0.0001464491669823,1.2224242633147969e-05,0.0608289647321923,1.820518949002523e-05,3.75356289590644e-05,0.0050781224126346,0.2798808995249203,0.028140404722055,0.0383067799380669,LFP,12,87
-82721.94541117609,2.6071853411717503,0.0528375781848655,24860.10171433164,-4.623244624784299,-0.1767553752157127,-0.2573897001630488,0.2609764069245396,1.480548524654377e-05,0.0001644513435254,1.066180431439671e-05,0.0001486040755704,1.577714290991326e-05,0.0669030052896846,1.9259259054040284e-05,1.2494647173789723e-05,0.0120529925563208,0.0176364369829629,0.5474038205464951,0.1075700423074931,LFP,12,31
-83767.26395247586,2.5928391489174727,0.0114785662466526,48004.42957954449,-4.302351797899647,-0.4976482021003647,-0.5321705651241211,0.264286463332915,2.653489295265328e-05,0.0001994434988858,2.8297991029903087e-05,4.1267959278322206e-05,1.2583721849045322e-05,0.0602639715440607,1.821761315548977e-05,3.7512571342127176e-05,0.0102455704130516,0.0129625270156789,0.290875894117779,0.0939910137424209,LFP,12,86
-100145.87544805124,2.5438914176198293,0.0095686821522089,56758.05166102378,-4.280075597460559,-0.519924402539452,-0.1487745623035956,0.2261217461227591,2.5950606380216805e-05,0.0002268693545279,1.7106643948324712e-05,6.09474434184861e-05,1.4544883990001752e-05,0.0984123546896514,1.69045798277537e-05,3.884611831297434e-05,0.0094748956522811,0.0192497428103626,0.5884285415394042,0.1735471533466376,LFP,12,84
-86900.07754657426,2.51223830079872,0.00986568527855,53256.644450572574,-0.4466103501754119,-4.353389649824599,-0.2264850706664186,0.2196411927849388,1.6276801437504195e-05,0.0001997369946448,1.3017707181051578e-05,6.685674586016645e-05,1.2592445288074282e-05,0.0678886872398103,1.952373666846916e-05,2.898633785309169e-05,0.0102710748565739,0.0167465737789639,0.5926742672187588,0.0940940883358586,LFP,13,85
-294503.9249151988,2.195131338945115,0.0221615055556512,104519.30587548262,-0.5334864326820608,-4.266513567317951,-0.1475153849045852,0.2255527106500179,1.270867904377797e-05,7.169454392783095e-05,1.003939967557058e-05,6.252538114311818e-05,1.2646223736716324e-05,0.0435919939771434,5.543031045244017e-07,4.92413167355334e-05,0.0240555629444873,0.1159438293024777,0.5651922326127561,0.1013485531801808,LFP,13,51
-52785.556135317405,2.43457221277354,0.0021456032657917,95382.39161567565,-0.559511603257711,-4.2404883967423,-0.6505762895915456,0.2545682199933642,2.7387829958580405e-05,0.0002247903172312,1.1087102449937906e-05,0.0001191252206314,1.2488905071564806e-05,0.0651586541546231,1.2935173313259935e-05,5.665645046181977e-07,0.0119629282236264,0.1093956885140705,0.0409641793778867,0.1290638425164972,LFP,13,100
-38638.83216313629,2.4807062834588582,0.3614789479889152,2784.264180543889,-2.066948355785833,-2.7330516442141786,-0.2781963049222068,0.2206305945242587,2.512955205880348e-05,0.0001154320112965,1.7576895132102626e-05,5.906667216572596e-05,1.2226697701166846e-05,0.0440385239747685,1.3230165083572343e-05,4.579927337037359e-05,0.0091440319955524,0.033510998851307,0.5004529732292268,0.1178397229972594,LFP,13,9
-33649.14445660243,2.112345499260535,0.0106556333006621,21146.337061667044,-0.5044192859803474,-4.295580714019664,-0.1049532248998582,0.2052227013489819,2.513945932442361e-05,4.496644548716852e-05,1.313448997596465e-05,4.459811895137385e-05,1.3803927241028244e-05,0.0527631535824938,2.762209179811369e-06,4.868017501960914e-05,0.0079022722811975,0.0359728306782311,0.193976026406906,0.5950979180150047,LCO,13,90
-119742.74837887529,2.1532494278806924,0.0052121998670021,77489.1568178623,-0.5049801903876627,-4.295019809612349,-0.2280721113314788,0.214157066405989,1.3150097809554168e-05,4.646967572701017e-05,1.3033266533556468e-05,4.68748481197153e-05,1.327178634162404e-05,0.0681447692547146,1.9562676238134862e-05,2.877475028869508e-05,0.0125178451309292,0.0143811110392484,0.5933416350973196,0.0942051425319531,LFP,13,90
-442622.1212419777,2.2191411470420115,0.0080962075924666,363417.8139216066,-4.220805952554237,-0.5791940474457746,-0.5601641552573777,0.2016716987537301,1.6852767296509913e-05,7.061717673216614e-05,1.9020315446863005e-05,6.232821048291237e-05,1.4719079419516852e-05,0.098611295214928,2.1537758011328875e-07,4.155282526698764e-05,0.0231233257948589,0.0191938446404527,0.2548467635265741,0.0957952365755953,LFP,12,80
-40770.91941444945,2.179934894126531,0.0107824403824618,31623.821609538318,-4.394117568545006,-0.4058824314550051,-0.086047244292418,0.2129825365359245,2.5393886355287457e-05,5.50505555156315e-05,1.2508269957849413e-05,4.227096536838427e-05,2.6878090324157858e-05,0.0532679907372948,5.08781545178e-06,3.381768451964769e-05,0.0098403533884472,0.0217069767975136,0.2251840619351033,0.597061716974965,LFP,12,97
-13572.696845417046,2.101186548352917,0.0086955601021159,13753.875274560016,-0.5564144359868024,-4.243585564013209,-0.2213382408742057,0.2141470656759897,1.313335711213709e-05,4.609306475082163e-05,1.4292117584173402e-05,0.0001487064474116,1.3291447700769076e-05,0.0454622114887047,4.347049912686198e-07,4.69603684978565e-05,0.0060374708962115,0.0143521166325445,0.5935216135170364,0.1007880289762134,LFP,13,96
-52041.98230724035,2.194207826542136,0.009770760241421,46908.99918692411,-4.3786192641557165,-0.4213807358442949,-0.672445596000809,0.2398997974910747,2.8135439192400805e-05,0.0001246509882993,2.4449877662514245e-05,0.0001495990958915,1.2910578006875098e-05,0.0591245842022888,1.8158366392816218e-05,3.9786805721156645e-05,0.0094590685993294,0.1633189491058482,0.0753811658987799,0.0188542889945628,LFP,12,95
-87572.35408361044,2.5170405764142663,0.0538811966577268,44252.95868062282,-0.790307774502935,-4.009692225497076,-0.7018029705536164,0.2551194726150612,2.902869199845239e-05,0.0001911205103146,1.5406639964737343e-05,0.000138514217522,1.3255641526192531e-05,0.0598895508982785,1.8097057369130794e-05,1.4075098070182607e-06,0.0154511155547448,0.0454969478060689,0.1426159370426744,0.0400841445976403,LFP,13,30
-233431.5285560921,2.1741562484468737,0.011965272529433,235212.25239906585,-4.390843853460808,-0.4091561465392033,-0.838130240289404,0.2703679531447951,2.6317480871878316e-05,9.618709667552424e-05,1.0275489737595398e-05,0.0001242884622968,1.209759865401228e-05,0.0438581960882451,1.752816428790028e-05,4.615751912175678e-05,0.0240384226994099,0.0136970989014288,0.0273151862817381,0.050857474527429,LFP,12,96
-48150.37034256144,2.1456922757478023,0.0315623238028197,13206.370361126228,-0.7919515891662599,-4.008048410833752,-0.4146625230198241,0.2497611140692241,2.842003866090171e-05,7.059821318629978e-05,1.0880472508032712e-05,6.893899857445787e-05,1.2456075535938475e-05,0.0826185378710704,2.59168235992624e-07,4.154305176497915e-05,0.0078196635593158,0.1350078736895014,0.2864514526634809,0.0938781506271936,LFP,13,31
-48362.72686560552,2.1484402687118846,0.0395184732232578,9205.712800273472,-1.021841737541827,-3.778158262458184,-0.4087282992188349,0.2146765088896245,2.857431545154117e-05,7.009812367775767e-05,1.124869444589976e-05,6.909603066760703e-05,1.2736315547728116e-05,0.0827184400989489,1.1036648709749298e-06,3.792504664563194e-05,0.0077591777216962,0.1438927125263413,0.2835449341145649,0.0938340541402588,LFP,13,22
-34450.136923995866,2.225649535356055,0.034966194282105,10293.785603700311,-0.7593243790137123,-4.040675620986299,-0.6252678840976515,0.2098634074036991,2.4680312945727472e-05,9.042571866494316e-05,1.020736048067666e-05,6.179944835089886e-05,1.2431994641898472e-05,0.0604494028632013,1.5553019335374747e-05,4.629116654894245e-05,0.0077842101472723,0.0434525133002674,0.0894189325738493,0.1718606700282316,LFP,13,30
-32140.994937611693,2.13368844251044,0.6000457462097912,9347.254549553403,-0.7393705907056329,-4.060629409294378,-0.4036116467570889,0.2051841960624635,2.7392848932239763e-05,5.6044027424482153e-05,1.021289552528565e-05,4.006753260235529e-05,1.2494373328596308e-05,0.0576659400509204,1.446680569763866e-05,4.9655006290633336e-05,0.0078727042093229,0.2627215665816926,0.1698246493909885,0.0938421372702299,LFP,13,33
-50656.705548047714,2.1484402687118846,0.5360367753999851,7976.648180886234,-1.0542592246315294,-3.745740775368482,-0.1253979587879624,0.2304222021331025,2.9306868432711624e-05,7.009589224446023e-05,1.1818260724321143e-05,6.912667958527534e-05,1.264556237413111e-05,0.0994941352896254,1.355406923944501e-06,4.945805115522089e-05,0.0069746517946772,0.1442984402587636,0.5666407978632362,0.0936628030900378,LFP,13,22
140854.64802390392,3.0897110577587146,7.082458201162254,624.3602563763441,-3.233119384112456,-1.5668806158875557,-0.2339329007377145,0.2617073786637364,2.6570050581271777e-05,0.0001513487072862,1.3922770690049754e-05,0.0001497032414337,1.2356259257267972e-05,0.0580772543333925,1.4613185026907968e-05,3.546030382582574e-05,0.0078738187337582,0.2679590452503833,0.2809092038012918,0.1471988502106104,LFP,13,2
-32952.614985952896,2.1506069739749982,0.0365639634079067,10663.7797236996,-0.7106847590465364,-4.089315240953475,-0.597479344429117,0.2148195768822124,2.568220955389853e-05,8.72640509548156e-05,1.969799860875432e-05,6.191471731446e-05,1.331945511384863e-05,0.0608166279574277,1.8879472724234723e-05,4.970756301108517e-05,0.0075712443454514,0.0139273324304388,0.1075530346665361,0.211040288473908,LFP,13,33
-7198.8463689290265,2.0579451754916978,0.0068937931491316,7442.669456757344,-4.334416610064224,-0.4655833899357873,-0.131966775385004,0.286983324191589,2.741225758181752e-05,4.1813439722899823e-05,1.6054549357107245e-05,5.838262081858158e-05,1.32313291840132e-05,0.0487012340243475,2.491275319659724e-07,4.1965689050396265e-05,0.0050982515390522,0.3927890222193939,0.3889108906252405,0.0163333117703615,LFP,12,88
-180486.8960553919,2.299302938599788,0.0091729922070955,111183.81131073358,-0.4992520652958845,-4.300747934704127,-0.7997370755709386,0.2321488346854938,1.713328658032618e-05,0.0001192633478386,1.414387234628415e-05,6.967632680027461e-05,1.209342628741001e-05,0.0794974927990868,1.960413640861549e-05,4.6551594441976825e-05,0.0121358541086326,0.0133709963570257,0.022669832910349,0.0942220951616865,LCO,13,90
-4304.663955097946,2.0615641019341275,0.0088014743781121,5741.4881006470505,-0.5631995662204332,-4.236800433779578,-0.2905209637240633,0.2227384893635131,2.915447824539656e-05,4.324945431282628e-05,8.537795286167168e-05,0.0001152425833322,1.3009209020914575e-05,0.0403473665169268,1.2876096892005478e-05,3.846940867956851e-05,0.0040907407200271,0.3456165319686105,0.2799888176775633,0.0138736866297628,LCO,13,98
-168142.2583383249,2.446514885513568,3.475343165315018,6678.707317052649,-2.8171352788923016,-1.9828647211077095,-0.8378927283747457,0.2714746643827182,2.2185556041880863e-05,6.27775211062153e-05,2.1920030958141107e-05,0.0001450326668414,1.3730033275237912e-05,0.0438345941315529,3.438707925465825e-07,4.0556466659992186e-05,0.0189833048736878,0.0321527339880831,0.0269531954170631,0.033001342220108,LFP,13,4
-243823.91301303895,2.183507121419651,0.0142281789606786,186434.54317527256,-4.4250899812847,-0.3749100187153118,-0.3799440693414129,0.3374095448602966,1.2119019660027716e-05,0.0001126767792419,2.681384689145996e-05,0.0001440240035877,1.5611063841215514e-05,0.0403162370818089,2.534014578101812e-06,4.801473908526732e-05,0.0229881323006977,0.0173389880757131,0.0410059876410884,0.4917109549417856,LCO,12,100
-13376.29456019114,2.1269813676060823,0.1540458126219264,2702.045901306893,-0.9237397831223646,-3.876260216877647,-0.0027175397336604,0.2200420818131422,2.2739760503803917e-05,6.047129662849175e-05,1.0004038695830266e-05,5.2967377272511134e-05,1.2248584410743298e-05,0.0823844480684347,1.8516719940748216e-05,4.613860405551672e-05,0.0042087680025012,0.2665046283538668,0.5556210418802559,0.105156790032217,LFP,13,26
-173451.00137029082,2.263954980301659,0.104344007721186,18137.82959370161,-1.4367348008692389,-3.3632651991307725,-0.2381761575082464,0.2169748383038295,1.2725822308987976e-05,9.283869010927628e-05,1.0661721416162677e-05,6.968050468234795e-05,1.205825085067819e-05,0.0968408572820856,1.1509774995834564e-05,4.922615175814139e-05,0.0120504082858195,0.0111318224344564,0.5768543686697835,0.1038376513875137,LCO,13,15
-7096.6390026826175,2.073710297723932,0.0076951983056628,5629.692400770772,-0.5258135822312724,-4.274186417768739,-0.0388316679031424,0.3139945492903181,2.0512279544904422e-05,4.164088382040784e-05,1.8827436186946664e-05,6.064632951580889e-05,1.222942197179229e-05,0.0485927697786595,1.3802467514985613e-06,3.998322599936109e-05,0.0041941477186346,0.3970855327186955,0.3875397258128001,0.1065430735653619,LFP,13,90
-170758.59349924128,2.586275026427004,0.0852560774829023,20866.76389096656,-1.3502437469785065,-3.449756253021505,-0.2519552077090466,0.3140149228090334,2.053209653805676e-05,0.0001047788464141,2.2031015691286205e-05,6.220878565670633e-05,1.2494739960485873e-05,0.0885034622615392,1.418318445135535e-06,4.6430633022944936e-05,0.0128082068001889,0.0101459524346556,0.5672648303288539,0.1006340095274438,LCO,13,17
-65630.83137739415,2.223988563600427,0.0097933653471435,62183.53468201707,-4.395554764140357,-0.4044452358596544,-0.7403380548938006,0.2548084840061905,2.741874764400928e-05,0.0001142435994364,1.1972138128187162e-05,0.0001206108612181,1.2107295002606164e-05,0.0460023796255789,1.32366061143062e-05,3.291066200185516e-05,0.0119876190694273,0.0330570364015015,0.039058665802792,0.1175462429019058,LFP,12,100
-511708.15552301554,2.5156051229612366,0.2643461721900498,56772.50836337132,-1.9251330385699676,-2.874866961430044,-0.6409631569158777,0.2311661079233941,1.41642255309883e-05,0.0001425310337391,1.5588147932748086e-05,5.663152467579134e-05,2.546558302516842e-05,0.0933454697550424,7.24456062753656e-06,4.439973209632307e-05,0.0248937321643983,0.0899806497514669,0.057874410430032,0.1411817829026234,LFP,13,10
-152181.61667776163,2.1068680125403008,0.0093773931126767,254853.92404446204,-4.393009270018773,-0.4069907299812385,-0.7994193886248481,0.2449196326743822,2.6855575096148955e-05,5.085420782153857e-05,2.2947656389594542e-05,0.0001477183689736,1.3337745790571997e-05,0.0540746079790659,9.050000183918138e-07,4.894531668114243e-05,0.0225582295814375,0.0306653613219283,0.0731319375605552,0.0267833124926683,LFP,12,98
-166461.7161630565,2.061051135716533,0.0425307564973395,53687.04620850618,-0.7496881803550011,-4.05031181964501,-0.649005664765239,0.2011894125709543,1.8944774178181777e-05,4.0931527969395415e-05,1.562051797047648e-05,0.0001334419246732,2.58800813904087e-05,0.0645889998983856,1.4936115029025555e-06,4.913461144730192e-05,0.0170374227768227,0.0295254793833333,0.0536414589217098,0.1978273969297178,LFP,13,30
-239496.80685504727,2.268454042688231,0.0093285539613823,257647.70324590907,-4.379614971650135,-0.4203850283498767,-0.528545885503,0.2277028045964146,2.5967643377901377e-05,0.0001905211311036,3.331221596823581e-05,0.0001453607863947,1.2718927897119298e-05,0.091213644311781,2.633155957871652e-06,4.736189522847042e-05,0.0180801622730395,0.0773034025896855,0.1165910311026881,0.2075596808046264,LFP,12,95
-284686.91691040306,2.2475536873077018,0.0164113567959705,192308.7129810941,-4.348182151655742,-0.4518178483442696,-0.4236121113342779,0.3697589864937102,1.7412417028653552e-05,0.0001065002697944,1.9902965172402277e-05,7.438082656618808e-05,2.553313181279469e-05,0.0474059603410007,3.052860890545845e-06,4.853190034351816e-05,0.0236468408634506,0.065476476823596,0.0507541784722831,0.390157233369843,LFP,12,88
-12225.1363594736,2.093446332447453,0.0205835767542618,10992.242964924504,-4.248035944896543,-0.5519640551034684,-0.628240930254157,0.3717146764080324,2.4800054963950827e-05,4.800005540771585e-05,1.35067768952427e-05,0.0001490925523317,1.3905409335301428e-05,0.0920243201550509,6.055060141210569e-06,4.436243472407884e-05,0.0041363140555507,0.0314321706210485,0.1171926485859437,0.1531342505388507,LCO,12,78
-168049.06707035497,2.2712140701647408,0.0097055352040664,78527.58402507269,-4.244330017048576,-0.5556699829514358,-0.0662344359781225,0.2145405286293343,2.0845280170720924e-05,0.0001278796728516,1.671839936318218e-05,8.781758265400554e-05,2.8747821994289503e-05,0.0980398086462405,1.962512323913466e-06,4.867133018319137e-05,0.0117212531752444,0.0827084083904751,0.4317891037418799,0.3492680518895224,LCO,12,81
-11094.070156100795,2.178369503196564,0.0334097195482947,4012.121637376149,-0.7729702340528988,-4.027029765947113,-0.3079522604968595,0.2158558005459972,2.2900463359096617e-05,8.673389666794619e-05,1.0327348463339182e-05,0.0001409898188909,1.3228651766634191e-05,0.0523243555327115,5.801588702624871e-07,4.558779081314791e-05,0.0053166483793089,0.0151359011858301,0.5130506569791485,0.0938611813381618,LFP,13,31
-118687.21341776036,2.080068209342627,0.0125801844458106,102619.5290838041,-0.579301757913953,-4.220698242086058,-0.2119897645585523,0.3082216978697125,1.308045163305035e-05,5.992199681997454e-05,1.0848863529898564e-05,0.0001496891355767,1.339956318820715e-05,0.0793490583110773,5.945302778025447e-06,4.937636510504213e-05,0.0123846326906887,0.1584054278725256,0.1750350542087512,0.3845697533601708,LCO,13,96
-63013.57696157925,2.4169327014775406,0.0118017777139005,44924.94484497929,-4.4065767928370505,-0.3934232071629608,-0.5590364059925002,0.3029183372872558,1.8760090030152475e-05,0.0001618159508996,1.8405828006562024e-05,7.475820464969954e-05,2.8505379253817765e-05,0.063933078441827,3.7454420905392463e-06,4.800471964243113e-05,0.0090299089359272,0.054165479216889,0.0173905525844431,0.2994075622061676,LFP,12,98
-305122.21428136795,2.161590962912745,0.0120063329333443,491797.1542485166,-4.3944253911843205,-0.4055746088156908,-0.6670844285705517,0.3049082076045965,1.5847965972935537e-05,7.704006171387232e-05,9.009673117911769e-05,0.0001257479320761,1.7307321580602176e-05,0.0985275610467208,1.2183167304112313e-06,4.610312922887017e-05,0.0234548909459502,0.0124928570618953,0.0287127781838268,0.221709936183726,LFP,12,95
-116303.50997710512,2.131009767290983,0.0086493868439682,108573.37334356995,-4.35448184128542,-0.4455181587145915,-0.5724411675779315,0.2016647626887124,2.950361026801675e-05,8.098426349046366e-05,1.1646043960556212e-05,0.0001206623024169,1.323395413565182e-05,0.0438743520309712,5.7875615678151975e-06,4.999481439082829e-05,0.0175879336118453,0.1676811897756691,0.1763888119267658,0.0134888307196335,LCO,12,92
-163480.28850661995,2.288773734386098,0.0094803198614221,117154.39530590162,-4.35698927009026,-0.4430107299097514,-0.4833873237210268,0.2014764452149126,2.00480492052126e-05,8.114479133788683e-05,1.082174487821414e-05,4.086898688315406e-05,2.5782482259726566e-05,0.0483772356266312,8.14352497950859e-07,4.9944713352083175e-05,0.0183235665871879,0.0593530090942324,0.1755009137955853,0.2117587533891554,LCO,12,92
-10293.887124073235,2.334219782891939,0.0396302388298615,2992.7076044331443,-4.551056291408955,-0.2489437085910566,-0.7038528951965894,0.2298742045616376,2.292416605555429e-05,0.0001749760308087,1.0928627421800544e-05,0.0001352423782145,1.2846078029248927e-05,0.0461253951380168,2.393355006683657e-06,4.218048663646914e-05,0.0045203665589009,0.0541043987680393,0.1615079148376026,0.0105347911977686,LFP,12,33
-134718.34324499083,2.0936573391428035,0.0095204640274032,107552.8617903011,-4.400190360885752,-0.3998096391142596,-0.0643111679942661,0.2380963069425238,1.2956767900383518e-05,5.994146683340651e-05,1.313420873959848e-05,0.0001071196434678,1.3345299125127462e-05,0.0950282144589361,6.010623400943957e-07,4.989854502966412e-05,0.0125495674216708,0.2234423152375584,0.4672194727708137,0.1750270439973616,LCO,12,96
-142129.64268210012,2.213578029007973,0.0126017203716556,132389.77855870046,-4.404225310627233,-0.3957746893727787,-0.4626935112709039,0.3087581387295548,1.8033850138091104e-05,0.0001279261856548,1.0766751115593544e-05,0.0001326840823951,1.7623085577453978e-05,0.0868892711987251,1.084160134172011e-06,4.717630244422063e-05,0.013492720594898,0.0431454446666911,0.0428853235440221,0.3812757205183829,LCO,12,95
-22076.05355958705,2.3806567234639684,0.0086769950640971,11844.933499907514,-4.353471446205447,-0.4465285537945647,-0.2113454954587522,0.2005296777418226,2.527027330532439e-05,0.0001221664340657,1.491076098382614e-05,5.358130341874672e-05,1.3195840701786928e-05,0.0421298982507933,1.8287156104559784e-06,4.724200755078438e-05,0.0063639124450258,0.1682339517988604,0.18006109248786,0.3703594602545272,LFP,12,92
-29763.0105823422,2.17863133506114,0.0143196401999426,25758.71122006201,-0.4184389349480497,-4.381561065051962,-0.1182038356110126,0.2145923149487398,2.283315349705919e-05,5.7603247070774095e-05,3.136735539062346e-05,0.0001284102919061,1.6806185164104086e-05,0.0982852773013479,6.558133465129225e-06,2.08157018282427e-05,0.0073980574794634,0.2000163996191141,0.5824101159645769,0.0293696488052962,LFP,13,60
-80930.3738152308,2.097513252109994,0.0092932040914455,59200.95996930244,-0.4822686042507413,-4.31773139574927,-0.1246041819522042,0.2169185536871366,2.501735935074378e-05,5.355357304792221e-05,2.0436270526229905e-05,0.0001420715352518,2.8753064868944543e-05,0.0514510392110295,2.7620611967362377e-06,4.690378822248305e-05,0.0129013876545548,0.0130065437736027,0.1964914440517999,0.5958978302223931,LCO,13,88
-149064.93686090666,2.087984135777964,0.009194178825178,202236.2236950333,-4.388988657517061,-0.4110113424829507,-0.6603396900412235,0.2176112590481167,2.973418121973809e-05,4.744338845165523e-05,1.6370422858544046e-05,0.0001177713691446,2.4381828257499155e-05,0.0540251349750795,1.202109598547105e-06,4.798505545520558e-05,0.0212638590292568,0.054296850845278,0.0988212695510482,0.1165421895624502,LFP,12,98
-305373.7866065104,2.2211329919135947,0.0270639192765689,162880.4068655876,-4.36607082828867,-0.4339291717113411,-0.5985840798343236,0.3291599133299692,1.3405586438603371e-05,0.0001213568247239,1.952394531791249e-05,0.0001390875258153,1.631659026922099e-05,0.0868719454107413,1.07515200690084e-06,4.635055528157975e-05,0.0194505310529876,0.0812423990627722,0.2006788556691716,0.0494946654337325,LFP,12,53
-66364.11137550787,3.3990916683696426,11.737093913441807,4125.724507297588,-2.973839683257708,-1.8261603167423035,-0.1308110593207905,0.201707715312892,1.8910952901129128e-05,6.574123969055112e-05,8.240468272999293e-05,0.0001446583647675,1.7622973292833988e-05,0.0510967769017748,4.879391640994908e-06,4.8986628043485546e-05,0.0178738151027324,0.0619909385904486,0.1746312957725114,0.5625667063162495,LFP,13,3
-392328.9567897717,2.5075589019211018,0.0158298424499241,276154.0631140063,-4.417778324490215,-0.3822216755097969,-0.7764890828297841,0.3702804780346561,1.7175935760095666e-05,0.0001915234670526,1.7266016390936098e-05,7.42453438298745e-05,1.4488685828762556e-05,0.0509848441074409,2.233244537835183e-07,4.9574611872498425e-05,0.0236477744763192,0.0336051658806594,0.0422844668210117,0.0776212844685446,LFP,12,98
-41886.59872076493,2.2458691046259114,0.0087827326797087,38495.483456287526,-0.541757460816541,-4.25824253918347,-0.4744045205537488,0.2177291282686398,2.64860714614296e-05,0.0001064132734645,1.6349328296992333e-05,7.38249197332677e-05,2.797760342273049e-05,0.0598615498824691,6.031158587313625e-07,4.897625729801951e-05,0.0088126649427654,0.1586031039122362,0.1719848471030765,0.1250075284309384,LFP,13,95
-287261.2372287483,2.313978001190208,0.0126549277661246,301531.9480410203,-4.415597608220665,-0.3844023917793464,-0.7260285230525416,0.3149428596246778,1.4692943132014703e-05,0.0001775285778882,4.029963749832964e-05,0.0001204434835345,1.2792007750730347e-05,0.0947121083909889,5.938428305744156e-06,4.230887135581255e-05,0.0180643729079964,0.0164221996767362,0.0125705285443684,0.1749787487263538,LCO,12,98
-47952.16539096619,2.3868302297421504,0.0098151025290862,53547.90716163688,-4.391105701963703,-0.4088942980363086,-0.7194373438176699,0.2316517743319101,2.5704161774364612e-05,0.0002355720400656,1.601453498563407e-05,0.0001172507051808,1.4048671098994494e-05,0.0539999674667204,2.0869291702168985e-06,4.980080371988196e-05,0.0101110080629084,0.0549741232149643,0.0979255401079932,0.0576629928593726,LFP,12,100
-253218.4926943648,2.107312681347929,0.0091151752403091,559214.8388436084,-0.5439399607000084,-4.256060039300003,-0.6338798951234008,0.2301010960683334,1.5882904770317032e-05,4.613140247784399e-05,1.5361855951326213e-05,0.0001277000692619,1.7059858879177513e-05,0.0991191784771144,9.83252504240608e-06,4.439576662018786e-05,0.0245550074133471,0.0103217807381308,0.028545375238553,0.2572529488999154,LFP,13,95
-96414.49957939044,2.0957319614968832,0.015424432617727,61130.83819133648,-0.5942671283123033,-4.205732871687708,-0.5643815363889482,0.3572593362148798,2.3099398013759297e-05,4.985909842934992e-05,1.0810694586601366e-05,8.433285076003282e-05,1.3300387053082337e-05,0.0457294472698763,2.017245682859701e-06,4.980603972441537e-05,0.0122541865879244,0.0583748809849763,0.1750311483147741,0.1322124343113014,LCO,13,98
-419495.1101831709,2.245907959148058,0.0088717523521201,425525.57434760366,-4.401462083059691,-0.3985379169403202,-0.4286156943817691,0.2168869715205368,1.560377881335279e-05,0.0001517470811277,3.467744774045282e-05,0.0001310170614008,1.3236628158842804e-05,0.0780398400188506,5.942326470953785e-06,4.257154542732787e-05,0.0248489418713536,0.0372483751384182,0.0734206219123506,0.390715308567462,LCO,12,99
-358874.4499517628,2.1497754152973823,0.0130035394332669,494803.4921710079,-4.391263103466528,-0.4087368965334832,-0.6393422754491747,0.3195562660618319,1.5899182731464876e-05,7.573735085607677e-05,1.9117346218249416e-05,0.0001258080043755,1.4248775168309648e-05,0.0986539729041665,7.89442991934506e-06,4.783249909502113e-05,0.0239408058363295,0.0106573454406606,0.0364176458355603,0.2435827332746044,LFP,12,94
-133821.7559665843,2.136393764525104,0.0095681035577884,86364.18772940268,-4.403414393408042,-0.3965856065919695,-0.0168408920353736,0.2382156345948343,2.328390806048284e-05,8.244892665374512e-05,1.3837365625263845e-05,0.0001070799051378,1.3397438023026156e-05,0.0406877970710927,5.893687336118911e-06,4.901866728320597e-05,0.0176390961912709,0.1460997275223786,0.5905881157297233,0.1764712647125244,LCO,12,96
-434470.7384068315,2.57999312640814,0.8994605949060205,32074.039527604396,-2.3426023471410886,-2.4573976528589228,-0.4487503243513485,0.2430434022748896,1.3928229505636109e-05,4.4940035404720686e-05,1.0163931372062155e-05,4.48716673110043e-05,2.7734398014915052e-05,0.0997503004735428,1.0696367366826024e-06,4.992042004860686e-05,0.0237675578311541,0.0442901533551111,0.3228874521667365,0.1140720701268038,LFP,13,7
-137361.82838672044,2.232946598828397,0.008575990695235,127781.51581498032,-4.385197119909464,-0.4148028800905479,-0.4434767894312086,0.2024374861575871,1.722746185962924e-05,0.0001275388769882,1.1968490442007972e-05,0.0001372727887586,1.727695055024717e-05,0.0843715800579386,3.4276769620087527e-06,4.764056191384756e-05,0.0135193264180195,0.0485839116962315,0.4272890666316525,0.0106502322409072,LCO,12,95
-86217.13273404159,2.206023274698881,0.0094161632695401,60418.45173482801,-0.3962185707140264,-4.403781429285985,-0.2631300125807918,0.2146873017991064,2.174776833829962e-05,0.0001307627090151,1.6748904216211955e-05,0.0001337997732815,2.9949227203281848e-05,0.063995137527396,1.966409911810589e-06,4.866232457743522e-05,0.0116850778605085,0.0294628147648317,0.4420261207034833,0.195381051950893,LCO,13,81
-90570.95589241912,2.141433467559556,0.0094364796616751,69689.10523075871,-4.410983721106589,-0.3890162788934219,-0.2118962402509746,0.2454311167310548,1.7217991366444876e-05,7.913535058929523e-05,1.762091631961939e-05,0.0001079564275687,1.4023096543571051e-05,0.0400266950178822,3.950431384296067e-06,4.665483584672962e-05,0.0150681841146928,0.0551004337193664,0.5832741057774601,0.0797292202521989,LCO,12,98
-52773.77415875214,2.2343217006148683,0.0155529524133944,41749.33493437118,-4.4087132618030935,-0.3912867381969178,-0.7225383131266498,0.3421829296081318,2.9843297128477176e-05,8.406697101878883e-05,1.1807022939210346e-05,7.379348017907419e-05,2.8518412051456283e-05,0.0639529665461264,4.981025861425806e-07,4.936956137969912e-05,0.009032200531011,0.0136753675106328,0.0760758101454636,0.1177105092172535,LCO,12,95
-116189.45679613511,2.123862094037145,0.0096108006176179,93661.6943327456,-0.534543190878729,-4.265456809121282,-0.1970574763519216,0.2389843720817735,2.5934945735441728e-05,6.943196641347081e-05,1.989923744964805e-05,0.0001366202213228,1.432492700374883e-05,0.0401494252423903,7.3957001565361264e-06,4.978874617595151e-05,0.0174533663788353,0.0286963653262001,0.2266497767164055,0.4775963816054728,LCO,13,92
-267836.373843422,2.1054684259943137,0.0144321120978188,381560.3331844661,-4.412770996302349,-0.3872290036976622,-0.8055985467258906,0.3250112331644135,1.3207364936662243e-05,5.587956197678798e-05,1.6762635176901927e-05,8.122994347322961e-05,2.7236664865748213e-05,0.0780159991069522,4.364112962441804e-06,4.7564438921990896e-05,0.0234450122067494,0.0753783739834216,0.0379099896069445,0.0111130896837432,LCO,12,97
-16352.587518963655,2.1112800355385337,0.0201538171150121,14936.871406858148,-4.391749631582563,-0.4082503684174483,-0.2362266626124255,0.4517570393041247,1.650486463941921e-05,5.168227151963352e-05,1.3512843931140318e-05,0.0001401215750622,1.5821540028501107e-05,0.0525012726079439,6.246136413665427e-07,4.518970448841397e-05,0.006373720607803,0.0308595108671974,0.594281571727554,0.0686322547928231,LCO,12,89
-307812.6746389995,2.287142367585354,0.0203648844416195,241873.14117320385,-4.444019705530437,-0.3559802944695747,-0.2425970456840915,0.4536469593578111,1.6199685637787606e-05,0.0001895285513339,1.1789257846552274e-05,0.0001313502539621,1.582779702882519e-05,0.0525164153102879,1.1324944822514617e-06,4.865185740043276e-05,0.0239706312222294,0.034808427278059,0.5880050741574225,0.0645894528804269,LFP,12,98
-414403.3700618004,2.3490896055246524,0.5537957727917625,35617.676509244106,-2.346558619963801,-2.4534413800362103,-0.1856303047121063,0.420741929324956,1.4445704577743346e-05,4.5276735776454674e-05,1.3594719179506874e-05,8.195894449644005e-05,1.4165040419662652e-05,0.0954789226243486,2.3193873569035547e-06,3.558992508022271e-05,0.0239055231890942,0.3153222698134315,0.1954235542278591,0.233623871246603,LFP,13,8
-4304.663955097946,2.052056782039679,0.0099117034394902,4513.135890570831,-4.240920721101347,-0.5590792788986647,-0.3268167904595012,0.2219828426611781,2.985297947264952e-05,4.416783727167359e-05,7.990981481230103e-05,0.0001153464264289,1.371249593338721e-05,0.0403564016890674,1.422724149936122e-05,3.853958897098921e-05,0.0041355481751158,0.3456145615557994,0.2456675702756078,0.0119010777090916,LCO,12,81
-4314.5329410223385,2.120565259473738,0.0209829465662328,2578.9148880683983,-0.6297883849309969,-4.170211615069015,-0.2122371430311792,0.2199998227304881,2.769451393379995e-05,5.0639908744313687e-05,6.835784346704131e-05,0.0001490720565495,1.6954216485470664e-05,0.0404778519041717,1.4704301246336026e-05,3.634779397334723e-05,0.0041560533148112,0.3452964107431078,0.3417304835519758,0.0307359626737371,LFP,13,44
-4337.696813608427,2.135780969475353,0.0286713089832815,2459.938292631889,-0.6691703874221417,-4.13082961257787,-0.3378143881448291,0.2197235896624189,1.926412901808087e-05,5.073043598144432e-05,7.271093421771374e-05,0.0001054779585743,2.7312030132668257e-05,0.0404859309185733,1.46379646446169e-05,4.219881318220439e-05,0.0041801717837223,0.3463302092503467,0.2019177885215619,0.0439376140832622,LFP,13,40
-511708.15552301554,2.5727249207581893,0.2360863848457069,56343.943185738055,-1.9144346901280256,-2.8855653098719856,-0.6716109339806602,0.2305431107731469,1.4626382929793713e-05,0.0001448292862927,1.4012736740476066e-05,5.619961701411768e-05,2.3663509994119567e-05,0.0953538592503338,7.166971283112564e-06,4.984868066260712e-05,0.0242822698865995,0.0852012955535677,0.0604179590842985,0.1127698113814736,LCO,13,10
-467742.1740218215,2.183210347378894,0.5332567809688229,46185.73572992748,-2.12936860844399,-2.6706313915560216,-0.4966764268365372,0.5379157996128939,1.462563874001786e-05,4.036024268300656e-05,1.4005694375687727e-05,5.405088188581055e-05,1.2396566417647182e-05,0.0940317269828833,7.167050523275364e-06,4.873184986516141e-05,0.0234274290698213,0.1050883003229644,0.2166212749882413,0.111613997852257,LCO,13,10
-505048.2139400309,2.6384752845545565,0.23798021367725,49237.66224755753,-1.917675463498924,-2.882324536501088,-0.4592141123292603,0.200808779693086,1.4642040025571294e-05,0.0001420790795727,1.9277718190342597e-05,6.562105322876943e-05,1.6208597870756786e-05,0.0950644424839246,7.810586917233147e-06,3.470436308052441e-05,0.0234339780407615,0.0388479140809576,0.3201191129206799,0.1118188606691021,LFP,13,10
-4187.124764246495,2.1872853755514914,0.0401283722466356,1794.8075398368248,-0.79762135792366,-4.002378642076351,-0.2441851982205501,0.2161363115317773,1.919127070895259e-05,4.8718973854637736e-05,7.12334121444823e-05,9.80905856727273e-05,1.4781093431454737e-05,0.0400921844359842,1.831940130311459e-05,3.844822349829294e-05,0.0041017084383238,0.3419662727324833,0.2898228822974154,0.0540256467495512,LFP,13,31
-511708.15552301554,2.596506494793624,0.289781626912875,46940.40767085653,-2.005552068294776,-2.7944479317052355,-0.2332855322512464,0.3040588387794178,1.3473136315020034e-05,0.0001498288323702,1.8872572284894727e-05,8.073552874497526e-05,2.4921593177508435e-05,0.0974808835710711,3.006613599744276e-06,4.5796221549003535e-05,0.0236783157898528,0.12114801466672,0.4342192392212592,0.1413472138607741,LFP,13,10
-4382.453792868986,2.192369200444213,0.1174081414805615,773.3559546040761,-1.565207038068145,-3.2347929619318663,-0.1113019442367653,0.2191298125758281,2.7517604980997147e-05,4.10603076458615e-05,4.6745506198566896e-05,0.0001448295134777,1.364360415612117e-05,0.0400005921513921,1.477701937508882e-05,4.9314857355555375e-05,0.0041633007426229,0.3395143219807827,0.3849638168004661,0.0942199169819859,LFP,13,14
-4314.499834972276,2.0528960635024567,0.0100579680654576,4388.60104092241,-4.225234525371363,-0.5747654746286486,-0.3550238541265608,0.2029814355275301,2.91251419556306e-05,4.418471183979572e-05,6.715577925169415e-05,0.0001076413309179,1.712438895431762e-05,0.0403552087571034,1.4220262074531296e-05,3.8518929376114376e-05,0.0041144819097228,0.349313900193454,0.2155806525553572,0.0100815931246279,LCO,12,80
-540530.3024107009,2.4005353252431507,0.0713625871670515,68817.664414562,-1.5200246509617372,-3.279975349038274,-0.2904508425181717,0.2433202234652655,1.3927769731697412e-05,0.0001087415087324,1.016701120734897e-05,4.596636820722879e-05,2.358946774921664e-05,0.0997377403261433,4.740914355056651e-06,4.997003009492044e-05,0.0241910458294443,0.0110239807353278,0.3011032729190382,0.3274219038274621,LCO,13,14
-416252.18817823246,2.5645366831793117,1.041781474095974,22309.89539128593,-2.519251388378045,-2.2807486116219664,-0.0620902391075057,0.2354595142310157,2.880112496852517e-05,5.009926195344136e-05,1.9073032891977555e-05,4.183689783716612e-05,2.2845462410152472e-05,0.0975763246097036,8.661987408127437e-06,4.576955521949352e-05,0.0237697532113782,0.1214410310888746,0.5897445478411716,0.156724181962448,LFP,13,6
-434762.64601793454,2.251462107331039,0.3230772945118838,46125.44604327686,-1.8965066532284995,-2.903493346771512,-0.7908531742682334,0.2087182368293348,2.861271536080237e-05,5.083273332863358e-05,2.144526925385045e-05,5.515167115455192e-05,2.547126208598271e-05,0.0923115140860375,2.979882810487092e-06,4.576665478272307e-05,0.0236764492922196,0.016329436327585,0.0148116086198054,0.108005780784376,LFP,13,10
-21615.64466010332,2.150897924764372,0.0207742228362066,17859.138110333635,-4.33052295106225,-0.4694770489377617,-0.2219061146068255,0.2088140273287118,2.92206603873004e-05,0.0001434310293341,7.202736636456669e-05,0.0001483466582461,1.661798482222822e-05,0.0471760543483056,2.217697009429375e-06,4.929600853738392e-05,0.0093785313855219,0.4544505433710828,0.2419261449439477,0.0117171970781439,LFP,12,54
-467742.1740218215,2.2216075688012458,0.3564292028680103,48739.17018063445,-2.035405851573969,-2.764594148426042,-0.5336449741134787,0.379209050135587,1.4695769831867032e-05,4.544712208837441e-05,1.3412020716552752e-05,8.207826142113249e-05,1.4833374130622243e-05,0.0961139917361901,2.302696315200645e-06,3.53715199759198e-05,0.0234151601278335,0.1041320153146067,0.2258156751267047,0.0664073354452098,LFP,13,10
-511708.15552301554,2.5540529492059,0.289781626912875,52685.23578099421,-1.9239903825621452,-2.876009617437866,-0.6336213181754138,0.2303982950263895,1.5172465779202767e-05,0.0001522093850707,1.174071408446022e-05,9.212302640785608e-05,2.310976073577902e-05,0.0943809804330672,3.857546041587068e-06,4.985796280519226e-05,0.0236317781606985,0.084716779176849,0.0570627734202008,0.1545991292275364,LFP,13,10
-234354.66611372013,2.4907410780642065,0.0159919471146246,170230.27514000167,-4.428218557655988,-0.3717814423440231,-0.407317800996735,0.4012854572691438,1.9415665703341477e-05,0.0001918515815458,1.7240832337078205e-05,7.402138489285549e-05,2.5292521977821624e-05,0.0509721431882139,1.7439565554123172e-06,4.7994492350349626e-05,0.0200859895599696,0.0542177552958351,0.0636569603365242,0.4048074833709057,LFP,12,98
-4187.124764246495,2.2215819410153173,0.040570654445054,1732.841790352959,-0.809500476185768,-3.9904995238142433,-0.2279987551786672,0.2028863373081278,1.4962581745442014e-05,4.891389384983108e-05,7.121369324142203e-05,9.803249014603284e-05,1.8006327271151456e-05,0.0400887259245192,1.9887236743147504e-05,3.697665920150359e-05,0.0040951549762554,0.3502625783196842,0.2974720083452975,0.054266658156351,LFP,13,30
-443082.0822101185,2.8550448726577407,0.3356585579618935,36838.30212031087,-2.249947696606476,-2.550052303393535,-0.2408220197645785,0.3055022261251254,1.390636447208756e-05,0.0001508692242997,1.1394815030022669e-05,8.000546714588166e-05,2.8911868311104423e-05,0.097447145004804,2.9901479877231163e-06,4.618865157575622e-05,0.0235765261332731,0.0315655178356844,0.4345887672174277,0.2230236951823094,LFP,13,8
-3835.280245485495,2.132300915406213,0.0305529430719822,2227.3673192300284,-0.7119387861141391,-4.088061213885872,-0.078761294503285,0.2214918286112673,2.945816491109452e-05,5.212053551705035e-05,7.368413368226557e-05,9.788362804446136e-05,2.1080492898910524e-05,0.0455951249320715,1.4575066292664045e-05,4.374995131028797e-05,0.0040867424162226,0.3404540575152167,0.4399466842435322,0.070837963737966,LFP,13,38
-409690.7320374338,2.6218788100152315,0.2216153117639116,41260.08982428547,-2.01710451321388,-2.7828954867861317,-0.3518537896684236,0.3410116260516117,1.383693107244417e-05,0.0001540526216426,1.1352587152808664e-05,4.664002661760597e-05,2.3868355013939537e-05,0.0932926545571091,2.9651025815672645e-06,4.395990411011808e-05,0.0223609581126248,0.0303784609453364,0.4426515901830387,0.1051161592032012,LFP,13,10
-434470.7384068315,2.2957836939813663,0.8857720338365628,34252.25814428582,-2.351466587685202,-2.4485334123148093,-0.5182531750389417,0.2647480910917338,1.3800145615163577e-05,4.775160703565373e-05,1.1337917780572543e-05,0.0001158125929763,2.7683621902477665e-05,0.0953430619749025,1.0573164718003855e-06,4.99209708450715e-05,0.0237058771991254,0.04432520680639,0.2533636223018961,0.114057995852772,LFP,13,7
-4187.124764246495,2.371819644489538,0.0351319350906558,2069.386399239871,-0.7421461325868464,-4.057853867413165,-0.2357600031413099,0.2247478037232843,1.826515044609905e-05,4.067945478310314e-05,6.741422820059465e-05,9.064790130727312e-05,1.5239563919883369e-05,0.0404717583274229,1.83711577346551e-05,3.844601417453668e-05,0.0041474603345015,0.3473198902376854,0.2916362209972125,0.0552838856237921,LFP,13,35
-469706.56175337714,2.374745921658721,0.1810174686383906,41356.70680816614,-1.9379600022337728,-2.8620399977662387,-0.2605729499267135,0.2073188518715557,2.5360079836443904e-05,7.615073081137577e-05,2.635708402991215e-05,4.1430884856826775e-05,2.2177017045434577e-05,0.094884596409522,2.962184905347491e-06,4.8240580055372094e-05,0.0236303656772809,0.1149081254477708,0.3808184634141979,0.1737004612113177,LFP,13,10
-4187.124764246495,2.1310554011603706,0.0351813159143612,2265.7014299675816,-0.6762547862909543,-4.123745213709057,-0.1915418354453077,0.2027886570493648,1.4626503903008092e-05,4.326878564207466e-05,7.196296042362413e-05,0.0001180236604259,1.7715299728080055e-05,0.0412568106992992,1.1360350516360472e-05,3.91006037753433e-05,0.0040948786113135,0.3438356700583337,0.317976839491213,0.0766456550051454,LCO,13,38
-506660.806054171,2.5791909452911965,0.2498750991082545,49689.29294002512,-1.9084931145032868,-2.8915068854967245,-0.5225778198237679,0.2010374661624095,1.4645502386174234e-05,0.0001426018203262,1.1717263742392077e-05,4.72680445893575e-05,2.308803574162959e-05,0.0953438158028616,1.0497665881346088e-06,4.988676289462044e-05,0.0234009991752457,0.1381173947044342,0.1343282795654583,0.1349765059063395,LCO,13,10
-4314.499834972276,2.064395746677119,0.0087899005563189,5274.120613788759,-4.3852868729533725,-0.4147131270466389,-0.3012008559147326,0.2071941518155376,2.9534014550449084e-05,4.0637056587183565e-05,6.715218039860051e-05,9.02936640056296e-05,1.3851538421130788e-05,0.0403048107733512,1.2900881206998274e-05,3.676837260262626e-05,0.0041135973279106,0.3493328968675314,0.2230404701836237,0.0564257770341122,LFP,12,100
-3951.9090038674703,2.180985542379141,0.0614823848960269,1678.126488552724,-0.8159123619420043,-3.984087638058007,-0.2455104802874249,0.2161300991132094,2.986976371353314e-05,4.084042731739423e-05,7.9948037583105e-05,0.0001159001626211,1.483729699727948e-05,0.0400304276332828,1.422411924530987e-05,3.858034132583488e-05,0.0040863233756315,0.3403111499111735,0.2898738124678953,0.0543045573335063,LFP,13,30
-4131.906047908331,2.3623104243630197,0.0315720120048236,2103.788473491643,-0.7332045804786844,-4.066795419521327,-0.2454541276884079,0.2101990038372741,1.3885929953532673e-05,4.131621536515834e-05,7.395024072197451e-05,0.0001295176776932,2.596180591943705e-05,0.0405258237420061,1.40053803619409e-05,3.853908599279748e-05,0.0041483992214708,0.347326111682596,0.2915451841354018,0.0456745764935942,LFP,13,35
-54351.3018259624,2.227314454503071,0.0070950903990945,67521.51975031057,-0.4203039482349737,-4.379696051765038,-0.2612859249304685,0.2239610736052205,2.4079085119743696e-05,8.541020565569748e-05,3.460734131921271e-05,6.451193648871296e-05,2.961040782338393e-05,0.0938699868506707,4.918430236276838e-06,4.291530591401675e-05,0.0103918692539275,0.2326511107452776,0.3986068591449351,0.0374561051793187,LFP,13,83
-4241.70975641075,2.1310554011603706,0.0350654322883762,2457.2342108985317,-0.6770364052261613,-4.12296359477385,-0.1719110510744628,0.2040863865836147,2.4234892739667515e-05,4.0271134011968455e-05,6.83459316443854e-05,0.0001188604460775,1.7832759430113618e-05,0.0416180412706589,1.014532597537468e-05,3.6312063985555936e-05,0.0043368584891249,0.3410103796861221,0.3187120293636435,0.0983665398757717,LCO,13,38
-56273.398586480005,2.3171460573749765,0.0650154662890863,15918.35524459163,-0.7244643962153177,-4.075535603784694,-0.5004112449681198,0.2044768406706593,2.70548029256899e-05,0.000126137204491,3.110834647322005e-05,9.198883658982546e-05,1.3090303762619452e-05,0.0569987391372034,1.2933984871704316e-05,3.523298805084026e-05,0.0095051930984975,0.1216933881191336,0.2137461937403784,0.094149173172368,LFP,13,33
-4304.663955097946,2.066100082732514,0.013218725260788,3709.5390058935536,-0.3692141957214332,-4.430785804278578,-0.2076138149336971,0.2227718206259728,2.9186241143374388e-05,4.099817596681588e-05,9.635488661434687e-05,0.0001450185010379,1.300454865176594e-05,0.0403481730005807,1.2790372967319356e-05,3.841750817566179e-05,0.0040903760822772,0.3482755969123138,0.2782510792994725,0.0958595088545165,LFP,13,65
-4241.311163563938,2.059728005540337,0.0098660177138717,5095.40949730878,-0.3883036743395323,-4.411696325660479,-0.3040508579254793,0.2027060085958327,1.4416092540189486e-05,4.419473797625884e-05,7.411501410890772e-05,0.0001076163084397,1.6843002758843783e-05,0.0412599254015718,9.473308216803583e-06,3.824510347354155e-05,0.0041149531132355,0.3519021679657917,0.1675494502772173,0.1064975238315115,LCO,13,81
-3961.7448837418,2.139474942474429,0.0392006638562696,1925.1405610516977,-4.545623737228901,-0.2543762627711103,-0.3156582337741161,0.2219068073997351,2.9883559533085668e-05,4.084940752911756e-05,6.660459917837776e-05,0.0001168275019648,1.4947504414686572e-05,0.0400916507663215,9.456264687904695e-06,3.8569114345689766e-05,0.0041165799920092,0.3464302793174559,0.2213407705837107,0.0465707163247172,LFP,12,36
-400650.1400394056,2.226789628453697,0.2430376015582085,46785.31155205634,-1.9307905350998809,-2.8692094649001305,-0.3348910370665644,0.2007977430759695,1.930637058886835e-05,4.742882994973907e-05,2.4604358237766905e-05,9.861164778896964e-05,1.4765194523327567e-05,0.0956377324058313,1.679015180098e-05,3.461664047711992e-05,0.023800556897781,0.1228097744375533,0.3334226092856153,0.138876579210267,LFP,13,10
-471689.5923519034,2.5855756755433426,0.5477949788920049,21699.433595567865,-2.655373094149816,-2.1446269058501954,-0.2364368441490895,0.2420439939901611,1.3937912739134736e-05,8.917534689896584e-05,1.0368428626514754e-05,5.008349740046256e-05,2.894401357659433e-05,0.0974018835005215,5.532432025636876e-06,4.614377465202564e-05,0.0235747775227742,0.0185424377509699,0.4965237923914208,0.1784969257085198,LCO,13,5
-4166.01099319118,2.089640331193311,0.0205805715153986,2813.402422429556,-4.401991772404855,-0.398008227595156,-0.382600058130935,0.2280747670975193,2.9205241361633024e-05,4.0345638896667885e-05,6.699192081577767e-05,0.0001355756083212,1.2577025541965515e-05,0.0403687964579086,1.293428783391826e-05,4.265579458651957e-05,0.0042334064442928,0.3462208612261034,0.1698410927258664,0.0313379879170952,LCO,12,47
-4187.124764246495,2.1470736171499905,0.0299438835653242,2209.5948273796985,-0.7086894187054895,-4.091310581294522,-0.2406854992068076,0.2136186057362236,1.8259709680665917e-05,5.212101155635071e-05,6.594031282736547e-05,9.052435394193504e-05,1.4779454518090406e-05,0.0404852867425308,1.831795441913963e-05,3.844600583947621e-05,0.0041507989903534,0.3419190353683924,0.2916467540374863,0.0557487113873136,LFP,13,37
