SpecificEnergy,SEIGrouth,TempIncrease,Price,UpperViolation,LowerViolation,VolFracViolation,C,la,lp,lo,ln,lz,Lh,Rp,Rn,Rcell,efp,efo,efn,mat,Ns,Np
-21611.391234457355,2.387362220458347,0.032540737201674316,10926.08004175887,-0.45552788655344756,-4.344472113446564,-0.15591761262201398,0.47194454960051374,2.965672952980316e-05,0.00023676232943726963,1.8525533411172718e-05,0.00012274056961636634,1.2042832941484971e-05,0.09111235247606447,1.509924195010127e-05,3.91232666179245e-05,0.004664840586646091,0.0406606177935407,0.219901613241988,0.5135201563424573,LFP,13,65
-8761.672784013772,2.235787250721772,0.009038031827244296,8436.141358508017,-0.5305757172733081,-4.269424282726703,-0.5254025015026721,0.22610479946408993,2.774867709586911e-05,0.0001360018624081759,4.8411760586278076e-05,0.00012264004142713468,2.350413888338785e-05,0.05552822453744566,2.169452113712274e-06,4.8939439772054906e-05,0.004151911521736287,0.01887588349622041,0.2568632715810043,0.12885834342010322,LFP,13,93
-9697.230524997527,2.0754510731755067,0.008460450812941347,15089.225514737785,-0.5271954468524171,-4.272804553147594,-0.741040679618728,0.20403131957505985,2.7652274279991296e-05,4.231740510052113e-05,5.037441777393184e-05,0.00014907201769732813,2.6952406031115782e-05,0.09325496020015449,1.3484373018732783e-05,4.6138883200193825e-05,0.0041831649309366625,0.10420316122740678,0.017932129374785263,0.06682402977908003,LFP,13,94
-15540.783865585274,2.5095778757700478,0.005184430593229856,22867.330830934545,-0.5112402884625951,-4.288759711537416,-0.4506771611668312,0.3197691192096822,2.9270381330616785e-05,7.3435044416184e-05,1.2721266729251156e-05,0.00013309920782852806,1.9136411651178142e-05,0.08655052804023355,1.958057555205837e-06,7.451184481564282e-07,0.005777417614869844,0.06225482699120346,0.19109584090257198,0.2259721709393934,LFP,13,89
-8636.945085912314,2.1053353373949313,0.011598662089774347,8003.297695822601,-0.5428554829822403,-4.257144517017771,-0.48120419019167493,0.2764545968264434,2.330043710101045e-05,5.466560983011299e-05,3.0762255335762416e-05,0.00012224368323782075,2.3503327404401325e-05,0.05554823737681984,2.173617614483387e-06,4.913758265058506e-05,0.004143242164838691,0.01772955829819177,0.2345748404506722,0.1964914110594612,LFP,13,93
-463791.7653283762,2.1888791155934806,0.012985885852884248,397400.46711194795,-0.44541999888506467,-4.354580001114947,-0.4589453728923582,0.28529170873946635,2.750649879830184e-05,8.720531089990837e-05,1.199166659071564e-05,8.747019355739863e-05,1.798151918385157e-05,0.09084511562890524,7.474793164470307e-07,3.628092450826454e-05,0.02422075159300393,0.20030742060630147,0.25652706509174206,0.01422014140959834,LCO,13,84
-372617.3182567686,2.1787772503169927,0.012130018412842768,438231.90059226216,-0.4237659758430965,-4.376234024156915,-0.666003117394721,0.27536451185148964,2.7540547320270012e-05,8.264999079777632e-05,1.4377814595893277e-05,0.00014315119792448805,1.9360483273284164e-05,0.0912934345165539,6.676439200374996e-07,3.0327498172222247e-05,0.024267892054940166,0.20031287428784125,0.04420004610049373,0.019483962216944054,LCO,13,83
-9624.415004682578,2.1428847498926773,0.008877071786459067,9762.514301562504,-0.5262595121822358,-4.273740487817776,-0.5422471311370938,0.20850451789744848,2.775151154231723e-05,7.352027820977161e-05,2.9914001248665612e-05,0.00012270862376995978,2.3545721728195378e-05,0.04160607005352688,2.340112828377252e-06,4.9152598170493416e-05,0.005245674357288305,0.03403526194883192,0.28153489275535937,0.07218271415871502,LFP,13,93
-435637.5447697076,2.2706161369100792,0.01164167929150362,298573.7611459095,-0.3322557025000279,-4.4677442974999835,-0.5145612870743388,0.2074925501941242,2.9652393135759532e-05,0.00014229476722036445,1.0088573028017515e-05,0.00010223860874908553,1.2172468905187673e-05,0.07153072423498233,1.3503922485055794e-05,4.993806111259882e-05,0.024714126142443213,0.13474736741069662,0.2675822280226954,0.013109117492269257,LFP,13,73
-13041.27242588593,2.2128633456583313,0.009774903402146328,12071.385328234144,-0.3723219424662574,-4.427678057533754,-0.4211414808631271,0.21672013218022856,2.8683257912257472e-05,7.320144737774275e-05,2.9833268081289325e-05,0.00012315460545790866,1.2818306831949112e-05,0.05838228880313942,9.691909321497903e-07,1.799400779947029e-05,0.005406514729152584,0.16934527515711167,0.26659108571390905,0.07292215826585227,LFP,13,79
-202850.45293675346,2.114836750087734,0.03844593247185028,76962.72605274834,-0.8659888462789667,-3.9340111537210447,-0.17599879187406597,0.23421939155481608,2.9009467300537458e-05,4.1471428039979624e-05,1.947864497741276e-05,4.47702883315352e-05,1.4988933949747003e-05,0.08279048017060651,1.4951687228323913e-05,3.718966776964435e-05,0.021552376164411705,0.4436969522724888,0.024494354220398307,0.285809901633047,LFP,13,28
-69031.31437170852,2.201418395084376,0.00911298988138396,68837.93364528324,-0.5338532889364203,-4.266146711063591,-0.5479010790913872,0.2107584628127398,1.9233742300024633e-05,5.1113284431466115e-05,3.81696679473916e-05,0.00012939423976280915,1.6290801999995747e-05,0.04116716142288724,5.238338891582955e-06,2.342670994773825e-05,0.01363208634948849,0.0842088307154473,0.22556672809861558,0.07232336209455,LFP,13,94
-109166.15473036954,2.152440427572243,0.008567418099735031,109501.95851969662,-0.49350171187251846,-4.306498288127493,-0.5454199906039263,0.21080192137161166,1.4053710320166133e-05,9.080243153112038e-05,4.470665946587467e-05,0.00010481904390401054,1.3748060663436759e-05,0.05675703394450442,1.3674081031179449e-05,4.996642241195627e-05,0.01473388276977302,0.13983404356095439,0.21476051664746473,0.029985449187654688,LFP,13,90
-31460.028327131364,2.3356941903637782,0.01137833571499882,40456.451412464485,-0.32342656827297844,-4.476573431727033,-0.4874933725531918,0.2041693879550211,2.5355566390869044e-05,4.933612687765269e-05,7.78621793164352e-05,0.00011182798076552095,2.2658071096502362e-05,0.08854053359014244,3.2623752972464632e-06,9.063133143364827e-06,0.008434068000304953,0.04755403183319325,0.1880111874282644,0.2069414081853506,LFP,13,70
-8411.996104420406,2.2657997427525904,0.0089120523979313,9346.737621906213,-0.5093314989314734,-4.290668501068538,-0.6964435574978127,0.20102986483854396,1.7090316525121516e-05,0.00016012159726029062,5.637961604838191e-05,0.00014963843433892022,2.6958618584885865e-05,0.0562683566282155,1.1637030036952344e-05,4.452440755380643e-05,0.0041621855925288755,0.1040346977298682,0.0626878123984475,0.06683393237387168,LFP,13,92
-95753.27086908018,2.140933638223536,0.013470596702204799,99859.96084769681,-0.45676002393064863,-4.343239976069363,-0.6564530309046963,0.3033867160815386,2.9204015020549268e-05,8.711303919284362e-05,1.2910517327514338e-05,0.00014897187466495182,1.9482296520531237e-05,0.09174310055638607,9.715967637174383e-07,3.6141924323149696e-05,0.011455522633802992,0.13251924027751508,0.07991174835609093,0.061115980461697736,LCO,13,85
-28325.244712197098,2.3984042826405583,0.013274877589828312,36448.992146320794,-0.4762739419135258,-4.323726058086486,-0.5375810617883072,0.27603793404608656,1.9102783907163213e-05,5.083545452521525e-05,3.760079402372895e-05,5.509708114264937e-05,2.5029273112504604e-05,0.05845771504318076,5.25323636859958e-06,1.1708599550598247e-05,0.00902076801580888,0.08340661691605383,0.280539654899488,0.028472666396150956,LFP,13,87
-245572.27857443332,2.6303020737910203,0.03433697411737808,104058.71502350102,-0.5143180759713317,-4.28568192402868,-0.3503261024778882,0.4896292704176004,1.9330209992606006e-05,0.00014542214095112694,1.7764012751403677e-05,4.228951478931913e-05,1.8343181627963768e-05,0.05572186987254036,1.8415359442735327e-05,2.3047834821479044e-05,0.01883054249719634,0.09568130083237626,0.18806194015171163,0.29593065653802403,LFP,13,60
-148186.0151706747,2.096144893033326,0.013351927485398981,122751.64226215062,-4.215809091922253,-0.5841909080777583,-0.6109014306180315,0.23367491073706917,1.9046980206856265e-05,4.226048309539872e-05,3.646647909373338e-05,0.0001211290597706139,2.667732945732505e-05,0.09560316950020155,1.6945434189600135e-05,4.37910677820488e-05,0.015294268071904094,0.026642408490910922,0.2614576329986748,0.03099852789238283,LFP,12,63
-31474.7883887299,2.5002713266590475,0.0036094731444179817,43165.851733898424,-4.3885130481798384,-0.4114869518201729,-0.6027910142844128,0.20534183024900363,2.6662309511167685e-05,4.5600577848982474e-05,1.7250297292890215e-05,0.0001208325142359157,2.8723780718671545e-05,0.041918921030721104,1.7514342896643753e-05,6.78505581428576e-07,0.011261117182554962,0.042935648753099215,0.2683891259402183,0.01588421102226972,LFP,12,98
-58239.72328480585,2.21714940884827,0.009042896769244076,56090.04511965345,-4.381533515485003,-0.4184664845150081,-0.6077776259292276,0.20199713929501398,2.6781289583892723e-05,4.771626963350206e-05,1.6939081897751264e-05,0.0001321262322546939,2.8107075267140692e-05,0.05530261340174373,1.7605836232632332e-05,1.6069171792732317e-05,0.011213786134445004,0.015503571000115773,0.29506841147327,0.011650391597386747,LFP,12,96
-472332.4888877945,2.185939441174064,0.009443980851009394,409352.3441148724,-0.38240621532543884,-4.4175937846745725,-0.5866783235070354,0.23142674971220586,1.5171041522894895e-05,9.632429935663538e-05,1.477259849196116e-05,0.00010144818617332916,2.368414277305742e-05,0.08699905843721913,2.3457759870367903e-06,4.92095970382591e-05,0.02471080951822351,0.03383832731556676,0.282042045983692,0.027441303193705916,LCO,13,80
-69211.62270118497,2.1636337762705535,0.011815115785241376,53618.71565443371,-0.3396113082772416,-4.46038869172277,-0.39151518248230655,0.22111592738074065,2.965504679634983e-05,7.402348499055852e-05,1.1709398018340204e-05,9.352106383171579e-05,1.2164413751328562e-05,0.07154892178484919,1.3504923828523668e-05,3.6642423097641875e-05,0.010952998328622595,0.16959490096589502,0.2680471292557585,0.10084278729603996,LFP,13,73
-104821.66185758231,2.3672869855534193,0.0160182831699091,60585.647812884854,-0.4474168991887595,-4.352583100811252,-0.1515187545224299,0.20465569790632226,2.9865705856118024e-05,0.0002365502354350266,9.856669561125369e-05,0.0001248045179197758,1.9684183902479162e-05,0.07705047086825897,5.316523782868374e-06,4.9487524714971596e-05,0.01296142314528986,0.040112991276757465,0.21948427931324754,0.5188839748875651,LFP,13,55
-503122.82127937226,2.3605274876931133,0.047171478960016264,128535.31176688138,-0.8125873471505898,-3.9874126528494216,-0.6528007349398491,0.22953399955633702,1.2403866655875011e-05,0.000133196991937357,1.7060954297594878e-05,8.038115611675715e-05,1.9465028729883196e-05,0.09044304886745763,7.886662490429667e-06,4.966279383131271e-05,0.022374736593210376,0.06695233635458335,0.03956048186539071,0.17068644684017684,LFP,13,28
-70266.74637898579,2.2489466785305736,0.013188834443936561,81806.91744346156,-0.4800865579545359,-4.3199134420454754,-0.7371056533114964,0.3163512174117342,1.5935037274969948e-05,5.086806348730904e-05,1.2315898870474424e-05,0.00014918944895425537,2.7644978988522842e-05,0.05845801145673171,5.5367203728860656e-06,1.1740095592506959e-05,0.012683245719207079,0.13354799951256827,0.03164256208069055,0.027703785095244904,LFP,13,87
-140852.9085832087,2.120857024176267,0.008974541948668887,189739.40594426548,-0.5022696065407501,-4.297730393459261,-0.5405099797361432,0.20373946621292363,1.4704862804911605e-05,4.9226412653547894e-05,7.808911809733934e-05,0.0001018679971614499,1.4408111343854174e-05,0.09716522213430343,1.8324782209320654e-05,3.084604067899352e-05,0.014798723180037,0.14144395229003526,0.17623733625182086,0.07180873172200063,LFP,13,91
-120985.54863005267,2.176431006326459,0.008741760261990883,137048.78557004526,-0.5100728897534808,-4.289927110246531,-0.7411412802883932,0.20986436618324472,2.7137334886026517e-05,0.00011189097897836597,4.505365452664342e-05,0.00013205804117198534,1.6590697597302842e-05,0.056085335733473914,1.7614680209410876e-05,4.942913066562847e-05,0.016079524408830082,0.13289094277793315,0.025930571576527367,0.03003720535714628,LFP,13,92
-69856.48049190632,2.3121604487133096,0.011984255154850128,72622.37575394902,-0.4796972215641304,-4.320302778435881,-0.4222752157066304,0.2759115223009383,1.4526686199267417e-05,5.0835238181542676e-05,1.8653498652021634e-05,0.00011019393846320837,2.8843379983570225e-05,0.058458013044398814,5.2532114200913215e-06,1.1740170997520444e-05,0.01274628634314803,0.08226290800153041,0.39698731319482994,0.028474563097009326,LFP,13,87
-14795.854482667663,2.517297379488979,0.014435720381509193,7527.596681279643,-0.3824067519432077,-4.417593248056804,-0.6333637072760658,0.20413702746641818,2.5300821037436143e-05,0.00023833546234976159,4.036887996681166e-05,0.0001011990611882107,2.7083675698310622e-05,0.04281735841542478,2.191244248820735e-06,3.1139422746955566e-05,0.005438111200399354,0.04493593317839095,0.23519509810801603,0.016505261437527185,LCO,13,59
-463791.7653283762,2.167623624144305,0.013984182188109243,404416.21207926405,-0.3839340498650117,-4.416065950135,-0.46009161631613427,0.2856690611615284,1.5088380142357407e-05,8.720466849787706e-05,1.1896624459493344e-05,8.697448205625117e-05,2.3801109976760444e-05,0.09089733803517135,7.417701856439218e-07,4.939407871091555e-05,0.024938033425390856,0.20197793559258076,0.25638436812306636,0.011546079968218667,LCO,13,78
-71095.66904523007,2.3949835964497397,0.07873233414816519,10763.486553184583,-1.6242226880133614,-3.17577731198665,-0.18453264532440616,0.3945992950685423,1.760864292565062e-05,4.054934976226032e-05,1.2668331748846284e-05,6.321212723149917e-05,2.4912526748881277e-05,0.07110955443234786,1.7755043963239176e-05,9.789662054364307e-06,0.011904326610209315,0.1517998214191431,0.07879768980365498,0.5148698434527959,LCO,13,14
-14335.170465862824,2.4113510797446756,0.008552707380132106,11456.166051504599,-0.5037559206442737,-4.296244079355738,-0.6668700405929792,0.20668001570770173,2.9181471308643253e-05,0.00024169849316555455,3.694825282816933e-05,9.985035685695318e-05,2.72592182971485e-05,0.04238480758555798,2.1744095401079414e-06,4.31267254747578e-05,0.00543263026376022,0.015323370689121724,0.23743850618679427,0.010368082531104866,LFP,13,91
-135050.63183591416,2.093459411560457,0.01558300916669764,85934.18239168538,-4.254863276568514,-0.5451367234314972,-0.310464769636275,0.20019910423749268,2.1534379047071387e-05,4.1140629654285216e-05,3.6464406799870254e-05,0.00010455786091156098,2.7055734389848187e-05,0.0413593490714925,1.6411678267682924e-05,4.371815259307064e-05,0.021457189916997386,0.18335444431138143,0.3534654667385496,0.08271531931379403,LFP,12,59
-214662.5999451248,2.1630606482905486,0.013095567692317397,190905.77348610482,-0.4729767762884478,-4.327023223711564,-0.48844781425041206,0.30475753213845086,2.4078638941439012e-05,8.01021358436122e-05,2.643624459661349e-05,0.00011343783473863616,2.3574469465658187e-05,0.04152729645847169,1.843304642222931e-06,4.9515643022017844e-05,0.02428456847060858,0.0586039116780053,0.28624614330134734,0.0967021307702354,LFP,13,86
-9730.462387212297,2.2769296778179102,0.009549876274018074,9461.679690023468,-0.3629785340322229,-4.4370214659677885,-0.6266719666180618,0.20254436636570491,2.321764525534568e-05,0.00010342735589900726,3.876067425937526e-05,9.291843270711426e-05,2.659127104996784e-05,0.04308100298527949,2.201155912378682e-06,3.083075642978452e-05,0.005391866820257681,0.0446551106824,0.23512097786292396,0.023551944836614314,LFP,13,79
-103636.80110518746,2.5147512527030598,0.012346010082893256,65098.47183297224,-0.47928908796121306,-4.320710912038798,-0.4847996468646477,0.27640512848269916,2.38585051632608e-05,0.00011587095174322148,1.8388822326308112e-05,0.00011425380843385627,2.651344647428641e-05,0.04519524166901778,7.377015907059801e-07,1.1596442727317411e-05,0.013474167560793893,0.03662882775709668,0.3982635443932502,0.010307980985005441,LFP,13,87
-54822.11129625966,2.284881932343472,0.008596214835810672,49051.74074955235,-0.5106663291683304,-4.289333670831681,-0.6376782423729765,0.20529543522456772,2.6661192354106053e-05,0.00014322017106900938,1.3616843823589588e-05,0.00012082839292591364,2.8854567064240933e-05,0.0444771967170672,1.747015732123954e-05,2.958773713925522e-05,0.011141664598159672,0.17414207263139858,0.1024761302635603,0.015703554732064605,LFP,13,92
-17412.11729525191,2.086824219657914,0.020396176648968336,21633.85112483599,-0.41359093379050194,-4.386409066209509,-0.7776987201204668,0.38896778129404425,1.9837919893816627e-05,4.148163461906096e-05,4.424259097435985e-05,0.00011233859534159358,2.1919081822364474e-05,0.08656929024151495,8.973624518349822e-06,4.892263925789548e-05,0.00560544664168114,0.02990823428028333,0.021417615798333078,0.10097542980091685,LFP,13,79
-14565.943545461207,2.206103791555645,0.010858023372615527,14905.403994707745,-0.33528812324071566,-4.464711876759296,-0.5748850349585548,0.22643817289806797,2.7295147535600048e-05,7.418939382658063e-05,1.1652969267505509e-05,8.101780670862656e-05,1.2163743060177962e-05,0.084684376712602,3.312826494431405e-06,4.960877295443504e-05,0.005138422648050846,0.03307599180411208,0.26251956731807374,0.05951940591925941,LFP,13,73
-739364.407619209,2.587577268659771,0.013867782227500994,429897.09553072916,-0.4922506230564352,-4.307749376943576,-0.3014738487668879,0.3187519523961312,1.9319226017851423e-05,0.00017623732338819566,1.0204351183697061e-05,5.564829107474384e-05,1.3153715777820227e-05,0.0934780102189159,3.6175513102316907e-06,3.399339287217194e-05,0.024349681870422607,0.05628083360510518,0.12910180615699574,0.4431435114710113,LCO,13,87
-306120.61502630124,2.802041160265765,0.22290359260079887,36720.8532253497,-1.894988879676177,-2.9050111203238345,-0.7025885537568946,0.20157174318513044,1.9471734388004666e-05,0.0001767664506094358,1.0017822139260048e-05,5.578054596139854e-05,2.9439506766234876e-05,0.0909747175916341,3.322901558414611e-06,4.7989452801217064e-05,0.020153032542213276,0.05175514965964729,0.12496884285903753,0.050687453724420656,LCO,13,10
-323648.32521698147,2.302267317467664,0.2814299077925265,42003.387169156085,-1.9404684116262843,-2.859531588373727,-0.26920871747397535,0.23437320752457733,1.2628795153741611e-05,6.422143428060172e-05,1.3550152843966749e-05,0.00013123225215609446,2.2237318523948713e-05,0.09931806588895585,1.1193375507118732e-06,4.9672235298264435e-05,0.022056957848054604,0.04543952030039379,0.2847033874545273,0.33064837477110365,LFP,13,10
-288036.1214595706,2.144469374812664,0.017132647659956,67099.05101399873,-1.2488221899935823,-3.551177810006429,-0.5457687038355559,0.6544738570142048,1.350944057540192e-05,4.273313123759742e-05,1.000813162473281e-05,4.6819060429927216e-05,2.4151969155792392e-05,0.09214521378975236,6.623732792261335e-06,4.927767802835936e-05,0.01923207616481722,0.1497059469791161,0.03665843206750381,0.19786691711782425,LFP,13,23
-142653.48291379173,2.2637332413115416,1.5203562717238661,15558.931640879744,-1.3503307208185333,-3.449669279181478,-0.13745660809003568,0.20300005170161461,2.4771593622782912e-05,6.560675083215357e-05,1.8605350885547393e-05,4.340563511348541e-05,2.993689115167749e-05,0.09125643795407587,1.6847761907055787e-05,4.6292891266930345e-05,0.012209362563353815,0.026164514640173143,0.35233538053040314,0.41404349673938806,LFP,13,16
-30276.06249643968,2.4803846137210623,0.6647566380948976,2126.5502065406467,-2.533859494537623,-2.2661405054623884,-0.6224226220907744,0.32290443992550105,2.9489278147032714e-05,6.67732676274583e-05,1.2457570780924149e-05,9.607899556135761e-05,1.4695174737957393e-05,0.07567871768795974,3.743064670353397e-06,4.640455971939317e-05,0.007126307089307225,0.08516754563906392,0.10052746044057409,0.12188237182958765,LFP,13,6
-13628.900795309164,2.150094487785868,0.012616725019561726,18104.624096637675,-0.560680908400272,-4.239319091599739,-0.3703629289612408,0.30941477068014334,1.2551620083971941e-05,8.187967938588123e-05,1.0136458155680346e-05,0.0001369760003044533,2.3572613182308847e-05,0.09048066439317608,1.1415828468644632e-06,4.890262184155403e-05,0.004852321162399014,0.06687317405029644,0.38944780842569826,0.10331608856276457,LFP,13,94
-258565.07720498144,2.0980767587510654,0.013385288616119529,144048.01280524852,-0.3773088576701653,-4.422691142329846,-0.5292976295025726,0.3038253620794331,1.3611989563736882e-05,4.1957786157238583e-05,1.0160989394395992e-05,4.275501381503434e-05,1.478173685036755e-05,0.09696691718995815,8.996525532942201e-06,4.120994675608668e-05,0.01612184064598639,0.0456097794787592,0.09954088460590807,0.2555517064127602,LFP,13,65
-338601.18889676535,2.15172399803107,0.018071623498830208,343806.6692570123,-0.4525845003195599,-4.3474154996804515,-0.73774245253254,0.3406842436946579,2.251535357661271e-05,5.507064008468778e-05,1.2199337527122652e-05,4.2166188795584014e-05,2.454176324196337e-05,0.0926533252845342,3.137066127214646e-06,4.953698692087121e-05,0.022441297727133578,0.056460084677661754,0.11355569380214227,0.022241768987656035,LFP,13,84
-81006.48250865875,2.2704627383490874,0.047177679576847764,17154.678077102333,-1.0093752661933024,-3.790624733806709,-0.20370597074869679,0.3356479111057832,2.325207052659107e-05,9.713935970227734e-05,1.5437047764583292e-05,4.69507419670352e-05,2.1892227621481688e-05,0.06101354518135173,1.6358504700512348e-05,4.9857214445180594e-05,0.012230735755751966,0.024234147985368697,0.25680160960757537,0.4452582716583592,LFP,13,24
-241487.38272985368,2.0909837608834616,0.011790535514320103,329241.84952339425,-0.39435627596233047,-4.405643724037681,-0.3759049123727679,0.26199855015532625,1.3905558833914636e-05,4.173346724216586e-05,1.0840570015208064e-05,0.00013504025892437484,1.3455761241142478e-05,0.07270569725566059,7.389862545013956e-07,4.701358119373689e-05,0.024907382254941053,0.04533181220965503,0.23881610818380214,0.26994716723377493,LFP,13,80
-154535.15717459333,2.1314246674149553,0.01516340074059275,160490.12716205153,-0.5760403685569315,-4.22395963144308,-0.5489549481536276,0.49649654446333286,2.7124994731556016e-05,4.2323553458814865e-05,1.0043934466581652e-05,4.248138605620407e-05,1.830962257764364e-05,0.040477481647655224,1.2885303365788295e-06,3.7973285045375484e-05,0.0233963525449098,0.04845386005023684,0.23542222442526373,0.09716896737087187,LFP,13,91
-16222.87604146382,4.401991635001667,14.927868889706195,748.8925852726017,-3.236925668091409,-1.5630743319086022,-0.7855769373676444,1.4320452543690232,2.9574362464165536e-05,5.7828187796311104e-05,1.251417512339386e-05,4.2473927275772054e-05,1.917956361451117e-05,0.07007096558013941,1.5643770220161297e-05,3.8054955383489665e-05,0.004499936441672087,0.013957510722408265,0.10149276257871043,0.028972789331236926,LFP,13,6
-273219.41180962225,2.1060625985205474,0.1417537215644112,104304.86692603328,-1.144886436200565,-3.6551135637994463,-0.436300434645931,0.7648447632214788,1.2409262255564554e-05,6.491281248962434e-05,1.0074736934615827e-05,0.00012349447034130289,2.357267429435856e-05,0.09042703044665693,5.322125261492099e-06,4.966241764998074e-05,0.020841818801886847,0.06674094684066881,0.26013184891158236,0.16682676960181791,LFP,13,29
-400280.86175728234,2.189476692461681,0.015690345455349756,334462.6512037181,-0.43297512194249066,-4.367024878057521,-0.3779935243071273,0.3220620960924114,2.703982686201598e-05,6.647106489836551e-05,1.2166338582430635e-05,5.5199255979483986e-05,1.5795811807366888e-05,0.09951618961170958,1.0263875470863125e-06,4.993696415640981e-05,0.0224485335678242,0.05415666820501007,0.2614650374538566,0.23638477003400613,LFP,13,82
-37750.450506237205,2.263538285212961,0.017578783364679322,28986.199630127754,-0.4831797133734099,-4.316820286626601,-0.29521403886429953,0.3431447363509188,1.7707910183448045e-05,6.003026133166065e-05,1.5508688928627397e-05,4.309358657254984e-05,1.3105895135114114e-05,0.09117660449501204,1.5158700225296433e-05,3.373639380519474e-05,0.006709967051101906,0.07129046623258987,0.12035367616316434,0.44314181873994635,LFP,13,86
-150510.13181527675,2.1854086914393513,0.04056204295703862,20615.351203297974,-1.2253181271304285,-3.574681872869583,-0.43914015007405427,0.21761093343734658,1.2199956283790615e-05,6.568253761149009e-05,1.869297016387423e-05,4.039585480292567e-05,2.968429439871896e-05,0.09124996435289771,1.6443936935536776e-05,4.921769792515068e-05,0.012184363478453624,0.014421573904750531,0.45595676425260334,0.020481511768591892,LFP,13,18
-358912.3562903529,2.1295695493962326,0.013239538541748096,347093.7717386006,-0.5665055643368007,-4.233494435663211,-0.2663515525031138,0.27709607098820804,2.2005875730699552e-05,4.5992579337339524e-05,1.733667407789781e-05,5.7334768934519244e-05,1.4639244429538016e-05,0.09894447567132054,1.5083285757042865e-06,4.939865765962078e-05,0.021478747280618254,0.026754432349406602,0.20975215219328294,0.42714186295419665,LFP,13,96
-660609.4634916661,2.5151550686709947,0.017121971903048344,458322.9449059851,-0.525117480481974,-4.274882519518037,-0.7030247323605945,0.3729811082730275,1.875395143106799e-05,0.0001759922528084704,1.0067255519145365e-05,5.5834699081086694e-05,1.791343529421303e-05,0.08998643753706574,3.741191601209119e-06,4.678241669291773e-05,0.023665387657464957,0.05172151104205355,0.12921281903161147,0.04604093756574054,LCO,13,89
-458064.04164342536,2.26330208478237,0.009488303145383552,355329.7653478594,-0.41229536129726796,-4.387704638702743,-0.6684771679025847,0.23675686393132003,2.1084074591053125e-05,0.00013176133952589277,1.483372991944007e-05,9.343024685900237e-05,2.051343242962108e-05,0.0862720489582512,3.6996915773511775e-07,4.935511270542789e-05,0.022371094619925605,0.05249256344597179,0.11068131159457267,0.09834895705687086,LFP,13,83
-342230.6024047177,2.3977815091637047,0.24415467268692778,33285.603016384026,-2.1372322744350853,-2.662767725564926,-0.12415222518483027,0.35113045224651496,2.6663775629381156e-05,5.1768373978889966e-05,2.0471006549612748e-05,4.675762629372145e-05,2.4836499516690202e-05,0.09886894810968977,1.811226984866906e-06,3.4361576036583876e-05,0.023004618843912313,0.07423725087086495,0.15897829441170855,0.5726322295325963,LFP,13,9
-317606.93093451305,2.3469949895951747,0.7491475046956382,41755.441351097215,-2.063032602056147,-2.7369673979438645,-0.16235707330317162,0.7558046245939054,2.6327902460393935e-05,7.415282186746555e-05,2.0502027307069967e-05,5.904955449437469e-05,1.3558722978074744e-05,0.09895532259146923,4.626279966478237e-06,4.977921252528446e-05,0.021301597817507022,0.06845449013984085,0.2665679986724873,0.4326204378845003,LFP,13,12
-439875.1746690871,2.12343335217754,0.30094280322623945,110404.61867030695,-1.507701552237883,-3.2922984477621284,-0.36555114239017916,1.0623653752412534,1.4246404288136794e-05,5.937154741577178e-05,1.3384224524631849e-05,0.00011541807951045865,2.68121149687537e-05,0.09809731616927955,3.631666312660593e-06,4.323571024873729e-05,0.023604657417981102,0.055562835527519915,0.1065883831132565,0.40229763896904447,LFP,13,23
-305680.2445552371,2.169188162566539,0.07871511315193122,60932.935411850936,-1.3287504720214898,-3.4712495279785216,-0.8291329748983793,0.21083115429122246,1.5770305020982298e-05,5.4561304773555455e-05,1.3009514545052823e-05,5.5199542956519654e-05,2.4582552121637065e-05,0.08978834009822723,2.8853856570303114e-06,4.9198326790910574e-05,0.021036795768668886,0.04888467741983746,0.030499886602784753,0.021482461078998524,LFP,13,16
-410361.8364345161,2.6463932096509106,0.4531242506292424,33798.26602521391,-2.323788886293613,-2.4762111137063982,-0.669340065462577,0.23674338315818572,1.2955884575853667e-05,0.0001327327637285918,1.1676985780007766e-05,0.00011575567833401518,2.973132156893599e-05,0.08610822994144492,3.6835370744438677e-07,4.321836135598321e-05,0.023618742082025745,0.052423483048245366,0.11254953673641098,0.09568691475276672,LFP,13,7
-469026.47006637,2.2440452493141496,0.014801437657019504,359209.8286248268,-0.5032146172586849,-4.2967853827413265,-0.37641293495751016,0.32210173727987657,2.7097918416647605e-05,7.602475854739734e-05,1.0217301827567506e-05,5.4779945824273555e-05,1.7057821964880166e-05,0.0913853557957835,1.980257412195802e-06,4.0636182698790235e-05,0.02330554307607886,0.04868877146630512,0.029494522844576265,0.47540377073160855,LCO,13,88
-390321.1555745179,2.5090093614447895,0.03545322647528617,103548.12473932582,-0.7656106640454468,-4.034389335954565,-0.47606436909104555,0.2730820104970685,1.2892593714124576e-05,0.00016926700591395267,1.172550007767779e-05,7.133632232584558e-05,2.99370749436183e-05,0.05967576879623786,4.558652911890762e-07,3.5823252217614374e-05,0.02371865455308903,0.065590449988428,0.2926856994866428,0.0956594814338837,LFP,13,33
-395366.2324190698,2.271337601888634,0.05214467699383579,189994.11458446507,-0.613484185668554,-4.186515814331457,-0.08953890611499682,0.6624434516486999,2.4326084632645995e-05,5.942084350549191e-05,1.554716504462406e-05,4.42090859869164e-05,1.3082663444133094e-05,0.09773449160653488,1.428929480108708e-05,2.6047498733406224e-05,0.02125415040354295,0.07129287504865965,0.328877043138213,0.44029117569813053,LFP,13,59
-231536.34070325992,2.1589802856791667,0.03750063398300876,53630.54335027652,-0.7800022413632988,-4.019997758636713,-0.5737974710678504,0.25138136381106213,2.621046897979337e-05,6.143812793897212e-05,1.217257431330222e-05,4.790896736152705e-05,2.3332600338510342e-05,0.04102109764163895,1.0734803644760748e-06,4.9051791170090645e-05,0.022448064458139936,0.05413854785049042,0.26017160943146156,0.04189237165019759,LFP,13,31
-282117.3491900192,2.106064090962385,0.023100604149844335,100634.37283808093,-0.9738852342690691,-3.8261147657309422,-0.6470276524424075,0.6243276812467478,1.3111656030071795e-05,6.495422399984785e-05,1.0458358258897577e-05,6.67776218809313e-05,2.3342414978552655e-05,0.09222813248708499,4.152648867126234e-06,4.8256588360559295e-05,0.018733079104571698,0.10979368556327895,0.13327634024162327,0.03990232175269038,LFP,13,33
-585536.160493204,2.5587833631868784,0.06012326729407004,236396.69174416238,-0.6028457912005578,-4.197154208799454,-0.3820592276790613,0.703828134009739,1.722342804426798e-05,0.0001769320234871814,1.5702360145446275e-05,4.1125650824693376e-05,2.9858053843009337e-05,0.09779088635516267,1.8794548823208786e-05,4.8465199736218e-05,0.02126256411350901,0.07588473798684248,0.3291956765746274,0.14286035775946884,LCO,13,60
-44480.661513784085,2.1945118179193885,0.017548917246705077,32764.855232948186,-0.4374124913121591,-4.362587508687852,-0.47700010145558913,0.3419517923750937,2.1562174443129356e-05,6.426858802187088e-05,1.2147828549385823e-05,4.366602330060078e-05,1.3296478386194291e-05,0.08233870500634509,1.7433255648168312e-05,4.997222638587731e-05,0.007521563396746698,0.05424738529222391,0.26150914659423385,0.13724336665795317,LFP,13,82
-338187.9220401686,2.134461823507363,0.03864542659970695,297548.92899946356,-0.6095355768497299,-4.1904644231502814,-0.17184567460630162,0.766431493161787,1.4008367942232796e-05,6.424637540345472e-05,1.0203557113434822e-05,8.853321205451234e-05,2.9493711365164654e-05,0.09343665609161242,3.6847582422610253e-06,3.369792389800443e-05,0.021431106801356573,0.04788915922571557,0.12831795530731055,0.5819472108606722,LFP,13,87
-479550.6655401201,2.2474549010301366,0.049220317869565225,354664.9893290214,-0.6320535700565983,-4.167946429943413,-0.1409154791685564,0.8913319213440021,2.9090272228664186e-05,8.100139986307933e-05,1.0105285447714038e-05,4.285381223843294e-05,1.7097766461430866e-05,0.09740233565318344,9.470291586937336e-06,4.141246639666309e-05,0.02401248785504765,0.20427747407465446,0.036443571545112616,0.5483634752116765,LFP,13,86
-301263.6628493528,2.1556448477339973,-0.02927526664757671,59989.50289224863,-1.149605843681016,-3.6503941563189954,-0.06704551492437383,0.637474840533181,1.3192518737277512e-05,6.291961455622801e-05,1.4930192328461623e-05,4.1070394150147184e-05,2.422253191902052e-05,0.08911560715186387,8.506653868155244e-07,4.938215495657701e-05,0.018705278292803867,0.04115408412711167,0.35653003597219957,0.46527036497631497,LFP,13,26
-259147.03082166993,2.133275478906475,0.016433087587316982,257158.28737969307,-0.517828280344169,-4.282171719655842,-0.722538285451234,0.49686675796435664,1.756125500422551e-05,4.232200966348925e-05,1.564769102688948e-05,4.221354496770428e-05,1.336488652321239e-05,0.09192318879924957,5.2933657073754e-06,3.190416979639481e-05,0.018737845200252026,0.07142390235230107,0.06656074540597884,0.06947706679048614,LFP,13,86
-439333.6145013402,2.371222585235703,0.3557451035153207,50419.1695622067,-1.98115162173508,-2.8188483782649314,-0.00888097433742685,0.6278756748945199,2.7796213531682566e-05,7.425743699224185e-05,2.5376024972530112e-05,4.7986405821043014e-05,1.3279300454760067e-05,0.09985036564607731,2.9526754732370926e-06,4.9828714694435447e-05,0.024205414688171323,0.06853553144136804,0.26258183537723057,0.5900016588439746,LFP,13,12
-142946.50655377776,2.294967826653172,0.00964547897000144,141812.02630748184,-0.359952285353593,-4.440047714646418,-0.7241167632504152,0.20748992740460923,2.278269847962532e-05,0.00015964863672939634,9.163560514453919e-05,0.00011890107365351655,1.3123700646501276e-05,0.041359038912878725,6.87560800690461e-06,4.967347486265105e-05,0.02021854529317385,0.13228026769444323,0.05617088178564644,0.01743208726949521,LFP,13,79
-74787.71970139691,3.5205554574263176,12.788925726083802,1170.8352954811025,-3.3555969887663366,-1.4444030112336748,-0.278657276636911,0.21230595357477125,2.9959572264192863e-05,6.906357350045725e-05,1.107058914021606e-05,4.966198211091281e-05,2.4573979679993725e-05,0.0834814170245793,2.11898622027196e-06,4.271498996164415e-05,0.013648510574868931,0.03425585654553799,0.07952205337710001,0.537564813440451,LCO,13,1
-382439.69648000033,2.231245633725681,0.18704205830397394,44753.33441374906,-1.7084150718727855,-3.091584928127226,-0.13731381041051127,0.21313663532537408,1.8646757960759458e-05,6.41655207997376e-05,1.4073405179897143e-05,4.186576251269966e-05,1.3279102171818335e-05,0.08231432113287056,2.9203123074362064e-06,4.997313623705501e-05,0.024294747803767884,0.06899094332089285,0.26150371742857276,0.46219152884002324,LFP,13,12
-465478.4516937273,2.1124575306749462,0.07190204069220435,109480.39820496572,-1.0194737556985558,-3.7805262443014556,-0.17345606533931168,0.3560766305112394,1.8249402121757836e-05,5.598185300514639e-05,2.542438968071435e-05,8.843045814316463e-05,1.3731292055172736e-05,0.09417655299580768,1.865961170860474e-05,3.957610812835107e-05,0.023869915342406414,0.21218366495694702,0.36176135319944647,0.182598916504295,LFP,13,25
-260715.25945690292,2.544827301850769,0.7052378697289848,19528.73841652691,-2.4523902887643416,-2.3476097112356697,-0.21435648539304475,0.3888801587773484,1.3409396473468324e-05,9.515226741656558e-05,1.9903301138680902e-05,0.00010083544026919544,2.8719432983843997e-05,0.07762740340494452,4.906284127902536e-06,3.0889782170929854e-05,0.020752040757614637,0.05487491200591837,0.5022828580602063,0.15848574454083067,LFP,13,7
-180781.400815688,2.207439551543293,0.28887521608006544,17157.86728214696,-2.0282265383990676,-2.7717734616009437,-0.37299202172275125,0.3746235665371479,2.6451793191269747e-05,4.2113843311577974e-05,1.3818133188034688e-05,4.942420228423104e-05,2.9507421815529805e-05,0.06335461897367886,1.5321066069482006e-05,4.5463962262896075e-05,0.019075309620723607,0.13392342206606653,0.06731443332883169,0.35577012288235055,LFP,13,10
-43720.22331191261,2.9753929147632583,0.9721141371833504,3392.298278052605,-2.3868195092112714,-2.41318049078874,-0.03466076868516221,0.3055353891035131,1.9234019298231486e-05,5.353686269931678e-05,9.246733266766145e-05,4.180926023387283e-05,2.860032758231685e-05,0.08922940867526324,7.546972998850406e-06,9.275121767874333e-06,0.008479265634780572,0.01729330363980645,0.35818125975523785,0.5198646679197936,LFP,13,7
-39529.8102719351,2.2865570200748913,0.14473163252833038,2483.6576133639514,-1.7935777075211874,-3.006422292478824,-0.5512519722027588,0.20355588249257575,2.978364235820982e-05,6.041337095803279e-05,1.2750745773753169e-05,4.92257021578281e-05,2.5463843807869846e-05,0.055818754239245476,1.678691349899914e-06,4.716444994841118e-05,0.007034443661961475,0.09673275697788142,0.2023824768957981,0.07963279392356173,LCO,13,11
-137032.5178183412,2.299184791635491,0.2896914278837365,17143.761206102907,-2.040969882765907,-2.7590301172341043,-0.704505645108874,0.5874344327430181,2.9995178155197504e-05,6.946177516273742e-05,1.2750123440077824e-05,7.029403000744461e-05,2.5018585264340064e-05,0.04072537994494327,1.4547317379453896e-05,4.735916285699146e-05,0.02066332991462689,0.1028871562380495,0.01275844973212123,0.1098487489209553,LFP,13,11
-14204.254382528812,2.188367013169178,0.03430673379561599,4377.780008826464,-0.7670134995152935,-4.032986500484718,-0.556142999448028,0.22182763746261486,2.5054874502813264e-05,7.947547162889637e-05,1.1617101480672765e-05,6.473435313586801e-05,1.7616847012682495e-05,0.08262438281271285,1.2435395462157982e-05,4.068092721392796e-05,0.004442623641687882,0.07458733996462961,0.021803659918592542,0.2774660006687498,LFP,13,30
-10878.8207586194,2.2106075694601137,0.012755972527242171,11431.4291598171,-0.5833551107792729,-4.216644889220738,-0.46528226724038324,0.30364680976813385,2.923589013469382e-05,9.353335263320195e-05,3.0130407281427908e-05,0.00013952485495590796,1.764968688194216e-05,0.04078057866133209,2.9837252172311593e-06,2.879925343727486e-05,0.005613905193553262,0.029179917901949983,0.3744603871714963,0.06107742768617051,LCO,13,97
-93465.60825874619,2.4143698738226567,0.6719743433116445,5392.4795635141345,-2.638276812160619,-2.1617231878393923,-0.567657094431274,0.23383942844430902,2.920040209977377e-05,4.6483461996835836e-05,1.0982970135347123e-05,6.651791092798067e-05,2.4433303569960972e-05,0.07167126641050092,6.330953356920364e-06,4.680456851133222e-05,0.013471649416713763,0.12122132574390286,0.15814349223725246,0.08297808758757069,LCO,13,5
-36052.73264087698,2.2568015569689583,0.48388700350761643,1326.0835167022785,-2.151962128790622,-2.6480378712093895,-0.7256083211902897,0.2020430683593693,2.995185331404775e-05,4.741083331096244e-05,1.2848871567729365e-05,0.00013654179929234968,2.5669298932955735e-05,0.055451129082278006,5.968634049599866e-06,4.654125257467479e-05,0.005618417747921585,0.10310357103462478,0.027116273901558893,0.07417183387352672,LCO,13,8
-60397.30468601615,4.683676572692336,12.477623647869702,1452.0201726905664,-3.4191721735029574,-1.380827826497054,-0.4641284431074245,0.3134223078701539,1.2952517743160108e-05,0.00013415513658783483,4.447346383154324e-05,4.970567102380778e-05,2.4536210758966117e-05,0.09060747429280239,1.4949836280955518e-05,3.9577161637260804e-05,0.013102336648028871,0.0401667671826619,0.01413289354091592,0.4115718961689977,LFP,13,1
-12371.550371625644,2.1299577280370325,0.044311841018917254,2566.3569639250086,-0.9154319377139046,-3.8845680622861067,-0.6362773622623252,0.22287313630403993,1.9218005170214874e-05,4.7460852764901035e-05,1.0840100349938416e-05,7.742157988741547e-05,2.5291014223191166e-05,0.071668810050359,1.9889150484199814e-05,4.686056306779421e-05,0.00406761982757,0.0690356308173924,0.15617502141265266,0.06851198550762984,LCO,13,24
-15194.847336726107,2.1243770682513268,-0.0051675393989633915,8880.650297920676,-0.8909185414003531,-3.9090814585996583,-0.011086244781864374,1.2440126113367067,2.5216251139174754e-05,6.569761132527718e-05,2.821246101576803e-05,4.777883029069177e-05,2.5527018275350334e-05,0.048508866237867196,4.3067733853215027e-07,4.9347171566571266e-05,0.006656605871720467,0.19142353328447437,0.49218407665509273,0.23530614527856847,LFP,13,59
-31746.90862701217,2.1725884107502282,0.009138890402668163,12022.256339242133,-0.8536048338446776,-3.946395166155334,-0.05610312765370684,1.220095898932031,2.797160555327081e-05,6.0153880194354975e-05,1.180654988361846e-05,4.266753904109318e-05,2.796264936388172e-05,0.06834959724989853,6.323532967644119e-07,4.9767532209521204e-05,0.006565408076737324,0.20436824728973738,0.5595110324019523,0.11001759265460356,LCO,13,60
-24466.003855296687,2.700758564111208,7.952929462618937,629.7976384253734,-2.9941298197733843,-1.805870180226627,-0.5267939546226807,0.23512528828917315,2.8941714395823527e-05,6.0777039835199935e-05,1.0151834636967048e-05,4.9190026621627545e-05,2.5952418421557535e-05,0.05552066275340732,6.3361609277582815e-06,4.717433283971477e-05,0.0068260751873229705,0.1324609802354344,0.19270537483026562,0.07803969031161925,LCO,13,3
-58100.025678088445,2.8505116718474506,0.2780014711681446,11122.49139574722,-1.3076305020809684,-3.492369497919043,-0.27328527550607973,0.8056169895764718,2.596822895212982e-05,0.00022255889666700137,2.4263493484636924e-05,4.806885636526537e-05,1.867138049317259e-05,0.0592794822128153,2.552413777343193e-06,4.0177720861054054e-05,0.00930323784989862,0.19151656435469677,0.4123232667503584,0.05287489338886513,LFP,13,25
-126476.74553288,2.100989842178102,0.04686280328426422,30932.684220697203,-0.9199951758877134,-3.880004824112298,-0.21398070720009554,0.21988475343258262,2.522492154254905e-05,5.586566676074774e-05,2.6131485939736242e-05,0.00010049495888543783,1.3473860407391208e-05,0.09429792367022996,1.9414444153483358e-05,4.104538607481181e-05,0.012629025566683473,0.24417018655331546,0.3512234747008515,0.12062563154573744,LCO,13,25
-352519.5323285525,2.166180276141506,0.021562125657695858,146331.78376919887,-0.8464307696660356,-3.953569230333976,-0.04870167784833457,1.2029265721594073,2.792285101134965e-05,6.961906168908598e-05,1.142769011128084e-05,4.8885642077969654e-05,2.9349264348686312e-05,0.08130511155063462,5.980322527533764e-06,4.642800964016095e-05,0.020800497387338412,0.20503042572407223,0.5662457159686396,0.11002218045895365,LCO,13,60
-215585.34021242964,2.6501806425494245,0.5912963763441451,15958.743076662358,-2.387948172088997,-2.4120518279110144,-0.11474267734157795,0.5224592478446927,1.6509959918495146e-05,9.588958444393088e-05,1.0013276972691393e-05,8.143732405069124e-05,2.380954942398366e-05,0.08008795202288028,1.7422538456409608e-05,4.8595919445628884e-05,0.01776878810766404,0.014511056259898226,0.5366990331577978,0.2640472332407261,LCO,13,8
-177208.00107975228,2.404363845190803,0.591146474654056,13930.616432669161,-2.177902230253011,-2.6220977697470005,-0.12677420759292313,0.5879076261806266,1.2076232261888017e-05,6.96524238770209e-05,1.2754116345087083e-05,6.321079607211728e-05,2.486225039354706e-05,0.04071861361779566,1.916921356306923e-05,7.939004285895047e-06,0.020870443757836952,0.17515219644856844,0.1034034215119751,0.5246701744465334,LFP,13,10
-55988.59317084862,2.1445835409961003,0.031562945950215006,15070.811406683351,-1.0277139156899793,-3.772286084310032,-0.15357609194609634,0.37074448689023054,2.808276035907951e-05,5.401806007359861e-05,1.1736174697175597e-05,4.531955637010115e-05,2.5694269977941426e-05,0.09403852156492569,1.8401554305301636e-05,3.5144551922304396e-05,0.009601442815988978,0.20388930905554137,0.3558331904243105,0.2167014085740518,LFP,13,25
-176481.8070072878,2.4694214659947553,0.5443855905199467,9509.431686864504,-2.6173206706834975,-2.182679329316514,-0.6434970146202459,0.21765732182527112,1.9200979504552865e-05,4.6681699640883086e-05,1.0838822101815885e-05,6.149607188639722e-05,2.4058204072903706e-05,0.07167134946020777,2.0151177118467746e-07,4.680424875672381e-05,0.01731250580976427,0.04437870802692199,0.15903863716657726,0.08308564018625489,LCO,13,5
-37561.2981183306,2.9120249956031627,7.050718341648803,1324.2505187247923,-3.193374755831755,-1.6066252441682565,-0.3234645027097056,0.23411008835413835,1.686351864220927e-05,0.00011904532341411192,1.0002687548730301e-05,7.832553102159202e-05,2.3769959805461e-05,0.09226319280264536,1.9119837395512335e-05,4.86323171107157e-05,0.009113017312144235,0.014017186867998833,0.5502230123391499,0.04229529808314565,LCO,13,2
-7995.906932311514,2.286314664754896,0.053505675245997544,816.1341553948046,-1.5290465409962266,-3.2709534590037848,-0.06312088368183222,0.23447193119847362,2.8984441869288286e-05,4.882365880993357e-05,1.3796521024168067e-05,6.869284060934743e-05,2.6410983793400835e-05,0.04822021013721559,6.2719135120072675e-06,7.329666550536309e-06,0.004157111285720452,0.13185447990466712,0.24464301223209223,0.4903816241814085,LCO,13,14
-307575.213513952,2.1824329523072867,0.17429100000947095,27277.406190436697,-1.9198256283793356,-2.880174371620676,-0.3740318820316427,0.22337220883859793,2.5240088905426612e-05,4.2119490286413595e-05,1.518493259850006e-05,4.7625255490533805e-05,2.7906866958656042e-05,0.08660913826566097,1.744126224551817e-05,4.492927771167896e-05,0.020385894895598007,0.13139903564992844,0.06784339525510753,0.3567256870633213,LCO,13,10
-135741.0280284114,2.423332505763238,0.0974997813407935,15571.610330407024,-1.5836324354214426,-3.2163675645785688,-0.2761782199538124,0.2006793800299729,2.9505350500679132e-05,6.996644009510996e-05,2.0751285482141926e-05,5.8712218394297794e-05,2.4862744565263194e-05,0.08415261101355859,1.9646201391165193e-05,7.59114843150577e-06,0.013572714141045637,0.023537927344053394,0.1021270250736931,0.5281568276284412,LFP,13,13
-443274.6292101904,2.4034658098794663,0.10089053559986831,102426.87001645046,-1.158859768293972,-3.6411402317060393,-0.466351300971104,0.3453433896216048,2.5464386904587025e-05,0.00011591593436712906,1.0611449241007015e-05,8.005296748548897e-05,2.8090081567067063e-05,0.09833132760413693,1.7539623639911013e-05,4.492765024404843e-05,0.024302637370161605,0.029808531780534258,0.07678428049562368,0.35705588675273814,LCO,13,20
-32587.512753021012,2.1699473770346067,0.08358559039540733,5347.8615122881565,-1.4362385158483093,-3.363761484151702,-0.5784738910653292,0.47857573215123156,2.2267070568618906e-05,4.775064552520857e-05,1.5184413661139848e-05,4.104575357189596e-05,2.9599358786863872e-05,0.09706008341157545,1.946797876822643e-05,4.316516158068045e-05,0.006306564788131011,0.0831869009391858,0.1559327150302595,0.11240649296522556,LCO,13,17
-150057.19262112823,2.211549388696624,0.1509485089942142,17470.24164226424,-1.5930442430034049,-3.2069557569966065,-0.682794511430334,0.21743677597073752,2.9113619090200044e-05,4.470680593958761e-05,2.076298670737977e-05,5.8692260287112617e-05,2.4863222490415766e-05,0.08437787836883862,6.027507197230213e-06,3.294869133627544e-05,0.01364128890190334,0.023215534482975454,0.15846182895287927,0.06552812513381133,LFP,13,13
-341531.02419525885,2.104236655487445,0.030894358819912798,139467.33907142046,-0.8805879413722622,-3.919412058627749,-0.507779795732082,0.27662570707805845,2.1792412025703026e-05,4.602961559279838e-05,1.3432167623095406e-05,7.182720006327259e-05,1.2220078408695242e-05,0.098904997772565,4.37903803562675e-06,4.995076872546498e-05,0.024693118499349017,0.07229247524873096,0.027813709159545758,0.3221140198596413,LCO,13,26
-26085.876402981292,2.8361896431486704,5.381158599832138,285.0667913084931,-3.1529095133290994,-1.647090486670912,-0.6953462980225251,0.21423811497398823,1.9207032105734965e-05,4.66352104653257e-05,1.0363963568248336e-05,5.67022782031185e-05,2.5026071642876734e-05,0.0720410017124565,1.4219258327469713e-05,9.095031017934584e-06,0.004717520107664034,0.033680967037283537,0.11961057042861854,0.08136216451157291,LCO,13,2
-184160.84959357133,2.162367916215615,0.033898217363969536,45169.36733010979,-0.8901234365032025,-3.909876563496809,-0.35315950925652106,0.20041145278667105,2.4968465284480214e-05,8.215376342143739e-05,1.0373903925412242e-05,6.47472334246286e-05,1.530444833761422e-05,0.08260333887020908,1.2429619410474481e-05,4.6966855354272265e-05,0.016143917917369643,0.1557576585868003,0.051099511097433895,0.3699833210592448,LFP,13,25
-312296.3091966535,2.114609023015263,0.03797069026856904,71525.13992275218,-0.8782052190246574,-3.921794780975354,-0.6615129445224637,0.22369913607371497,2.497779203507937e-05,4.8706192670508716e-05,1.08411188613216e-05,6.456287062823045e-05,1.3299097136828055e-05,0.06739286498637069,1.2399129119246234e-05,4.7013278229662154e-05,0.021667707791076372,0.03242758102067633,0.15788046935329073,0.07817900510356933,LCO,13,25
-183057.5111000475,2.088848012370322,0.034265548916482064,56010.39176158814,-1.1438834496111383,-3.656116550388873,-0.7272485906953536,0.6061109870245227,2.7767298325453615e-05,6.363100810347988e-05,1.280689851915695e-05,6.465462341696906e-05,2.5058773104029907e-05,0.0980545808211508,1.1492295366936094e-05,4.6786672137415965e-05,0.01596149665924825,0.15608476761159465,0.023247533812681413,0.02341910788037031,LFP,13,25
-333644.86071470793,2.372520851211527,0.4543394987157144,41136.893189806025,-1.9963995720664016,-2.8036004279336098,-0.15062616711821486,0.6475944322056406,2.430630792133285e-05,7.489845685904754e-05,1.1276679349530859e-05,4.804284595576972e-05,1.3280302093622814e-05,0.09992266370528961,2.749048445027081e-06,2.599955636160077e-05,0.021231589167660003,0.06726004558683452,0.330402199461846,0.38171158783310466,LFP,13,12
-59783.336737587604,2.971549791886431,8.421374315376049,3052.734788774016,-2.9799901511030527,-1.8200098488969587,-0.38845186214435345,0.23286563620977457,1.8778935639432744e-05,4.6096209826985045e-05,2.4762799464075057e-05,7.385947461941621e-05,2.4385707386762157e-05,0.07085832265059464,2.662664689941999e-06,4.6846411322626924e-05,0.013055748496241675,0.03725343497625574,0.05167420464856745,0.4526204982308234,LFP,13,3
-393378.7241278704,2.10415323920233,0.03897762249692863,90110.8098531529,-0.908354552241164,-3.8916454477588474,-0.4940181803087823,0.21028830505309828,2.4886268907757707e-05,4.47177120772814e-05,1.104800371836251e-05,6.416348819634953e-05,1.3298804515936172e-05,0.08997531045635815,1.2399009034221678e-05,4.69663115386057e-05,0.0217482329443208,0.21007247057133355,0.16129069939308122,0.06461864972680297,LFP,13,25
-87201.21815630005,3.368258823976203,7.250175049162962,2372.1192764983684,-3.1633964663326353,-1.636603533667376,-0.18405446967536898,0.2046541522144393,2.9214433169579347e-05,8.082062087719327e-05,2.1086640757047804e-05,5.8685274745852837e-05,2.396210892748126e-05,0.08415725192445164,5.077239611596861e-06,4.540669420998427e-06,0.01363853869089261,0.05400489206159062,0.1580400397464301,0.5339005985166103,LFP,13,2
-33451.18953051207,2.6705722758886012,0.5648483154532223,672.0014879954635,-2.618031743406817,-2.181968256593194,-0.6380814639022259,0.21769093898908645,1.9207153598868797e-05,4.668273824775845e-05,1.1055546393537332e-05,5.615059193535382e-05,2.4355380069761443e-05,0.07150318324106462,3.3386447493590574e-07,6.914201393290389e-06,0.004632784282874638,0.04933965258202426,0.15947798459563878,0.08310089892011112,LCO,13,5
-32077.18503215129,2.1008408205586644,0.03721888005647615,14148.50994911102,-0.7980041319935793,-4.001995868006432,-0.4655756262493124,0.21632278161320412,2.7594634354324668e-05,4.0653628575658475e-05,2.0867977297673637e-05,5.9209007007997374e-05,2.4501106793767695e-05,0.09446482287929493,1.853721368102625e-05,3.515326991779263e-05,0.007912834903940048,0.28515412653314964,0.15750378531565867,0.02176646190187932,LFP,13,30
-485968.2315608872,2.386244080786203,0.040215730714525846,238095.8225413496,-0.5059974562695757,-4.294002543730436,-0.17591803683008322,0.6497861978633664,2.5199424888167314e-05,9.921813434219768e-05,1.2598947999667245e-05,5.7106782297469824e-05,1.4498637643264833e-05,0.09262018872180197,1.922907515001077e-05,2.570956650064142e-05,0.021584643447678672,0.14300382408945966,0.48070949935496565,0.13036863972549148,LFP,13,70
-430065.29247157334,2.2126892483071794,0.08452068259681646,279247.1460638436,-0.6627263910187366,-4.137273608981275,-0.22791378295607467,1.0487916956705698,2.6100691635286428e-05,0.00011354802593626672,2.0058403704575567e-05,0.00012084890473726565,2.9006092135098497e-05,0.08989385253506407,3.942793015886543e-06,4.0120463074086125e-05,0.023452034942585173,0.16044883612213634,0.45483588092963967,0.08680149999214934,LCO,13,68
-84478.19526031135,2.116776846968082,0.016328867329236014,52029.213764856264,-0.3632428761206228,-4.436757123879389,-0.24274228333918768,0.29416956345583883,2.9875612640380173e-05,4.547167924231936e-05,1.0120069785629567e-05,0.00013614548662086676,1.5041420063098655e-05,0.0678382157260809,1.760005971732259e-05,2.8454115613082105e-05,0.011663905966023071,0.11669832328532374,0.14413531761162388,0.42642407576386476,LFP,13,69
-16340.145924710896,2.354628310688299,0.03098635507247143,7761.401852212452,-4.277378938038893,-0.522621061961118,-0.0863209684460593,0.47141381474643973,2.9676332620087898e-05,9.523808993626739e-05,1.0135821002946497e-05,5.7171665659903716e-05,1.832654273754007e-05,0.09570322302694917,1.9239109207971432e-05,2.8505215985467845e-05,0.004154453364217986,0.1187468321344079,0.21629037881239196,0.5086418206071409,LFP,12,69
-192894.82936864794,2.3179775109757363,0.023016111226504342,121949.701716125,-0.5261832039718612,-4.27381679602815,-0.12412092241057826,0.47680798282152165,1.8315654407042437e-05,9.94502233930741e-05,1.8410990604789097e-05,4.564955383649199e-05,1.833358893468986e-05,0.05572733425908349,1.8701454786089663e-05,3.0140533853469765e-05,0.017887426246102622,0.13011266828743626,0.20990651909765376,0.4658598902043317,LCO,13,86
-277629.12114044314,2.1543703270571575,0.08885463286649684,152070.72491294245,-0.8445458174274236,-3.9554541825725877,-0.30287473644666807,0.9619081825890041,1.6453240545639075e-05,7.226780692226713e-05,1.8523299723749534e-05,0.00013771912676318896,2.585452491640182e-05,0.08477499575968103,5.503295744669609e-07,4.016799090988048e-05,0.019611868485672687,0.0669994439070158,0.5483099384879957,0.01181588115832045,LFP,13,54
-50070.28302497028,2.1510160465129724,0.0519731303740479,28151.87711926141,-0.6164328586765109,-4.1835671413235005,-0.3231566032438632,0.5781068716360666,2.7721525104714418e-05,8.194447014784996e-05,1.792260994680771e-05,0.00010737548837847986,2.9193470597566026e-05,0.08290810491132519,6.122654051852375e-06,4.959039069317967e-05,0.008620776877573809,0.025190353151801126,0.0809960068790053,0.5006570367253305,LFP,13,55
-282661.4761808432,2.12397940542563,0.010567170633590068,265414.50076641253,-0.40769739454697884,-4.3923026054530325,-0.3564714021217904,0.2545469006290898,1.6394140535397832e-05,7.368667156484727e-05,1.2077760186783916e-05,0.0001214313633876739,2.8509064488331837e-05,0.09871616149988208,1.729528250612051e-05,4.8985876652692766e-05,0.019528622638722185,0.0870178482968874,0.471989659229595,0.01452109035172718,LCO,13,81
-47622.810488453695,2.427547509050162,0.00308622350567636,64679.34600077658,-0.48007593310182983,-4.3199240668981815,-0.7359204073832992,0.3161424289466927,2.6540637700941288e-05,4.549319932188578e-05,1.2569723496922736e-05,0.00014856581189999762,2.764154964243092e-05,0.05827834094580108,5.275972440466965e-06,8.50236353354558e-07,0.011527106158907983,0.13291485316378882,0.03345568557411559,0.02770905387879636,LFP,13,87
-20327.239951133037,2.2297767600326095,0.04295591173213663,11340.7951022882,-0.5282125229082126,-4.271787477091799,-0.22216378248128954,0.584427530097025,2.9428676849126267e-05,8.400691581102357e-05,1.0118548278412194e-05,5.3104524425749285e-05,2.921992437071722e-05,0.06017051272531764,3.4101958389730053e-06,4.142188790598217e-05,0.006379484988754735,0.13384910187700935,0.020488106640287843,0.5534990090014134,LFP,13,62
-282708.4901112468,2.246707497837237,0.05058756579690542,114134.87553387092,-0.7590239834826278,-4.040976016517384,-0.5893822562640867,0.5521105210952582,1.5563951012395854e-05,8.536997288918646e-05,1.1851553131309668e-05,4.4128884424534444e-05,2.8030723004227642e-05,0.059669066521429275,2.8152091493169265e-07,4.997402396156677e-05,0.021756238418566422,0.043915246095557636,0.21135439704811188,0.08534810059224388,LFP,13,45
-11766.386367138684,2.177607500406354,0.03656922000868486,8979.269095583297,-0.5888181964717205,-4.211181803528291,-0.17765088747498048,0.6953687802498105,2.4191307353967214e-05,5.899570347871144e-05,1.2604979988718997e-05,4.26451485229381e-05,2.7931158988462526e-05,0.08584857880292228,1.633092384399803e-05,4.986982819888413e-05,0.004092831854498148,0.16581328398029024,0.05951488898261137,0.5270209395621179,LFP,13,87
-157165.97940900223,2.532282284817526,0.015259361944808484,69231.228084421,-0.4098757785826379,-4.3901242214173735,-0.6837963394889237,0.2003982648829603,2.9797396517223887e-05,0.00010121924686756455,4.438718863370488e-05,4.5943207338186425e-05,2.9241883819748494e-05,0.08300070308320191,1.623468625273759e-05,1.3892960588457859e-05,0.012692911844218,0.08719131320910112,0.0908647565855071,0.06814759071646809,LCO,13,56
-64461.60662755906,2.913578808066217,0.23661764902543178,10902.579444168972,-1.287467655803951,-3.5125323441960603,-0.039234528891308296,0.8061605307180291,2.5969803096273295e-05,0.0002305621319718528,1.0643661104010506e-05,5.063048754954747e-05,1.917062344185092e-05,0.059732467996543075,6.883808068653278e-06,2.6242254293637763e-05,0.00947160412938975,0.18196676122854968,0.5494465942799571,0.15935211560018492,LFP,13,26
-33735.78801072871,2.5639628679223634,0.029655226708265904,17049.139841583034,-0.45479624195561286,-4.3452037580443985,-0.49863220610928216,0.4474916192656739,1.4504944414929028e-05,0.0001743575043012585,1.0111606052207509e-05,4.282091760591128e-05,2.560968971693323e-05,0.05532712868214807,1.873269635039966e-05,4.9794274441197325e-05,0.007219077213925763,0.13439991150988187,0.011491568528137399,0.2854763138526986,LFP,13,63
-29258.950806978024,2.1409385758861954,0.03798952842951815,36199.81525661527,-0.664503275693427,-4.135496724306584,-0.49573196728961866,0.8081200976051555,1.992355759249956e-05,8.166241495420371e-05,1.0285048415188802e-05,0.00011604464510496268,2.1893665374431786e-05,0.08771637537548169,2.1330503179973195e-07,3.364493635539396e-05,0.00695561524303372,0.20973375161209168,0.20661244381120486,0.017921837287084824,LFP,13,93
-29915.399812182168,2.555495779136271,0.02941350623302333,12074.398246557077,-0.5573470930875288,-4.2426529069124825,-0.28035352694029014,0.36047866266927764,2.4468662247231334e-05,0.00017427420788805714,1.010960747763128e-05,6.324158515881413e-05,2.8095253995015038e-05,0.05537470494905586,1.714028578282818e-05,3.251877227980997e-05,0.006992724181960706,0.1200203172966002,0.28717139185650814,0.2424547639066016,LFP,13,53
-50134.58089222108,2.0919778681274375,0.03176609927463548,46672.65952301579,-0.5229815481396258,-4.2770184518603855,-0.21114444821249245,0.5934075482734681,2.9418057230207822e-05,4.816235011261704e-05,2.322122300834856e-05,0.00010727043554904835,2.9213270137141426e-05,0.09864452947709078,1.753447681991712e-05,3.5105593854970173e-05,0.008567077780679035,0.06278290394614114,0.12206590828315739,0.5340067395582091,LCO,13,83
-84487.55972183554,2.574339126916338,1.8113377845688903,5199.954158746776,-2.7861529659436073,-2.013847034056404,-0.5858629120869824,0.21235027036338072,2.9229294951688786e-05,4.62798785578036e-05,2.00379216349824e-05,6.014625243120248e-05,2.442093529833275e-05,0.08364040216132486,2.4841670723690987e-06,3.271753031076749e-05,0.013636876152312778,0.053172061186799686,0.15770912267148443,0.13325590405473353,LCO,13,4
-242388.11051062858,2.151371108841598,0.022378283768036727,216317.07601921528,-0.5160485195998703,-4.283951480400141,-0.26569999212374384,0.3844997039533806,2.661231859971031e-05,5.771263510002924e-05,1.015480407684401e-05,4.701453354055068e-05,1.794786789306181e-05,0.09741280813318341,1.980119498989478e-05,4.993978603188004e-05,0.018264262745135457,0.18237309758203296,0.038307483099940295,0.443619427194283,LFP,13,88
-571478.7617367319,2.2414483138913317,0.03466554047554081,327684.05143377325,-0.5012812814787964,-4.298718718521215,-0.6661936332579633,0.4001132087448722,2.7805665592648067e-05,9.528447095882235e-05,1.0847431465639184e-05,6.84053629991252e-05,1.3731071693653014e-05,0.09932738620739252,1.9680451299910407e-05,4.99500338997153e-05,0.024757233512015087,0.1011333341062304,0.028317977014395146,0.13435505562141115,LFP,13,57
-219399.45247063175,2.330408472775704,0.03710505409801289,162372.8172945673,-0.4739251233481241,-4.326074876651887,-0.2664852548174794,0.5907286735421019,2.2574813620906726e-05,0.00016525450961091178,1.0162935412538623e-05,0.00014148266300495724,1.824214013353571e-05,0.04151756592421837,1.780944783179483e-05,2.417255802419824e-05,0.024679798487395023,0.3902273597633854,0.17854983589420517,0.09473754952493003,LFP,13,73
-38559.86867648255,2.4670753156355287,0.010576880024169491,43300.00021180228,-0.5581638815686389,-4.241836118431372,-0.6801453260676654,0.20038034148792463,1.8342041148956206e-05,7.839927830629443e-05,4.515819486679923e-05,5.680478130361346e-05,2.943468715663047e-05,0.08362049075801056,3.938603705707714e-06,1.3701349169374935e-05,0.007370771153665166,0.09763854283102966,0.08993054552601173,0.062285585575293206,LCO,13,100
-311011.235603895,2.4810458838764298,0.04826630085709351,123479.24583254565,-0.7633008985066709,-4.03669910149334,-0.5638951928362964,0.5548971306230912,1.2124431527303992e-05,0.00010265969789057578,1.2466135260031886e-05,4.124302361785092e-05,1.3646657243114461e-05,0.05897026955507338,1.1938849988229818e-05,2.057124350850324e-05,0.021991466867828206,0.07162898355644594,0.20890913151481982,0.08556669209243788,LFP,13,45
-16583.45113359996,2.2090550680321877,0.05106758515869912,10827.639372430445,-0.5665538502186678,-4.233446149781344,-0.3371611528510856,0.7337507783387431,2.9428728984582826e-05,9.572268685793567e-05,2.3450103605488064e-05,0.00010951975218377312,2.891870255123267e-05,0.05048762859303231,3.3962541812687785e-06,3.227724386917776e-05,0.006306767346150703,0.13292617249286603,0.020076032694649255,0.43983664196139916,LFP,13,64
-427776.67076860403,2.2376523084092037,0.0692516517749898,251121.1757375762,-0.6962905877973355,-4.103709412202676,-0.43932146751038337,0.8070802319241145,2.619289367250174e-05,0.00012662630466813362,2.0204388218080243e-05,0.00012271877264280332,2.1774413109916255e-05,0.08673294948147836,1.8927587095178606e-06,4.2932086069342817e-05,0.023464386682020014,0.2028730988752585,0.20081649851921918,0.08698893509513902,LCO,13,57
-143400.101805431,2.284814964616379,0.020082885663873805,111571.31530235674,-0.46992138356511504,-4.330078616434896,-0.4735390996813741,0.2676938763049068,2.928765632582222e-05,9.314324889728508e-05,2.9661885252643928e-05,0.00012020753819752087,2.907689179660144e-05,0.0947346475595291,4.783523829355776e-06,1.4406037013686923e-05,0.01540345520568694,0.27164178950740275,0.092330669177871,0.09248844163335221,LCO,13,55
-219391.6111593714,2.095698680680018,0.010964796545919626,277179.1025294883,-0.4586000020989829,-4.3413999979010285,-0.06913874040601697,0.23942330928584798,2.6543113411434716e-05,6.296383245178524e-05,1.086612311873775e-05,8.850281623331431e-05,2.4526607786576732e-05,0.08058778120114174,4.417888619457328e-06,3.246008716704084e-05,0.02307254143699014,0.3589662049887245,0.012931832025636508,0.4889632225796221,LCO,13,86
-16451.691089240827,2.288578985940839,0.025580042723275735,11124.999590769457,-0.6209598604721478,-4.179040139527864,-0.1221433986280609,0.5950276351061351,2.969678071413135e-05,8.570010758192654e-05,1.003574748072105e-05,5.158398295700915e-05,2.0263539424424303e-05,0.09572140861889677,2.7847361775806653e-06,2.8637390516261656e-05,0.004130556038682448,0.1192208952039247,0.20725737214111617,0.4813783340268983,LFP,13,93
-26963.68113913188,2.1381237849716146,0.04241330266830466,22462.74076739005,-0.5337418972086851,-4.266258102791326,-0.11491405508497421,0.7373410288231793,2.246017490820526e-05,9.503874489747533e-05,1.554074950700347e-05,0.00010908293058209705,2.6455196947717734e-05,0.04201701311602992,3.0951574959500433e-06,3.233836242182745e-05,0.009408738184056777,0.5065113527817329,0.2155320242461735,0.09304256788711951,LFP,13,77
-208510.42960859148,2.101872475786501,0.014817395452597578,137999.0132395892,-0.4652005248611957,-4.334799475138816,-0.10127609933537529,0.3613987742887828,1.3934956955474487e-05,4.7435247568881495e-05,1.0576935840336111e-05,6.126334791841905e-05,2.943006064692411e-05,0.0910104190362446,1.7666466732960996e-05,4.501108488190692e-05,0.01569437029958559,0.1761346301848099,0.4950946340328646,0.1574946364469503,LCO,13,83
-105441.49497025709,2.1831640504954506,0.012006732927464682,178913.23911333646,-4.31395971460973,-0.4860402853902812,-0.5817969197948473,0.2894169788155489,1.5379789697523773e-05,5.2839157099688754e-05,9.987244369904495e-05,0.00011506887669206458,2.794273046709468e-05,0.0429884677535911,5.203765690112966e-06,2.02855646054336e-05,0.02306690648566056,0.27238605808608446,0.012799642816927664,0.06301737930214071,LFP,12,87
-18740.83952277945,2.218218914566408,0.03350734439808571,24862.4664254021,-0.653781544090343,-4.146218455909668,-0.5186384445942387,0.7386776673327535,2.9553843053743325e-05,8.091823700686288e-05,1.0117503773419737e-05,5.672941425476835e-05,2.9227035207574777e-05,0.08547971894413144,9.47980713586914e-06,4.146500712565269e-05,0.006108104568841714,0.1361524440678795,0.06962717973955017,0.20558193159833174,LFP,13,94
-465879.10091504577,2.399877412080846,0.04205931563675542,230234.3055077154,-0.5273664970943841,-4.272633502905627,-0.07978045378693843,0.6910396249005234,1.7389614366788812e-05,0.0001042955961776757,1.2463660554223272e-05,5.7258414855288265e-05,1.484678708879409e-05,0.09161974264783418,1.1863141038736377e-05,2.52811729578212e-05,0.02140253152932584,0.17153719108233256,0.5938014515723449,0.0848809035583842,LFP,13,70
-267324.6685492376,2.0751840728469055,0.026362571499676225,266080.92128235055,-0.5820083112894778,-4.2179916887105335,-0.3068025464265085,0.5606136215312184,2.6592648927572274e-05,5.30082297537219e-05,1.0414801797736578e-05,0.00010962242519123796,2.8088737799547564e-05,0.08157734558616647,4.446374203771613e-06,4.954547430026657e-05,0.021160160978434213,0.12120613824513866,0.011366315179803202,0.49062500014854965,LFP,13,90
-268114.6201399657,2.249271133360087,0.03680162783671915,258204.18372960264,-0.5398363005471793,-4.260163699452832,-0.7618299213376157,0.7445352556785538,1.5955276398849103e-05,8.092464049166079e-05,1.0806710764324673e-05,5.337345599664675e-05,2.953749391505968e-05,0.08531626896855357,1.7306739111275777e-05,4.137110148156538e-05,0.019847375733409642,0.08679108311062408,0.06811712160657274,0.013261873945187491,LFP,13,81
-37884.42349661945,2.932460550106444,2.9483393205557307,2275.6221222235686,-2.7964516412126272,-2.003548358787384,-0.715373400415154,0.22417146069327287,2.6121727545948115e-05,6.331509121804484e-05,3.079234717126143e-05,4.81476482333061e-05,1.860730753948153e-05,0.059105391979796224,7.6150380556651805e-06,4.310815488246145e-05,0.010225787494503294,0.02946658956777652,0.1660384717825512,0.01912153823451838,LFP,13,4
-468043.8460513153,2.192783710189751,0.10898016807290203,83542.43041175361,-1.4951333053087623,-3.304866694691249,-0.39552985677962127,0.6291325652419328,1.2646451506403317e-05,6.488062615489561e-05,1.025759748462989e-05,4.0607724148650575e-05,2.9736025564186227e-05,0.09705013633420875,2.9642638999407683e-06,4.820959467748814e-05,0.02417272481822042,0.013640431927521013,0.460197589705278,0.06063212158757979,LFP,13,18
-10041.464247268983,2.209464200886834,0.0434309957453486,6780.860499377139,-0.49670694709780605,-4.303293052902205,-0.16322232106647705,0.5751314036644585,2.9486507752758514e-05,8.099305632297951e-05,2.1611438214317254e-05,5.240371710095191e-05,2.9181873016323733e-05,0.05000362519395425,6.2097480379310295e-06,4.996751195762741e-05,0.005320439684401704,0.19407175548529043,0.018988030122581746,0.5537178933256508,LFP,13,65
-8197.459415125251,2.157895565837257,0.0430156689649675,6108.746843588246,-0.5322914952010791,-4.267708504798932,-0.3597877702502573,0.5739961879164744,2.959838297785277e-05,7.680911009491378e-05,1.274599036709419e-05,0.00013563575001553598,2.6453964163688425e-05,0.04195567867227282,6.242394084856657e-06,3.208810138914059e-05,0.005289630939026445,0.055972446311759516,0.08401499950821899,0.43022478392976415,LFP,13,61
-164815.45345995465,2.534855987706608,0.018877580994951744,95209.1249378023,-0.45953607363435367,-4.340463926365658,-0.6126163081287981,0.21037330898633083,2.7488042413987556e-05,0.00024006933036569615,4.33356682878951e-05,6.205002459871604e-05,1.432838650926116e-05,0.05500418181855535,1.2141948662984168e-05,4.468215889462256e-05,0.01787303950783395,0.12996866798258253,0.1546394401191681,0.03277558376945132,LFP,13,54
-76516.12854013593,2.1235379523778155,0.08301622466580759,12128.89177343,-1.2613159516464805,-3.538684048353531,-0.6368709334146598,0.47863525961571785,2.377748519167768e-05,4.802796064454351e-05,1.5082680313737443e-05,6.736610502400953e-05,1.3667870844414697e-05,0.045982945657316664,1.671480973433202e-05,4.305203953741803e-05,0.012048254312510828,0.02418038139003481,0.15508897753883383,0.11385970765647153,LFP,13,20
-48083.15621388491,2.478051170335709,0.010104332941795729,40556.82747781778,-0.327930967155055,-4.472069032844956,-0.7304123797897765,0.2230934988613555,2.258770335269446e-05,0.00023099179274396541,1.2525045925528416e-05,4.3627802416843224e-05,1.310169554564902e-05,0.05009639801040194,1.9783178548347538e-05,7.725790665448647e-06,0.010313353826584475,0.07261361868654059,0.09075450561474892,0.03621949590893406,LFP,13,73
-385081.51749473973,2.3328278079208586,0.0795098308232194,80637.50819321674,-1.349315411776388,-3.4506845882236235,-0.5208104867024548,0.6523657912519821,1.2882484153450595e-05,9.748173214283985e-05,1.630605042024929e-05,4.58008370190324e-05,1.948982721028443e-05,0.0892612767612509,1.2220126685507592e-05,4.0104495310968145e-05,0.021515920170176926,0.1800895128802853,0.20897144615011265,0.020128554267147245,LFP,13,21
-94042.1906758462,2.1567790516784484,0.17730927170862937,22746.384789835527,-1.4133299169490954,-3.386670083050916,-0.5200173209923361,0.5188389201296011,2.6128559220293612e-05,4.742302084874618e-05,1.3834231157706068e-05,8.527484514232798e-05,1.3320187577249368e-05,0.08663339705938355,1.9473690854825795e-05,3.908877495340508e-05,0.012807616450047703,0.2357281799622257,0.09643571957554038,0.07781877946989785,LCO,13,18
-36628.025616425155,2.083669733870569,0.04001796707822893,19603.73585847638,-0.5737721929761079,-4.226227807023903,-0.3464088079291868,0.5167333024992443,2.3879104383016865e-05,4.798844081874598e-05,1.0747866341739128e-05,8.00730653132078e-05,1.9944346607949083e-05,0.055355450074228346,1.670997142053803e-05,4.5426612264918115e-05,0.008746021834833462,0.22262974058741983,0.15490269139733454,0.20605876008605878,LFP,13,57
-25494.78346446354,2.120180142585812,0.0173191873398583,34584.58577398446,-0.560621754163023,-4.239378245836988,-0.6417341874473713,0.30136787362096096,2.3787527828711255e-05,4.575605436224487e-05,2.6749795912726226e-05,6.737663675474168e-05,2.209192431455106e-05,0.09995145506389055,1.2179557018890402e-05,4.295513956426569e-05,0.006374996698099725,0.02418916174492267,0.1507994862593816,0.11327716454832448,LFP,13,95
-550282.9712957077,2.1981449970141282,0.051911891956196665,142191.09775008893,-4.597925019301783,-0.20207498069822805,-0.44706292728672103,0.3222728114016374,1.4286052295047707e-05,9.14123415440754e-05,1.1224618563039382e-05,6.172742301407711e-05,2.8069759540333838e-05,0.09453545627927888,1.5534736912651367e-05,3.809289956229402e-05,0.023654861315932772,0.057127583182155606,0.010104655639849938,0.41570483389127344,LFP,12,33
-328557.4908238522,2.148919358273395,0.016923359975487915,298055.84706845594,-0.3524595020366377,-4.447540497963374,-0.43872284143138335,0.2839033106964593,2.9303663525523033e-05,5.934860444409344e-05,2.122759233479135e-05,4.2251721263304615e-05,1.2226532262077264e-05,0.09881111548980201,1.1248720695571455e-05,4.3552652608439795e-05,0.0228652250916705,0.3078858285021009,0.025867664359416686,0.15752366570709914,LCO,13,69
-471067.3473315953,2.244686797119459,0.017251508741739602,279956.1720412951,-0.34369706610918627,-4.456302933890825,-0.5678069026088808,0.2833054961798459,2.9385054569267244e-05,8.65266759668515e-05,1.4161173119075906e-05,4.148920644317394e-05,1.4575771104622558e-05,0.09954533875969063,5.374404268121528e-06,4.3516613482881704e-05,0.021498735767445994,0.11193972889425517,0.025666489208998146,0.22458687928786591,LCO,13,69
-147489.8772515353,2.3831999090229905,0.09042616102169332,18487.6674683156,-1.52665204837529,-3.2733479516247215,-0.6362808695588975,0.26310474990750193,2.587024996674969e-05,0.0001247851970908329,1.176964165935464e-05,8.564939087015873e-05,1.2012733149984252e-05,0.08699885174398556,1.688511835630549e-05,3.937826569521689e-05,0.012432814126925772,0.08281049190925711,0.12780454362995095,0.08310409490189444,LCO,13,14
-274612.22406705114,2.2399336408201505,0.011534082481224943,281338.2191754613,-0.3324282798581706,-4.467571720141841,-0.5002686769562962,0.2075037125191994,2.97231431677836e-05,0.00014261728948618393,7.470318148917977e-05,0.00011887951443445864,1.3136852933706552e-05,0.09822965037970158,1.4893249172640582e-06,4.970256230595962e-05,0.020224602734528033,0.13858599746588496,0.2676834514303237,0.02346187414749521,LFP,13,73
-427786.7022506453,2.4537994050644016,1.0269115549290018,26619.370959638803,-2.66016170791319,-2.1398382920868215,-0.486254528874422,0.2828068903347483,2.7780745853378748e-05,8.115098923435591e-05,1.092862592443819e-05,7.174544673348751e-05,1.380141583448844e-05,0.09890785926165083,1.9652492839899236e-05,4.993890586215197e-05,0.024648877785067188,0.10140948436788197,0.028712210096993943,0.3136237766607021,LCO,13,5
-38878.45008633564,2.289737645921924,0.012052703269136504,40101.156680360145,-0.5395208920520318,-4.26047910794798,-0.6653883669109657,0.2451228890994191,1.7839152445050988e-05,8.094079230065517e-05,1.0358395873734775e-05,4.497135944965095e-05,2.8194775460148258e-05,0.09744241164799305,7.6145338483781355e-06,3.364902333364814e-05,0.006955233482268951,0.07825669724239454,0.1691777918499462,0.017177143996693636,LFP,13,94
-373772.98764239834,2.269142668979099,0.01814173343162221,209722.7510793245,-0.41244978307920377,-4.387550216920808,-0.6412332448328916,0.28060628041680874,1.959102278695472e-05,7.707136409755233e-05,2.0162956195221148e-05,4.1003529255604654e-05,2.5752281208683577e-05,0.09416284432682251,5.086116412546781e-06,4.548146064940197e-05,0.020301142197077012,0.10922422054556044,0.05736586239075027,0.12217667223079774,LFP,13,60
-170758.59349924128,2.4312834100795255,0.05056197881777447,22743.705449366902,-1.1644514928486558,-3.6355485071513556,-0.7666694348490662,0.2762826485001097,2.5863914920216035e-05,6.261329971093164e-05,1.3682155582355166e-05,6.231198955803593e-05,2.9705697263174615e-05,0.08808670227951136,4.6053414044124216e-07,3.067868677251373e-05,0.012264824650773925,0.06312557445871907,0.013001841187874556,0.08720314950434019,LCO,13,19
-217166.29312381352,2.506708733153245,0.6032482105127228,10492.40951853099,-2.6909178986136055,-2.109082101386406,-0.09371169533087953,0.2806517942476744,2.9220939152016573e-05,9.538314377543548e-05,2.773332356152326e-05,8.359596488996928e-05,2.2846406819780497e-05,0.09934129646932116,1.8522745474422877e-05,4.4458493840228666e-05,0.016652660286195345,0.100800864959826,0.3591626264955512,0.37632481321374334,LFP,13,5
-55165.571377812405,2.4728221447053516,2.5432476219813296,9453.33620833932,-1.964807441833642,-2.8351925581663693,-0.3264127391418201,0.20644095896433137,2.339750664999955e-05,8.199702247734015e-05,1.3682124700330374e-05,7.82289978781111e-05,1.2464846882920882e-05,0.0945596140164697,9.582137986091134e-06,4.568087987892782e-05,0.010825705576437524,0.4790026440037884,0.09027578369740702,0.03430883315698453,LFP,13,10
-100377.58505959864,2.5021814359652006,0.009308616800389226,75710.70892982134,-0.4260552421140318,-4.37394475788598,-0.6876799283431386,0.20148140025400313,2.9758002420807853e-05,0.00019376726751054357,1.5174275691652119e-05,6.444965570599566e-05,2.0858376589149763e-05,0.09670036937549273,1.15723669231758e-05,3.684678075976075e-05,0.009659592731981949,0.07673747867539227,0.09197270382943895,0.0736098891520302,LFP,13,85
-134294.3951148318,2.0522499579714255,0.01654333198944539,157569.18835012754,-0.44048633023504635,-4.359513669764965,-0.3599883041050277,0.2064786666839708,2.8310316321350446e-05,4.042704074389372e-05,1.7853011688038453e-05,8.612710279195583e-05,1.3404060133026314e-05,0.0994787666536986,1.9236748924087175e-05,4.2950971648850226e-05,0.018430581482478232,0.4425457951963626,0.09716434185160332,0.030301558847006457,LFP,13,57
-715522.9462877823,2.378886185895658,0.013594341782218989,411679.20637140353,-0.40066559377357436,-4.399334406226437,-0.29817262665342137,0.28489049690657225,2.3332061588395204e-05,0.00014021780367701113,1.4453176062321024e-05,6.814200747716084e-05,1.4753131558999511e-05,0.0975901965610055,1.744931261551962e-05,4.9408281226144624e-05,0.02466545658326284,0.032131289450230735,0.18259050295290974,0.4171055809434382,LCO,13,80
-248383.3262224226,2.0772383686364018,0.01048009620166444,238945.19343804903,-0.5502234008555291,-4.249776599144482,-0.6452643874036941,0.2090735506775722,1.6193542483026598e-05,4.100568153748126e-05,4.392125645974455e-05,6.974733673458697e-05,2.73096863250134e-05,0.09218471297295293,6.49482314376663e-06,4.6451675403601976e-05,0.01679095842824142,0.1611725227422202,0.08800422413623438,0.035558865717851475,LFP,13,99
-291853.7678929361,2.3215726658401445,0.3399768244844814,39563.74165080391,-1.8831883798074571,-2.9168116201925542,-0.673957239157827,0.5259580370253107,1.501939417651425e-05,7.6924474728472e-05,1.0256253281312934e-05,4.605256064484761e-05,1.3753842989252903e-05,0.09560301086149733,9.878077815550057e-06,4.734300809707163e-05,0.01888467289260472,0.012715446225656249,0.01504414645890701,0.22828316815760974,LFP,13,12
-313913.01253718557,2.5555278064856344,0.5447223763526423,17828.2147203122,-2.66598608542035,-2.1340139145796613,-0.3492680386507808,0.28379160973688927,1.59612859372481e-05,8.291854062064303e-05,2.0273487110990548e-05,4.000285772298361e-05,1.3216589709049879e-05,0.09900992099715776,5.036136974751087e-06,4.822095906921998e-05,0.020288824847561414,0.10924397460218023,0.07040431430230974,0.4010836724447293,LCO,13,5
-211734.80228973003,2.073558678208765,0.015453619933065783,147809.22029709307,-0.3758044460560157,-4.424195553943996,-0.7381627256518243,0.30472947980891013,2.18579894220994e-05,4.413153194221268e-05,2.1149805608055902e-05,6.520577252519182e-05,1.6161816887031922e-05,0.0994788355841658,9.035524047576303e-06,4.132881257668998e-05,0.015594819809727514,0.0723801828797223,0.0992685237315876,0.020188567736865864,LFP,13,65
-422458.3831249103,2.283008121069646,0.1089220179437119,74874.24353219586,-1.4045811851168324,-3.395418814883179,-0.7615660564888351,0.32386976148946683,1.4168514644988559e-05,0.00010104999717576296,1.1223340963071522e-05,7.0009732518433e-05,2.5327120281092266e-05,0.08155084723293826,8.533754163113242e-06,4.513739773812311e-05,0.023940015758909645,0.02070620097098524,0.10026517398054968,0.04746256855962999,LFP,13,16
-405968.3356752006,2.170260037286143,0.02347030184857703,295729.1991367193,-0.4800391203826777,-4.319960879617334,-0.48063898431666957,0.34611130544359514,2.0938995945239503e-05,6.973740570449813e-05,2.4763422933149287e-05,6.768930269003181e-05,1.3602745424581825e-05,0.09991507251706885,1.684947745873182e-05,4.243497988083684e-05,0.023793686373315318,0.19466367765547843,0.2125041718687213,0.04219316615913077,LFP,13,58
-18799.311048199153,2.4299760759944804,0.26428675254555245,1131.380535602077,-1.9542687575160258,-2.8457312424839856,-0.6582856774273124,0.4765260476933935,1.8890511365976473e-05,5.069649737264035e-05,1.3468312459945523e-05,5.6741803809801995e-05,2.4736215503297568e-05,0.07085086542996824,1.7716691009581004e-05,9.526030842502082e-06,0.004033109742279125,0.03377425410714023,0.07551393373043574,0.16242613473511172,LCO,13,11
-626276.7757036365,2.5112280875584956,0.0134337778890492,417428.7854395726,-0.38876079040215217,-4.411239209597859,-0.8603012867482581,0.2849205003975628,2.4230140931335643e-05,0.00016516153502440408,1.2206327106062373e-05,4.090818516981689e-05,2.578422333507039e-05,0.09409217351400787,4.200750692610099e-07,4.5472029768221255e-05,0.023292304024667948,0.02277857574119235,0.014229968588315874,0.03269016892223374,LCO,13,80
-27560.526205713406,2.374656282483626,0.25125251574326773,3466.7184074954544,-1.8221084394879767,-2.9778915605120346,-0.28786915576609096,0.40886532348266297,2.4584866962251677e-05,9.417940865311973e-05,3.5629813155779914e-05,0.00010419455805927049,1.5255077649685139e-05,0.0996488411822039,1.2090748451050415e-05,3.9133013929233234e-05,0.005772087373485295,0.10940533693428804,0.1496541786797942,0.38307132861982685,LCO,13,12
-263741.6517304688,2.530616382519148,0.838346888649632,22006.49937702011,-2.450647761157718,-2.349352238842293,-0.6437680316179696,0.6496134998857135,2.369226596085928e-05,0.00011385111708556708,1.29579957524672e-05,6.483688920793268e-05,1.4352560255723068e-05,0.09803108609458133,1.8038314471663976e-05,3.216157666569804e-05,0.017073295711455543,0.056446733479500945,0.10558992244756187,0.12419531245496768,LFP,13,8
-435692.62069325725,2.1541120068088224,0.06271174558214158,102613.94242407691,-1.1228639800511218,-3.6771360199488896,-0.4498789925682013,0.2778095328469767,2.2055803660611127e-05,4.69335411327974e-05,1.0322359546724281e-05,7.176276093822898e-05,1.8291072345861267e-05,0.09891188483616986,8.574721554929992e-07,4.862033549403433e-05,0.02468851180585708,0.10288543607052002,0.05548219231688081,0.32175337904439794,LCO,13,20
-352322.4129528729,2.258533421676814,0.16009203798888932,51215.0236566685,-1.653653586688904,-3.1463464133111074,-0.06691762086142305,0.6592925042296459,1.287645592838052e-05,8.893714939262867e-05,1.6319266449794473e-05,4.442523436710264e-05,1.945811168176329e-05,0.0891334677477774,1.6697236425957533e-05,3.713490905781222e-05,0.021512036898714827,0.18124795122284693,0.10161085415937929,0.5802235737563508,LFP,13,16
-319884.28082242026,2.5963542091261225,0.014960206620185379,178199.17585940025,-0.36042671505747137,-4.43957328494254,-0.3074441350763045,0.2833120264553799,2.3175555851081262e-05,0.00013693047888569066,1.6621734113828238e-05,8.71826710189144e-05,1.4422718500762528e-05,0.047568802215989206,4.293426786876557e-06,9.93298969914808e-06,0.02463204500464058,0.11427512099692005,0.4492244192354957,0.059056324691279735,LCO,13,70
-15590.195795417236,2.1789245735309826,0.0217190725840433,17511.592747940653,-0.48009068645546193,-4.319909313544549,-0.6252246430324985,0.2808538769666619,2.8794668922640297e-05,9.19810189590193e-05,4.6667040007486445e-05,0.00012004197727783064,1.3990156089729129e-05,0.09980791328769928,1.2090342503703553e-05,3.659361500404319e-05,0.005749897892186971,0.13096257274047027,0.14734488763068906,0.026467896596342272,LCO,13,54
-312021.9423889353,2.5338835180237984,0.01230640278669196,215059.8928579827,-0.3494088089234779,-4.4505911910765334,-0.3420247465035491,0.28258167831183295,2.140684099193592e-05,0.00013935833441366187,2.0183556357971618e-05,6.469746763148317e-05,1.4424269406135105e-05,0.05587194621977917,4.194206545733458e-06,7.184019477556805e-06,0.024624125735068288,0.09549596841474257,0.15971046387950677,0.33276882120220164,LCO,13,71
-309508.2029782685,2.6843927818245485,3.370565734411945,15032.095368453029,-2.7889010163747656,-2.0110989836252458,-0.6726441590262702,0.20916629524208175,2.3313364762398873e-05,9.140880061012074e-05,1.0065649006778233e-05,5.7647969361132385e-05,1.7182476216911295e-05,0.09010643439469583,2.0048173967521693e-06,4.92288863006597e-05,0.021054506020740497,0.09289224886785788,0.06159394682527641,0.10286964528059564,LFP,13,4
-236070.89684158526,2.9371077872833204,0.39933820286545896,16705.731744018074,-2.317714878537025,-2.4822851214629864,-0.4883167221613929,0.23195860678175279,2.3660661187896453e-05,0.00014649670609086945,1.0106448378323488e-05,4.429330681321845e-05,1.5290847055746455e-05,0.09812308812007606,1.80477699681907e-05,2.9778122848998283e-05,0.01630840725215605,0.05606459066195968,0.023044522989466652,0.3625741641871808,LFP,13,7
-98126.4710667622,2.4514205119572976,0.011741826680054572,57804.06939178572,-0.33153955604858965,-4.468460443951422,-0.1695158374044995,0.2227103886744184,2.3347030156342435e-05,0.00013625331934951252,1.4472938411185179e-05,4.355373824414812e-05,1.489783480203906e-05,0.09851211039172458,1.9787929341513598e-05,4.9495339831861734e-05,0.009940111731252923,0.07299995501591874,0.08926053181166109,0.5982236757679208,LCO,13,73
-264402.509129275,2.15112649713713,0.05922950017167048,41430.278697580674,-1.20743163255856,-3.5925683674414515,-0.7314091080484804,0.22845277402446187,1.5327350478206187e-05,6.628209882791158e-05,1.0182381100487653e-05,7.953621038866114e-05,1.3562888159514294e-05,0.08201430061607663,8.474819453672404e-06,4.547092430544639e-05,0.016721652757142897,0.012463851191091193,0.13326974976655775,0.052857290993870806,LFP,13,18
