SpecificEnergy,SEIGrouth,TempIncrease,Price,UpperViolation,LowerViolation,VolFracViolation,C,la,lp,lo,ln,lz,Lh,Rp,Rn,Rcell,efp,efo,efn,mat,Ns,Np
-206567.07403819717,2.101394572188606,0.005688595546347596,212703.1446053944,-0.49527103718349963,-4.304728962816512,-0.3335093594542017,0.23436037644105712,2.0333787817194066e-05,4.503912513019098e-05,1.4020755478187006e-05,5.408171221332541e-05,1.4948849966328989e-05,0.04778218282571613,3.8443896339895767e-07,3.5437699184503934e-05,0.024911660472535423,0.059175647919951266,0.4782090053899297,0.05910598723591742,LFP,13,89
-53435.29927826417,2.4876069207148923,0.009055565074550971,35284.39737978777,-4.3841672833315215,-0.41583271666848987,-0.19461142791888553,0.2146003336951967,1.4146904765869538e-05,0.00022518455987623648,2.510247739235128e-05,6.505325627865352e-05,2.4607649459619097e-05,0.07393971032933058,3.815175182428932e-06,4.4838943522483986e-05,0.007953874146269567,0.0887499304444285,0.5185629396703175,0.1280757019663685,LFP,12,95
-7747.712323151647,2.1486141891722004,0.009510176341992957,5441.829797753383,-0.38867415871251154,-4.4113258412875,-0.09575989585402844,0.2002001759664847,2.448963467523573e-05,8.801624289513907e-05,1.2353697078571728e-05,9.32770177207175e-05,2.6615349856115583e-05,0.04437866273301845,2.74288574948339e-06,4.7630576022124127e-05,0.0045001239494977755,0.2453889385882483,0.5682596651077614,0.02059150044996199,LFP,13,80
-249606.95188564472,2.1622984045601905,0.010263979672271028,191877.0121451513,-0.4605125453206611,-4.33948745467935,-0.43131326643183543,0.2451742876396936,2.1969708629239058e-05,8.905733187525956e-05,1.0883954069489414e-05,0.00013271654600120164,2.003292062528215e-05,0.04336671692875274,1.0813371635714613e-05,4.056281222872077e-05,0.023859982476995882,0.015291564484145731,0.4491262715004972,0.03426889758352168,LFP,13,86
-189177.17461950978,2.305836852499089,0.015304682193014429,92333.10088221032,-4.210801379697735,-0.5891986203022768,-0.17549851457396393,0.24830110836757432,1.815092412009205e-05,9.357862488343301e-05,1.7011725561212745e-05,4.963411954854025e-05,1.2683900350306409e-05,0.0466816158073827,5.9673009500398765e-06,2.848021210234626e-05,0.01991102162145779,0.09606514843813792,0.484154225923428,0.17428211106447022,LCO,12,66
-425284.6823174038,2.3743116540000724,0.019703122556759274,274998.8625566192,-0.4341757558902586,-4.365824244109753,-0.29840315098451087,0.2905917264809663,1.4717144655034472e-05,0.0002275587716561945,1.5098450526938523e-05,0.00012641476796881304,2.84200208504654e-05,0.0974613363240889,1.346575063074092e-05,3.621597804325011e-05,0.02284798591825346,0.07553534313117828,0.3886365905710152,0.1674249153132957,LFP,13,60
-377847.36705136695,2.656586780878959,0.03961362886814073,93914.39626572457,-0.832606395903845,-3.9673936040961664,-0.30815374784211,0.29969817983796,1.5143468173224498e-05,0.0002286523298729752,3.436819370259492e-05,4.462656422704212e-05,1.6736872176924555e-05,0.06051386426976607,1.992950396848732e-05,4.631919231384807e-05,0.023462244458053148,0.06752177312300855,0.5340732791036964,0.020251199931185102,LFP,13,31
-253227.66374775203,2.319909701866699,0.010992851326614162,181298.22985161605,-4.378521035816377,-0.42147896418363473,-0.053168431299339236,0.2646853884141652,2.717980825158378e-05,0.00011332328718302203,2.2048474542390168e-05,6.909818847372207e-05,2.7945399336397277e-05,0.06506257779473637,1.1456238541298043e-05,3.893502061011864e-05,0.020872852932171258,0.17457511641169987,0.2160879314372167,0.4861685208517442,LFP,12,93
-177425.29986088263,2.312558265493025,0.008961067861423179,138751.17684943348,-0.5590522110781748,-4.2409477889218365,-0.21855723104814673,0.21969523853087705,2.1550220590288794e-05,0.0002092106730837885,1.2588157320613458e-05,0.00014801825926572806,2.457019502049231e-05,0.04472569195541659,1.490424856699341e-05,4.457667831156353e-05,0.019231581989264425,0.09019882450275045,0.4403581382688142,0.18088580618028868,LFP,13,97
-14405.960307274285,2.112071723707408,0.009176023964310772,10695.529601809934,-4.404451659404479,-0.395548340595532,-0.44411294589754885,0.23178102361039102,1.6133002763662525e-05,4.963477513569454e-05,1.3860127253160306e-05,0.00012531493643881423,1.702501215429047e-05,0.07805214941494878,2.679512690521751e-06,3.531701313403302e-05,0.004044105858865961,0.0823695993801158,0.35967599551976176,0.04384145920257365,LCO,12,99
-290770.9667617037,2.116531287395545,0.040207623921434094,132671.38143349695,-0.7678881808416449,-4.0321118191583665,-0.42059049346855604,0.31643507933856085,1.4679603923184214e-05,4.549234161410479e-05,1.2518010657562113e-05,9.623044757419128e-05,2.9821866212935498e-05,0.08304370683149448,2.3603287469676513e-06,3.622895419327435e-05,0.02337958297054715,0.0755607349718934,0.3673131077002918,0.06653566385925881,LCO,13,34
-14720.60834042542,2.3254742920308242,0.008641345154216627,13780.930351480103,-4.336929583684665,-0.46307041631534673,-0.09288782639554038,0.2157629291064648,2.862122530884264e-05,0.00021796778690307372,9.981077607348261e-05,0.00013952841406745617,1.5620711003341468e-05,0.09866060326995199,8.55934766005266e-06,4.8700999705334605e-05,0.00448157926645838,0.1798745406959687,0.06699415568787029,0.5902434772206206,LFP,12,90
-45482.867235890626,2.1579678775231925,0.0118229185299356,37593.58481677813,-0.577431276223983,-4.222568723776028,-0.16428711101212767,0.28624315722713356,2.8828910856352558e-05,4.93724615630286e-05,1.3465375334929929e-05,4.2949678446556955e-05,2.4142587867929493e-05,0.09653935516400337,1.6098664102954843e-05,4.613840841448956e-05,0.007543183804110452,0.054827410532695756,0.4664817495855109,0.24440372886966572,LFP,13,99
-222760.79960833158,2.2273949815063587,0.014479807093853395,148760.96057442162,-4.211269542483066,-0.5887304575169452,-0.4091569803606018,0.2529833567164671,1.6689994688530418e-05,0.0001367603780753898,1.1202051247949156e-05,0.00014851483967919516,2.4517361995200294e-05,0.07830692339525966,1.7414592256530856e-05,4.614283891427551e-05,0.01835735775399229,0.051082775722703845,0.37335170815679025,0.09640853575990418,LFP,12,66
-80526.88790721241,2.367129098273873,0.00980531181131047,64570.04071170455,-0.46602897677059474,-4.333971023229417,-0.3762005934490641,0.21871942809200742,1.2441961209029097e-05,0.00023257821088973335,1.2388216439362617e-05,0.00011892879458297415,2.4625795406134768e-05,0.05740605648442578,1.3541221006108452e-05,3.743426094041653e-05,0.01175198622257044,0.08462406303927547,0.4524074278048939,0.01676791570676657,LFP,13,87
-79210.46836990163,2.1724567393284464,0.009210859745475763,46101.574984028586,-0.38381026421698294,-4.416189735783028,-0.30153770587898754,0.20010041037753648,2.2755387629166668e-05,8.842562982995106e-05,1.2327025648270063e-05,9.314999034530167e-05,2.9291139183062558e-05,0.057131026255657365,2.216838566136087e-06,4.8394933707877235e-05,0.011083838272756698,0.03158574837586074,0.5663278727424723,0.03054867300267951,LFP,13,80
-184771.53674988166,2.1067590232278888,0.005614227191181095,213919.84411532996,-0.5054031092951945,-4.294596890704817,-0.42352127805022244,0.23426050834833348,2.201538565456099e-05,4.499120630374811e-05,1.40893621474411e-05,4.724425539668646e-05,2.0048024868365974e-05,0.04778386567945612,3.3861156689457294e-07,4.2684738771670676e-05,0.024934237864445236,0.024373426740872468,0.4490896208305272,0.03301567437837791,LFP,13,90
-364833.96789848886,2.417434126558747,0.00966335612679569,308601.5134558577,-0.4050880145243809,-4.3949119854756304,-0.21057903345185058,0.20086628432155035,2.796834691777745e-05,0.00022322890076235268,1.7530353696192516e-05,0.0001300640694564457,1.5910305095053132e-05,0.09797278154052294,2.206696953855676e-06,2.8488083518623955e-05,0.021063943346297825,0.06427528631537839,0.4817238840745133,0.1734217961582578,LCO,13,82
-27510.285520522593,2.1219098048231997,0.006568307899379384,13025.281773995974,-0.3384297315520186,-4.461570268447993,-0.3566622583737996,0.21557975752706762,2.822631030135073e-05,4.662195413210745e-05,1.358807689425286e-05,5.4002861807164324e-05,1.339991138016311e-05,0.04044576255882104,1.2880218685181534e-05,3.542790001691092e-05,0.007611026821588419,0.027944854142628987,0.4813151883276629,0.06407769915590857,LFP,13,71
-76067.67356201787,2.0922881198984378,0.008981395830946171,60820.364140667,-0.5458757139700268,-4.254124286029985,-0.5517885528533091,0.22538107925601877,1.851894276337666e-05,5.905514087336847e-05,1.4029844500103239e-05,0.00011570283564450338,1.5192437440203583e-05,0.050042039989770075,3.97678214567199e-06,3.736484145550853e-05,0.011630761292966068,0.04097696424381522,0.31319688970975207,0.02403759319312375,LFP,13,95
-9163.633806614895,2.1886154959844926,0.010665542372589053,9527.575296645733,-0.4297347886924783,-4.370265211307533,-0.2769988843962691,0.20839541406263085,1.947590947102045e-05,6.507375107320206e-05,6.487382488382318e-05,5.8868621890355706e-05,1.294083566822027e-05,0.045766695647388556,1.2268180684221825e-05,4.994687352167529e-05,0.005355737378573998,0.05564103943922616,0.5333950166814705,0.0639650594830343,LFP,13,84
-185756.1041535225,2.103294834771449,0.01096224228168643,137931.58173557787,-0.39929194773660726,-4.400708052263404,-0.36643607470851236,0.20718759180071594,1.4828914245146933e-05,4.499916219501768e-05,1.3694777222077461e-05,5.4247198656533434e-05,2.364623634524507e-05,0.0453433055057519,9.852410402587263e-07,4.9782185526202764e-05,0.0249397445471301,0.05919357775821346,0.4750083807821459,0.029361966751128385,LFP,13,60
-42156.34266624843,2.1845770642986553,0.013733276406361707,21884.458651448575,-0.40129002160824,-4.398709978391771,-0.2360765567325278,0.21810758442506406,2.617278762544167e-05,8.728292317735391e-05,1.4919953075433897e-05,0.00014573619568669102,2.9783288125963676e-05,0.05695261252820588,1.6843040889310737e-05,3.058795077913647e-05,0.008824978001843311,0.09417029911787683,0.5712309862397275,0.02852215790986791,LCO,13,60
-14339.255201427548,2.250689694831961,0.011157738802439778,8837.38637118079,-0.36381569952339277,-4.436184300476619,-0.010604322969099855,0.24014753574944817,2.9319850923704662e-05,0.00010560287871844246,1.398387862454443e-05,6.099759883595797e-05,2.6664789999619982e-05,0.07914137869442345,1.791663980463799e-05,4.613069551201268e-05,0.004700262239213668,0.3307036630536955,0.5683266810469313,0.020365332930273483,LFP,13,71
-73973.69234897106,2.0914732344830345,0.010267427702953106,45177.33065779387,-0.3418350355320854,-4.458164964467926,-0.21255313182729318,0.21529591215934263,2.892104576077677e-05,4.56907311701766e-05,1.4034508814658973e-05,0.00014589677835496047,2.4669442254314493e-05,0.08060990540611629,1.2872024676537968e-05,4.274949330931701e-05,0.009969116253487452,0.013173065492112328,0.544249373237126,0.16002442944346867,LFP,13,71
-179312.76137306,2.315737231580203,0.008597508722852792,142599.59902983133,-0.5602633451308421,-4.239736654869169,-0.20196676120476964,0.2105020383385408,1.8344089108400108e-05,0.00020381604623212544,1.3854398801777353e-05,0.00010801616797233857,2.4140633984431928e-05,0.04467311995948041,1.4898424562611293e-05,4.683701614097974e-05,0.019404994195939173,0.09735243577885502,0.47855914472019884,0.15212165829617658,LFP,13,99
-10246.37639666279,2.149553174788925,0.01138183309342185,8885.45795284474,-0.3397267546133449,-4.4602732453866665,-0.37599340330024844,0.21621867241600473,1.200622096303792e-05,7.952234031742755e-05,1.2140103278828434e-05,0.00012145202586927144,2.436781539707064e-05,0.04153996129469048,1.3612772495628295e-05,3.18013924055942e-05,0.005707452944538335,0.08727679701003542,0.3852945970312427,0.08143520265847352,LFP,13,73
-680976.7191746339,2.6128288520515506,0.0654174870118611,113167.00821057528,-0.9547558156689746,-3.8452441843310368,-0.3417723437778518,0.3221673086687199,2.719835783257653e-05,0.0001442506676306609,1.3136477328965117e-05,4.348008561844283e-05,2.207530624194731e-05,0.09509105528764372,1.9677470702134206e-05,4.861699483738951e-05,0.023352944574790084,0.06628660614538684,0.47075633577095816,0.051184714305803264,LFP,13,26
-34055.01118621016,2.3498265188345915,0.017707081160333503,14455.930069219588,-0.4083013670067146,-4.391698632993297,-0.10054672441547763,0.3032575385147721,1.3742299741703092e-05,0.00011096487448082837,1.3456887201940182e-05,4.9705306449184726e-05,2.4238914043148466e-05,0.08014151764358514,5.93963632359073e-06,2.8426591342839498e-05,0.005994562940060377,0.09630759630850083,0.49231788088243916,0.2408277983935824,LFP,13,64
-117149.35518561587,2.6808370487969255,2.1280074663302857,11805.634440691034,-1.9591933157004462,-2.840806684299565,-0.46178852387695524,0.25284396000103854,1.5659544047319646e-05,0.00017871405124599178,1.2570899126260587e-05,0.00012835725988629055,2.9863482104752043e-05,0.09472084341278003,1.8839934849184406e-05,3.57003715854018e-05,0.011496591111811248,0.07547123593637807,0.36659965368588626,0.026140586500780504,LFP,13,10
-133940.67473685622,2.0746919331531846,0.009103831894959372,106537.75046003202,-0.4552602051918129,-4.3447397948081985,-0.5344436842676805,0.20219265134343817,1.8075750164052617e-05,5.482059583982662e-05,1.4186034161399103e-05,0.00014591404129423577,2.8580841771653413e-05,0.08038183906686491,1.956954878713138e-06,4.8137363758756464e-05,0.012832446388022133,0.140367814723523,0.21197364523227596,0.04321485577652054,LFP,13,87
-10623.160317198057,2.342795620509469,0.009208435146510941,7248.806175651635,-0.46478204813288215,-4.335217951867129,-0.44948634491476436,0.2185507528874608,2.473444127839551e-05,0.00015624413952576552,1.1836854679743472e-05,9.373305954469776e-05,1.7352778891453118e-05,0.05486415621902578,1.3460448199542064e-05,3.199152078835078e-05,0.004063564391644554,0.03839031319814164,0.4256869896633903,0.016436352223703758,LFP,13,87
-14756.14852203973,2.357600253920807,0.011269315829341101,9099.81737903302,-0.3554995496020723,-4.444500450397939,-0.12120389212349958,0.20234308074084953,2.2358478925075554e-05,9.820661477002993e-05,1.3297666725586917e-05,4.846220333564979e-05,2.8571830843344165e-05,0.051923136600361734,5.942836265201235e-06,2.5407544690074358e-05,0.006003709914418605,0.11399757420301337,0.3738366066890501,0.32096192698443704,LFP,13,65
-322716.3832309991,2.4485932194233015,0.011237396102316251,216909.6815497469,-4.201419309428793,-0.5985806905712181,-0.43153545763314133,0.2219119437181975,2.068914916795844e-05,0.00014574090818118767,6.371561482507164e-05,5.984404749099904e-05,2.8568721700119603e-05,0.09452182747981283,1.2875442463850907e-05,4.608486939064445e-05,0.018942665945349442,0.05515888748860606,0.36468793668373645,0.0786177181945162,LFP,12,76
-12477.609187334989,2.0840955366845173,0.012401248582857063,7820.107780854461,-0.3677062315818489,-4.4322937684181625,-0.12437895337584892,0.20376630991377842,2.8928377711313484e-05,5.812907931143529e-05,1.3005121904288606e-05,0.00010887396337531691,2.86027457175863e-05,0.09385844868328481,1.5573699001167866e-05,4.933731347274969e-05,0.004201692177579739,0.11599049642695487,0.2931299105302162,0.3965006396669801,LFP,13,63
-58453.947093112416,2.3201629134694337,0.021527089054839917,44756.98600770432,-0.4753147945075469,-4.3246852054924645,-0.36216975009734653,0.4391100152886977,2.9210632503568753e-05,0.0001778716561550988,1.0126013744151163e-05,9.242605069238527e-05,2.6610276339672148e-05,0.04434175198511669,1.3102794935205915e-05,3.656295827800822e-05,0.011604964274500591,0.3261355669166436,0.02581394370702128,0.2158807392789887,LCO,13,83
-94642.61169112651,2.142444848929393,0.01061751955506946,93919.40537599497,-0.3429803617462568,-4.457019638253755,-0.7025475829781478,0.2030360835801084,1.8055615576492228e-05,8.846577245920804e-05,1.15527455197202e-05,0.0001486031221698352,2.5711726256370643e-05,0.04338968503002623,3.1032277567714354e-06,4.8158049197391524e-05,0.016731577674559572,0.13943906544764018,0.07731042753818396,0.010702924036028148,LFP,13,77
-28286.89834590244,2.424183721707783,0.009367190324316127,24686.43198949561,-0.49000690542762726,-4.309993094572384,-0.43261732694977706,0.21871993217071906,1.6874291317223696e-05,0.00023267691628289555,1.2629279416475469e-05,0.0001319777094327962,2.8070386533538142e-05,0.05741193380290833,1.3460051961148984e-05,2.939931245735861e-05,0.007151757530252215,0.016733383858916262,0.46436711999838404,0.016282169192922694,LFP,13,89
-129259.90912843258,2.0908409873250013,0.012545830326122562,73359.00817411012,-0.35383177727623405,-4.446168222723777,-0.18327293335859862,0.20360255537904892,1.942185996162134e-05,4.362772663610906e-05,1.2996823198086258e-05,0.00013802291570602103,2.4928401147566217e-05,0.043990934422495326,2.9342032015841583e-06,3.622757277538432e-05,0.018055957231614482,0.027974829796807238,0.3047097864306748,0.4140424504139194,LCO,13,63
-26068.266829183056,2.187069347226081,0.008861212919058097,35237.699375900054,-0.47098489986848335,-4.329015100131528,-0.7448098355212877,0.214578958138055,2.148695223805209e-05,0.00011089287798202245,9.937082280746742e-05,0.00014197020402114215,1.2270317487521136e-05,0.09542167521696678,1.3772828078252097e-05,4.3546375123511965e-05,0.006255144393208987,0.02641188891822718,0.09652068278090861,0.06225759277957658,LCO,13,88
-416178.85384733806,2.2540304575735433,0.03187719692948905,538269.4545535677,-0.6411787839547429,-4.158821216045268,-0.7031031270135613,0.6324346337620125,2.813117353594555e-05,0.00014602915423016008,7.390080263617895e-05,0.000134032821657195,1.4005741583824768e-05,0.09645816739787304,1.3684658634008972e-05,4.5449492975494287e-05,0.023436655451103367,0.07913382180263086,0.0827557465876037,0.06500730459620424,LFP,13,98
-733062.4035231086,2.4871413654849865,0.01910008442650756,539303.3496664556,-0.5996392464817788,-4.200360753518233,-0.7678504426538916,0.444291745822295,2.4252380892005918e-05,0.00014425373508160242,1.6430368593511714e-05,4.575766054570302e-05,2.386044194407095e-05,0.09702777215226761,1.899308154996016e-05,3.492598813848943e-05,0.02410199260400062,0.023089136917172192,0.1121527950342429,0.026907625394693362,LFP,13,97
-39784.65577572673,2.5723301144618196,0.008897760412385027,46930.478677319545,-0.5624332815133499,-4.237566718486661,-0.38129641455861496,0.23776002200021948,2.6907245160922472e-05,7.679464213222326e-05,8.087284602203561e-05,0.00013890592998068137,2.858861575420359e-05,0.04077186943420341,1.7236699407969686e-05,5.0497366862865805e-06,0.01147102413307274,0.03899581540843367,0.11895426348455207,0.39075350654839935,LFP,13,98
-318788.4034082989,2.1258189871545974,0.04583035339338494,198136.66914128757,-0.6196230226751638,-4.180376977324848,-0.30877789581433435,0.5358978618160601,2.4252310342208496e-05,6.46791603295274e-05,1.5853866900157554e-05,9.56814838189679e-05,2.3888844702617676e-05,0.07879447896578744,1.5137762258289814e-05,4.96410516694999e-05,0.0238110115105878,0.04246889967244697,0.49334912733296665,0.0854040771802521,LCO,13,54
-464764.18467786117,2.2686491752367206,0.03472170754699766,171972.28596329756,-0.6572627157213233,-4.142737284278688,-0.09108852285471392,0.230487194566577,2.750715800996983e-05,0.00014407507801691502,1.4122678815177549e-05,0.00014412404741836327,1.9728405343581977e-05,0.09193981967632751,1.7342057549556095e-05,3.492406729860797e-05,0.02408803007563191,0.11149931446760761,0.24013835305828554,0.48727380961939304,LFP,13,40
-63830.28010316457,2.3928349691355812,0.027972735321848997,41942.292004345894,-0.4755758599336346,-4.324424140066377,-0.25779365131449994,0.3960793934664218,1.676401724223948e-05,0.00014678026032318545,6.71430075576167e-05,8.630048480513233e-05,2.064577336911879e-05,0.09914839140638294,1.0197075867221404e-05,3.495992303273647e-05,0.008854862146634356,0.03724694051365314,0.5735246223595893,0.0614347858122576,LFP,13,61
-359881.18796603766,2.835286104725091,2.4158939813728018,15498.429152596244,-2.6496685629480154,-2.150331437051996,-0.1436617811492592,0.20723305957949187,2.318588741119863e-05,0.00024981069122509116,7.58999859609238e-05,0.00014424650777638631,1.3298554691301225e-05,0.07746069068445742,1.926228355635186e-05,4.801718175332339e-05,0.02117187931282323,0.3489625409690016,0.07009768978305059,0.3672779880986886,LCO,13,5
-172083.61945221905,2.366911132584328,0.07951056852533864,60371.567941763475,-1.0235105797484607,-3.7764894202515507,-0.34019028850662214,0.21096090738655934,2.843042130783108e-05,8.464714021034384e-05,7.584787644670846e-05,4.5671021742655735e-05,2.0354942431231814e-05,0.09447348692482248,1.9419333049584115e-05,4.511812164184535e-05,0.018486668689048254,0.09403541727472002,0.4276362102619778,0.06813808395668004,LFP,13,22
-23985.745950821296,2.1248477958916476,0.02007153579964,29770.74672754444,-0.5484092814321571,-4.251590718567854,-0.33768655437367523,0.4411771229079123,2.4906701610576567e-05,6.076320676846753e-05,7.730205244627639e-05,0.0001393914206757052,2.9509879109418757e-05,0.08114207428594825,1.3791154350294414e-05,4.5443329438879874e-05,0.006865021715566546,0.02517602336046007,0.50217135204859,0.06496607021727471,LFP,13,89
-703221.0365439634,2.3894507616952474,0.020144865679531616,539669.1499364228,-0.5991702796870015,-4.20082972031301,-0.6683771991973747,0.45446736111928726,2.4598858792523827e-05,0.00010639012514935276,1.4510662770103507e-05,4.573875768198706e-05,2.3785524267565284e-05,0.0972822511368083,1.0646509601947229e-05,3.193641476125284e-05,0.024881811494391115,0.18933390641288644,0.04528454488128954,0.027004349508449398,LFP,13,97
-33634.414354469496,2.7082653528844767,0.2987786858338344,4780.322861341656,-1.5451701658008687,-3.2548298341991426,-0.20009273194373012,0.47485328231187435,1.2753863746327042e-05,0.0001823379372295814,9.061624076629681e-05,0.00013714555338243946,2.4244578533452397e-05,0.04481334432701757,1.1996838973963518e-05,2.4026266662837845e-05,0.008674747609386904,0.05994794981798818,0.5545941833015291,0.11536513493675254,LFP,13,16
-28365.613924289304,2.519710654152161,0.007961880383719915,38301.38447338984,-0.5567732037491027,-4.243226796250909,-0.7482015903226693,0.23605539522273072,2.8107596437493294e-05,0.00014518236850992743,1.61567780107467e-05,0.00013941283563216584,2.3496139172624695e-05,0.09809259952813963,1.9808410449397175e-05,4.887704014447775e-06,0.006256245236793152,0.03935210261706146,0.11901543429165957,0.023430872768609723,LFP,13,98
-146640.67622178714,2.40018748501214,0.319717342592572,32365.46589298021,-1.3898992326027582,-3.410100767397253,-0.2058628131165775,0.5364993665776361,2.3361489381347002e-05,0.00010411861000513735,4.8855367173702574e-05,0.00014448280799855812,2.1094663052786702e-05,0.0456972503600704,1.3275772729122394e-05,3.4391110937617616e-05,0.020953500824451667,0.11473269388154322,0.45317014505554176,0.1562343479463375,LFP,13,19
-8026.138895117518,4.7844461970375365,19.54543500192465,428.6270048990992,-3.354338947674961,-1.4456610523250504,-0.5808403079128179,0.5133147684941468,2.3317689278324827e-05,0.00011173405662031836,9.60689007143845e-05,0.0001338239960596488,1.839778273606071e-05,0.0422369349099879,1.3865032524773993e-05,3.658609174597986e-05,0.007138807164543159,0.09468254914105656,0.07450132019582743,0.17997582275029805,LFP,13,2
-335039.2887877901,2.2065559632018936,0.022565606179906324,215622.4213956282,-0.4790350250739266,-4.320964974926085,-0.5017832646310085,0.30571023812389847,2.838578260386612e-05,9.653788283269307e-05,5.323900765275072e-05,0.0001210154744659899,2.3030768703317184e-05,0.08157280327960101,1.896893104979359e-05,4.170474076800443e-05,0.022771611022019307,0.026672427681943552,0.2589707239683528,0.14257358371869513,LCO,13,55
-335450.85518890934,2.2390846270032356,0.03554502335333456,307501.28374188306,-0.4674971998577746,-4.332502800142237,-0.23992962341630897,0.4265187444123627,2.4254815206910625e-05,6.462980272901525e-05,8.064748683355854e-05,6.699792377613393e-05,2.860775968811102e-05,0.09925103347344272,1.5157457814851165e-05,4.916696435011551e-05,0.024661476339051257,0.011269255494831609,0.5931499164939598,0.08565120459489967,LCO,13,62
-194677.78873235307,2.3609933102968417,0.020617390354479383,78607.05911133601,-0.5047550056867891,-4.295244994313222,-0.5415965127226704,0.2353812766138356,2.5902353364697705e-05,0.00023121634204935273,1.0393278005254881e-05,0.00011518314987843911,2.3024443278927086e-05,0.054615308953857675,1.7026002769894725e-05,4.191787689033892e-05,0.01718686919844944,0.047061542466788,0.14729421999549722,0.1940477248150444,LCO,13,50
-252563.9170300137,2.2206970020547514,0.10709095346872939,45195.38911125587,-1.4638551367537715,-3.33614486324624,-0.30152902192890996,0.36239791298616963,2.6779966299635396e-05,6.075212978951817e-05,8.386115725462663e-05,0.00013953261649204583,2.9668969371957163e-05,0.08105614289138438,6.518547068621119e-06,4.4226935420672656e-05,0.020112105920532152,0.012948328836283229,0.54975997184868,0.0657626773861268,LFP,13,16
-94306.62367402359,2.3384454625209434,0.16538514804386975,33507.98253883274,-0.7133731285354585,-4.086626871464553,-0.3303928624841411,0.21958594773564916,2.4381491794585493e-05,0.000150072416070912,7.137779738123305e-05,0.00012886387043743066,1.8432227529150532e-05,0.09188957752087452,7.997860451074712e-06,4.515394150355881e-05,0.011029708770287434,0.020784665641148063,0.033129153347152385,0.5456933185275584,LFP,13,33
-250887.7842232716,2.451886246545927,0.38406354642847235,41879.41260277173,-1.9386871374909163,-2.861312862509095,-0.2011681967674489,0.6782581396359988,2.4394224369841232e-05,0.00010398504616320427,3.9263460557822734e-05,0.00014529781049320005,1.842208307128814e-05,0.08651087239120635,1.5368586877901222e-05,3.425757465978173e-05,0.02100109277221117,0.11532738115425634,0.5653181716858624,0.04818625039243239,LFP,13,13
-383592.28231667716,2.380061067671245,0.024237782085207226,259575.66298807875,-0.40113963148380805,-4.398860368516203,-0.7045315837788956,0.358239269456709,1.5244510741086902e-05,0.0001613401228997248,5.3243314202181585e-05,9.450509157361541e-05,1.549329592432733e-05,0.07343175103555516,9.446700301849134e-06,3.292416549887828e-05,0.022869731607593573,0.0351236589788337,0.019539887660579403,0.1708048695816914,LFP,13,64
-8909.493917031823,2.33778232393024,0.025437655790057478,8012.417515488009,-0.458367123151163,-4.341632876848848,-0.26062871247029074,0.23811264113759942,2.8173593637334635e-05,7.694472066075168e-05,8.054229389587467e-05,6.560862080477902e-05,2.858854955723704e-05,0.040451027515692586,1.1939867637538677e-05,2.9845552911016813e-05,0.00530156167205036,0.05066751763172028,0.11183389613069544,0.5068698737672936,LCO,13,86
-295454.4947241241,2.6878373950006638,0.12572360795553408,94571.03534706922,-0.9257742236755746,-3.8742257763244368,-0.10045765569252263,0.26679180721185924,2.621154210216265e-05,0.00018639097003583362,9.553943924799196e-05,5.970395994463569e-05,2.8968281779370143e-05,0.07303550847207996,1.312445559786076e-05,4.355048698079429e-05,0.0247875539746599,0.07649778318056596,0.5003976887108231,0.25264687241608824,LFP,13,26
-39656.87139724855,2.3509120425015526,0.026268838992856657,37499.36563528402,-0.5803878266676534,-4.219612173332358,-0.4879357839952767,0.534883538471133,2.5945743213353307e-05,0.0002333005972196872,4.075497511711368e-05,0.00011514624213591825,2.9656983664795636e-05,0.09369202098739596,1.849189837100054e-05,4.698479389911163e-05,0.006823839533053942,0.047186733839421895,0.14416973859984977,0.25070774356545167,LCO,13,90
-122902.1709457826,2.270767836477757,0.01289353832701388,100841.96002687138,-0.39341144202875,-4.406588557971261,-0.7504967893421358,0.2528064700805047,2.8229061563626955e-05,7.390370167442932e-05,3.400300232306247e-05,4.569698116705763e-05,2.1736382512764437e-05,0.09865351255219051,1.1931027950007275e-05,2.9739162788474365e-05,0.011672220341946527,0.05079275438784456,0.11168904910747109,0.017021407162548546,LFP,13,81
-12412.61486762483,2.192956522017769,0.00950157143446444,13320.495807316353,-0.45621925280507725,-4.343780747194934,-0.8101278498769036,0.21484229203590444,2.488415916776903e-05,0.00010813850127054394,5.33793163166059e-05,0.0001230084970260098,2.5704372184165818e-05,0.04283592844505835,1.3751762768722802e-05,4.005381575073746e-05,0.005865050550785927,0.026326342049333554,0.029753270977886756,0.06379253709587615,LCO,13,87
-85306.70104115995,2.1273461092094497,0.009652169133826518,95253.42569123016,-0.5604705918651618,-4.23952940813485,-0.5495280341393602,0.2549702087281863,2.654044538702534e-05,6.797838911295261e-05,1.6032315394573504e-05,0.00014933310019476687,2.3812914665489296e-05,0.053880887170099215,1.72615423867986e-05,3.187476557240415e-05,0.013969213670168158,0.1902237636926251,0.16105972890264444,0.029188473265370257,LFP,13,98
-170989.78392996592,2.160465952707374,0.021040405670435976,76368.16024314328,-0.49784196286736204,-4.302158037132649,-0.35237079245462233,0.2645494715957326,2.425632653093685e-05,8.94326757497107e-05,1.582545164515501e-05,0.0001061473317675056,2.824025913782679e-05,0.05456671174451408,3.358213816968165e-07,4.982611345965388e-05,0.017496024862488975,0.042711199498164015,0.44897676449090607,0.08594124355630761,LFP,13,54
-31584.222376501442,2.3461167223753194,0.030799946576981284,29362.140671155317,-0.6413989895392973,-4.158601010460714,-0.4165620836412618,0.6561987627916934,2.345883636121501e-05,0.00021543771279049608,1.568127487016758e-05,0.00011924087329578847,2.814420571427973e-05,0.0943357548921481,1.8529219189291146e-05,4.694858093106997e-05,0.006015862674783046,0.049284049728368175,0.4515315144906511,0.012622352139718917,LCO,13,93
-96442.34376728817,2.09153588919455,0.01988403217277174,93579.67331449142,-0.5894975098702844,-4.210502490129727,-0.40073299774897453,0.4975274560949271,2.342968544134841e-05,6.339946636777093e-05,1.649119339185764e-05,0.00011925748702288392,2.816833220286224e-05,0.09443780690168183,1.1937032517708755e-06,4.658655867825966e-05,0.011214151240429454,0.059241101588635395,0.4584489875486488,0.01157691311374126,LFP,13,92
-131751.14142027142,2.95493431841333,3.583065571540692,18457.49308620311,-2.3598225471389185,-2.440177452861093,-0.4878668072203537,0.2686043176968063,1.4026599690657373e-05,5.832553956671564e-05,9.75955869243167e-05,5.046541512922355e-05,2.9277448568104405e-05,0.05943873371994429,4.777718737949801e-07,3.233537041349594e-05,0.021886227850288417,0.01576823504814063,0.39759210481262847,0.02877285291887728,LFP,13,7
-683926.0022952269,2.657982648543921,0.045062733108571895,114430.65654683232,-4.667806525106137,-0.13219347489387445,-0.3939076549849869,0.2596820651088268,1.9362164031730427e-05,0.00022057460678740604,1.917187957530423e-05,4.2181931710569416e-05,2.3683831210683447e-05,0.09898922766282374,1.834592260054809e-05,4.766828769087776e-05,0.022170983790989644,0.02392678780444246,0.37594876800156396,0.13621678920900668,LFP,12,28
-115759.65740591667,2.1737202018333974,0.07335464185468518,65310.66000919913,-0.7251935999360057,-4.074806400064006,-0.7128573715669142,0.2635109596812888,2.2488529160818444e-05,6.42690956328916e-05,9.850971030821428e-05,0.0001473173108004348,1.5927070124204415e-05,0.08539031727887086,1.3701030071545172e-05,4.3443953023734755e-05,0.014706476405305587,0.02614168651116181,0.09631595194579849,0.09468498997612547,LFP,13,34
-321290.5187845966,2.150229159230146,0.014371006516434073,400508.19993804547,-0.40045924893181706,-4.399540751068194,-0.34543259653383407,0.29562959556947477,2.3271658563672442e-05,8.466760928894937e-05,7.536451644224919e-05,0.00011691233627220859,2.035136855617323e-05,0.0994320019901621,1.3495730757453032e-05,4.544436319893436e-05,0.023883937180948903,0.12132201464278557,0.39829113648148956,0.06495425234189094,LFP,13,79
-212150.1502587685,2.1908086221617546,0.013076699940130065,195921.4242898281,-0.5176695195878409,-4.2823304804121705,-0.33960245890705376,0.30898648359815845,1.866844661129051e-05,6.199980680809727e-05,1.9662511058987388e-05,0.00010261528099603211,1.2537169995163214e-05,0.08495233202856686,8.636603921780423e-07,2.364222983084645e-05,0.017133892760880422,0.09567953126505838,0.43688405677150766,0.05783395305638028,LCO,13,89
-275359.97131548356,2.1352532985150177,0.016732091806466818,194730.6276510607,-0.4446976490977832,-4.355302350902228,-0.23930440006621245,0.2023426359081504,2.245730831487081e-05,6.358400509973505e-05,7.024849431504653e-05,8.358244853212561e-05,2.2676750408032084e-05,0.08160603731646025,1.910595418211486e-05,4.659442542385975e-05,0.02276313047036571,0.026640117607306838,0.4982971440986838,0.16575833822779693,LCO,13,55
-72878.30634949286,2.326455421209131,0.020057284925929546,49415.56585198915,-0.4907937489719387,-4.309206251028073,-0.14934470689231272,0.26683777505446576,2.6255221399953995e-05,0.00018834639932874627,9.710318505372633e-05,0.00012567316444438712,2.931082887332352e-05,0.054411916079022245,1.3455171682584006e-05,4.3453969394023325e-05,0.014016965731928836,0.07713807136296288,0.4484139709570039,0.25510325078772056,LFP,13,55
-168168.07137404493,2.095045305167916,0.009642163355499594,151921.50020593515,-4.243875641400749,-0.5561243585992628,-0.14898317351394774,0.21043967536193528,1.7124078048044255e-05,4.4222520542515e-05,1.3956378441531794e-05,0.00013287516830159322,2.5973794499126984e-05,0.04468918280804571,1.510434200151279e-05,4.054868758887721e-05,0.023895697364519304,0.13535990715611584,0.49194365459806083,0.15371326473187563,LFP,12,81
-90797.72588388415,2.2793571334835376,0.009393497016255898,105221.18200856571,-0.4713407535904608,-4.328659246409551,-0.5997672671411418,0.22182569680478995,2.1475587051369942e-05,0.00016852632479734102,9.977051814114521e-05,0.000128845058145363,1.2349726490781444e-05,0.09543076564889834,5.402044722784184e-06,4.517701894625116e-05,0.011045640836458374,0.02078360180484239,0.12305446207460669,0.18639466897940912,LFP,13,88
-276477.69015118066,3.2928792241203864,0.9481060804176282,51980.72756991049,-2.010742542048753,-2.7892574579512583,-0.7267527264715106,0.7113866279231146,2.902898092259045e-05,0.0002461458402875068,7.208820758056808e-05,4.2621297644217335e-05,2.9144638777723734e-05,0.07759904273052126,1.3839672701603476e-05,4.542855726972478e-05,0.023399201259881156,0.011034496372211256,0.12716041427662952,0.06505236287964865,LFP,13,12
-730127.2282201459,2.6380749875744534,0.04026057721144208,136853.83404447284,-0.8014598126547554,-3.998540187345256,-0.05221148200083359,0.2075426402506493,1.91440876745371e-05,0.0002495635869143491,2.7762068246342933e-05,5.062890989138865e-05,1.3052060107223858e-05,0.09774614103603203,1.958734068628568e-05,4.464042202515128e-05,0.024073527318732024,0.14890738009908186,0.3888563470175891,0.34002479088249554,LCO,13,29
-243891.135105205,2.2443484604303907,0.012227983932304006,162634.6765216939,-4.387486043560088,-0.4125139564399234,-0.07128397344454906,0.2924173550030194,2.1010768543525072e-05,0.00013618458472625794,1.1814395338013227e-05,0.00011507791160781567,1.6630205097542043e-05,0.04932434138860885,9.346743706404904e-06,3.8040331448880374e-05,0.02183201802633091,0.010057817866281994,0.2838177943614685,0.5648404143277005,LFP,12,93
-36986.40681567498,2.3010001823979254,0.008896121851667218,31580.568389564083,-0.566189912609687,-4.233810087390324,-0.20493190844201215,0.2023319375867572,2.1134027604650328e-05,0.00020405460132271933,3.111025516179159e-05,0.0001198344883657181,2.8952154125887695e-05,0.08485996792492846,5.0565028323754625e-06,4.8150496406499685e-05,0.006639365943169516,0.07691158934053596,0.30766830708805776,0.34048819512939416,LCO,13,98
-458670.8777337825,2.340981002637163,0.03825540517455534,114867.71980381192,-0.8703088716077545,-3.929691128392257,-0.2660755175857089,0.2996980264725425,1.513099257359553e-05,0.00012056191249682888,2.771827956875426e-05,4.4202914168662964e-05,1.6924822667959328e-05,0.09777804711127293,1.9254753010155243e-05,4.473867099856606e-05,0.02169020942288026,0.1473553232165578,0.36398057850526777,0.15258858069246567,LFP,13,29
-358950.7212434626,2.7080551323794695,0.1428225655233687,107806.14510522493,-1.0688143388517801,-3.7311856611482312,-0.33632460425202404,0.4567843605647689,2.62171013216961e-05,0.00024560161687581315,7.793273995752325e-05,4.270231976296785e-05,2.9075664041003132e-05,0.07841296705319924,1.3211526854061322e-05,4.3550418253305154e-05,0.024790694930250413,0.03022806553577635,0.5001284065189364,0.06331892369326321,LFP,13,25
-70769.47851735521,2.160680335661473,0.008758764823727432,57381.97721574157,-0.5582347451296954,-4.241765254870316,-0.39237985609098935,0.20919066280134144,2.5869419654576777e-05,7.048421933265501e-05,2.809068910442396e-05,0.00012174139465444461,1.3364021262589396e-05,0.05148991322511096,1.2557985188050686e-06,3.241750700339512e-05,0.011310638858141167,0.03857497471110325,0.48396808871376523,0.015077080484142205,LFP,13,98
-142933.20217562365,2.2340505097975996,0.039720436560313724,71731.1747102737,-0.8059987498284116,-3.9940012501716,-0.645350047954861,0.206783802333475,1.9244603688635123e-05,9.685308471785388e-05,4.80348347764803e-05,0.00014075601676679479,1.2143465133259856e-05,0.09723119797868002,1.6879292312899752e-05,4.823670601290725e-05,0.016040074538168806,0.026758840621997813,0.23504768740030596,0.02284342402283533,LFP,13,28
-280455.0049493167,2.4298580812838795,0.012239384196618266,117264.90746773707,-4.2288124381051375,-0.5711875618948739,-0.21019544921826283,0.26049337559090524,1.4962527680303028e-05,0.0001681408175384504,1.2292338348706285e-05,6.668188625124928e-05,1.3004388344144432e-05,0.06374546536508491,1.9545298848984862e-05,4.9069687213940356e-05,0.017117809039980433,0.06337245006441072,0.43495248694842864,0.22147961376889785,LCO,12,78
-80810.17765422308,2.183279122551597,0.043185182856948987,23545.391496346296,-0.872280323641867,-3.9277196763581443,-0.27673843040429147,0.28370546572292094,1.3036850056953378e-05,8.170974005140445e-05,3.0209623100526855e-05,0.00014169499370622222,1.3053508957794036e-05,0.04783769155352967,1.8970601005805832e-05,4.6265435178363646e-05,0.013932438702995785,0.15107711751999658,0.43583438380822026,0.06635006826749172,LCO,13,28
-241039.18840208207,2.143703480188764,0.012106143558976618,232000.00242515403,-0.5732916255777099,-4.2267083744223015,-0.15563337883662953,0.2836437676161517,1.4577886677212531e-05,8.477627973564639e-05,3.515146362739695e-05,0.00013633801641172886,1.261270559628775e-05,0.08453362030393215,1.4463501973558877e-05,4.62636978908768e-05,0.017938081824352137,0.15144984094456987,0.5558343222063845,0.06708245801241615,LFP,13,100
-4680.585916704563,2.0708469662322577,0.016977311862050027,4246.317877251235,-0.3921955094022991,-4.407804490597712,-0.6540479309763908,0.2354085909276587,1.6673959874344174e-05,4.6155685661468325e-05,7.780709488891421e-05,0.00011683503759298465,2.938872921511275e-05,0.040196451936726926,1.532947393705184e-05,4.961877318631033e-05,0.004231491177398634,0.09190198095129619,0.07514183599252874,0.10890825207978433,LFP,13,60
-263901.14833214297,2.327553586969349,0.011837737685244506,332915.95527847833,-0.5464321857639263,-4.253567814236085,-0.21525672122229755,0.27584730328213514,1.8330240201104106e-05,0.0001970859534712088,8.041227706626365e-05,8.684080306865402e-05,1.24185442442462e-05,0.09303838808100966,1.604689638592898e-05,4.916281280347706e-05,0.0207027957602115,0.4001945466500405,0.06608730431482769,0.2484614278128343,LFP,13,94
-204458.93178518902,2.140445472925498,0.010120595927032763,180041.76848691094,-0.38530268651687294,-4.414697313483138,-0.2493119664668535,0.22947815203843008,1.4802574719707422e-05,7.083850746258358e-05,5.221326665175014e-05,0.00010784167250491261,1.7194770523836885e-05,0.08441143923532932,5.128667251162762e-06,3.757210526098657e-05,0.017583656516397084,0.05887422509433336,0.5953229335802137,0.02649087485859946,LFP,13,79
-87471.1094149474,2.2235879843577466,0.01237442494530529,79403.97465621891,-4.373240749726314,-0.42675925027369743,-0.44663956793771425,0.27811049171658864,2.7876553827760608e-05,0.00018892097383586349,2.510252745209832e-05,0.00013070224706467423,2.4269743755724673e-05,0.045740163209158136,5.561913919190973e-07,4.791372478817231e-05,0.014745422080539241,0.3094478667972792,0.08994618691357022,0.08396637835143637,LFP,12,93
-391173.4080202364,2.1789347280681457,0.009055269097424119,376890.02839721204,-4.3232124837145065,-0.47678751628550486,-0.47422985250266503,0.20096561915386726,2.3852804339032642e-05,9.954414393355173e-05,2.3962506757687878e-05,0.0001283810534992841,2.9350775840269164e-05,0.09659646908811136,6.045958499932208e-06,4.5705735797939196e-05,0.02290385055259313,0.03575067167401631,0.40907943333752134,0.010940042485797368,LFP,12,89
-131292.15559651493,2.099646857206958,0.008547997672857554,186530.27868607573,-4.352873643780953,-0.4471263562190586,-0.24458560253496475,0.208720052272701,1.4791830704505991e-05,6.228803996541983e-05,6.582991290282023e-05,0.00010375972941686136,2.5841964445180814e-05,0.08443064191036802,7.142804891308264e-06,4.975209793621549e-05,0.017442043219850628,0.31441732926418603,0.1900829242487362,0.180914143952113,LFP,12,92
-113345.80410784941,2.1378927843815383,0.011781191621914263,110798.36096800158,-0.5673162806333565,-4.232683719366655,-0.2966832159050823,0.2709666781634386,1.507341493329621e-05,7.529608018301205e-05,2.3359013614924595e-05,0.00014828453949390289,1.5468854434290998e-05,0.045014798105744755,1.631491190273766e-05,4.523053593411862e-05,0.01695402884769213,0.03961582903679401,0.5661105685083392,0.02759038654978456,LFP,13,96
-246153.05317080067,2.4800647632247843,0.012311024734127993,107710.77034412391,-4.229709526655711,-0.5702904733443006,-0.4316545955274721,0.2743171834276118,1.5032751223248627e-05,0.000168931073342799,1.1310107019599744e-05,6.65722242417768e-05,1.2954360282654342e-05,0.05407311375137165,1.3607255867405385e-05,3.2768862556892484e-05,0.017112639484807738,0.0568896474990404,0.35848930335119017,0.08296645362229739,LFP,12,78
-129020.60257900266,2.1190163508461466,0.058065039128936805,32513.942998202143,-0.9964807838193579,-3.8035192161806535,-0.031212246113114128,0.3137273768921154,1.9703270240796948e-05,5.2607358534339566e-05,1.7174212036191666e-05,6.820568932166988e-05,2.630430658819368e-05,0.09466621964611982,3.3776500671636943e-06,4.67558554917687e-05,0.013750189230774118,0.2344631814089711,0.5809104136340477,0.08341415884386712,LCO,13,25
-36637.02716211069,2.1521508510031055,0.010714507378676397,35510.42495109594,-0.45022478612219174,-4.34977521387782,-0.6053658770110356,0.24375245459571504,1.5087882947699726e-05,8.452574859530775e-05,3.036003363872934e-05,0.0001456943674087276,2.9948005792748248e-05,0.045252203871644116,1.58895899594664e-05,4.8798836238869034e-05,0.009648490974148471,0.07948672733927553,0.011435911853095376,0.23371148379659354,LFP,13,86
-107200.9385199436,2.2137257494882916,0.014376215043947621,87519.2940879717,-0.36606532326931074,-4.433934676730701,-0.18195419737689378,0.2687457796872012,2.7917130499052513e-05,0.00019332551804220435,2.614972395583095e-05,0.00013781832252937943,2.26194202784405e-05,0.06679101189424667,1.5922299564567218e-05,4.9825813743777126e-05,0.014706988078633645,0.3101749790414081,0.41213154176875644,0.025739281812941717,LFP,13,72
-139571.41169914583,2.1270341312167815,0.011445571700712741,166982.7524776735,-0.5794436310369235,-4.220556368963088,-0.2515067097419288,0.27427283638761707,1.5053116051293886e-05,8.168882281415837e-05,1.6432864607236417e-05,0.00014378201853257523,1.2908366514757323e-05,0.05424969334981311,1.3591849384918134e-05,3.226060183780813e-05,0.018625798345027367,0.15151500350159647,0.43653475009660764,0.09044353665986715,LCO,13,100
-28583.345343648187,2.2784991579010567,0.015397546234972784,21238.139661925277,-4.241817407372899,-0.5581825926271122,-0.06828710356908052,0.31110878081226045,1.5127625072581503e-05,0.00018331301387944756,3.1174115066576476e-05,0.00012074233298520652,2.9031767727686183e-05,0.0849209841054399,1.761783105658701e-05,4.9398482872632074e-05,0.006570578615099375,0.22135222837320367,0.3945861292698227,0.24577453878789313,LFP,12,77
-144215.04083435703,2.1390073133232503,0.008980634811482598,167608.01680063762,-0.5408286962478286,-4.259171303752183,-0.392982679316194,0.22780118150030254,1.4956068847927732e-05,8.192798548284217e-05,1.907732767320919e-05,0.00014370285959007536,2.327551699994414e-05,0.057971220267089986,1.0998140318753733e-05,4.107091293029227e-05,0.018456660363017657,0.048811197727636924,0.4424166186733313,0.04578950428283778,LCO,13,93
-17132.394923384698,2.4099855307845317,0.01843316969838836,9946.624821280477,-0.38230849807225553,-4.417691501927756,-0.3009007663360277,0.3011897572527732,1.4101109395756694e-05,0.00015428270377820823,2.770750195087656e-05,7.499012681615033e-05,2.686376527314712e-05,0.09864228088028303,1.9105283994232594e-05,4.490319286609449e-05,0.004193319587752976,0.07888500871972796,0.13439909424907412,0.4158151306951703,LFP,13,65
-138418.61449184178,2.1147883130077063,0.013922978625694752,123089.55331193985,-0.4514365295473013,-4.34856347045271,-0.38025733556424135,0.29905287827343235,2.7955173812414737e-05,6.890336225881611e-05,3.255359052144778e-05,0.00013769098320518528,1.8771574220389137e-05,0.07677838919432273,1.8265638800088722e-05,4.6038054722122337e-05,0.014744977906194789,0.1058542744664862,0.41113575873664776,0.03275263123262476,LFP,13,84
-72519.09196373016,2.253328664471624,0.011212082407458685,87408.44353447942,-0.5587396714140667,-4.241260328585945,-0.3548011766334145,0.26870162581196333,2.7955945816824802e-05,0.00024366681477264111,2.1840449809507252e-05,0.00013053113366784936,2.687476472706144e-05,0.045660709903383986,1.431337444870376e-05,4.8795246004593435e-05,0.014744976251450777,0.40433309782955873,0.08659704134401258,0.08426868419301421,LFP,13,97
-98077.20110909207,2.12553511619695,0.035626822668873515,47080.55088583093,-0.6831115596652708,-4.1168884403347406,-0.06506940065493161,0.20714752957883376,1.2571769667510485e-05,7.394164515618695e-05,6.028390110320264e-05,0.0001461094845522246,2.258353740737344e-05,0.07946929157543348,1.8969711735145847e-05,4.591683168490334e-05,0.01392071084192302,0.17142057884375975,0.4588735008896752,0.23463651961163345,LCO,13,37
-124126.01385664847,2.123131214931628,0.015523036102499865,86339.80546255173,-0.3572123366807247,-4.442787663319287,-0.47250774690553626,0.2544837982210626,2.7955276468910383e-05,6.832236936935922e-05,2.328224170127118e-05,0.0001378789763036687,2.2658530712395057e-05,0.06653410170306011,1.829509817218825e-05,4.983035227207883e-05,0.014706059910377668,0.010819745235168238,0.4106648405024374,0.03600766735685817,LFP,13,67
-112219.4451144448,2.3337073311848955,0.009515422713655474,90229.57186664832,-4.322508107023175,-0.47749189297683614,-0.7287217029089739,0.22936113597501423,2.366335284496903e-05,0.00024386826556644807,2.496197529772338e-05,0.00012837102441010185,2.936895219939063e-05,0.08156452289852145,2.2574599352354023e-06,4.5646564074709e-05,0.01137364771212677,0.030400042427867507,0.08493845349522311,0.08593980116793559,LFP,12,89
-13414.238999676672,2.179109532258861,0.02191182198740737,6341.162365083479,-4.290667508943663,-0.5093324910563481,-0.6742024011788219,0.20415481399629673,2.7936107667858327e-05,0.00011161808156447693,2.4931337348623963e-05,0.0001479038793150257,2.5680841043319883e-05,0.07384621137188924,1.3218975735078988e-05,4.5647647750377884e-05,0.004183822541982813,0.02949969002315386,0.15165336383456302,0.07464454496346126,LFP,12,54
-248913.2346112784,2.0971603457120063,0.012215844819883876,229990.041375351,-0.5572698865410075,-4.242730113459004,-0.42611662514831405,0.2948266653790713,1.4177031948701419e-05,5.631745582613457e-05,1.1118416299183911e-05,8.074479424300182e-05,2.68276385166631e-05,0.08019103711389144,1.4635869285618297e-05,4.5215978051606636e-05,0.01881420922399294,0.05369997391405061,0.4333561205895156,0.016827280348119773,LFP,13,94
-222833.19059200687,2.185847960965322,0.011778206585177076,235180.7299659242,-0.5087638611357619,-4.2912361388642495,-0.2605418201027001,0.27276574146163723,1.4160082969733802e-05,6.194761621149148e-05,4.2324005292085126e-05,0.00010198144148647373,1.2535808622134549e-05,0.0849567995589683,5.974268251483444e-06,2.3184884843555523e-05,0.018735106491627653,0.17708509460830632,0.43467403553315737,0.05769904975583631,LCO,13,89
-164443.86993853134,2.9068783354908514,1.0779410054218248,39237.11479215691,-2.0763421240333315,-2.72365787596668,-0.3236443480097183,0.22803694935297417,1.4641040363321088e-05,0.0001980512488218816,5.999542428860662e-05,0.00013764839547557745,1.6734106645890628e-05,0.08488364843857338,1.337906991108894e-05,4.6423001640670705e-05,0.023478971929373454,0.07154903081645694,0.5056544691660292,0.02915215200779568,LFP,13,9
-338067.27282465145,2.320057370475957,0.010190606244040102,197239.2333259853,-4.28407286280509,-0.5159271371949217,-0.23651018445172378,0.24062241141302446,2.0389599685094498e-05,0.00017602930370549306,1.5730714441605526e-05,0.00011972462974141081,2.9481393123059575e-05,0.08187156448971362,1.1228667805111938e-05,4.0498723654809976e-05,0.019065202123305168,0.030268043692582257,0.5764152814528204,0.08680649040287358,LCO,12,84
-71768.42048144349,2.5508806855090933,0.023280646831990846,39958.80558335611,-0.4780035234583906,-4.321996476541621,-0.24550108696310202,0.3031543854627956,2.1594763269090123e-05,0.00019383822091630055,3.286564843355944e-05,4.02627291341643e-05,2.986393339001815e-05,0.09879039705743094,1.0736992604269876e-05,4.4915142494206836e-05,0.009246319181944783,0.04048700115510985,0.4408313543957946,0.20318055748599365,LCO,13,56
-22934.701314129976,2.0892956450789866,0.0560264593030213,9624.10692576765,-0.9896974300638632,-3.810302569936148,-0.07686354012826968,0.34571675609877023,2.6553366390589788e-05,4.074596633096515e-05,2.0423720128759508e-05,0.00012472875526713977,1.4887014859939173e-05,0.092345272428223,3.1987835281505666e-06,4.6748369426843385e-05,0.0073115630018116655,0.3088813108829911,0.028199387362197237,0.516055761626542,LCO,13,25
-78023.44302063102,2.458727569382313,0.010642064616787508,56587.83424567328,-0.4416120153956271,-4.358387984604384,-0.2273113098268006,0.24420321101094464,2.1175827852035367e-05,0.0001818762134469385,3.051554555843685e-05,7.481114343549895e-05,2.972600289913931e-05,0.09530665028357992,4.104129139341578e-06,4.816154955309778e-05,0.009129272317042964,0.0613449297258916,0.5033577308145435,0.13798602963276438,LCO,13,84
-11685.998084339608,2.0602798851574455,0.050329282681644695,3656.989706716777,-0.9180237203029975,-3.881976279697014,-0.8150662096968598,0.2529663470052551,2.5894183556491702e-05,4.009051046229195e-05,1.8357925500396427e-05,0.00011504096755820285,2.589130874654521e-05,0.09240484176447415,2.524443618494639e-06,4.7271298853967766e-05,0.00413241242419566,0.019994429471209635,0.02718399779401308,0.06775536303791749,LCO,13,24
-239840.11412238897,2.647043439485367,0.06245363344740044,61300.88288398654,-0.9900092435192605,-3.809990756480751,-0.6504856073140026,0.20753309429377628,2.591142932908604e-05,0.0001518942514977018,1.8088286548008825e-05,4.8987720549070636e-05,1.655136245442495e-05,0.09973897311034227,1.2483447899512285e-05,4.338699114948162e-05,0.01681974460334966,0.19891195613189228,0.022122908846372108,0.05847952770773307,LCO,13,22
-683926.0022952269,2.709894224489738,0.09922416160378635,94296.92389524556,-0.9884670321674136,-3.8115329678325978,-0.04224099007427329,0.3533639533018274,2.7175442881814948e-05,0.00024795590990151796,1.9079078387758762e-05,4.1993784691241e-05,2.4411221980372025e-05,0.09490104349874225,1.91534908198127e-05,4.726574636045619e-05,0.02214690355454801,0.12239472312936106,0.5167039260011899,0.2486603607951758,LFP,13,26
-24385.430846509793,3.535477001969734,8.879381989947104,152.8753072315449,-3.4192465674072707,-1.3807534325927406,-0.3912093371988471,0.270217115844816,2.100288363594912e-05,0.000160365983571801,1.3555121248094684e-05,9.380677528223789e-05,1.967231674661934e-05,0.09821125775007025,1.7488689237184178e-05,4.764282701072679e-05,0.004140852390276633,0.05129125117424031,0.4336456321876978,0.05385377943921482,LFP,13,1
-218077.75837206127,2.2861477973160658,0.014841193302845907,114679.92605494804,-0.3530918898052562,-4.446908110194755,-0.3527055606502639,0.25204285020739803,1.5914272388010975e-05,0.00020264288588942736,1.4708710223193245e-05,0.00014843621293688855,2.142124906655735e-05,0.056076442854184574,1.527583954132901e-05,4.6200288365008356e-05,0.01838577813129979,0.011311573451339495,0.20617530860682373,0.3598075572915729,LCO,13,65
-264745.71214179735,2.2143488005250687,0.032274872534736584,123348.72402185116,-0.616386787651308,-4.183613212348703,-0.5733278042057801,0.2647500680840274,2.899726918378288e-05,0.0001197721173024634,1.5987448259419026e-05,0.0001271330900831966,2.9685489726845347e-05,0.08513016835250478,1.2338308120021374e-05,4.98447379485658e-05,0.01900632371663307,0.03134454230136865,0.06324102537171893,0.2620866281211323,LFP,13,43
-5721.251103023002,2.3135082115217966,0.011124982553722747,4546.634161086849,-0.3325689154436162,-4.467431084556395,-0.35204375910437624,0.20330456896737675,2.6369208864447623e-05,0.00011100016688512519,9.908758818650685e-05,0.00012050093636528646,2.779192963938944e-05,0.04020685512630828,1.3444659366584238e-05,1.782800261425286e-05,0.004165340380583131,0.335210227832285,0.08034059037325246,0.16240542269008637,LFP,13,73
-477838.98711058096,2.337800273568239,0.01059555710020149,329024.8847820045,-4.365836547350568,-0.4341634526494431,-0.15789866505656203,0.2508148968691134,1.3379295678551855e-05,0.0001538173208406924,1.4638223186850533e-05,9.94717722344254e-05,1.5021986802040693e-05,0.07996510188702735,1.2368403935811904e-05,4.402788941667728e-05,0.023930775250022802,0.021913545377982104,0.4880420347796167,0.26214575478583924,LCO,12,91
-133267.98586221013,2.2598246046840673,0.02579995714015072,62565.85161003351,-0.5782012208708522,-4.221798779129159,-0.25046124809289816,0.2995274473913548,1.8793535269270606e-05,0.00013573841999170696,2.672437018182659e-05,0.0001279525676134104,2.570463550815408e-05,0.08418241366231252,1.4311414345131904e-05,4.5348408807519006e-05,0.013346473078472958,0.0565910383243938,0.04151582291501362,0.5814318906676945,LFP,13,48
-23897.85897527997,2.2950009740491124,0.011014458659682947,23072.244222677284,-4.364069382964118,-0.4359306170358934,-0.48584779728732885,0.2577496435800511,1.9240239888232978e-05,0.00013456426209938182,4.624719812622143e-05,9.007489532887754e-05,1.291291789915939e-05,0.09909962669227448,7.897064343297342e-06,4.90422008387887e-05,0.005336059310734864,0.04392128522178673,0.18621665475764207,0.2140142627332424,LFP,12,92
-17778.99197859983,2.828392617397561,0.1534730283706302,2486.6015293913056,-1.6265400434526,-3.1734599565474113,-0.14791931807475078,0.374689460160772,1.2035798271878445e-05,0.0001989726709349027,4.7508445359398137e-05,6.11714856894198e-05,1.712677842050963e-05,0.08242232769705755,1.808315000246283e-05,1.8341367259192804e-05,0.00500777588714304,0.016736180590393675,0.4065160367573386,0.358828464577517,LFP,13,14
-326997.25738002954,2.53519152048748,0.008834897312782298,323351.9826689557,-0.5416106754933239,-4.2583893245066875,-0.0015082333152638405,0.20205863623335582,1.9079030556012545e-05,0.00022332355688156055,7.011398104505337e-05,6.910392247404366e-05,2.154798054245727e-05,0.09794993143764538,1.6131086060457448e-05,2.7954822443545888e-05,0.020682338289900317,0.2778992088192104,0.060184187648733026,0.5904083702167928,LCO,13,94
-151559.78613451534,2.206479320607845,0.012353602799875029,84325.08570361906,-4.387254184774626,-0.4127458152253851,-0.07432445088104689,0.29309742135737177,2.2358880767391598e-05,0.00013308437936862972,2.6928863813501414e-05,0.00014996584822703693,1.952372255061782e-05,0.0821156032910458,5.119786616791481e-06,4.695567605781403e-05,0.012122281077137564,0.013570028934645418,0.2689331667569758,0.5731723534273319,LFP,12,93
-11212.984715445666,2.141963039356188,0.008618752722413883,9445.151263106494,-4.326404372891112,-0.47359562710889946,-0.015461095402921066,0.2157469085086377,2.871759709683262e-05,9.412128442385364e-05,2.653472326020522e-05,0.0001451542253122093,1.9605986137393365e-05,0.0758271801381181,3.5514179643570794e-06,4.616724554788517e-05,0.00443169065336993,0.25783229347677716,0.05836077725611391,0.5983458338641879,LFP,12,89
-83887.18634547025,2.4946727700585862,0.012618217657511052,53955.313508073064,-0.5191033781243988,-4.280896621875613,-0.16385890796356517,0.3107443712984712,2.499664983805127e-05,0.0002106336539661705,4.6442879871020397e-05,6.541562144196441e-05,1.6643048258108362e-05,0.08340915810973838,1.0449578431914675e-05,4.991122212693352e-05,0.009292682329170245,0.013401074921425601,0.2646468541019807,0.4880931630130286,LCO,13,89
-239121.03666060552,2.0892278465813408,0.01697653785215966,146067.49626081207,-0.3916547061958653,-4.408345293804146,-0.012448958853531367,0.2864542464738691,1.253007483961995e-05,4.18694732549189e-05,4.158484419666738e-05,0.000149517824148491,1.990175521008289e-05,0.08107912992727093,1.7509361088542775e-05,4.607437457500614e-05,0.01853404564466519,0.09586895275700738,0.5833937767418975,0.2382883116475638,LFP,13,66
-103815.69679320816,2.3344904898369423,0.010237003533172178,96953.71931657297,-4.240906714602389,-0.5590932853976227,-0.5013007511583767,0.24042063170845573,2.7160019718446037e-05,0.0002156967570882356,3.884671295235629e-05,0.00014233467096379262,1.2303324396435838e-05,0.09486361233391234,1.979601735874956e-05,4.65985559873487e-05,0.011819298342962952,0.1807945209016197,0.16219403049736528,0.08571069744263837,LFP,12,81
-355732.0819817363,2.576240977619043,1.632496019655988,36360.14551835696,-1.7371868727795743,-3.062813127220437,-0.3162762680439558,0.30953552116617755,2.4710021389743837e-05,0.0002133997620087672,1.2972143984590464e-05,0.0001216351960705363,2.9984667202273315e-05,0.07645182230051618,1.5497487668069163e-05,4.901623189024113e-05,0.021136062229556232,0.014006807401109544,0.03153801704475044,0.5681789075101843,LCO,13,12
-17444.336846887403,2.454475712330067,0.013486699781604605,11112.44411397336,-4.193081294328309,-0.6069187056717027,-0.23991815652978532,0.25776830438053666,1.695041477354979e-05,0.00015194521460523846,9.853106819427962e-05,5.950326204166849e-05,1.2463128303682976e-05,0.07255705059697648,7.8497739778187e-06,4.887944620262281e-05,0.0050914947962558575,0.0439408818567798,0.05570552315981514,0.5904354384536198,LFP,12,72
-11874.02077214186,2.218928609828372,0.008547424288729096,11180.28955841486,-4.336201650914077,-0.4637983490859341,-0.11545894180691807,0.2147220051603232,1.6696697767066922e-05,0.00012408633930987168,9.793908157811331e-05,0.00013977961448063158,1.5711652719805613e-05,0.08912647610043836,7.82960689967966e-06,4.86244402032318e-05,0.00420591666288945,0.18335319407655915,0.050531176778515006,0.5806566873380078,LFP,12,90
-58983.5730494717,2.5914828481904877,0.008728038569559213,53118.00287543454,-0.4867588927103057,-4.313241107289706,-0.4264869019080231,0.2062855088743305,1.5931946122433705e-05,0.0002043551113044598,6.304617058961281e-05,6.004371937487914e-05,1.5125515159041258e-05,0.08374487754677734,1.522689541536961e-05,1.772395250569499e-05,0.008619358602856817,0.019305876688801578,0.12437296640401027,0.35983425499916516,LCO,13,89
-25236.22772518652,2.348987098385804,0.009576719154675426,20216.578635150636,-0.517514238521656,-4.282485761478355,-0.11096031725741595,0.2355884543290798,1.636417336019247e-05,0.00024673555476198596,4.5428286708920697e-05,0.00014232710677257422,1.7026831931413352e-05,0.07637722734421633,1.0650075164545013e-05,3.7334329162307835e-05,0.005825262232256512,0.053742777133994654,0.18347682613926677,0.5818200794693227,LFP,13,91
-15143.60227293472,2.706579423442065,0.18886269476020717,2506.6752896066264,-1.555801442318831,-3.2441985576811803,-0.16628337731423748,0.2797862030660992,1.985338006461798e-05,0.0002481272951830609,8.574980865207512e-05,9.7157669151392e-05,2.6514738360983544e-05,0.09206849440602015,1.9173123642180367e-05,4.6554929980153516e-05,0.004754191987239034,0.033232736590606965,0.24452316311582345,0.48596072297933207,LFP,13,14
-359723.28665058763,2.5883892541733644,0.017090234197607156,145306.6108524245,-4.238557585199146,-0.5614424148008652,-0.20256744864538467,0.33464413656466957,2.7043069927562803e-05,0.00019625508343379194,1.9154225009375515e-05,4.139618596953282e-05,2.2084292859145935e-05,0.055599095498405034,6.774679406001361e-06,3.4399143131910126e-05,0.02144981596552439,0.05402187083797037,0.5193941869673269,0.15401649354931812,LFP,12,75
-372094.0575463046,2.4730304997153096,0.01673062568822784,188906.03918143283,-0.38806688292498137,-4.41193311707503,-0.3730701921130798,0.2525673238971117,2.0655091928460474e-05,0.00020462706104789762,4.0017199862574414e-05,8.626277313818407e-05,1.2638552005787793e-05,0.09306226276662043,1.8650304976280825e-05,4.424321574175029e-05,0.018742963148227793,0.01092578614733895,0.28380988132774454,0.26219414041183675,LFP,13,62
-691155.8396300129,2.6363339004688884,0.008983637955963351,540005.0586065482,-4.385939079829022,-0.4140609201709893,-0.6702290489183085,0.20723503441315688,2.7006456631092457e-05,0.00022578586945019003,1.749026286325361e-05,4.090873733026683e-05,2.4548766560599755e-05,0.099999919009675,1.3836553590202197e-05,4.634013449744324e-05,0.024604485316719174,0.07903757411728113,0.06364627512666984,0.11708710183774061,LFP,12,98
-50019.715447430775,2.502377297918032,0.015196162487901519,27008.583492393504,-4.224861604705808,-0.5751383952942035,-0.1645279077606855,0.3168319230313182,2.7524472156412993e-05,0.00021595941024961325,3.0332859361177956e-05,8.042134851901867e-05,1.5790560084469576e-05,0.09917224591366268,1.9327681631820855e-05,3.3410605066489933e-05,0.006772626982309117,0.07823737109947307,0.08826662068784977,0.5989681004519917,LCO,12,76
-183268.5831894696,2.9996087917030083,0.23948595033273984,24465.397069862116,-1.6955935706967793,-3.104406429303232,-0.44492357161162577,0.37613842825643695,1.211392582968153e-05,0.0001975098504032987,6.275104869298787e-05,6.063218136421515e-05,2.332649289202028e-05,0.05603167630537647,1.5238557875387562e-05,1.808130732479124e-05,0.01872250754548836,0.01120986720966219,0.11404640423880788,0.3598201569399042,LFP,13,13
-12630.438931809655,2.5145600922320748,0.00897834208071304,13395.523355519665,-0.5000019119932517,-4.29999808800676,-0.13567614948297257,0.2201964701939268,2.8409281623647524e-05,0.00021563232550508176,9.596408294233206e-05,6.890551682631771e-05,2.140367084709119e-05,0.0986486313129423,1.997495680604285e-05,3.402761658133733e-05,0.004258084425510815,0.13744225730219387,0.08829134707348701,0.5685902461413466,LFP,13,90
-259519.05945549402,2.352897551003112,0.016123053157775864,188876.89361121427,-4.410839993629118,-0.38916000637089354,-0.1896041026995786,0.3752603794154183,1.4705154513000402e-05,0.00019238550653813495,4.761349229251097e-05,0.00011763492463614474,2.9743513178808787e-05,0.04601317040770605,1.959472439978307e-06,3.856626627061416e-05,0.023544388464010038,0.01571585207195292,0.40623379676813587,0.31844624846033265,LCO,12,93
-15324.731420053966,2.754540290956612,0.08900720537590748,3318.787797344044,-1.5144411829495894,-3.285558817050422,-0.32439953047178427,0.23282689354030173,1.645007202275e-05,0.0001958881028491321,3.233262557698774e-05,0.00014316919866129446,1.278187080013191e-05,0.07941713630024874,1.0635852816915122e-05,5.4600565200374925e-06,0.005652469713986727,0.05529907228348109,0.0663261851505072,0.48397521209422745,LFP,13,14
-54116.60601217805,3.953107505792527,7.321592637994823,6049.040283317244,-3.215626572696287,-1.5843734273037242,-0.3877474006575735,0.2859317788236222,1.9741435030153712e-05,5.852745514410779e-05,3.668527951344729e-05,8.291522993613234e-05,2.7144963425693535e-05,0.09225246206971914,1.7850504720834612e-05,4.992974885607587e-05,0.019554263676741734,0.037215612439684534,0.2451300062206359,0.25990698068210616,LFP,13,2
-12007.3417846319,2.1892894020291616,0.008615360805293288,15500.539161713923,-0.5061894327881902,-4.293810567211821,-0.7443911327926533,0.2084770559366277,1.2213681944788365e-05,0.00011074665415369217,5.7799452386940076e-05,0.00014221197375945363,1.8740608045829138e-05,0.046879748451657835,8.46662310108503e-06,3.861170558122921e-05,0.005814050429217892,0.01891767644771148,0.02597417871464906,0.1407170120449861,LCO,13,91
-457219.3790726713,2.455899565876033,0.011072791487935798,236275.53776733362,-4.347859397134229,-0.45214060286578217,-0.1885700837833446,0.2649517975562225,1.3200822953160418e-05,0.0001890489742350555,1.4402207284772462e-05,8.033384703566901e-05,2.678739855319306e-05,0.0800251386377585,5.034386416346384e-06,3.837789687179048e-05,0.0205666254687181,0.014537568588032262,0.5393515526867689,0.18754079494185427,LCO,12,89
-17198.221942488723,2.3333466240580907,0.011536978830340727,13339.99087853203,-4.355061568320316,-0.44493843167969516,-0.09880006193981272,0.2512002345736752,1.7858598438280956e-05,0.00022009489512159517,1.2271686851286816e-05,0.00013984259314161866,1.4771158546089258e-05,0.09899251018621795,8.527686099708509e-06,4.393705002347317e-05,0.004349231948972866,0.18006066368119206,0.05559576582890624,0.5955435085500891,LFP,12,91
-19566.030223671733,2.706423094334452,0.05658069895112057,4833.281760405483,-1.0938665052524854,-3.706133494747526,-0.31678037772716217,0.21877461326064523,2.8606836748178907e-05,0.00021308738652566758,4.579247516630849e-05,0.0001088764480326403,2.4826624186950935e-05,0.07987286078416217,1.4681265105282139e-05,1.800897801157786e-05,0.005832917035540056,0.04386394992500163,0.08399284177964439,0.4853628305681918,LFP,13,20
-25808.514124013094,2.0560062303575686,0.011706636808572861,32403.989929080988,-4.214245727663716,-0.5857542723362954,-0.09170154638655459,0.2434313919831585,2.644774210070806e-05,4.42905721061502e-05,6.549044980973254e-05,0.00012461235104137744,1.4547143398068928e-05,0.06569507636925956,1.66022056957516e-05,4.942481337043641e-05,0.009338303327814646,0.3146305498853318,0.03389749799922649,0.4897704057288872,LFP,12,77
-161658.76972531254,2.781035727632715,0.3613027317320334,48023.16454415418,-1.6332779452870625,-3.166722054712949,-0.038254388619442636,0.20079674427477967,1.6935577443158515e-05,0.0001753436289286919,7.602106255628628e-05,0.00011691737277798821,1.316029166928392e-05,0.08667007081219269,1.5260990518021716e-05,1.805005879064608e-05,0.0222585782023693,0.4966627255156467,0.04953066754624603,0.3455522183186647,LCO,13,13
-15056.547188092285,2.2524282041876633,0.012349953911589268,16811.441438468686,-4.361750130529174,-0.43824986947083744,-0.08275496590932585,0.28115278470455135,2.5042902344883016e-05,0.00019589159924036172,5.756621074230216e-05,0.00011174194585871835,1.2912998506988084e-05,0.09961626881163545,6.770229109821282e-06,4.9691604482430774e-05,0.004924973335440201,0.3172286591413267,0.18757006642260696,0.3424463085267405,LFP,12,91
-11462.033102861018,2.1985240402220514,0.00854098481188214,14899.132148031918,-0.5041498485235181,-4.295850151476493,-0.5779944396185728,0.21275377049346944,2.9164506320181566e-05,0.00011934712335805506,9.768845991453047e-05,0.00014519579591409072,2.3681395874148274e-05,0.08444328629095918,8.476128740353723e-06,4.98521609036334e-05,0.004447411925846832,0.027418641439723015,0.06306498593431556,0.2615219330073887,LFP,13,91
-15897.638313266081,2.524893118188261,0.008864728204283101,16262.91217006154,-4.322463605020033,-0.47753639497997824,-0.6984124611940992,0.21116681090193745,2.339425876217493e-05,0.0001890552062607994,9.80310208092609e-05,5.8326430017558546e-05,2.797540645206316e-05,0.08001679508139278,5.4888313585976735e-06,3.834993907318745e-05,0.00492090371195017,0.014421005843060932,0.06224274962260187,0.1549237833402381,LCO,12,89
-246799.84518681644,2.1870511028415462,0.010685652933035103,202742.1871907492,-4.371027803236274,-0.42897219676373766,-0.24886221767168026,0.24935647150230877,1.4407805114223804e-05,0.00010265213622609256,4.6370044749286936e-05,8.972664554589139e-05,2.478958327613427e-05,0.08039870791258907,1.5362858161750306e-05,4.978876746665229e-05,0.018522480257969556,0.045544541196644264,0.2069549241727919,0.42863831695888355,LCO,12,92
-8947.102990063364,2.4546838341134025,0.9066144220563028,846.2415101920368,-1.9868972126143234,-2.813102787385688,-0.2436537782552649,0.6496206272724059,2.482263508119934e-05,8.451925110010242e-05,9.018640851008044e-05,0.00012569708993613487,2.2004300694721396e-05,0.040559652513782275,9.80707967971901e-06,3.274781023991401e-05,0.0044913644186761765,0.09750747312989087,0.1169041594524185,0.4719345891624258,LFP,13,12
-3825.5211750653107,2.1734370317179335,0.015432382103116477,3280.2966675271946,-0.3977620458705218,-4.40223795412949,-0.007745952914779974,0.24235448621721062,2.062693198117793e-05,4.0943228960296514e-05,6.025745927065871e-05,0.00013246717754267584,2.7015145152735715e-05,0.04020917010121511,1.982740841386103e-05,1.782949450844049e-05,0.004148892642691218,0.33757991300996926,0.08357848194839206,0.5010956521268588,LFP,13,62
-4184.737975014654,2.1136479995287907,0.03017230141105549,2606.7566861410683,-0.6179573797186961,-4.182042620281315,-0.1232163250574253,0.2527448741425167,1.2397505984902398e-05,5.863953903480468e-05,9.140464431776633e-05,0.00014300991512188098,1.632122024881333e-05,0.04237845481880018,1.058480265367068e-05,4.1142836824858404e-05,0.004042125435826747,0.17108973669962385,0.07586393364191103,0.5598300046010398,LFP,13,44
-5480.849141541457,2.207936728204961,0.013528699063962101,3790.0516206309985,-4.20791658390263,-0.5920834160973811,-0.21135233309040735,0.22471713934028914,2.6014468390056242e-05,0.0002226775110811095,3.2114269021096244e-05,0.0001273156078461448,1.852834443289274e-05,0.04211914700179418,9.765962298839265e-06,4.8234388874991954e-05,0.004052921717424399,0.5249921112415279,0.02184543820693167,0.17181011746113314,LCO,12,65
-5068.1521608846915,2.095456733187004,0.015432382103116477,3531.234234567392,-0.3814362685960049,-4.4185637314040065,-0.2701778742920222,0.24254930545275433,2.064421026341445e-05,5.5000997418933737e-05,6.0283771579238136e-05,0.0001278821761305558,2.7909453589217124e-05,0.040209709744296745,1.5744027031995498e-05,3.4830756159073335e-05,0.004073580512717902,0.09775411586101997,0.07593465821605727,0.4861333516309006,LFP,13,62
-657082.17815103,2.530373376165598,0.05015728136698948,105782.77441542086,-4.631035175265197,-0.16896482473481456,-0.22353446222138107,0.2176851788002219,2.1145237695564317e-05,0.00013623536148832407,1.70978764541753e-05,4.332500286222069e-05,2.37126789321438e-05,0.09900175105777506,1.731068185131732e-05,4.822654112028107e-05,0.022147025724160593,0.023930390528491198,0.47818479644151257,0.2043503508086152,LFP,12,29
-6292.435341080298,2.4355037958484087,0.014492741916780252,3689.722789188548,-4.255839389312307,-0.5441606106877046,-0.2930071965247236,0.24267139646377456,2.1946772028937e-05,0.00012885238012848088,6.226297709708725e-05,6.778440084405534e-05,2.5456171398804944e-05,0.046405422142871515,1.8903599980256665e-05,1.638276972918552e-05,0.004043164859554189,0.4813233454117709,0.07415585377563147,0.08151360428787399,LFP,12,61
-5861.8402137340345,2.229639217656985,0.011575309491362252,4231.573761426458,-0.3547797998548532,-4.445220200145158,-0.018836049229466467,0.2274001213362795,2.7128380975738876e-05,0.00021838929086044766,8.47186982986885e-05,0.00012746741099756208,2.3493717355382487e-05,0.04175420418723871,1.1641959536003017e-05,4.572744459501218e-05,0.0042866296318318856,0.4743042604791624,0.013976849317053563,0.4228828409743176,LCO,13,66
-672056.0979621402,2.5709056238146126,0.03026648205213651,113282.58648104985,-0.8854486239869743,-3.914551376013037,-0.2085833290879141,0.2177872387762603,2.1100781229649823e-05,0.00014194645096014856,1.5059898327368479e-05,4.162464251582119e-05,1.9574875291921387e-05,0.09799871128418935,1.7289392192765958e-05,4.810720470818697e-05,0.023322333974808516,0.027608330402248794,0.4768869396557297,0.21692140085410752,LFP,13,26
-632352.8205101825,2.6700056374413013,0.07815586307320818,93348.36645731548,-4.79168630786198,-0.00831369213803157,-0.35171290009448575,0.28456379992203745,1.86029021476578e-05,0.00020900799551896545,1.9209006900433277e-05,4.0315040593657284e-05,2.06881137977256e-05,0.09403857056117024,1.993079361259191e-05,4.766831056666999e-05,0.02233722516009458,0.023345500907321067,0.41872549868963826,0.1362161003085549,LFP,12,24
-6053.222008777659,2.578298341064997,0.012453753546195748,3372.2645136609367,-4.251650069584343,-0.548349930415668,-0.4086944635246963,0.21656493216779926,1.709502783003884e-05,0.0001776167050423838,6.0108093334023007e-05,0.00013053698006056498,1.591681523332824e-05,0.040112139678813476,1.8400835234156872e-05,4.551934918899586e-06,0.004014465188489952,0.23821432321045233,0.06904397333586154,0.21404723992898989,LFP,12,59
-4504.592835300495,2.0635325928066663,0.013251760606590085,4647.790462704708,-0.3642987736869756,-4.435701226313036,-0.02905344857797687,0.23575458806720473,2.902200309420047e-05,5.0108572413467797e-05,9.100702440672954e-05,0.00012744081977876284,2.337315965917702e-05,0.04128545585662836,1.1663724025631475e-05,4.595358661249221e-05,0.004719295389007515,0.4745335408024926,0.015197996603626834,0.4112150140159038,LCO,13,65
-635472.4115553467,2.6348274940211747,0.009091436908741521,451558.8652317592,-4.381989462230237,-0.41801053776977426,-0.20091119368247135,0.2072668527123382,2.318516852635402e-05,0.00024935078282073463,1.754016645077567e-05,4.434248319730993e-05,1.2799493891700733e-05,0.09894799953348463,1.912018785861348e-05,4.634170406546116e-05,0.02409018103226999,0.3082829452826096,0.07931556963216255,0.3414902914027566,LCO,12,95
-681050.0332468395,2.6156286576490175,0.0591340411242874,115773.89710067543,-0.926317364306577,-3.8736826356934344,-0.3204809074760857,0.27380737241839015,2.1075873349743165e-05,0.00013923154264295032,1.3253537763400094e-05,4.153069071396607e-05,2.9133919715967942e-05,0.09800533424440631,1.715629497792839e-05,4.676395508778882e-05,0.023351623311790946,0.08422749254701511,0.47143306179062805,0.05385853818627119,LFP,13,26
-5555.965584509952,2.2764153748241,0.027831574988266317,2863.3972158772463,-4.378739123474759,-0.42126087652525257,-0.1014169627904854,0.35504781813067676,2.5188005136763407e-05,0.00017832746727923653,9.948584020266975e-05,0.0001260851529990141,1.4505405759886864e-05,0.04176849034046935,1.8479530997981805e-05,3.099396788707159e-05,0.004011401362067767,0.4821740781522219,0.08697256938431049,0.25943638967298227,LFP,12,55
-6026.04130962359,2.152499187422333,0.013943912429284597,3793.371479052656,-4.195284036784855,-0.6047159632151562,-0.39372801587509476,0.24176325976044902,2.458292892661623e-05,0.00010817336907170103,1.2337559096587878e-05,0.00013522535855264818,2.9174816994245303e-05,0.04076316203443427,1.264554894348121e-05,3.044042466505653e-05,0.0040402462463141504,0.48006420969140257,0.016651843477234893,0.03955593095626779,LCO,12,68
-657082.17815103,2.5602157989965195,0.05155998358003522,95149.48943133051,-0.934266427267282,-3.8657335727327293,-0.11771232145930488,0.2747041297686657,2.7132095864695282e-05,0.0001427447918283046,1.908166638840736e-05,5.3244525595526094e-05,2.2101698007245032e-05,0.09601764996605668,1.93149246215805e-05,4.861543465276927e-05,0.02215460096481885,0.12202756586643947,0.47308531645620133,0.21717479621805436,LFP,13,26
-567396.6215737752,2.4409246532237088,0.04198918045268788,87926.29481894894,-0.9116374732243386,-3.8883625267756727,-0.12584274011461505,0.2501505932440265,2.3793155819855703e-05,0.0001069326257219084,1.3221059922582107e-05,5.811331299038805e-05,2.9130188242782873e-05,0.09082770907351244,1.8935617311587546e-05,1.5157317635001049e-05,0.022196326952138967,0.051052911152116444,0.5003410145082461,0.25276333422502256,LFP,13,26
-5968.903860524791,2.5365436031250654,0.023837075477551036,2802.0804777365,-4.428172327838169,-0.3718276721618423,-0.18918554540446042,0.25401740536034234,2.506034883864715e-05,0.0002156983828930021,8.401529563255765e-05,7.962836106610233e-05,2.747916299370546e-05,0.04041030453330048,1.8353519236037225e-05,4.4300079233402885e-05,0.004324943746558077,0.26851464142146453,0.2679090313498944,0.20439078182418072,LCO,12,46
-683926.0022952269,2.665481812141237,0.604409251660155,101689.33029506312,-4.731824279428309,-0.06817572057170196,-0.434013472091065,0.29039965585987154,1.7464232178394655e-05,0.00020929569268278873,1.5710960306897845e-05,4.009707562161769e-05,2.8804001575547168e-05,0.09409826660022498,1.9246798823073175e-05,4.7669963494602895e-05,0.022197133690938137,0.022741009177292028,0.3560164196584753,0.1172290990731677,LFP,12,26
-6148.117863202936,2.087444177875431,0.012894607116563924,3850.5381063729014,-0.34623509558488763,-4.453764904415124,-0.3017970725987774,0.23574120342015192,1.6677175873556566e-05,4.777902581498081e-05,4.5920337703223425e-05,0.00012723597944188557,2.99061175877041e-05,0.041777490947737035,1.670328303452998e-05,4.5979063414435095e-05,0.004023825010413943,0.09267560504560579,0.014652833204901943,0.5208744891507149,LFP,13,66
-5739.795100616274,2.546788937562197,0.008471476778010292,3551.4430227703833,-4.220238844425381,-0.57976115557463,-0.2750885228252643,0.24355155556789695,1.706768178971499e-05,0.0002303659365322446,6.02864069476944e-05,0.0001266156063432974,1.5574955890244532e-05,0.040107729403564496,1.4506521135377415e-05,4.06801001765196e-06,0.00407574847379796,0.0974196545501748,0.06592848045898114,0.49156334216557984,LFP,12,63
-578260.0533328599,2.7482548694948767,0.05363625554934463,82195.57710048597,-0.9309651309003328,-3.8690348690996785,-0.007889105431532983,0.2628560207996692,2.3928865118505488e-05,0.0002447935476395719,1.14695868350343e-05,5.8338625677437726e-05,1.3315159762779612e-05,0.08177115821182848,1.724732416259564e-05,3.795585934132318e-05,0.02217099001410664,0.09842633516004023,0.5596181258862414,0.2640664335221854,LFP,13,26
-107250.15575184405,2.123779434521132,0.011854724954893016,106144.91671197071,-0.4902818955639958,-4.3097181044360156,-0.47722287184043066,0.27095347849341567,2.3909573692418018e-05,7.011007193800697e-05,2.363043002511033e-05,0.00014789256921925745,1.54741153397821e-05,0.045169086634448616,1.5949170612671885e-05,4.674736804756862e-05,0.0169613815484667,0.012863230523252018,0.4091962770777109,0.030717620558606506,LFP,13,88
-548739.939196779,2.60746993721225,0.03691071220452505,90679.19599809404,-4.76210499634341,-0.037895003656601034,-0.18996725152667715,0.2689605367842444,2.205304806176152e-05,0.00017920835413530694,1.2638698935502802e-05,4.444718708560988e-05,2.0711538175519376e-05,0.09819414558292555,1.8088142067006234e-05,4.8105728146086545e-05,0.02205527897986687,0.07116949080378086,0.4692494800173847,0.1996137776521574,LFP,12,25
-657082.17815103,2.588305653656134,0.05573422799179104,93540.24353562493,-4.745537914936811,-0.05446208506320005,-0.1967614301656403,0.28561189628344474,1.971405612574886e-05,0.00018380699664115075,1.9283103905062124e-05,4.465767919015669e-05,2.44005438392587e-05,0.09404888868195234,1.887415423106276e-05,4.5984633614368105e-05,0.02234202483872461,0.1006055203254485,0.43929200943591784,0.1933410400729934,LFP,12,26
-597201.8755084354,2.5110737912278873,0.04680244782356422,87565.33950965517,-0.8913160515046599,-3.9086839484953515,-0.10891252435113552,0.20753814374374938,2.085903818231221e-05,0.00014223168092993956,1.9204811093872626e-05,5.3231710703666056e-05,1.953544413153943e-05,0.08607326198450116,1.925118049636057e-05,4.58937450735134e-05,0.022199718641742815,0.12265091917218884,0.4697925746770945,0.2286439817995812,LFP,13,26
-19177.430668853027,2.102846309604675,0.015821664600695142,20719.115150201676,-0.38293308841679874,-4.417066911583213,-0.2899031440911972,0.26702334025221364,2.109958929777896e-05,5.3985007513459655e-05,1.3679388457744804e-05,0.0001108249164785521,1.4310587949819438e-05,0.09830998599874044,4.285414115189569e-06,4.6173942323139624e-05,0.006194494927285512,0.11624444163085143,0.4699233758735121,0.05392903840443926,LFP,13,65
-5687.654818376912,2.5738189849521236,0.01696640483131108,3525.022367440663,-4.261179640896678,-0.5388203591033331,-0.5472551849772282,0.24427494445824713,1.7153522042592365e-05,0.00015309154268018473,6.028925638444921e-05,0.00012475104148452107,1.5921985278134127e-05,0.040112140882041,1.2731573535804689e-05,4.554216037647459e-06,0.004014007944270729,0.23922918612263197,0.06447952413690458,0.07903610476323529,LFP,12,59
-4975.404545761131,2.067979518898345,0.016996697714142448,3284.0002540216765,-4.242628275371786,-0.5573717246282257,-0.3867787971454798,0.2165531703882445,1.553321606690094e-05,4.456325182939714e-05,6.35010786329639e-05,0.0001068611218587783,1.3697949361186569e-05,0.04006454199168,1.859588402436122e-05,4.9575094213410564e-05,0.0040113232129232075,0.24974445986242727,0.0793845519321467,0.2140921910599462,LFP,12,60
-582731.1541492965,2.2704219012115088,0.034492898133744586,94416.0613181161,-0.8782892569699428,-3.9217107430300686,-0.24458007897666956,0.20547809738913647,2.1785910711889516e-05,0.00011571151036515365,1.8216143001774735e-05,4.30917654160639e-05,1.4167012666466392e-05,0.08908292840971468,1.9235724799998544e-05,4.607593673724978e-05,0.022189921479767453,0.06504476144854424,0.4250084604230667,0.1953666991517195,LFP,13,26
-563369.4447094016,2.738921411181418,0.07540751184411607,77979.14698305943,-0.8868905790448736,-3.913109420955138,-0.03912192890658128,0.2005709503962936,2.520753672107355e-05,0.00024567390283706863,1.6755890848202746e-05,5.235914434236069e-05,2.934072472237824e-05,0.07827757397766746,1.707596831193459e-05,3.792701896512041e-05,0.022211964641459216,0.06683708665804156,0.5596151588915506,0.2644258255438266,LFP,13,26
-5219.185630367634,2.5015982612275716,0.010063072139748608,3533.541344230153,-4.225038868690419,-0.5749611313095926,-0.32672163568950796,0.24411531067665201,1.5545608422069675e-05,0.0002318886587118061,6.024586587816748e-05,0.00013252738022161346,1.5331105078533513e-05,0.040209728457894424,1.8194184054911563e-05,3.3530214454740323e-06,0.004042666962724765,0.0359883043807674,0.0658721507169904,0.5014179092127343,LFP,12,62
-524891.8233757879,2.6263751869536165,0.03550313848511133,80685.98149271961,-0.9486862572736428,-3.8513137427263686,-0.1364990881016086,0.2476705652445831,2.139063134704168e-05,0.00017695529261248225,1.2363098261955793e-05,4.437981939505516e-05,1.950317038562685e-05,0.08248900081277603,1.8983230019444353e-05,4.812557940520489e-05,0.02200619506949068,0.133205565463792,0.484389241667451,0.17590610476714838,LFP,13,25
-577851.6027159684,2.3333556448743784,0.047882432104272406,91240.67316806813,-4.61634186186992,-0.18365813813009169,-0.20904809879772934,0.22333148465305927,2.0848245510037218e-05,0.00011561844525827834,1.873332072555369e-05,4.2988566786144205e-05,2.7993804188903743e-05,0.08455111676218183,1.6423831718541388e-05,4.5085111318814185e-05,0.022191894353470645,0.015655233631013333,0.5008965552912799,0.2044001122799776,LFP,12,30
-6609.304827362934,2.629785166568202,0.038602854374255105,2271.5211157305007,-4.488395971374004,-0.31160402862600733,-0.10095403222208599,0.2434303572575972,1.915432787134119e-05,0.00023783763302379768,9.140490040526152e-05,0.00011945566260591857,1.557457704377026e-05,0.04344039366523449,8.82776705326094e-06,1.3917917961011992e-05,0.004075867208954308,0.17193704497099604,0.06562217970427574,0.5914867431026423,LFP,12,40
-550857.3301009638,2.576238954967861,0.04680244782356422,83350.6717629279,-0.8919003027369072,-3.908099697263104,-0.11576943188315725,0.2075367231173951,2.1213012216538343e-05,0.00014181259222960613,1.923185977721319e-05,4.36751848280337e-05,1.9535378646042186e-05,0.0860101743169504,1.9861830746978507e-05,4.812859241216058e-05,0.021709514634366406,0.12282753177108921,0.4798954169892961,0.21150761935645743,LFP,13,26
-6005.539282434676,2.3957341346375407,0.010681206410594096,4110.512596847545,-4.188252002097002,-0.6117479979030094,-0.2594849965530692,0.22452060661572673,2.4561921306135742e-05,0.00022374844913944313,3.255911175509045e-05,0.00013880537124809033,2.9417387026349428e-05,0.042739042396049524,8.470426168008486e-06,2.2237824159506785e-05,0.004058720588041132,0.4798269289449543,0.016533976855728976,0.17415409764624748,LCO,12,69
-632352.8205101825,2.7015739286629863,0.07815586307320818,90492.37064838267,-4.795112915387065,-0.004887084612946069,-0.19011682923644302,0.270089440255002,1.8537907242048108e-05,0.00023768559693603019,1.92094506556849e-05,4.004419670213995e-05,2.0654320122367294e-05,0.09624695263067447,1.9933932136903116e-05,4.861849619707126e-05,0.022339545961308018,0.1229572424462196,0.39895012537018515,0.21797580294715224,LFP,12,24
-625668.7843539964,2.7015739286629863,0.07600708799262705,90347.1997235982,-4.7866527038417175,-0.013347296158293886,-0.23048957664171732,0.26292880600828517,1.9726196635213558e-05,0.00024195982366776215,1.9285596191053824e-05,4.008645797142003e-05,2.0451881931569246e-05,0.09469458505674018,1.8377976679430813e-05,4.5980111065512314e-05,0.022338421360243804,0.09897791209265477,0.3819540335583417,0.21857847770728625,LFP,12,24
