SpecificEnergy,SEIGrouth,TempIncrease,Price,UpperViolation,LowerViolation,VolFracViolation,C,la,lp,lo,ln,lz,Lh,Rp,Rn,Rcell,efp,efo,efn,mat,Ns,Np
-154112.72217925554,2.2551431094940764,0.002769062655541969,35221.795244376706,-0.2938998584978947,-1.2061001415021053,-0.17058452239804345,0.20067747805888997,1.5382314396522775e-05,8.105518053412464e-05,6.182785495635607e-05,6.496356119624271e-05,2.849889220455969e-05,0.047663350725801676,1.270094603880582e-05,4.6118026476242275e-05,0.01774075155822925,0.056090064576595,0.5342244049851218,0.16910100804023975,LCO,4,93
-560943.7185080617,2.213439535428898,0.010626044661761903,43260.49431116923,-0.3057849595470117,-1.1942150404529883,-0.4530600905263824,0.28491703152674425,1.4286202005235058e-05,0.00010485804509726139,1.820045246876371e-05,7.30637951288902e-05,2.2903892669332134e-05,0.07593759520935912,4.2697212861526e-06,4.8653345634078964e-05,0.024772861471801466,0.024531258880238754,0.2803744593505496,0.17203419124282926,LFP,4,33
-61232.15289964868,2.363705066594175,0.009233193786205317,3659.3097858775077,-0.13432116550329987,-1.3656788344967001,-0.2889950742729952,0.30311927303608494,1.2467113253350941e-05,4.082070405850875e-05,3.0427583772102102e-05,5.3083115042385855e-05,1.528766575042989e-05,0.08263611373060094,8.359015969413494e-07,4.571913470569704e-05,0.007080740738318948,0.01564077508988273,0.5996959492031764,0.025668201433945725,LFP,4,34
-4124.15051698201,2.0319996964343385,0.005528598459852923,1495.1152766373802,-0.2868455329821309,-1.213154467017869,-0.03519180510832132,0.3805351814892885,2.2218930415238282e-05,4.1878463353183595e-05,6.076384072371821e-05,0.0001311126544706746,2.3058864969155175e-05,0.041768638234872466,1.8929129068117333e-05,4.239848691587025e-05,0.004518469168679185,0.5028950235056043,0.31168504567049105,0.08022812571558334,LFP,4,74
-239794.63424967433,2.1992126302521067,0.0063578995952503084,30944.379437544514,-0.2838290650817097,-1.2161709349182903,-0.17635884485142062,0.2316098588198042,1.2699284204617829e-05,8.895541258340421e-05,3.594739059186054e-05,8.110486896793338e-05,2.9827319786238015e-05,0.04919472288129893,2.790242200827826e-07,4.841967448889956e-05,0.022799945826658674,0.15479395206400245,0.5848605049625292,0.013986698122047767,LFP,4,48
-40838.05713151574,2.1806953611038775,0.005460533693701234,2773.553621173224,-0.23206849351455716,-1.2679315064854428,-0.332081212879491,0.3660001750345024,1.2419723948441155e-05,5.96514086170097e-05,1.0281898091028927e-05,5.793654557589124e-05,1.4921788524803874e-05,0.08582485803681672,1.8091528647453124e-05,4.513469236533402e-05,0.0040683816040659815,0.023435760307361966,0.48054960615706543,0.09393342065608164,LFP,4,74
-26235.397378439742,2.1773941380297863,0.004712049404441665,2842.1073693376607,-0.32253789141577727,-1.1774621085842227,-0.11232917441018642,0.36747856135552825,1.75013436953264e-05,4.267749115783027e-05,1.0865394928708909e-05,5.796346608640687e-05,1.6512090614315165e-05,0.08485098165089147,1.8328024568102806e-05,2.5046711354528285e-05,0.004299755258910519,0.23219169049064708,0.49190879615547056,0.09357033894369604,LFP,4,79
-271149.1324817021,2.422814689217617,0.00504359370965483,42686.346104134696,-0.29591755814710474,-1.2040824418528953,-0.2147411524940105,0.3591799346085183,1.5450007359330274e-05,0.0001489620586345608,2.390597950663661e-05,5.3005514407148074e-05,1.551817345248235e-05,0.08836635965803703,1.3063291235761061e-05,4.8055721314320434e-05,0.0161484037040884,0.04523159600930737,0.5738725892104819,0.0961546622862003,LCO,4,70
-67666.06279335478,2.1684515609276938,0.0173514199995372,3499.853899560197,-0.26882389270018336,-1.2311761072998166,-0.5877495480526774,0.21262502730347033,2.1764648473767973e-05,4.044332661246047e-05,1.0907338741036212e-05,6.0094576500787305e-05,1.6657693028831574e-05,0.0975840057131215,4.230342897830407e-06,2.5199619461562206e-05,0.008397258419782328,0.03672588557151194,0.16732624349402675,0.1381983228817839,LCO,4,19
-160826.12664103945,2.14539636163388,0.0029380060380160625,48676.974357507606,-0.26638140560544343,-1.2336185943945566,-0.8051410961704274,0.32548171973507645,1.2975816818937484e-05,4.821226386988779e-05,3.567637122911349e-05,5.0552434521231265e-05,2.9381765451384564e-05,0.053770226902566755,1.9070342963985674e-05,4.64365570494077e-05,0.017548848270950993,0.024941345679411267,0.025151991626967782,0.07476556652319365,LCO,4,99
-40388.55302682818,2.176672077077693,0.007353839872946203,2858.98458721712,-0.3085489637841228,-1.1914510362158772,-0.21616469350979783,0.3537886123284056,1.2419530989154812e-05,6.422379567665874e-05,1.1351198528494393e-05,5.345078992012041e-05,1.4920999614418422e-05,0.08582493876909442,1.962975922491042e-05,4.4905575890730724e-05,0.004690578026117947,0.022695929849070717,0.5971393863033343,0.09399999033779714,LFP,4,60
-180220.3536396243,2.4405967720683734,0.00530930337283875,31909.096919813845,-0.2633512320790601,-1.23664876792094,-0.7742803976291215,0.3896443855572538,1.292845848204904e-05,0.00010364488085025313,2.4454217160092978e-05,4.331930635852876e-05,1.2310015626966774e-05,0.041418387488814046,7.020598029352392e-06,3.308988226340217e-05,0.018975797126903646,0.09923266263344419,0.024236443012631614,0.03225049672480271,LCO,4,66
-91302.09480288399,2.1495732044910034,0.01573729339647648,3633.3349941075835,-0.2650686595276568,-1.2349313404723432,-0.3434786644642751,0.27224144546519835,2.9674020468965563e-05,5.546203545920552e-05,2.230261665930123e-05,4.359648192882483e-05,1.3325129672854282e-05,0.04920598483789805,1.7837470487753427e-05,4.2899504519089704e-05,0.013028615222401976,0.015257084199114106,0.4350465471609426,0.13621770417566825,LCO,4,18
-358868.54901817976,2.1683586841898235,0.004041660963397355,63556.25260953448,-0.2787998558383009,-1.221200144161699,-0.1301840380743836,0.42109228003451576,1.319847967793863e-05,4.785637067570356e-05,3.56912317822908e-05,5.054564240285852e-05,1.7763475602715494e-05,0.08135445009629433,1.8911894238129003e-05,4.531295130784254e-05,0.01797957335506001,0.02752790453752828,0.5412829873628827,0.23100507002520548,LCO,4,99
-505688.6424666465,2.240220140040935,0.03173603031790588,19682.78096248206,-0.22900912580398725,-1.2709908741960128,-0.5774097860571296,0.24631720033727203,2.17707488349469e-05,5.728586557625566e-05,2.6137995434855666e-05,4.5577366787677996e-05,1.6895580163760952e-05,0.09884250826304794,1.8338558529863184e-05,2.311139922080612e-05,0.02131788162377266,0.037727510817284954,0.18949384247882733,0.1253688606467582,LCO,4,16
-284295.41553279007,2.1750747554328806,0.006090678851534312,36537.74093166119,-0.32048880475258024,-1.1795111952474198,-0.17717984527202957,0.2599803799539698,2.613554996933533e-05,4.4692180558190535e-05,5.7410918985981796e-05,5.3504762479231e-05,1.236502957148335e-05,0.087920415738493,1.445452516265657e-05,4.161375900714628e-05,0.018116800614698586,0.014124373536349304,0.5971005342703782,0.14159524692124298,LCO,4,52
-693569.1849363563,2.1680842846476622,0.007391279642854876,58171.73953722218,-0.3713375456951926,-1.1286624543048074,-0.1730382396731004,0.2105483830844371,2.1767823200080585e-05,4.3199260335529505e-05,3.61515200760894e-05,4.411023733755584e-05,1.2080063782228888e-05,0.09790079335948976,7.426206987409245e-07,3.63726128415808e-05,0.02431833689061394,0.035635547489968444,0.582330362753733,0.13899585008319829,LCO,4,42
-69114.25414254176,2.1751197264868742,0.005267606120942352,8223.164045549916,-0.3841765550411935,-1.1158234449588065,-0.4601937651893191,0.20962203927188663,1.630655273290925e-05,4.1983476737093766e-05,2.4913072980436598e-05,4.2388430248771636e-05,1.701364647496644e-05,0.07803113466895564,6.499270925768007e-06,3.2970562012670226e-05,0.008950942265603206,0.0991626016948774,0.24095708122449425,0.1296865518913093,LFP,4,50
-406715.39798606845,2.1585191883404633,0.005477170320285654,51978.73575847161,-0.3033847527909934,-1.1966152472090066,-0.252095242502798,0.42135002115993464,1.355892048215957e-05,4.783816493202033e-05,1.2679656586081581e-05,5.041613952472912e-05,1.3739120424840444e-05,0.0854816506260126,1.8925663970925844e-05,4.512277803832259e-05,0.018227995473194744,0.011126781008667855,0.577325108715651,0.08945286777288321,LFP,4,73
-40615.22726859794,2.127324333034104,0.02023400171558714,1250.34963908471,-0.2435580095472858,-1.2564419904527142,-0.7405227913165036,0.20593746953933192,1.2337046099743306e-05,4.980757168653934e-05,1.0695487171689296e-05,5.342825587219616e-05,1.4136185160993127e-05,0.0857782547068695,1.9797703523178807e-05,4.6688269298398696e-05,0.005034969572064571,0.043382558864467256,0.05323774457185736,0.09285690524717181,LCO,4,19
-168131.278463064,2.151540116478796,0.0038125759832489006,42509.851494798255,-0.21902990768066033,-1.2809700923193397,-0.6418855740227699,0.38438612965139296,1.2174775091740277e-05,4.679240868430144e-05,4.693816227502491e-05,4.7462579596716915e-05,2.9447838037221203e-05,0.05373770312730421,1.90751156906433e-05,4.455233007018805e-05,0.017748848085697135,0.016642875692271124,0.2053861635843289,0.06608538670063013,LFP,4,88
-33497.56003015577,2.197352685187857,0.004182128973841565,4398.449962645867,-0.3189887519278578,-1.1810112480721422,-0.2754194463415316,0.3533732111600077,1.2419526264098008e-05,7.107873411952503e-05,1.5033424526398549e-05,5.325430723572009e-05,1.5045200143629616e-05,0.08599012251873608,1.966363379618444e-05,4.6193732492064355e-05,0.004982389725247231,0.012810057312984654,0.5486179334083519,0.0931525629371319,LFP,4,79
-174150.76645039296,2.1253039309318247,0.005510153099558503,54663.46711673874,-0.32946072523893477,-1.1705392747610652,-0.1476257792206046,0.41833335097120616,1.662203961662494e-05,4.4162049285527714e-05,8.230848732274654e-05,7.033794928105177e-05,2.8512641646832788e-05,0.08534850050212026,1.449450684445901e-05,4.61192395121207e-05,0.018296417644884693,0.07103617116755814,0.5120464447551664,0.19929160485667097,LCO,4,77
-10789.495192897244,2.1632758111531185,0.0026064958027319394,2521.717208253205,-0.32107533390597,-1.17892466609403,-0.2639469789649551,0.2046801703657526,1.2747237738446722e-05,5.552928389837075e-05,6.194973240386222e-05,6.501541413719421e-05,2.8598433921257148e-05,0.055685202943092635,1.2724075806059955e-05,4.618154716952098e-05,0.004213673587028224,0.03661203829958171,0.4962900097331786,0.1331509730022846,LCO,4,98
-8130.602666701432,2.1420976069870843,0.008033568228643841,1104.441455047734,-0.35368043117245485,-1.1463195688275452,-0.23680883176082757,0.5182687705128493,1.3569052626440772e-05,5.555163798578714e-05,2.8303601519140873e-05,6.577721020575234e-05,2.8655051134440428e-05,0.04175237245527515,1.8615263052375967e-05,4.5109641708803924e-05,0.004146464512971562,0.03677335896204356,0.5876573155960528,0.06876049368107609,LFP,4,62
-86921.77539505153,2.064105453758755,0.006583255466876787,24251.112228995484,-0.27585003053508217,-1.2241499694649178,-0.8005595661087576,0.2041532700782715,2.8475104924333064e-05,4.312997067960237e-05,2.661199116695464e-05,0.00013752680775422856,1.2175376595108669e-05,0.04569378177087396,1.4441855363822093e-05,4.3044192075523804e-05,0.018095141659681038,0.014035434219056515,0.09678802980695737,0.018616969865228566,LCO,4,52
-470819.4916629036,2.119130544973136,0.003022254108337925,93428.18752333373,-0.2518016912423029,-1.248198308757697,-0.2715687336780558,0.23145006595049628,1.3475052112362754e-05,5.4185880233659416e-05,2.0576979955536705e-05,8.238600609552099e-05,2.9986972778762698e-05,0.08489286749054738,1.864848281813256e-05,4.111472156123528e-05,0.023388754745673736,0.15464556568508234,0.4907254327963207,0.013060267840541241,LFP,4,80
-64840.31647707012,2.240079700239254,0.01667984122747681,3020.3061723007504,-0.32925179484796807,-1.170748205152032,-0.40880412423188484,0.21272998991469436,2.433703318935265e-05,4.04433152449423e-05,1.571793086295227e-05,4.236392121803199e-05,1.7176564912744004e-05,0.09376519772156904,3.1771134720501924e-06,2.1573101672328693e-05,0.008391676391241658,0.10048089771626334,0.27558172198134534,0.14513325607050648,LFP,4,19
-42997.964701069715,2.209372691836006,0.0055244563539345246,2164.2378174224473,-0.3319829946098256,-1.1680170053901744,-0.2253794502753348,0.25442408587923737,1.2242698395794168e-05,6.429105941087906e-05,1.1065617596119885e-05,5.3456803679057845e-05,1.4953219476646623e-05,0.0995235286940129,8.171881334345002e-06,4.8735209288347686e-05,0.004517181713719825,0.01686489402248234,0.5955432742346306,0.09221238146755231,LCO,4,42
-291407.06227981404,2.1702592106419067,0.0038927013239388538,47332.95857638221,-0.2558548487331276,-1.2441451512668724,-0.5259255670107996,0.3060617040141697,1.745899070827303e-05,4.507560442533794e-05,1.3058131392714616e-05,4.0618525654211534e-05,1.5566996945722942e-05,0.0827866732954908,1.7178088612637936e-05,4.642754687550082e-05,0.016562445617468217,0.025142715648913776,0.36606103244200583,0.012870684898280815,LCO,4,79
-189734.71272020036,2.084802102413537,0.004334492490132059,67561.97993888798,-0.2514892144676679,-1.248510785532332,-0.6075604589048803,0.4376787931288196,1.2725856892986363e-05,5.286929013032314e-05,4.80580297420851e-05,9.704708468014397e-05,2.9277226337088863e-05,0.04718198147005237,3.667986365346122e-07,4.966019632769809e-05,0.022847767995294588,0.01567818826923338,0.21660243365919254,0.09015891916669383,LFP,4,93
-37734.03594226205,2.190517314013586,0.004447987564784296,2816.6923125900475,-0.28814301110120333,-1.2118569888987967,-0.3868074736645125,0.3404888553711939,1.4100155355182675e-05,6.441620209760127e-05,1.4417917961211745e-05,5.016279972523173e-05,1.49509931096152e-05,0.0854799741684653,1.8953539905389015e-05,4.513951559932512e-05,0.004080980875694214,0.01451172325374573,0.43455991296382074,0.09412089011792112,LFP,4,74
-255907.94254470087,2.553939007223833,0.004728010085069167,43292.185455480074,-0.41330435491342143,-1.0866956450865786,-0.5847472092052443,0.21307141010471758,1.589659453868288e-05,0.00020476428711873576,2.9195774216520573e-05,4.63937089039178e-05,2.898079883537944e-05,0.09583184273518006,1.896075472807209e-05,2.1504250541313515e-05,0.016099339215678198,0.07813848581313522,0.05531656416803567,0.2117977408135849,LFP,4,58
-99726.15491981912,2.201491891408512,0.0036048557162058725,15840.764575788495,-0.3749060252014207,-1.1250939747985793,-0.6323366731117676,0.21285673903567257,1.4909169020863475e-05,4.2163690577623666e-05,1.7180183560431142e-05,4.2115175551161247e-05,1.7444610843340378e-05,0.09383723667196081,7.930473186614639e-07,4.126920493024801e-05,0.009829137343996631,0.10121696266455946,0.012863966745582767,0.1835823974780903,LFP,4,63
-76717.56768165107,2.43814637909904,-0.000600350858949561,33453.47679733711,-0.17785517001316897,-1.322144829986831,-0.7431177163468771,0.24661340079457758,1.2763397298068306e-05,8.139712647693708e-05,1.658536229848247e-05,4.000343446516801e-05,2.1659952507306407e-05,0.08762853062354721,1.1894518693662379e-05,1.0395371457033649e-06,0.011949479470479493,0.03134694491023233,0.027297368187027327,0.1282379705558633,LFP,4,89
-33858.10679887755,2.15096569943154,0.004868296521187103,2526.5731437860672,-0.3049069691669466,-1.1950930308330534,-0.6929146892316727,0.21479093386333942,1.7420945652657396e-05,5.4272951188013064e-05,1.1045629646473456e-05,5.7247822899723436e-05,1.4097784348129066e-05,0.09953437741581762,1.3262098928343112e-05,4.6908836942797e-05,0.004550033850854481,0.016099890539572795,0.05032265849753387,0.17066276173122072,LCO,4,42
-445617.6381516076,2.5742201387971746,0.0060280371095046935,37053.23874405233,-0.3175950144476296,-1.1824049855523704,-0.23947869614121908,0.2427223577807306,1.50266869254326e-05,0.00015228835439885042,4.009658462645879e-05,4.386362877743452e-05,1.4108619893453986e-05,0.08678738532109792,1.762907067486252e-05,3.3226350139934045e-05,0.01939386842226864,0.04540464602567472,0.5803885670333736,0.0647280907997326,LCO,4,42
-44599.63119580939,2.3021440200338055,0.005786295757381917,7692.325133906684,-0.36646982330934996,-1.13353017669065,-0.5615121647219548,0.21302933501587343,2.1848913445236335e-05,4.893545014886581e-05,5.327961774989836e-05,4.397781654366443e-05,1.6690273868983282e-05,0.0753793695864069,1.11339923065659e-06,2.1600483604658967e-05,0.008395574199070888,0.03672064455973465,0.16526430888493474,0.16650288183337594,LCO,4,52
-88777.81082792328,2.243538943878816,0.024400614941392094,3596.8641167342435,-0.3216329162820646,-1.1783670837179354,-0.21163239978782966,0.2748313192750899,2.191126598546721e-05,6.241882070502691e-05,2.2352083825885342e-05,4.232941304586528e-05,1.3162800073099427e-05,0.048635135154301304,1.5435382868489683e-05,2.1427669027680003e-05,0.013051853351120584,0.13317398459672244,0.4358367071420784,0.14935690847336963,LFP,4,18
-40615.22726859794,2.127324333034104,0.02446138656913367,1120.5311415492731,-0.2578377547342825,-1.2421622452657175,-0.5702413303127694,0.2099513850293795,1.3888084089841605e-05,4.9937162177516865e-05,1.0995140751656828e-05,5.0820502031748914e-05,1.7460065586919646e-05,0.08549498858226408,1.984479375715414e-05,4.417082161977503e-05,0.0049871538422347934,0.037660109678577317,0.2392280530749038,0.08287050693374962,LFP,4,19
-341771.51285747334,2.481821797800963,0.002739513703821304,134909.66798620817,-0.2961123878415357,-1.2038876121584643,-0.21231920409803506,0.2325345913216507,2.092234083135525e-05,4.276392292885014e-05,3.872205545365374e-05,7.202677477113653e-05,1.632013774604644e-05,0.09730471699329564,1.9581623439154418e-05,5.007204170086649e-06,0.024331734476198207,0.14559873022443137,0.5118165128991884,0.06026555277834521,LCO,4,94
-136338.8223975498,2.232677690378323,0.0199497722766122,3498.2458695063037,-0.3150187507782025,-1.1849812492217975,-0.07410993091619089,0.3155897201516016,2.6941669667244175e-05,4.562304057908035e-05,2.9323344020098982e-05,5.240190522836967e-05,1.4666254931176287e-05,0.09799541003307675,1.793149016006734e-05,4.951328654416141e-05,0.011566570643249632,0.012461198727050643,0.43509212302861666,0.40833674732814185,LFP,4,12
-376721.0620349755,2.098030400386374,0.015281941868419748,17475.939060493278,-0.26326661478884184,-1.2367333852111582,-0.6780644418385804,0.26385768800971393,2.9309835826027852e-05,4.56556339622703e-05,1.501612165326758e-05,7.198253934831059e-05,1.4507081368095203e-05,0.07182102495782866,1.2829301403825941e-05,4.23355046147386e-05,0.020031210976681778,0.05032028982008789,0.09116355955490117,0.11045170878643056,LFP,4,22
-20389.460488994864,2.6050493701098714,0.026850873537181595,989.9593728118173,-0.32645134940545617,-1.1735486505945438,-0.21627709162284814,0.24040177083441022,2.924364621307733e-05,0.00014635595438219106,2.9934514866569875e-05,4.062713213553451e-05,2.796138170800336e-05,0.0822022145807454,1.9548437008824384e-05,3.333206488562064e-05,0.004351153141211247,0.020866449336823047,0.5454647036149863,0.1473917554253426,LFP,4,26
-26718.569878396287,2.0564448948587133,0.004263566702904986,8341.395637310703,-0.2923289324496352,-1.2076710675503648,-0.7028343011060622,0.21405651474460305,2.4658585240195878e-05,5.093983784165472e-05,3.437242872029044e-05,0.0001304451331705302,2.0003576874337068e-05,0.08541930056812175,1.888406793689193e-05,4.80260897592701e-05,0.006657918529027251,0.011990508604798417,0.17650813609549654,0.038667054193642934,LCO,4,73
-40149.07421196755,2.161796006816045,0.0027622910958935753,5812.173607460724,-0.28376779675481245,-1.2162322032451875,-0.23128589183925619,0.23384807149637593,1.3613621909656455e-05,5.607180597843596e-05,1.4538907501283099e-05,6.114041844938249e-05,2.97787557277888e-05,0.06873159422670212,2.142561615852909e-06,4.336452639927548e-05,0.00638108884843611,0.08583496495828882,0.47619409722901535,0.13668504597343967,LFP,4,86
-149368.63705316582,2.5266627725646456,0.3220800440043927,2317.151381772621,-0.6732989037840245,-0.8267010962159755,-0.7952802429911408,0.2179512434928333,2.03724234197726e-05,0.00011397082594921456,2.2597271351077283e-05,0.00010242601916303937,1.3750895012954815e-05,0.09897642582091155,1.8530474645396738e-05,2.472981386147221e-05,0.015509350303526145,0.01854754180917907,0.037537488463767754,0.07863472673591251,LCO,4,3
-40123.72841949421,2.1527527673548095,0.016290530513018937,1577.0808935617688,-0.25931516132356514,-1.2406848386764349,-0.050500121527260466,0.34236819736735263,2.8868417774242672e-05,4.001470648373501e-05,1.2495188632471603e-05,4.63267894966535e-05,2.0225276696370826e-05,0.09823932871466007,1.934994176579774e-05,4.636234731360115e-05,0.006281503971554428,0.040070557462087784,0.5458958330036553,0.2935334880069965,LCO,4,20
-36097.67273408545,2.1878634261333754,0.004244837078651601,8020.204446338832,-0.250302008350463,-1.249697991649537,-0.6994061365936105,0.2140564323371372,1.6701723790647176e-05,5.444354058350677e-05,3.4630565977097293e-05,4.74643871328052e-05,1.9912629729571618e-05,0.08549031787693188,1.84835108283878e-05,4.8029972718116914e-05,0.006635487817260182,0.024671592767303158,0.15878190661309396,0.047140364025992455,LFP,4,73
-161480.3743071352,2.463265279902329,0.014746821455084921,15124.259068823507,-0.3701813318442735,-1.1298186681557265,-0.5505639639422367,0.3358513081689958,1.894510035615749e-05,0.0002495659524082652,3.081027332527637e-05,0.00013183012813386774,1.6505536912538577e-05,0.04140728945472044,1.8042342879118687e-05,2.5209311882591962e-05,0.01965417663361642,0.16329334921286007,0.024681545728368875,0.19146114111653442,LCO,4,30
-47324.37457382814,2.251928935985491,0.0037606350753671175,14233.783533982334,-0.3236452159657883,-1.1763547840342117,-0.2647596741302557,0.2848288954589461,1.4066752499999323e-05,0.00019712267055943514,2.8542986695681393e-05,8.546821373150336e-05,1.7616777963752777e-05,0.06520352285144802,1.751176783296837e-05,4.932548833988562e-05,0.010251894523893225,0.3932398009448327,0.01716790295450732,0.2548326219704044,LFP,4,75
-159945.05236977251,2.090905760046012,0.02099220608988926,8617.725080191112,-0.1807380445404867,-1.3192619554595133,-0.7291174854214852,0.34231930555928836,2.21102525367577e-05,4.373632942514931e-05,1.2321840155438402e-05,7.302370293807546e-05,1.3156208038698887e-05,0.09075202687826028,1.133815410331096e-05,4.2378032020226226e-05,0.013474118415738428,0.04949559556427276,0.11470954489174193,0.036677374122500044,LFP,4,18
-137535.12560646565,2.142227576235975,0.012995001462478001,8225.938022953538,-0.34918569529446053,-1.1508143047055395,-0.2759435311141062,0.2529077492285699,1.9929427244579632e-05,5.0548773332324174e-05,3.0687540452461795e-05,4.0461094880016934e-05,1.6709864455914815e-05,0.08190629686352843,1.8106732336562184e-05,3.329940885548199e-05,0.012522250815231603,0.030515917578812043,0.4758540839808294,0.14768646732625243,LCO,4,26
-95822.80383187145,2.2574749769854576,0.00225882057488557,15077.611891677981,-0.3238827242750322,-1.1761172757249678,-0.6985130202669487,0.20951958327580938,1.637344707094503e-05,5.05017871248418e-05,2.842054867800732e-05,4.082230789031532e-05,1.722835815203624e-05,0.04030886091185698,1.70003118157726e-05,4.979409471773874e-05,0.012195024308481885,0.01587850141628963,0.16112845830810382,0.05448002000865789,LFP,4,87
-3200.9318467188614,2.034582600498292,0.003845255719228292,1223.8807719988285,-0.23687189366821748,-1.2631281063317825,-0.2260883544396295,0.20779747835608764,2.0689296641309564e-05,4.992102071313861e-05,6.582606727150666e-05,0.00014700922619648301,2.3515105406183664e-05,0.04217704077817475,1.3311794234530632e-05,3.745165694829853e-05,0.0040502465029217385,0.5292487635884194,0.12387453161413528,0.05078835035781583,LFP,4,68
-98178.36717169112,2.0781015249527255,0.012008770963570572,8117.726864590534,-0.37084785500724493,-1.129152144992755,-0.2912200109939652,0.2525008775609978,2.1833493976472258e-05,4.284413614488128e-05,3.5574894598252636e-05,0.00013439437413478237,1.5766477913961983e-05,0.07538162061491911,4.759762359518322e-06,4.466343401146692e-05,0.012490091367861403,0.0373681691821744,0.4769113470541828,0.1245004727696776,LCO,4,26
-35637.59141366608,2.081496660897754,0.008472205823084448,8333.205587728546,-0.3033368916648591,-1.196663108335141,-0.7030844393267943,0.33570841989391936,1.8892107657713922e-05,6.935090601852448e-05,1.2253309143640806e-05,0.00012450848953348293,1.8306354879302496e-05,0.04011972015188563,1.8511935918460394e-05,4.3054305806674943e-05,0.009719653006099019,0.17977810647976927,0.02003681006541652,0.027100644128019935,LCO,4,71
-19040.491497681993,2.064322598185038,0.004014363434461807,3810.21218780398,-0.14445488358433067,-1.3555451164156693,-0.8539497131312149,0.26879540942965247,1.4293063051096948e-05,4.241106022845239e-05,3.4593476144780246e-05,0.00013464236755381988,1.9985318304825456e-05,0.07526800926476776,2.1163020779918034e-06,4.310313563707881e-05,0.004030973457113982,0.02460552023815441,0.038803664439687136,0.012641102190943554,LFP,4,95
-58990.50019198693,2.247850794209727,0.005483048948882576,4075.9444179847683,-0.3059753031328629,-1.194024696867137,-0.3367586088747939,0.21504995752466433,2.9244760895526002e-05,7.740599256843755e-05,2.256533994253011e-05,4.97774030089201e-05,1.3349858790717868e-05,0.07404604338002226,1.89472127332091e-05,3.468401992387265e-05,0.007806904603717621,0.022607261682813923,0.4858061836188873,0.08482794582350493,LCO,4,36
-40162.14715583634,2.357985540165192,0.0032040531751036006,9794.396190309175,-0.329818942949359,-1.170181057050641,-0.42248344220030765,0.24948705548138606,1.8797880279612342e-05,0.00019833836884719527,1.5674499361763097e-05,6.775568395315512e-05,1.92968809965459e-05,0.04179323805734787,1.749051334156853e-05,4.31964901866815e-05,0.010502903761058042,0.39133285431726383,0.01969954660872754,0.096484156873701,LCO,4,71
-89994.65824477133,2.1647873937664506,0.002262891521107102,22003.204149889843,-0.31261285652053594,-1.187387143479464,-0.5586070878651481,0.20986357295224597,1.3854038604060688e-05,4.328139763084799e-05,1.0922591331205122e-05,5.8983729220781355e-05,1.739905201554003e-05,0.09626543989061857,8.315792117613265e-06,4.072157150819645e-05,0.009270264925538656,0.019521420161262293,0.23787312789777393,0.11399836407581578,LFP,4,96
-40498.519904447596,2.219276848035486,0.014984913276194585,1863.0660464115265,-0.2175537573802213,-1.2824462426197787,-0.4954366833291812,0.24292423268254631,2.9288377722493445e-05,4.060573095018533e-05,5.24071326174068e-05,4.981681624181217e-05,2.037973291611582e-05,0.07971467099018743,1.838351038240821e-05,4.8470733460012115e-05,0.007085763730863724,0.04014814220177502,0.017360936783056558,0.3770542376859872,LCO,4,18
-55935.58286004975,2.334031150537552,0.004523242735200656,11052.623809501334,-0.3266815574711277,-1.1733184425288723,-0.3939911548309175,0.31264412818887366,2.148511635739136e-05,9.309915205481841e-05,3.064221580337033e-05,4.874133579524314e-05,1.619026889720586e-05,0.04018259241053424,1.522411243232081e-05,3.7564187069316575e-05,0.010224693001047098,0.11287624386101269,0.13012997540623134,0.29300262590183856,LFP,4,98
-237122.15296077047,2.1449797485845465,0.003090889421468944,51891.798881123126,-0.327679733974259,-1.172320266025741,-0.2493236853650278,0.25733904176332006,1.6819415756555247e-05,7.109679333762752e-05,3.069806867323078e-05,7.704193559796508e-05,2.734058896890087e-05,0.0827972057831369,1.7425889221329298e-05,4.322999037522706e-05,0.016074688807733002,0.044223817118344735,0.5901350848724234,0.04631741264420409,LFP,4,96
-57817.188928706026,2.358920310215959,0.05478347614722777,2484.851243999673,-0.1842558725415646,-1.3157441274584354,-0.15826555239234852,0.21133229086038896,2.1424837661346923e-05,9.50277642669667e-05,2.0156491039083216e-05,4.0542694708566734e-05,1.3607284292705026e-05,0.04010184328528556,1.7080220672209536e-05,3.652209756547151e-05,0.0137172827048988,0.4105707114093913,0.3503230721235561,0.010840664074704076,LCO,4,13
-251654.41082236994,2.3535432717428737,0.0245114019501043,13275.660490761347,-0.31690179981255007,-1.18309820018745,-0.03037329436625036,0.23289206228297732,2.1451004234067102e-05,9.656145881414831e-05,1.1649427944410031e-05,4.0339437346421646e-05,1.3594467421577894e-05,0.06807515330780488,1.696715917635847e-05,3.662077080702153e-05,0.02317478964014185,0.5074111555814987,0.3483445605854827,0.043870989466768276,LCO,4,15
-33766.10521961558,2.5971254161281196,0.010029450514656056,2480.0729061128814,-0.3628997757040171,-1.137100224295983,-0.30649810730911464,0.2189862078778616,1.4906301776822152e-05,0.0002494291102492681,2.0561953217135767e-05,5.69966868208233e-05,2.4187443530855568e-05,0.05520394357329304,1.888612622515724e-05,4.141220456677331e-05,0.0060017468758319075,0.031317922728037996,0.34334107724322316,0.24884289271962423,LFP,4,45
-133983.00275992678,2.202447893829726,0.0023497833625273673,26923.941860224943,-0.3268655802772056,-1.1731344197227944,-0.09634549756243926,0.23246457023908457,1.4947563745972951e-05,8.369398089439407e-05,2.6886164386211403e-05,7.943112975661744e-05,2.806619164065108e-05,0.07651111932644937,1.958426729999598e-05,3.925482294605131e-05,0.012197418766821018,0.19171657767720857,0.5758464736360985,0.06609145112425363,LCO,4,97
-29292.190172257273,2.334484587592585,0.004554962008084132,3583.804681291795,-0.32805548026954945,-1.1719445197304506,-0.4480126528060226,0.3361740775368976,2.949525823696028e-05,0.00018182304863584054,3.0357243520181553e-05,7.711726741026067e-05,2.798699553174217e-05,0.09783474999100523,1.9549248079737537e-05,4.3314777979593974e-05,0.004305059876002692,0.03387800362942059,0.40702993673067434,0.041079406833882504,LCO,4,71
-256973.86715811337,2.3985500040312187,0.0232931870587175,13495.489993615402,-0.3091034003471158,-1.1908965996528842,-0.7195987276641654,0.21128643656541052,2.928190582275817e-05,0.0001330594473765625,1.501175907890894e-05,4.750265020157286e-05,1.5152483333279077e-05,0.040140023604426804,1.091000857649084e-05,4.1970986893890055e-05,0.02007464223840718,0.1352630181614313,0.03092035497423549,0.04421789920016782,LFP,4,28
-94963.79139849712,2.243091535742943,0.016840701898422534,6439.145621295176,-0.3399695151226858,-1.1600304848773142,-0.3992670799145023,0.22091096818927525,1.989982834735148e-05,8.680154863730582e-05,2.007258832380049e-05,6.761297250940047e-05,1.353869852601393e-05,0.07673355865380252,1.706287287959924e-05,3.694385284128352e-05,0.01286723038096459,0.41376925978007784,0.036897717408597264,0.08006594289682262,LCO,4,18
-26033.761746795622,2.1511871609476385,0.03695853018667626,741.5684365444571,-0.2585606125792115,-1.2414393874207885,-0.3004455243962707,0.35877494355726997,1.2191317912540744e-05,5.8193689271560106e-05,2.9292246841690707e-05,5.2475595862393465e-05,1.4599673943916586e-05,0.08527386343387361,1.8484172917491054e-05,4.802584811025722e-05,0.004387914170291208,0.024874228029291838,0.027588019994166435,0.5770922275802711,LFP,4,17
-54877.88883666424,2.1962916473243,0.021759116701672347,1141.5784497136128,-0.38643279089189164,-1.1135672091081084,-0.5158237680996036,0.28524417942382446,1.6599288292778384e-05,4.1334247320657336e-05,1.8156615446317177e-05,4.091643056817077e-05,2.4107544256617443e-05,0.07437252602045447,2.4891075947135984e-06,4.846582061703181e-05,0.007060720355914176,0.04023651271701906,0.28222869647810955,0.09171102270526782,LCO,4,12
-140777.2934744035,2.175687538777811,0.10357276052288873,3996.793674279215,-0.2759320867297106,-1.2240679132702894,-0.43786075570653676,0.23984524857458667,2.6085948902483493e-05,4.468834086406556e-05,2.932325930575018e-05,4.483939283447511e-05,1.557316231537307e-05,0.09809847255014054,1.971325948645625e-05,3.3305191840646905e-05,0.011604741436581537,0.024666738478176853,0.4340256404764139,0.03344686533887253,LFP,4,12
-143508.27276562218,2.1592601417016426,0.009840244872527514,9321.749284019112,-0.35530014483897254,-1.1446998551610275,-0.2582812759177183,0.25843529318350195,2.7970256248943547e-05,4.198267061448311e-05,3.58443696436786e-05,4.451342737255192e-05,1.5855854051419602e-05,0.09825206175655046,1.3281320960589937e-05,2.8111536919182873e-05,0.011212043543063117,0.043211193987156,0.47698924462204767,0.1515182854730781,LCO,4,32
-105210.9390667296,2.281838647701211,0.017468520747371562,5722.030756797591,-0.32883718754952795,-1.171162812450472,-0.12437073612498739,0.24332214196966925,2.622494504310654e-05,0.00010768712618838698,1.8692780425353065e-05,6.867735738058047e-05,1.3666189925650986e-05,0.0753920604421801,1.6495185012939367e-05,4.666390976295446e-05,0.012930082419799769,0.4156771717690923,0.011280893172852604,0.3786711989330677,LCO,4,18
-757931.2448478902,2.1503153815037144,0.017832441179993722,21915.618206668063,-0.2286902382929501,-1.27130976170705,-0.21712366971225483,0.21003710403944537,2.923045555815271e-05,4.003898682504027e-05,1.4881856711570624e-05,4.634795280154273e-05,2.0343147612523365e-05,0.09738090132521836,1.943462331150691e-05,4.541744122465542e-05,0.023973487129825853,0.028828671491986754,0.44268013636477044,0.24136752243098802,LCO,4,18
-131963.61248757833,2.4032913832541323,0.006199457271006964,12487.077815694243,-0.32938008622688564,-1.1706199137731144,-0.6248094291940322,0.21956339655675297,1.989688345294164e-05,0.00010814515749082342,1.256303627224138e-05,4.389663301974726e-05,1.2459243321330038e-05,0.06672801418313555,1.7063437886544433e-05,4.1162749889075027e-05,0.012910040141390642,0.03765843152429105,0.18775032527391364,0.07978181400776319,LCO,4,38
-361477.23100593884,2.5094675707061955,0.003931865678389667,69938.66663035343,-0.3573114218270774,-1.1426885781729226,-0.6748191187589339,0.2782058520459372,2.922150039148832e-05,0.00019797270512107693,1.4144428808399659e-05,5.532536620875915e-05,2.738742756181038e-05,0.06570297714895615,1.7338003550304672e-05,4.352631692271576e-05,0.022898856059355606,0.14658460565987888,0.016516409707462487,0.09207986587372487,LFP,4,68
-40699.14576600679,2.2106408274465132,0.008010281072103066,6094.589168409246,-0.36332441095378876,-1.1366755890462112,-0.14566777152740118,0.23474997967396094,2.973363073558304e-05,8.85452479633784e-05,1.5284972172619193e-05,5.151379164818533e-05,1.3075833579263657e-05,0.04019684890412653,1.5224012354060546e-05,4.5169314826657685e-05,0.010317086709617417,0.42032008314597147,0.34967381716449014,0.014338328162137159,LFP,4,61
-649404.0473526323,2.123844260897453,0.01790967252318163,23797.235967726432,-0.2991642960153449,-1.2008357039846551,-0.3099973418348796,0.22272519370474633,2.9806725512219548e-05,4.228299103109841e-05,2.7704468609808863e-05,4.66592067797569e-05,1.325024297253614e-05,0.08208818489830881,1.1871133908368438e-05,4.6786837969451745e-05,0.024726830711517756,0.03126454098930575,0.05721502028057755,0.5315230968952371,LFP,4,20
-4656.279691370429,2.0954319844264577,0.01765185479856501,507.54476823389246,-0.3309748929255427,-1.1690251070744573,-0.15710447163578167,0.2061000802363359,2.3302799802033692e-05,6.151468744179413e-05,1.853635566653015e-05,0.00014617583993970342,1.882573778979998e-05,0.04204300816133729,1.4390611535328862e-05,4.9355280652873165e-05,0.004316563234772627,0.5813153608808884,0.11892817204776455,0.07265199543556547,LFP,4,26
-82791.0233329947,2.2280425254951215,0.0076176082617703325,8018.2657962894555,-0.30077920681208603,-1.199220793187914,-0.1319179538450721,0.36959636574296345,1.6243843989461408e-05,7.768754271425135e-05,3.440573371641167e-05,6.645774782743739e-05,1.9383286980634634e-05,0.06930708560022042,1.9924376380714984e-05,3.621595606907956e-05,0.009129020011248231,0.05211148763887342,0.5184856531065205,0.22748490540953403,LCO,4,56
-20337.91354924593,2.068427441116156,0.002985109136298288,7332.734099816296,-0.2706605868064287,-1.2293394131935713,-0.5924776902652361,0.2908025499577866,1.645312574740084e-05,4.3480849074834025e-05,1.888374123298094e-05,0.00010137525118522324,2.8538517123176247e-05,0.08460363956827399,1.814845757816231e-05,4.7337595120354856e-05,0.005540280661430335,0.13601855618107966,0.036716432095966235,0.16478732145771807,LFP,4,100
-19692.757242308326,2.242314042254984,0.04981928485335463,252.66695819763993,-0.17123121285893284,-1.3287687871410672,-0.4671408639178276,0.3334030935001962,1.3494539471577592e-05,4.9033673633271536e-05,1.297370496283235e-05,5.711566620042825e-05,2.6230432229746753e-05,0.07647588466569227,1.8627890457484075e-05,4.8454825966305876e-05,0.005572281320520186,0.22817787458225697,0.03472123692551543,0.19996002457440007,LCO,4,4
-155988.7936316661,2.4838060515167233,0.0024885078350370985,28628.93515573782,-0.3497543846467899,-1.1502456153532101,-0.48492637492823654,0.2230896759948658,1.5125443340148313e-05,0.00018761470739498987,1.5995509984003248e-05,5.768685726150268e-05,2.1017667227170845e-05,0.06880864378116472,2.13215479861006e-06,3.989817583817645e-05,0.012737146790418858,0.056653659727486524,0.21075363147426707,0.17766633387000993,LCO,4,87
-300049.43559631554,2.1727911860098903,0.0029742832041932806,55152.958505266724,-0.3378055586153579,-1.1621944413846421,-0.3313607405899103,0.21309193391454703,1.5384998083265823e-05,5.375135209287464e-05,2.563452541964937e-05,4.906038438821418e-05,1.2167383603050555e-05,0.09473078130087606,1.4313630290008953e-05,4.239811409265989e-05,0.016421141621555904,0.01939351921399643,0.43817455775071024,0.14107118244538314,LFP,4,82
-284012.32639271655,2.3429927027230324,0.027292208852895523,13335.517147923776,-0.4344734751178887,-1.0655265248821113,-0.5631514911198918,0.2049942456305478,1.3122739200686837e-05,7.62991440696435e-05,5.3821336174920894e-05,4.1942129096255705e-05,2.4534530627664142e-05,0.05113411937018275,1.536767743871684e-05,4.628953828872565e-05,0.024539053977494677,0.05084819907779688,0.19657809429573567,0.11942221550657563,LFP,4,15
-27580.77384042127,2.2154420311768184,0.16862257272094047,318.382747710492,-0.09018575437716336,-1.4098142456228366,-0.46042044907823676,0.33113781381358554,1.7422326696758866e-05,4.7568031788823e-05,1.2126663482449161e-05,5.476749578628992e-05,2.95286637438826e-05,0.07215274695513953,1.8464047469803893e-05,4.765651404794115e-05,0.005370914803271743,0.22817790952011135,0.04067686551245663,0.2007247758891953,LCO,4,6
-4293.740044029932,2.0279161773077923,0.003036676389700962,1578.1257010607758,-0.3247152980629693,-1.1752847019370307,-0.01983028460093539,0.3440296342983584,2.416654336588755e-05,4.562119462328258e-05,4.862541627484905e-05,0.0001387208238217059,1.721448139873608e-05,0.041695886108482655,1.7315309507197445e-05,4.352419442719759e-05,0.004106071747745224,0.5012585059775362,0.31702731741754653,0.09188389200398196,LFP,4,95
-522310.3094017174,2.539246694540347,0.0049297482332551915,82315.86537815105,-0.3602864492948612,-1.1397135507051388,-0.4070833982520944,0.21811518255940546,1.6375665705345586e-05,0.0001642837584782562,1.7711554876088758e-05,5.4745578701424636e-05,2.8889402939647147e-05,0.09228157971207054,1.8956635774010938e-05,2.159944563505595e-05,0.02355569789867406,0.2560356260281617,0.056986948949578814,0.20989402677016514,LFP,4,58
-20865.37806223213,2.299911147722108,0.03367846035182446,855.6223183248158,-0.4242178708017317,-1.0757821291982683,-0.2039041967691354,0.2625394411068056,2.9036485770962675e-05,8.232020330554025e-05,3.0161734621481198e-05,7.08936186412351e-05,1.7732477250065265e-05,0.0510587003930814,1.8576353651916308e-05,3.313667599322347e-05,0.0075691264030106065,0.3091549762499062,0.12208117528870767,0.29485965169225076,LFP,4,12
-16823.514441991043,2.127161247826848,0.002237834026717822,4874.0125917065625,-0.16295526917937764,-1.3370447308206224,-0.2180207119172516,0.24228621320245683,1.5908940835250857e-05,5.346572018017177e-05,1.8796095594694305e-05,6.115292189626979e-05,2.660969791892328e-05,0.09590820909875239,1.8134518881013022e-05,4.594224748775034e-05,0.004588648537483473,0.3194830003312884,0.03610712453788201,0.3563891632135781,LFP,4,100
-31110.623479137907,2.2799458674503223,0.0022264754462880424,3886.1868684990254,-0.1607755545889411,-1.339224445411059,-0.6077385774799615,0.21409375407438797,2.5102601432296758e-05,4.977217695579407e-05,1.2150481683549276e-05,5.4852962797871e-05,2.8883060425251314e-05,0.08984388948599945,1.896140119769405e-05,1.696157393114078e-05,0.004156038732303365,0.018278247165965697,0.12039989501799768,0.18358328033607513,LFP,4,98
-10766.964515767544,2.397390532828731,0.0025672527330435012,2028.0950796508148,-0.36448707077073195,-1.135512929229268,-0.3970481813715595,0.22420720088776477,1.814202706145146e-05,0.00014955800678949274,2.004380333474053e-05,5.333302019927594e-05,2.9499708244878435e-05,0.04495245439967212,1.8510105951560097e-05,4.246154835874259e-05,0.004575926221442664,0.27622007344377647,0.03341357987695538,0.22331816530770876,LCO,4,77
-10371.452826319346,2.2140035670609945,0.002512217307607758,1746.3754305821014,-0.4176899038223407,-1.0823100961776593,-0.4934815518580774,0.20697450660315247,2.4544220250921072e-05,4.853814490409169e-05,3.1970044455679386e-05,4.039102775283042e-05,1.9423559215757035e-05,0.04727916984890309,1.417045060766812e-05,2.7590712449851703e-05,0.004216751137506089,0.01940454097345334,0.04757882980564536,0.3695350773628239,LFP,4,81
-75228.6487306107,2.17093796641737,0.005819622722730415,6400.736860412562,-0.26725709060087866,-1.2327429093991213,-0.45190807584137516,0.2787072374614291,1.8385570403991477e-05,5.5384215709459054e-05,1.4159948951041693e-05,5.895457776350902e-05,2.0984157240910204e-05,0.09816215342506897,1.979099233549545e-05,3.893002125653622e-05,0.007110082199861964,0.056661206125273665,0.21084906243584398,0.21058165559750722,LCO,4,49
-72113.35655790869,2.485724831813281,0.0024416923439164,12373.481352903735,-0.2593317789292744,-1.2406682210707256,-0.5123804843674408,0.22792803439307616,2.0180104597194167e-05,0.00011577607309025435,1.399276984695996e-05,4.324681173745202e-05,2.093967957114838e-05,0.09610373833894688,1.86140978736201e-05,2.2072011939486903e-05,0.007160232965536872,0.05215339258433897,0.21219424814920368,0.15327187489901664,LCO,4,90
-142778.7609292258,2.5384071079039248,0.002413334453115021,31876.477531869117,-0.25335593237030274,-1.2466440676296973,-0.3770967406045219,0.2098274776885891,1.5189387211260852e-05,0.00012080951814243494,1.1946001974270628e-05,4.092734958942426e-05,2.9914795925938583e-05,0.07597078495785951,1.5741360056217274e-05,1.0777285653358127e-05,0.013370195616849174,0.22284001083138055,0.1771949071971584,0.15286834136693922,LCO,4,87
-35521.20524716269,2.378858330685864,0.002266674555819429,7391.175724147395,-0.2810494767613534,-1.2189505232386466,-0.4798640667639468,0.20376039868584178,1.2976809122400078e-05,5.5706460105633496e-05,1.5214033160820287e-05,5.900616238692076e-05,2.6204755765951742e-05,0.05794842321823701,1.9792449823601388e-05,1.0218834761670968e-05,0.007023079539616522,0.07542004328078136,0.1631284397821276,0.21158745017314434,LCO,4,96
-66442.29508604089,2.3131135732842725,0.010876497423017948,3564.03744320538,-0.36906271322245665,-1.1309372867775433,-0.46077841310712453,0.3123404109022294,2.0938779447879648e-05,5.582127925481469e-05,1.5220129324756272e-05,5.8931106032183266e-05,2.0630202501121896e-05,0.09882379526437027,1.979098933954821e-05,9.852907150635837e-06,0.007149536815189549,0.047870477639131756,0.21124903438647735,0.2101020748672664,LCO,4,27
-267114.753891503,2.5903699732091736,0.003862297661750173,34557.70990403449,-0.4143044322001348,-1.0856955677998652,-0.6003320212889414,0.2045345730026264,1.384515577116373e-05,0.0002111346603083514,4.208663133046187e-05,4.157644615820196e-05,2.4328038130867226e-05,0.09238821629947584,1.4947491575446787e-05,3.3808335435322895e-05,0.014674859391549307,0.06871511401328384,0.20889441529462316,0.05205844940315166,LCO,4,56
-655888.9499330776,2.3499538119518735,0.006638948745962382,87415.109945552,-0.2851920211387231,-1.214807978861277,-0.49340211531644906,0.3682134949157809,2.5910128611212156e-05,9.657796823605675e-05,1.462587920067187e-05,5.631810580212157e-05,1.3464219649867598e-05,0.09171880978439534,1.3791954552474103e-05,3.284225453383909e-05,0.024021645596693585,0.04500713702199349,0.0674293339370067,0.32416141372455076,LCO,4,60
-46368.955501961886,2.158578272499614,0.003938826323880645,5558.988613605472,-0.3221302984797436,-1.1778697015202564,-0.08127690954336453,0.28507919620446764,2.5182209055998817e-05,4.001298438230775e-05,3.398986518634137e-05,4.635031010676628e-05,1.237923042821528e-05,0.07735264029008786,1.1844789367904453e-05,4.720977908778262e-05,0.006667126161994913,0.029978249374717526,0.2824215867829775,0.5363232542989405,LFP,4,72
-53225.85204573868,2.4412736641933415,0.004131802166058949,8014.11495040481,-0.30609334783043174,-1.1939066521695683,-0.4107950420126323,0.34320084001078494,2.343974256581055e-05,5.5829808118727186e-05,1.5210696346539394e-05,6.123641134457133e-05,2.943683164298818e-05,0.09452419416229901,1.806077675153862e-05,5.880699580043147e-06,0.007149950941877572,0.03790401177605801,0.06164964389940493,0.41965130231190484,LFP,4,67
-290075.492414369,2.7707909869718508,0.10060498354493573,4010.576821759306,-0.6322927138905303,-0.8677072861094697,-0.7303401596754306,0.2423363619706928,1.4734905765016696e-05,0.00015512495628945222,3.24282528674151e-05,4.7159831969223e-05,2.5889716277002475e-05,0.07678827752120952,7.268353356604021e-06,3.924535767850252e-05,0.02029350574750395,0.13391341815157726,0.021639992579978052,0.04410642959301409,LCO,4,4
-58873.912501007726,2.2229141676788213,0.0028584088392813022,10484.358565527988,-0.36867779560069813,-1.1313222043993019,-0.3937988478411911,0.2056192968260192,1.3262489988553928e-05,4.851574919260922e-05,1.7301025662503903e-05,4.038508126858235e-05,1.4677351447095769e-05,0.07623918336337104,1.4165203735251011e-05,2.7892493223368096e-05,0.008123972634746669,0.018497416363885133,0.04743222743528998,0.4702715083596338,LCO,4,79
-41629.62227623355,2.2804281169973564,0.004856388005376606,8870.531273599929,-0.23445414607126303,-1.265545853928737,-0.6173006332878663,0.3546991797014438,1.2165823164007677e-05,8.077003613172462e-05,3.5866453336441545e-05,4.929750302839692e-05,1.484753071197551e-05,0.04007666596689338,1.9734085325673398e-05,4.619347901988035e-05,0.008592899713971645,0.012494988863456562,0.23981844262010718,0.060385935228570047,LFP,4,99
-570615.1890050833,2.622731134090165,0.004763560245375063,84055.45533845964,-0.35104093558345006,-1.14895906441655,-0.8113347326448734,0.22904778554149702,2.9466873147398607e-05,0.0002111624322478827,4.2150141284146364e-05,5.5392726360090586e-05,2.877019524025743e-05,0.09560154885394298,1.3805439790387245e-05,2.9280893645186934e-05,0.023326787943768836,0.06850150491564841,0.017083493585397524,0.03308026885408073,LFP,4,51
-199537.64721562798,2.208241003763362,0.0021309221419281905,41450.567984760375,-0.28230273109261894,-1.217697268907381,-0.563770860649755,0.23446537330973005,1.296140663328949e-05,6.559320620035479e-05,1.5077823994364145e-05,5.9169465456890786e-05,2.6386996802253777e-05,0.042313367686683395,1.5970513234750747e-05,3.421536269224036e-05,0.0197207150411512,0.035356074861193715,0.02605254909498622,0.3048205153940651,LCO,4,90
-502755.9876075072,2.5292003488072643,0.0022826825128639486,111910.09164728144,-0.33168632215002347,-1.1683136778499765,-0.0857616377200382,0.2018447637176193,2.409737856929898e-05,0.00019543342605590622,2.271447275978228e-05,5.536887040899918e-05,2.906498279831268e-05,0.0958958817859871,1.714143941197875e-05,3.222298084222037e-05,0.023389309354275866,0.29506954878794867,0.2965665262004951,0.25260228729151807,LFP,4,88
-45121.98633902636,2.574081591081613,0.003719873832482447,8774.723709111131,-0.31327720889658295,-1.186722791103417,-0.4712366719046942,0.34900602707854805,1.8997077124866387e-05,0.0001172403227343082,1.5402208571653214e-05,5.9040149477619556e-05,1.882054953634781e-05,0.09258937359384974,1.9792890406186502e-05,1.0090427840296894e-05,0.00621118988313881,0.07597804370119482,0.16601357837937836,0.21677170601473267,LCO,4,87
-9886.945240077981,2.178391407232265,0.006894217245510329,1179.6522775939688,-0.33450784197714256,-1.1654921580228574,-0.13098491832221615,0.30858944067751,2.743201137534115e-05,5.8574706368735556e-05,3.986700442441913e-05,5.90497876240671e-05,2.1673817912073946e-05,0.05697644129970876,1.7657893577699167e-05,4.4294091802823704e-05,0.004277093676058959,0.0722600770027321,0.2864308461359189,0.4403241585391328,LFP,4,49
-171164.8410133205,2.1435771431657398,0.0065740459953419275,23659.814169930156,-0.37118533993244185,-1.1288146600675582,-0.6117771956093565,0.2751040634566327,1.297854972890959e-05,0.00011533704256169577,2.2751845733317982e-05,0.00014908931425314373,1.4740690641008109e-05,0.08143663292134731,1.9555348054932682e-05,4.672222163189823e-05,0.014793632468396288,0.04080634696250505,0.062007638242873225,0.21540881918526533,LFP,4,42
-39857.303966322506,2.432664813669972,0.012412719756184321,2181.101135035874,-0.2360709256995328,-1.2639290743004672,-0.38940299896354513,0.33363103152555107,1.3779599301297737e-05,4.5982510078816913e-05,1.5229780655665309e-05,5.631173007490726e-05,1.8127294790557204e-05,0.09931089766264393,1.9795212753885587e-05,7.388263910467556e-06,0.005563348850403976,0.047732369978243455,0.2932630672522172,0.19960156380599428,LCO,4,27
-328023.0194857965,2.4428879969534663,0.004695321343064985,45402.78939081721,-0.3325586813829968,-1.1674413186170032,-0.4984397593930625,0.206439116972645,2.5366531605983545e-05,0.00016345957852000593,1.7752004984726447e-05,5.53448574692494e-05,2.6691412161034122e-05,0.053406545020524054,1.9019568848120974e-05,4.6060671869315e-05,0.022894106305277655,0.1453338507048579,0.07435906868017783,0.21186732122190183,LFP,4,58
-122949.03685751438,2.206969818269311,0.0021024566109265424,21798.669946382546,-0.33329108092980775,-1.1667089190701923,-0.23723084843495001,0.22683108957163234,2.8669513959708034e-05,5.400801068294466e-05,1.6561004078321366e-05,4.208173294377239e-05,2.997104469596649e-05,0.04076710342528728,1.17320627364948e-05,4.6297461900522456e-05,0.015796272439630984,0.01045876831227178,0.14938483937785832,0.53292554387492,LFP,4,98
-146256.40134867403,2.3308363216546306,0.00628949012745165,22126.29430393519,-0.3286049951461827,-1.1713950048538173,-0.3358886649773215,0.21315259041576712,1.6228198075270115e-05,8.316215142029091e-05,2.9214751117782923e-05,4.086378719350921e-05,2.8941395042576447e-05,0.06863822764709007,1.426168248239371e-05,2.6453569053753208e-05,0.016388151501934622,0.2911614657634831,0.17762799053925077,0.1253218787199447,LCO,4,46
-125254.21705631577,2.4963433894889957,0.004180796769300424,18318.944228386743,-0.34093465318317406,-1.159065346816826,-0.4097139652261399,0.3024923726051434,2.9303588099729658e-05,9.636410988428443e-05,1.4341899178026635e-05,4.04620636489943e-05,2.926677016107453e-05,0.07170451277031305,1.6734822660462453e-05,2.6985526270241785e-05,0.012331868546395524,0.20392287081408755,0.01527622910296001,0.3010869348568126,LFP,4,68
-58089.83676078256,2.4550397558966117,0.21364232841383718,1374.8657423874022,-0.13375141707184568,-1.3662485829281543,-0.6231054770891263,0.3124494997965305,1.3540763624791634e-05,5.407352134406256e-05,1.5181404097999302e-05,5.9523042639731805e-05,2.6069187797665996e-05,0.08932701276413804,1.837902063612063e-05,2.040491096187955e-06,0.007059677222650581,0.04773040482691006,0.211999689156819,0.047164428927144675,LCO,4,11
-763840.3625217667,2.1195418768865464,0.032199890597597466,25065.191105127833,-0.22045620985373127,-1.2795437901462687,-0.3235395866683093,0.25513463955859583,1.4321561686440893e-05,4.874965059278019e-05,1.4112107710541105e-05,5.900333151774126e-05,1.9989234852402826e-05,0.09984829630158154,1.942441460651693e-05,4.198943234346388e-05,0.024839754004636054,0.05080315891397902,0.41680255153072676,0.138854702886985,LFP,4,16
-7392.310643305356,2.1698719475566053,0.014921740139661771,1691.8851871114496,-0.2753930313495374,-1.2246069686504626,-0.4961340060611479,0.625748919582426,2.4577563744228686e-05,9.968248601587885e-05,9.558024966897093e-05,0.00011284274590444622,2.048809660795863e-05,0.04856480166320623,1.5937977764121068e-06,4.888712818321213e-05,0.004486538851429051,0.013718365328893013,0.21488647247616383,0.2052611561337953,LCO,4,59
-244724.84887568722,2.474148584358484,0.0023044125137918143,42546.80014977392,-0.3325911037779239,-1.167408896222076,-0.17260561579568778,0.23798073456615154,1.362731469187493e-05,0.00019496016811943777,1.354004997294823e-05,6.027745415016234e-05,2.5424657350577575e-05,0.05335830206998934,2.345783893566723e-06,4.969236351593618e-05,0.01790291803919681,0.014708634838861846,0.35377537774153467,0.38891037162391573,LCO,4,96
-36208.26820635062,2.4291119090115183,0.0004420714774029577,3557.0664600497594,-0.261110763626311,-1.238889236373689,-0.29713505548660046,0.3178347768686782,1.4540012180298379e-05,8.093118154987736e-05,3.111549677945046e-05,4.138643084019661e-05,2.1665057351707168e-05,0.08761183557597979,1.99124022981846e-05,9.365405449163761e-07,0.004200036782953397,0.03131472872453603,0.028046787666357553,0.573503428122506,LFP,4,89
-114430.65931477476,2.4653918982891927,0.027366973519408328,5038.048414267868,-0.37425494014678407,-1.125745059853216,-0.6252627358008521,0.3442274368070637,1.4339432691641786e-05,9.981960762169478e-05,3.667810750085452e-05,0.00011487540326342115,1.5774444042044774e-05,0.06967171642757872,1.971171219321465e-05,1.089313582208121e-05,0.013343497455651346,0.01189054860410953,0.12708345891511263,0.16576325667992578,LCO,4,13
-13690.577638555007,2.215183629587922,0.006678720539664285,2691.549571379641,-0.31727028839391025,-1.1827297116060898,-0.2902935094197451,0.2869482853595191,2.1983954185813773e-05,0.00014442881478565048,7.282628549850438e-05,0.00013877984883137726,1.4835965854118096e-05,0.08182420416764911,9.186546446382666e-07,4.829925507847138e-05,0.004471207476150847,0.016849407916237555,0.38998752626253996,0.2328695564014775,LCO,4,59
-7530.429863624927,2.0761566265678137,0.005543868745110981,2187.2786012912356,-0.29066872495298846,-1.2093312750470115,-0.16465511106628883,0.5023362381794847,2.973683850472554e-05,5.9837954979996574e-05,2.8699230222247957e-05,0.00012926908535887323,1.2182537282409762e-05,0.04636702707085128,5.361159377729859e-06,4.169974079282268e-05,0.004643495051042036,0.06277830920795248,0.5238643110289448,0.17870226869681394,LCO,4,88
-12116.568024367454,2.645564184199437,0.023571490354204333,332.74639101858844,-0.5071134481732038,-0.9928865518267962,-0.24112190082699458,0.30041050007491354,1.3387267997253766e-05,0.0002089119810869916,1.3331567559581457e-05,6.170309499341263e-05,2.4245527817886568e-05,0.04354106397159406,4.083774743478759e-06,3.8810584451036276e-05,0.0043449799666753965,0.06443382396954263,0.5554279353350675,0.06901633986839532,LCO,4,15
-139796.8393102731,2.5725058510293786,0.00331978324700182,21285.024348567797,-0.3955070258656157,-1.1044929741343843,-0.0037584330349654804,0.21175239016003772,1.3258724075288618e-05,0.00023808796763236952,7.362816679597432e-05,4.362440410558876e-05,2.161485924250404e-05,0.08317483130996058,6.209838939523018e-06,4.821786598306389e-05,0.012140916905811601,0.0183416278524005,0.4830291824032293,0.4248707567094048,LFP,4,70
-4986.737585327951,2.1947574704238324,0.008985258746463075,578.9684015107588,-0.3677453645522455,-1.1322546354477545,-0.294753705079989,0.2510675261445609,1.600272785084364e-05,0.00018712078451747262,5.2595598598052745e-05,0.00014953568137912569,2.6672136906365705e-05,0.0411820592656784,9.122206421369627e-06,3.931248053753683e-05,0.004096000428514669,0.44813891991142046,0.07846453255986782,0.10864284244872281,LFP,4,30
-314746.52331684117,2.1235973190567154,0.020166332370544795,14697.557987244056,-0.23100289959881515,-1.2689971004011849,-0.40714314774204097,0.21004070545422612,1.3203611945141223e-05,4.9690464604204915e-05,1.2297689062465447e-05,5.99007018570876e-05,2.302386248124935e-05,0.0535412844149185,1.3493785022133806e-05,3.947044757772068e-05,0.024147826113131113,0.03875243636659055,0.3441503777335949,0.13995403815777369,LCO,4,18
-281305.3021597328,2.3688834916200077,0.017057751334607997,14432.53293431203,-0.3943093356622338,-1.1056906643377662,-0.1891313371655946,0.3102724969305593,1.914317862546241e-05,0.00011200143111789247,3.411048780581325e-05,6.609745024574161e-05,2.1789919740239187e-05,0.05967838180828515,1.7012387240035887e-05,4.760638196250422e-05,0.021836799295696506,0.027198130059497908,0.5775516754912805,0.13611885728362705,LCO,4,20
-239947.48190714102,2.7048317503783244,0.22294819524374385,5768.965531794537,-0.4831065722713639,-1.0168934277286361,-0.46306885555083693,0.3964542993399776,1.2199461494550163e-05,0.00024185111522622715,6.386860167541303e-05,7.919002515426648e-05,2.144005444053883e-05,0.0617415203823433,7.149315471596593e-07,4.158841558930158e-05,0.022729502335483355,0.024808171164770135,0.3960828167256809,0.046040156558712075,LFP,4,6
-215091.00992745045,2.3815001605292108,0.02691049616569061,8998.548750591475,-0.40549420879168885,-1.0945057912083112,-0.41230957303016924,0.2551718538461952,1.5516528412487488e-05,9.810495588180213e-05,4.9913129064322605e-05,4.230941876144583e-05,2.4632386815618677e-05,0.04814709141583367,1.948919231708223e-05,4.639134248359968e-05,0.020657577136000006,0.06469541208425326,0.03146925624184599,0.42152575864373154,LFP,4,16
-386554.3805109227,2.482142597814819,0.017495827011886983,15045.651037301386,-0.39216032875344276,-1.1078396712465572,-0.43156638512833556,0.210036879511018,1.2110408939088004e-05,0.00014534215846679737,1.226454406308829e-05,5.7487308907486146e-05,2.301915494026882e-05,0.05333399849462633,1.1391994540388124e-05,4.998319721871343e-05,0.02414924231488036,0.038640330542738965,0.3226170086786891,0.13717627565023643,LCO,4,17
-257787.39251263998,2.668379727182102,0.15020629631660698,9722.275126740631,-0.6291869688226228,-0.8708130311773772,-0.35244144906564157,0.23094515315238393,2.7858289747571507e-05,0.00013306854780510523,9.994235156243219e-05,8.60243783741646e-05,2.1032030327661038e-05,0.0988683940248984,1.400296673082307e-06,4.88126117379233e-05,0.024289638202500335,0.07699784943346656,0.39152564373966087,0.10903505776123111,LCO,4,6
-22603.951381893457,2.161884477463955,0.023428535296491356,811.5822259548638,-0.33522950622348446,-1.1647704937765155,-0.6306756726509797,0.2159603347435247,2.4392915569911603e-05,5.427384682458418e-05,1.592525408531533e-05,4.228362080686643e-05,1.71897229573487e-05,0.09377882551459522,1.2775520810842951e-05,4.6913276202529926e-05,0.004130172606182479,0.10140361690155265,0.05126227685140787,0.14665843359605985,LFP,4,19
-335602.17702127807,2.477475573589844,0.0031744286802738155,69950.01927650746,-0.3335131786478591,-1.1664868213521409,-0.28789939005970444,0.31803173343017016,1.3105041842339449e-05,8.142653268447799e-05,3.9858549982101186e-05,4.0606658339176675e-05,2.2312930011113397e-05,0.05045324789417886,3.2793569440139125e-06,2.1486858521359707e-05,0.024424700327032048,0.03532961363628471,0.027937103567946694,0.5788338927360642,LCO,4,89
-471176.1464027671,2.2102849522328523,0.004403653169211994,57215.14285345819,-0.3051467312879623,-1.1948532687120377,-0.05888683591582289,0.3056106994785717,1.6149908536617877e-05,6.55427040133222e-05,1.5546044614291e-05,4.509136967622041e-05,2.5738246686412986e-05,0.09785573729517516,1.5983149778954416e-05,4.786553202507693e-05,0.019692254866707143,0.04748078978747367,0.5220454334611823,0.3015869408355211,LCO,4,67
-127962.41550184833,2.117896474175838,0.004074715021948967,28305.875413227906,-0.32310359645659936,-1.1768964035434006,-0.2826746615111798,0.20527699438471353,2.992196635642747e-05,8.360742749970351e-05,4.5343406822261875e-05,0.00013817909462275784,2.3076276635219242e-05,0.055512684833217925,8.165701921151162e-07,4.999852809850797e-05,0.018173431918326155,0.0386984994603591,0.37336510601482986,0.23526173301363124,LCO,4,59
-406760.5361982122,2.5216130134525643,0.004116061369496156,76369.1497995095,-0.32295869887698814,-1.1770413011230119,-0.3326753727862475,0.33169913899518755,1.4512667165127657e-05,4.296208046552151e-05,2.9812766542252245e-05,4.079546098272843e-05,2.138543117519367e-05,0.0937191151328842,1.5572013211630906e-05,9.429525484288289e-06,0.019988255370773235,0.051249777402011226,0.5341282940081176,0.011946555803623787,LFP,4,81
-20728.02876753221,2.398979807933996,0.002179589526642672,5188.03447362491,-0.34530914894726195,-1.154690851052738,-0.49126950372536776,0.2190268495292917,2.748737756602987e-05,0.0002393038871096082,6.254645214314822e-05,7.723413731465623e-05,2.10117125654397e-05,0.042814512729146825,1.6205650301006849e-06,4.5668753231288354e-05,0.006611473464998808,0.10900526872019412,0.301489322218856,0.02823590533558216,LCO,4,93
-381089.6758156667,2.4436141037777572,0.004558550571305346,92382.20715093825,-0.37124810467111935,-1.1287518953288807,-0.647799355698073,0.37445343828011074,1.4511052787283988e-05,0.00019515662919090482,3.059970594243345e-05,6.765973833358505e-05,2.8207139758688146e-05,0.09373630351805076,1.5646501567685262e-05,9.26313771659522e-06,0.020059351914455403,0.052859651832834274,0.19268404623483945,0.03665694623425331,LFP,4,79
-398132.6161160243,2.0908307257336998,0.022372976942951144,24060.18742686681,-0.33953076247101066,-1.1604692375289893,-0.29151322600480667,0.2543960989512558,2.3818488795550938e-05,5.9918715390561776e-05,1.2594450810551771e-05,0.00013101612412667822,2.2952350969842276e-05,0.09995852914544692,1.5603466822259166e-05,4.1563231598255874e-05,0.024956688461442646,0.045392720493695145,0.41387299553848683,0.17922105796301144,LCO,4,15
-369434.91084619093,2.4273869244278896,0.0030729217209483043,88284.17570282068,-0.3081796608562435,-1.1918203391437565,-0.572530311064356,0.3238471309175427,1.3154066418887029e-05,0.0001454954096740249,1.2357434299273684e-05,6.185549262902511e-05,1.3670709103295623e-05,0.04941167033906869,1.510104445936573e-05,4.889541420419652e-05,0.024534551219909866,0.0319117744835368,0.18833127260146687,0.13722664185064035,LCO,4,97
-12411.841849423949,2.117221660952265,0.009806102344883291,3557.12446366262,-0.3019232548298447,-1.1980767451701553,-0.3546884331170854,0.7643087400187408,2.5218467381529314e-05,9.928376515176311e-05,2.6391281227671744e-05,0.00012970359033289273,1.84708364712436e-05,0.06342175932913945,5.473072745700246e-06,4.9737382051852585e-05,0.005165703933294761,0.06979973583717619,0.45067501080967226,0.05483682023606622,LCO,4,77
-21277.688022713173,2.188299069916554,0.003054692961137711,4289.062510458633,-0.3211548032781142,-1.1788451967218858,-0.6200954223995939,0.28747871100316486,1.5228175117589287e-05,0.000147046818439049,2.6296286163802144e-05,0.00014068733200794465,2.6173139810238123e-05,0.08186004915069411,7.783104470800083e-07,4.829039865457628e-05,0.004382149019685489,0.024526722513066392,0.2610692686434323,0.024308586443907487,LCO,4,88
-28679.37969941803,2.2820822350039456,0.02285337284430476,506.0180506256088,-0.33052893725860244,-1.1694710627413976,-0.2802216324768506,0.2789357207004942,1.2043727614336364e-05,8.787751486940929e-05,1.3237069749384393e-05,6.208712338670084e-05,2.742283240589736e-05,0.07011883158164696,3.5083704891462383e-06,3.884956387265232e-05,0.0041923384374572365,0.025664498252556043,0.557572776151843,0.06654109311875048,LFP,4,16
-70144.53756454894,2.349715615734675,0.016785544392137867,5704.686456074592,-0.32884047261524074,-1.1711595273847593,-0.08139783681249813,0.3946070125153229,1.3626020431680309e-05,8.394025839613469e-05,4.854908351827399e-05,6.068729049316547e-05,2.5618866780946773e-05,0.06869529691074083,2.32979621853407e-06,3.495699091630499e-05,0.011245151898069964,0.03231783733171968,0.4211050340839364,0.39517929177184585,LFP,4,27
-348402.5408421679,2.323988647068393,0.02355705237081863,17076.013574920456,-0.263442268387859,-1.236557731612141,-0.27412332929386063,0.2098406275183355,2.809692667525469e-05,7.640524213861283e-05,1.486859466316666e-05,4.399973274016599e-05,1.2282748368883933e-05,0.06997251219718473,1.671004514582466e-05,4.578592689409142e-05,0.02359971874736916,0.029011564531290612,0.053967179692457616,0.5728979264823912,LCO,4,18
-418247.2161797327,2.2956463025905496,0.0034870752705401073,98313.65903603526,-0.3073360650166457,-1.1926639349833543,-0.5827875377582152,0.3170651639369544,1.4939856380919668e-05,9.058816320052705e-05,3.846192739120666e-05,6.0616347604202614e-05,1.8827006136538548e-05,0.07000158399187191,1.969336892196523e-05,4.8120103531663406e-05,0.024492276618821352,0.03406049605304842,0.18322745931809606,0.1299245068706403,LFP,4,79
-120073.06604596847,2.1896463733179097,0.003257091952618951,18397.605113453774,-0.3342834833305375,-1.1657165166694625,-0.3843286046124099,0.26408787388817423,2.382989006293828e-05,6.105702434050667e-05,1.5310905658756256e-05,5.1295976313268894e-05,2.2898271925738085e-05,0.08561979089869395,3.5058137816070963e-06,4.4186463663413755e-05,0.010060305831664989,0.044593329067839874,0.38435801071484504,0.11672005560490524,LFP,4,86
-136245.73763829988,2.1972122548104522,0.004058989765811668,42210.53419999205,-0.2943870504856303,-1.2056129495143697,-0.567824901591526,0.28721238262972243,1.562112899334122e-05,0.0001503576439047324,2.6295093163519323e-05,0.00014097088616917968,2.8890545933285506e-05,0.08752479166960006,8.396608974115708e-06,3.6894551919834545e-05,0.013442270508366123,0.01184297795766789,0.12136345669616802,0.22896866375463815,LCO,4,88
-69428.0818488285,2.237797494301995,0.011329580778736862,13272.759697356929,-0.31830925951986444,-1.1816907404801356,-0.5008368341119857,0.6309959558890645,1.765433930463228e-05,0.00014565490173690904,4.078597846242927e-05,0.00011222682623014076,2.736171419245891e-05,0.0630571712659598,1.3536132549244476e-06,4.952264477938014e-05,0.011086737927314903,0.08728077576356917,0.13549730489977915,0.2063850852246661,LCO,4,58
-600330.4041718842,2.1887944669429107,0.021438618690641325,13477.539793418091,-0.2759320867297106,-1.2240679132702894,-0.2637827412379089,0.35535880207542314,2.997508110258827e-05,4.393503060626543e-05,2.5086573316262547e-05,4.6236385151016585e-05,1.2382575374482921e-05,0.09481140293588236,1.8033166500934064e-05,4.307433771094189e-05,0.023554268124679867,0.03442460636202494,0.041752571414098834,0.5900400809859674,LFP,4,11
-39714.435729818615,2.28840629037119,0.006448635132767465,4062.376869064763,-0.38063839663557,-1.11936160336443,-0.3567178210037186,0.21634148944780468,1.7143106157539473e-05,0.00010345634940461011,6.399027668591847e-05,7.121670463220919e-05,2.9847556596649573e-05,0.07197818561542256,2.6752623966941634e-06,4.4762863600631934e-05,0.007386835172637711,0.017425362152146736,0.5157251654959267,0.04013165134820791,LCO,4,38
-19321.018090545207,2.3666231085839073,0.00362073323771347,4068.2769819923687,-0.32282599949116886,-1.1771740005088311,-0.28945080959289593,0.2807073841451173,2.6032279548519374e-05,0.00023967294989787733,3.0126847457142024e-05,0.00012470281385261188,2.4252214976768125e-05,0.09992532225597281,6.008671017417267e-07,3.436158663114433e-05,0.004342213089099779,0.015239202525451776,0.5575224788958976,0.06778750898575481,LCO,4,79
-371966.34222155256,2.155414001267423,0.0032829335051634935,55187.47295909813,-0.3279263198738853,-1.1720736801261147,-0.14460081827943394,0.23310331408929325,1.290270970579506e-05,5.1719720346541745e-05,1.3575379722948004e-05,6.01635666098832e-05,2.891618076154971e-05,0.05054191934906614,2.3191131330124654e-06,4.745234633203583e-05,0.02443158761731015,0.0345631373407082,0.3614811814063331,0.38935486297352473,LCO,4,78
-71588.98897751592,2.3838267964202564,0.025539795756526762,3496.045073438324,-0.2876690148761494,-1.2123309851238506,-0.3685583878223978,0.3627731016931107,1.4892694854277324e-05,0.00010350560452115886,7.571732574183476e-05,5.738111181430029e-05,2.5839863569962224e-05,0.07557353701246224,1.9940618265751437e-05,4.968818527808374e-05,0.0087024175837923,0.01010407256493865,0.5302054029413823,0.02113213667128133,LFP,4,22
-64273.735183318204,2.278140370220416,0.003233947520553397,12693.750798624642,-0.32382604488761935,-1.1761739551123807,-0.09413656648441615,0.23077700091793432,2.6849382226942303e-05,0.00015822709766958551,6.785804979636916e-05,0.0001333290728953189,1.731013954478553e-05,0.08749856327476924,8.4309300242499e-06,3.121834966020857e-05,0.008905867601656157,0.03867703074822941,0.5124464378617315,0.28473996490562303,LCO,4,72
-4822.825567976049,2.205937155145251,0.005861579063718619,769.9025072803714,-0.3638584582456783,-1.1361415417543217,-0.29933816870438223,0.25080342069441697,2.9342696712642597e-05,0.00023349001210704184,5.5345350437976075e-05,0.00014259270525842925,2.945857398879655e-05,0.04119887415459367,9.038216511567515e-06,4.862903421097851e-05,0.004075915011569744,0.4485845048596776,0.041340367174390484,0.14073695926154972,LFP,4,41
-728824.2970985778,2.160182405755929,0.06017382193812651,16970.56696209475,-0.3915958971929143,-1.1084041028070857,-0.20490404287897335,0.5767818114170838,2.846940817307345e-05,4.064577085689481e-05,1.7315860483066995e-05,4.142515157530586e-05,1.2256293612776715e-05,0.0942843984680292,1.6224841519133933e-05,4.4348430204445516e-05,0.02497111856803952,0.05313930815944725,0.5603786973010038,0.1115779516605757,LFP,4,13
-762667.2834443004,2.0993857499464488,0.018167479083182107,28603.137386645983,-0.342337007036841,-1.157662992963159,-0.3547503282102029,0.21619419180571567,2.9862835533609988e-05,4.662385627534817e-05,2.1405130245583672e-05,6.294044926286694e-05,1.2663168135766015e-05,0.09814513352247446,6.900676022539515e-06,4.7340488598025555e-05,0.02493557334525409,0.034466515457672584,0.2737925229801894,0.2669906333519351,LFP,4,19
-4734.755933421378,2.2081971854133577,0.005803096132001681,687.9709316288621,-0.37280556547107757,-1.1271944345289224,-0.014612297373078231,0.250929886971742,2.7134565463568366e-05,0.0002314348996805653,5.467861514587249e-05,0.00014005121287370155,2.4720839570937702e-05,0.04119841075473471,3.1035646313133234e-06,4.866653311804488e-05,0.004073123071726712,0.4561080992379954,0.3806520305911002,0.07862757279782617,LFP,4,41
-5034.359100030268,2.2558155822777888,0.03223769562937075,241.22053940408566,-0.3775538398050706,-1.1224461601949294,-0.3086202634973143,0.250919132043791,2.745206895718103e-05,0.0001822309215388895,5.4432503901425154e-05,0.0001430333428489832,2.7076339385288274e-05,0.04052296804457227,8.95869218220351e-06,4.764620777128583e-05,0.004031104506099398,0.400389834966823,0.0800340591660976,0.14095584236976513,LCO,4,13
-5020.137571925749,2.173853123676158,0.01808271003727292,397.9962355792308,-0.3690023382644334,-1.1309976617355666,-0.3521242676779426,0.2088514874799456,2.403686581838932e-05,8.213614236491318e-05,2.866008585603932e-05,0.00014692618287325993,2.7658210621249234e-05,0.04208404524679683,1.7547093791220862e-06,4.719727604822581e-05,0.004095857698635972,0.4197082101642251,0.07959831095190381,0.07856921120592857,LFP,4,21
-11293.44422448274,2.196048558726265,0.0022609641918546293,2248.3270453036275,-0.3664399871430195,-1.1335600128569805,-0.4940568730274987,0.2267294650540443,2.9033152320261613e-05,5.021686606356485e-05,1.1015066801510079e-05,4.050239404457791e-05,2.9778324269906454e-05,0.052747499316342324,1.864712846737873e-05,3.21923148379476e-05,0.004322214910701474,0.01677680576801069,0.11985112425727795,0.29931519694721276,LFP,4,98
-4709.724610530494,2.0392792535782647,0.005702126762417179,1915.00195112723,-0.3238043839180502,-1.1761956160819498,-0.5036813792983366,0.29657608860134044,2.1461033628207193e-05,4.779178067817104e-05,7.661409190099088e-05,0.00014431318160891313,2.966495032223861e-05,0.040229097157160866,8.181002259220651e-06,3.922327044048411e-05,0.004102930247983087,0.38607205442202264,0.025787835703304673,0.014458730576336117,LFP,4,99
-757209.9189559482,2.1303962183343894,0.03943051187330321,23414.16135808721,-0.2628027801889665,-1.2371972198110335,-0.6579038933157826,0.353154102638291,2.9974531356604534e-05,4.246211308428037e-05,2.4394410651899587e-05,4.160034154013437e-05,1.592395272770503e-05,0.097685799358526,1.53564995207381e-05,4.3128097491368424e-05,0.023991493176633745,0.034517976227441585,0.1056586425669717,0.13191948788980412,LFP,4,16
-612499.3406449126,2.097152549833222,0.011303215805962115,27510.947478336984,-0.21105538613234742,-1.2889446138676526,-0.27552584161877636,0.20709181992976827,2.9877716915333463e-05,4.6623545740915164e-05,1.9642683169497945e-05,7.277288323805889e-05,1.2042363837781857e-05,0.08692062868514597,1.919204787244167e-05,4.346327682829861e-05,0.02334667665010382,0.03488736216443566,0.4869034174742587,0.1326833787425294,LFP,4,24
-759871.5465542561,2.110915099815424,0.05964653883824799,20709.185083165445,-0.3360409015002013,-1.1639590984997987,-0.06723906652997347,0.5388772897764825,2.857159727931117e-05,4.244408466943755e-05,2.4448846454958548e-05,6.522688358856225e-05,1.7645141326406434e-05,0.09446745517252766,1.6110369851578817e-05,4.425799964712342e-05,0.02499403404711249,0.023228539004173775,0.5443543491106582,0.29517804535519465,LFP,4,16
-724819.5219263744,2.138579061719141,0.015261244971053077,24036.850798258165,-0.2628027801889665,-1.2371972198110335,-0.6706409395487072,0.22225348273417067,2.9826997740359904e-05,4.270295329559662e-05,2.5065891317980253e-05,4.081036628463463e-05,1.2498083473687231e-05,0.09572253628675577,9.872479437171319e-06,4.7082418612885676e-05,0.023610027152305365,0.03473605942020962,0.17779562784309852,0.04682737318798473,LFP,4,17
-614702.7437675613,2.14916429561763,0.06389219804457152,10140.121590842258,-0.21980216645109785,-1.2801978335489022,-0.04175807978300072,0.578988275780663,2.8576286520364467e-05,4.323580962230058e-05,1.4102985620799974e-05,6.560485551384038e-05,1.4005509492923627e-05,0.09428411651408065,1.6224998052429116e-05,4.438840145834376e-05,0.024960209229071675,0.05399245989868078,0.5367119270479149,0.2975375332704037,LFP,4,8
-712728.2260991649,2.146646373286554,0.019408204944613296,22421.497176880723,-0.3518149840403826,-1.1481850159596174,-0.30812326618187735,0.20992491678936506,2.989832002879288e-05,4.3891929572853334e-05,2.5398012732651633e-05,4.451367002675219e-05,1.263129350071248e-05,0.0949573529285581,9.755492478456106e-06,4.5659337832840625e-05,0.023579116712478403,0.034874552384980974,0.17802350432311154,0.4089786771100302,LFP,4,18
-741308.6740266422,2.1947592253839963,0.03196780021882768,21905.28671279805,-0.28276948963702786,-1.2172305103629721,-0.7737123187620848,0.2646065452532985,2.996267761254414e-05,4.2742925740989405e-05,2.5041429992966732e-05,4.073017142374065e-05,1.2463948771351152e-05,0.09573021687026602,1.798752604743524e-05,4.928178933431594e-05,0.023610090460757998,0.0344554680108691,0.07537073880852,0.04646147441852616,LFP,4,15
-4320.977659868413,2.0314915463819947,0.0028262808804131677,1726.7733799417103,-0.3332219870682902,-1.1667780129317098,-0.06554906643039093,0.3263985908642988,2.02690177994194e-05,4.988473329213937e-05,3.8408745784359916e-05,0.00014660900609025324,1.255745629558378e-05,0.041731543380688955,1.7310386294083447e-05,3.921970959282989e-05,0.004105960065042507,0.46180436197492103,0.31485668279412515,0.08778988880056288,LCO,4,98
-4035.7883182106134,2.03369196691217,0.008814786603038718,564.4041494952825,-0.3567735744843219,-1.143226425515678,-0.22223095538205329,0.21933846639865634,1.587313670671595e-05,5.198243724517263e-05,6.110779073481565e-05,0.00014934974756243235,2.6687716051150696e-05,0.0428042819246149,1.6754974364225364e-06,4.2248544010481485e-05,0.004095931627827451,0.5115028678517531,0.07769106619515626,0.11857511057103726,LFP,4,30
-4189.303508695632,2.0329181914085184,0.0036152084373709645,1323.2542937416094,-0.2981475618662497,-1.2018524381337503,-0.2672187614783922,0.2077892132529109,2.149467840604406e-05,4.9963141279056477e-05,7.574685673909315e-05,0.00014699864200705087,2.9893765463388103e-05,0.04203648869240751,1.7801835238208377e-05,4.93837117411425e-05,0.004114890843044584,0.5107042505760351,0.10830989533108647,0.04376709261448625,LFP,4,71
-4775.6804344593,2.12246060867647,0.013000425330236553,501.48314027440546,-0.3581208476601123,-1.1418791523398877,-0.20676048655866264,0.37166351138886766,2.2223949915446853e-05,0.000107635824356877,1.0822774869973108e-05,0.00014294325944248153,2.3731689451753044e-05,0.043091687985057706,1.7403771432659698e-05,4.991376895985637e-05,0.0040884731839363805,0.4265293414597796,0.09848975568551921,0.19822041629603854,LFP,4,27
-716983.8060413689,2.118434312888723,0.02341095429997762,17169.917226610505,-0.3126620220250942,-1.1873379779749058,-0.23950757981719317,0.2654404950871053,2.996315696016027e-05,4.3929943773385315e-05,2.4874319889073068e-05,4.622818660190753e-05,1.2388529119696909e-05,0.09573388448447775,9.633315937240563e-06,4.397503395124733e-05,0.023564429830694313,0.03445364227481847,0.07515572201988159,0.5808830558881068,LFP,4,14
-714655.4297876342,2.107418101320412,0.04112532314186894,21735.103413420195,-0.3214890043909371,-1.178510995609063,-0.15926293893547872,0.5440011030815638,2.9613417192731542e-05,4.2437302683680746e-05,2.402768001648745e-05,6.523082720969268e-05,1.3724013812654555e-05,0.09518523495409632,1.622905233673062e-05,4.4222846533109925e-05,0.02292368090906491,0.03492519111567543,0.4912231975134035,0.24458867243544247,LFP,4,19
-4499.776037763909,2.074883793921744,0.012981928468309853,452.0102978921936,-0.32402695531705206,-1.175973044682948,-0.013845323445799917,0.21093601684376034,2.1498410178734216e-05,6.906137281884992e-05,7.587198523212435e-05,0.0001352712804382762,2.953487141423361e-05,0.040871256006426354,1.9107404105864804e-05,3.8348886156537065e-05,0.0040068288505134796,0.5157113404498069,0.31264533731274446,0.08779799879164876,LFP,4,29
-213937.108457772,2.2203990006450542,0.0031375855360927995,54091.665723154176,-0.3384076711316535,-1.1615923288683465,-0.06771628164972798,0.32620936445518706,2.3366649558876623e-05,0.00011930236253944611,2.0901912658671597e-05,0.00011287972750776323,1.794548739014343e-05,0.08959434554807524,1.7616251401973372e-05,3.1825113080842495e-05,0.0161353995422726,0.04510260396526986,0.5969216407106654,0.22025947367433674,LCO,4,95
-740598.2039443516,2.122892159778912,0.01800215186583445,29940.407042055565,-0.26172757680949665,-1.2382724231905033,-0.31197175733518223,0.2097642751302525,2.953604249038436e-05,4.2947443696294604e-05,1.371997919369095e-05,4.53320766115185e-05,1.2034401277271545e-05,0.09397925556303151,1.6378593406334123e-05,4.6259373859242276e-05,0.024994582599682253,0.03394636643686877,0.17136112731019426,0.41272074891775484,LFP,4,22
-580232.7077687008,2.116019197946747,0.06442064817152979,14076.286348584428,-0.3196415554773715,-1.1803584445226285,-0.045057423255035256,0.5493858259762255,2.9448781166401452e-05,4.230933576585836e-05,2.5051026301274148e-05,7.317762926297602e-05,1.4167843689999738e-05,0.09594610851204996,1.5471024166029154e-05,4.8454100888730056e-05,0.022597245947194883,0.03512306320751505,0.5196707731561654,0.3301487403812844,LFP,4,13
-4247.136109051709,2.042718590512436,0.0091441330133777,488.01023778296803,-0.3413261577641862,-1.1586738422358138,-0.07796357420130784,0.24786912885951712,1.584134559678726e-05,4.144670334689824e-05,5.547031562507491e-05,0.00013908779639453385,2.963465938195702e-05,0.04162116229689041,5.106749848612139e-06,4.870957840266571e-05,0.0040758972466066225,0.4286987842343467,0.3242737275866614,0.0990639139776841,LFP,4,29
-3847.1330015069225,2.0483399016319335,0.019510140818752585,458.97708807841633,-0.3508936034200101,-1.14910639657999,-0.37492523748902606,0.25092338670464814,2.9725630435580758e-05,4.644198869164621e-05,5.5656683051508946e-05,0.0001204028681691389,2.816082785116637e-05,0.04080976942767079,1.8660760949553397e-05,4.8632828072548734e-05,0.004075897640149656,0.448774618880512,0.04712307566152208,0.05917706796893987,LFP,4,26
-192604.73201021994,2.3839439611539746,0.022975398762055274,6283.108850384687,-0.4517703987002726,-1.0482296012997274,-0.028154692320654262,0.20422741736467268,1.5528332985279657e-05,9.814591449582584e-05,5.6195668337557084e-05,4.2314015792059265e-05,2.448989265108674e-05,0.048115730251933275,1.534987280270413e-05,4.6288042873226536e-05,0.019181588422160986,0.06716318287040339,0.2754229240491124,0.55925920075983,LFP,4,15
-724819.5219263744,2.2029420687687478,0.028933468967680242,20757.00506742136,-0.31580682815357797,-1.184193171846422,-0.6163787484416867,0.21442022409737166,2.986899438839714e-05,4.273472332821186e-05,2.5039434439651085e-05,4.0853443453480056e-05,1.246329275791624e-05,0.095733555073583,9.638823507746595e-06,4.959831240423505e-05,0.0235650691751394,0.03506809549531886,0.23291599447839575,0.04563716158459874,LFP,4,15
-5483.135825873926,2.1875431824202534,0.007362608535737998,722.3402485396908,-0.30454763465447776,-1.1954523653455222,-0.3166168487885347,0.25113443476770425,2.733374332741279e-05,0.00017998981083145257,5.445016934870725e-05,0.00014079692919637295,2.7078608539334037e-05,0.04149284423739972,8.514218604593029e-06,4.8791218424370056e-05,0.004031029459418683,0.3776719409357788,0.080086955698845,0.15562425457684148,LCO,4,38
-4601.889447540971,2.239628399682111,0.003281089709179057,1481.7031219980383,-0.3589967078165479,-1.141003292183452,-0.37205132015212117,0.2713127323319566,2.1377155611064377e-05,0.00024090394652847132,8.615008781113362e-05,0.0001459006136244866,2.5880415338360346e-05,0.041519494310564044,8.516824179506788e-06,3.503834033316072e-05,0.004002825019185746,0.38988439282346143,0.10464492539165612,0.06341936163276131,LFP,4,77
-4752.279695964134,2.1497370742069832,0.009054723557956612,472.4192352762248,-0.2556288888799454,-1.2443711111200546,-0.1849489958855025,0.2520544824975689,2.747632703057221e-05,8.641810020212282e-05,5.433846371490957e-05,0.00013687957402945804,2.7225624512373138e-05,0.04341329524296482,1.5217361688013208e-06,4.879997101454634e-05,0.00400091860608816,0.511624437305072,0.07768196614173212,0.1557446006676934,LFP,4,27
-721067.2473669774,2.118434312888723,0.0237095066335479,16545.049155224515,-0.411191272698165,-1.088808727301835,-0.13145515288815357,0.2909666404579362,2.9963405101469877e-05,4.394560974316568e-05,2.5644862553584283e-05,4.6906853567979394e-05,1.2275474121003671e-05,0.09576723541523177,9.805023772410335e-06,4.645974739740868e-05,0.02358582156827104,0.035074372598125236,0.22401482568202363,0.5394556488316976,LFP,4,14
-700038.704348699,2.10738272024648,0.01687424028059359,19198.45841194274,-0.30075253949906333,-1.1992474605009367,-0.09480259704054173,0.20799721358291234,2.9391818627935873e-05,4.169985279316297e-05,1.1264262934024496e-05,7.514517541263427e-05,1.4573574454798882e-05,0.09447144371509694,1.943480557452214e-05,4.334308998981433e-05,0.02477609663957465,0.03718954051278775,0.5507498751016628,0.24725798734500767,LFP,4,15
-4672.799442635116,2.0925345439048857,0.009988794821608691,693.4611531863425,-0.3446811444837774,-1.1553188555162226,-0.06304596594387979,0.38195173046635406,1.987240030218859e-05,0.00012620839242473262,5.1804151787477594e-05,0.0001441230192482417,2.4780796044595415e-05,0.041188467072213006,1.942439139161755e-05,4.8708170466959676e-05,0.004115778236248743,0.5031829681309276,0.2829590061191376,0.08081205980605513,LFP,4,40
-3313.941290966611,2.0606785211500505,0.003630141508130413,1213.1531101218511,-0.25250217102315275,-1.2474978289768472,-0.2533149387308411,0.20583818421636052,2.331843675094678e-05,6.162907289644549e-05,9.695036024940021e-05,0.00014627071398809184,2.5483978671302276e-05,0.04213241176716741,1.4583747596053269e-05,3.9163768509591086e-05,0.004002349762109415,0.5289148575361946,0.11904519953505321,0.028725004197911106,LFP,4,68
-4035.7883182106134,2.0429585419416636,0.008305936323125552,535.0728851438416,-0.2776424760610716,-1.2223575239389284,-0.1850394227897475,0.2183567791852975,2.7873110297032486e-05,4.415345110731766e-05,6.122096955356142e-05,0.00014483767946393768,2.6456689735650405e-05,0.043420785538644154,1.4536023121698433e-06,3.917139004126256e-05,0.004000814781450565,0.5114988722323272,0.07769113583243838,0.155770569145487,LFP,4,31
-708147.3339256448,2.1066009479341754,0.06615658881283085,20939.282620135753,-0.25255824343322786,-1.2474417565667721,-0.27854624324392463,0.589732289996298,2.8449942382816488e-05,4.1705268541518234e-05,1.9958535477114118e-05,7.581626338346583e-05,1.5644726256403484e-05,0.09455970463040068,1.476027891543584e-05,4.4363038104159044e-05,0.024773668192607727,0.053142728995194205,0.5507128630275008,0.047598164733380466,LFP,4,15
-732141.671794086,2.128451397109248,0.031721512077237723,23679.426001743843,-0.23315985355317537,-1.2668401464468246,-0.6797240379629966,0.26210784742861226,2.9968409732745404e-05,4.120634250895661e-05,2.5712763986975063e-05,5.1127949090965636e-05,1.3981116850371063e-05,0.09573508875964107,5.593341266900608e-06,4.132504080510459e-05,0.023974893950720666,0.03993252124155637,0.11296928093302085,0.09737415986242622,LFP,4,16
-49974.79797615998,2.4328524287269158,0.0024646470518131006,11675.561464828092,-0.2694738518076001,-1.2305261481924,-0.7782604929406431,0.21504891698016898,2.927084040873496e-05,9.075489768612795e-05,3.972892520341106e-05,4.981150347382038e-05,1.3415726174905872e-05,0.08566408318497906,1.8684885549284136e-05,3.45451896530011e-05,0.007082567641180991,0.02650746387935329,0.021973758033450586,0.10325828514655307,LCO,4,90
