SpecificEnergy,SEIGrouth,TempIncrease,Price,UpperViolation,LowerViolation,VolFracViolation,C,la,lp,lo,ln,lz,Lh,Rp,Rn,Rcell,efp,efo,efn,mat,Ns,Np
-272193.28380542423,2.1622310655050287,0.006198976008492214,47400.50056817555,-0.2539940627222901,-1.24600593727771,-0.32702512583173615,0.491886141654292,2.8779929183833368e-05,4.3917864008766476e-05,1.9954857379507264e-05,4.7045536789979614e-05,2.9021079385636928e-05,0.05549043286480126,1.8784595407436342e-05,4.302752833456303e-05,0.02163262716128448,0.08676126733624079,0.3075775437421271,0.20863606308989607,LFP,4,81
-145158.68153360905,3.0603844107498417,0.6695480291500275,1801.0785407374444,-0.7818281449860258,-0.7181718550139742,-0.8083188635147311,0.2723068173514917,2.2572052017542085e-05,0.0002204169739695801,1.540052919433409e-05,6.016712460356091e-05,1.227076668523415e-05,0.04021915971186415,1.6198871487398962e-05,1.3444586075834031e-05,0.021247298475786137,0.023106130224602183,0.019324149306514073,0.07925085695415265,LFP,4,3
-66148.15036442093,2.3910083581648482,0.0016193244975227677,19426.74901852553,-0.09636544790115487,-1.4036345520988451,-0.10501752694035582,0.308984786198967,2.776124639451078e-05,0.00022133295887139646,1.5504174598819837e-05,5.954103077177238e-05,1.6947002100280838e-05,0.09300747744198756,1.6001419519322162e-05,2.7228022873431643e-06,0.00981980604964777,0.35874738208054047,0.39027870016017197,0.07595639081893182,LFP,4,87
-426225.3253450142,2.21719259626665,0.020014434303627857,14859.542358149294,-0.3510466373004899,-1.14895336269951,-0.6063250244433478,0.23488083880563274,1.4069033229337403e-05,4.6855617631222395e-05,1.6294528079299253e-05,4.526928529157729e-05,1.2506477445397774e-05,0.08859291264756605,1.0366020139839986e-05,4.99391987811119e-05,0.02311585031723058,0.0468386232008601,0.20648266248648878,0.07035368986930335,LFP,4,11
-211976.41099977712,2.3603326234499287,0.09850892820109153,6212.846094159194,-0.21892187049684608,-1.281078129503154,-0.5542845202097941,0.3101523999786941,2.3003133537921504e-05,0.00010170325228293152,3.135887280546925e-05,6.442146706683238e-05,1.463734293990015e-05,0.08826270869288652,1.6942079132654424e-05,1.9496875600688988e-05,0.02207001497508585,0.2760368012104867,0.03360524209998328,0.06607343647973593,LFP,4,5
-476994.0966972164,2.1811163192177236,0.003474778908192775,73745.43652693812,-0.3704269686323922,-1.1295730313676078,-0.36842262911012347,0.23428007101696502,2.3607002015917123e-05,4.5771105126597504e-05,1.3564604484474587e-05,4.095900475682855e-05,2.854375615860835e-05,0.09245099830764593,1.6095906697478665e-05,4.5073415882612216e-05,0.02174805505850992,0.08641857490943546,0.26612451513332813,0.209034280847113,LCO,4,73
-76598.49752024846,2.307817417849125,0.0036378524036060986,18579.897920846528,-0.34122399297060824,-1.1587760070293918,-0.36010078855947425,0.22436927045879543,1.7844285437062228e-05,8.976767170405667e-05,1.1370838076191525e-05,4.879692648399139e-05,2.8485702894344226e-05,0.09653911409978536,4.329670579480689e-07,4.684573198825393e-05,0.008736337237782759,0.03993193284233365,0.5107718494632779,0.01919542913491427,LCO,4,99
-54524.65641638283,2.3317731051921444,0.002369313488220623,12105.197483610977,-0.35551544966808635,-1.1444845503319137,-0.4907166876708071,0.22646816613983883,1.2060925984255903e-05,4.085132861536338e-05,1.8026348015088474e-05,4.3044055389211226e-05,1.2590702675181767e-05,0.09835853417363574,1.4587341960493546e-05,2.063401018762528e-05,0.006967935331266497,0.05958869793031236,0.22488055636833768,0.15481405803054285,LFP,4,92
-30612.83780341832,2.235351153007032,0.004893239279600668,6604.84783901297,-0.30209639885777406,-1.197903601142226,-0.13102737968368194,0.43361870513009854,2.7603985697497786e-05,4.8260609686509214e-05,1.9996639060994376e-05,4.880034029247234e-05,2.9458630739177557e-05,0.05310884803113097,6.726722339179485e-06,4.87684597329373e-05,0.008217249864815812,0.07909767272968198,0.5117831295559433,0.20809181803069293,LCO,4,86
-15635.281730383973,2.4746282751423725,0.0031740710033987284,1648.7060402635932,-0.4313671673264956,-1.0686328326735044,-0.3417925778263411,0.28795802010807287,1.419452053691388e-05,5.991167810767024e-05,1.939124962643089e-05,4.154834437211272e-05,1.5659428493199924e-05,0.043413196305043075,1.9480624072485648e-05,8.863418009659782e-06,0.004119726650839577,0.058094656633421476,0.40828851031323193,0.12182425522700555,LFP,4,86
-650654.8401430435,2.5612755273099546,0.006176836319755374,111025.7307722562,-0.2759274906553024,-1.2240725093446976,-0.43635323139434407,0.4895785663551383,2.8065304706268687e-05,0.00010107516691005687,1.1279750100680442e-05,4.6492727089527964e-05,2.0469320379519057e-05,0.09048914287397723,1.638331032658808e-05,8.850608783581335e-06,0.024957090635649277,0.04856898593967396,0.3725931742444146,0.0724846084215674,LCO,4,76
-190250.6543437949,2.554689647498744,0.00441220902860027,29416.37030227451,-0.32550819691284616,-1.1744918030871538,-0.4106963164927294,0.22266233115079367,1.5021567655147935e-05,0.00017111925227720104,1.8521945678000776e-05,0.00013634964554126057,2.322635405364891e-05,0.04206203944794974,1.7207936870152014e-05,6.873300376779639e-06,0.02173444613462916,0.26883510892589896,0.08907776240895893,0.1613908121724127,LCO,4,50
-329304.4128918942,2.3190021939190313,0.08709418637727841,6303.577492393117,-0.29757974458256875,-1.2024202554174312,-0.20421053136164669,0.3635973135984577,2.6871385453160506e-05,9.47863589606653e-05,1.0734215980324207e-05,4.778100680462429e-05,1.3324689978036123e-05,0.04011993114917166,1.6107935607201495e-05,4.093578417828767e-05,0.023300335493123377,0.01568495906309451,0.42247542000712435,0.2876290895681345,LCO,4,12
-29778.07204913051,2.513732539487231,0.006642958563575131,3183.4081520366076,-0.380596994895388,-1.119403005104612,-0.616828782295908,0.2956791906712062,2.2711154173013037e-05,0.00019632987159596627,1.995939596356308e-05,4.824370633484855e-05,1.4630827382763268e-05,0.07648835497151973,1.668289319459764e-05,4.636272484782794e-05,0.005537711300012753,0.10082441501280096,0.028493140170234365,0.18385366252105678,LCO,4,44
-355191.9882505577,2.9016538614807916,0.5862982417261168,3313.523227360417,-0.9296966838584382,-0.5703033161415618,-0.4509235986487,0.42501033845257696,2.728305117511786e-05,9.308052904646843e-05,1.3015351072119994e-05,6.574961759137993e-05,1.593539438579056e-05,0.09124657879613214,1.5185404687949234e-05,8.58339187767705e-06,0.021281970120938874,0.016327185319422993,0.38722336300205407,0.07552585302982294,LCO,4,3
-268106.0541638999,2.292608270118033,0.006988169042935259,20072.937073414436,-0.3909222999981523,-1.1090777000018477,-0.35602879339753846,0.22367610796948673,2.9276246529199983e-05,9.29580578898034e-05,1.3019954245646541e-05,5.028326002788104e-05,1.5917968407322056e-05,0.07034846706722613,3.6030689489175924e-07,3.780684547082437e-05,0.017734581221311052,0.024986928140838898,0.5297695082707796,0.019214770190843007,LCO,4,36
-38466.69142211206,2.4872015331344346,0.0022870796759947238,8495.771250281583,-0.4229281992743381,-1.0770718007256619,-0.2723762067306228,0.23679457456150485,1.217902282823754e-05,0.00016082333439660862,1.877331912500087e-05,4.1190264253689565e-05,1.703881152147279e-05,0.06596970350194917,6.646912981941016e-06,4.669405874943368e-05,0.006916398055256705,0.029235548761818442,0.35101587393271094,0.27737237057484787,LCO,4,99
-95382.53443114719,2.2132309941936588,0.005645267722701062,17633.855776262368,-0.27556585788098786,-1.2244341421190121,-0.15167478923020006,0.5329009691143264,2.6163987856385892e-05,4.849055310250414e-05,1.9994624294061395e-05,5.380809862658479e-05,2.9716547149763564e-05,0.05256042765098029,1.3181167383272072e-06,4.8826565550388235e-05,0.012859243384805909,0.04179987435665284,0.5006464449363506,0.23587889147679647,LFP,4,93
-258564.2379783622,2.345922853423117,0.003117405677684958,46762.012548236096,-0.29137034612346113,-1.2086296538765389,-0.28317034778597183,0.2588093682308068,1.6316351099943933e-05,8.397925694054415e-05,1.0620907036124516e-05,6.017345706587402e-05,2.5777243169142758e-05,0.05767336831779525,3.30263089503518e-06,3.496290398924557e-05,0.019763513465960253,0.06811940662791134,0.42663430667056107,0.15207593891555576,LCO,4,82
-245260.55728505785,2.3387295534741526,0.0034076290522980393,59041.30421397131,-0.36309672735253073,-1.1369032726474693,-0.1669241680581871,0.3121769515751628,1.3135818844216901e-05,0.00012903122727525725,3.1759898064720116e-05,0.00014058101191929235,2.981339466668625e-05,0.058410563808445,1.3228783103823228e-05,1.871219146983404e-05,0.02178343109546793,0.0862358682216083,0.13293692835599785,0.5439030353642068,LCO,4,81
-77942.1005009709,2.533157467060846,0.002524935498727637,13792.878815365404,-0.34065604439977903,-1.159343955600221,-0.3926438914657773,0.24836565290014367,1.8231106767429006e-05,0.00019948189203984243,1.0138829151271385e-05,4.8236725629713994e-05,2.8976494223488423e-05,0.07615484315607464,1.5566918323393497e-05,4.7206321557563564e-05,0.00836131951059051,0.015987039068819098,0.46532306260495737,0.05604600686044629,LCO,4,94
-164275.45350106867,2.5728537720879343,0.00317339140127934,37991.42963183478,-0.3220860047229088,-1.1779139952770912,-0.22790072632279545,0.21976262887364933,1.2476073005199976e-05,0.00023931725887966744,1.6660622402833516e-05,0.00014143188229439048,1.7453919601037504e-05,0.042792029941509976,1.690269778206009e-05,4.846410877194471e-06,0.02178705540682984,0.37946028170147034,0.11700078073551864,0.2056382112402156,LCO,4,65
-45105.703980762446,2.4228901934004288,0.0044081458103739785,5184.959167566656,-0.27798721267567217,-1.2220127873243278,-0.03499469126623478,0.32568066583684807,1.8043888252682026e-05,0.00015718407608627906,1.0087372090745978e-05,5.9701256597982774e-05,1.4529884816382327e-05,0.06221552535552621,1.5824109573737734e-05,4.641045335017909e-05,0.0070043809943765535,0.15278316655455798,0.42192570520351846,0.3202964369756889,LFP,4,70
-69018.21049443938,2.4264931918269266,0.002607202671644189,9106.186304723233,-0.38677924302347755,-1.1132207569765225,-0.37520979579493163,0.24855074628789334,1.204577410068838e-05,0.0001439931441002579,1.0095549997502109e-05,4.111779520816247e-05,2.551444184150883e-05,0.07631916755925457,2.738707716613469e-06,4.744253818807819e-05,0.006881635982214871,0.03509911395925902,0.4653395279196159,0.05435156232619354,LCO,4,92
-110027.74106417291,2.248481164966623,0.05602831901662849,7773.449889082696,-0.44885580191679786,-1.0511441980832021,-0.2824875762950283,0.4283361239366422,1.939849081774916e-05,8.349076895860948e-05,8.062847881900367e-05,0.00012625247176641593,2.7858456589259548e-05,0.06756980379654379,1.2631981451029291e-05,3.109501919430935e-05,0.0206925574283411,0.23488345911471728,0.18173296078511855,0.23089600380513592,LFP,4,10
-49378.78898329113,2.5644047650914046,0.0025099486122133778,7517.68081541616,-0.39550570650060557,-1.1044942934993944,-0.3636225344858831,0.24836467946379495,1.4594173837265712e-05,0.00022569365546824748,1.0075336038929982e-05,4.100418351856527e-05,2.9017976628396237e-05,0.07639108108691023,3.711501585676581e-06,4.745384386961643e-05,0.0061985905517850885,0.04328944722535914,0.46703901690950095,0.0560490013792568,LCO,4,92
-44052.95392327868,2.2073274950185224,0.00931473464721035,10371.40241609475,-0.3216896382676282,-1.1783103617323718,-0.44553649230482395,0.8961194643889212,2.3753178890184595e-05,7.566150266344721e-05,1.3280318010532746e-05,7.113563774204541e-05,2.9191865755972882e-05,0.09109771946222098,1.203466614380901e-05,4.5696068379670176e-05,0.006675394874085201,0.10636545842083417,0.32489271000346254,0.053205339270879365,LFP,4,99
-99451.36163972312,2.1826519473756583,0.0065370836073055626,15498.797426738585,-0.3063339522498243,-1.1936660477501757,-0.3001065161490759,0.47320456996508853,2.8792079527452523e-05,5.0319876846066523e-05,1.9953253960333286e-05,4.7023455813318425e-05,2.9724391539220627e-05,0.05554568956082015,1.0647141486038771e-06,4.300992965872756e-05,0.012758645084988342,0.08758735334124453,0.3063972590730167,0.23590887143666295,LFP,4,76
-119756.57220304545,2.229667995774349,0.004313017675457882,23866.88492880861,-0.3032310240844449,-1.196768975915555,-0.14129691649792453,0.4323246766648353,2.7645703657938354e-05,4.825677803612138e-05,1.9994534878745857e-05,5.389078470681416e-05,2.9356615988417986e-05,0.05255522168391284,1.2061229304030296e-06,4.882723163756473e-05,0.015026092671787578,0.024163190187274815,0.5164713941776794,0.24806849913712128,LCO,4,93
-242588.4983740716,2.357958912494966,0.38146667819065705,5486.7283769734795,-0.6560116008687551,-0.8439883991312449,-0.724826406921802,0.3538114274683233,2.6887562834929954e-05,0.00012851147947246357,2.4365569875235083e-05,0.0001130166120967513,1.8418953372616806e-05,0.07462518944721225,6.303011353968823e-06,4.7390399409499085e-05,0.021751579444188464,0.0313244649113108,0.04182225776341707,0.13202687040347025,LFP,4,5
-221376.77385420873,2.416575859100389,0.008029097530787862,19312.780474946878,-0.3668890786054195,-1.1331109213945805,-0.1667167089968501,0.2168808876558313,1.3123433509610943e-05,0.0001908390522721269,3.183141643151911e-05,0.0001362857496693363,2.7075651940403783e-05,0.04222153433112264,1.1353480241178021e-05,2.427596311400695e-05,0.021806631338970903,0.08160913828086817,0.13632674576397746,0.5453474069583043,LCO,4,36
-237409.0012627514,2.063511316492267,0.011652332572652479,34990.21298789265,-0.2705636181887563,-1.2294363818112437,-0.07407667866173129,0.7128090963625496,1.409220102406468e-05,4.5373711545982326e-05,1.2264372830174961e-05,0.0001458342071906816,2.8539802516451315e-05,0.04492135120827051,1.1989824722799508e-05,4.760614955168168e-05,0.02253920943674658,0.03114473744327067,0.2973670074600115,0.5274115764349866,LFP,4,63
-338639.6719447978,2.4834054976812334,0.0036441897622693014,48060.59490694345,-0.325252757190416,-1.174747242809584,-0.1867469865145175,0.29868505718224875,2.221965280966597e-05,0.00010643562419548408,1.007047536097234e-05,4.0849631049807896e-05,1.655677777759146e-05,0.08889721473518902,1.1336083263384172e-06,2.0987664556628017e-05,0.016447919922636185,0.041642370430154466,0.4525903945883083,0.24902024846701984,LCO,4,82
-30329.36166150307,2.532398819435064,0.0026163002904822435,5038.8508470724055,-0.41138593876453555,-1.0886140612354644,-0.3524295404619717,0.24836567163687154,1.8269620586203605e-05,0.00018714615136172742,1.0165823685038199e-05,4.236805659339102e-05,2.8957402907136278e-05,0.07639811508614106,2.1058011176653524e-06,4.756623748438081e-05,0.005174167354675371,0.05626108182204634,0.46526032338845075,0.056049054327531295,LCO,4,91
-514780.52868651383,2.1025587473836054,0.00859377093949086,30179.055512973293,-0.25876715163374797,-1.241232848366252,-0.10766895207099803,0.2340092683840227,2.8773054880077158e-05,5.9175237708819454e-05,1.3574337684109871e-05,7.685411968369748e-05,1.4295110680408013e-05,0.09244260377035968,1.608981057233783e-05,4.4975812884067996e-05,0.021759770968997713,0.08696085695853087,0.5263392729055231,0.20903091806494817,LCO,4,30
-88813.91274297962,2.1381921590352784,0.0038180266961477544,16709.651991488252,-0.2552098173628501,-1.24479018263715,-0.41765679408705336,0.25100232947586754,1.7670694416834373e-05,4.3639200410484533e-05,1.1392173861399e-05,4.8201039475387804e-05,2.9414785403107368e-05,0.09458484702131875,1.7269684046537418e-05,4.6674313040941605e-05,0.008902972112339973,0.027864552751396054,0.4652851408494834,0.019193512312067205,LCO,4,92
-316167.56382915436,2.1714735156968934,0.0063826102195613105,45956.906200446494,-0.2823458512669479,-1.217654148733052,-0.18935929633738013,0.4954105314665792,2.8079401116526408e-05,4.348136747496983e-05,1.9992437984144176e-05,4.810657076328478e-05,1.8163836095410254e-05,0.046381095486951594,1.597898950220316e-05,4.385952869108365e-05,0.02330692091920489,0.08858231733252714,0.4747365584090319,0.17732182792106094,LFP,4,82
-32464.92058859913,2.3073834083282616,0.007271780559487017,1646.6152537381136,-0.31058042284357157,-1.1894195771564284,-0.3558791746987965,0.2236688569633831,2.9487629722024726e-05,9.29954053285301e-05,1.0586376783508981e-05,5.0309685472145166e-05,1.3937663888767605e-05,0.09722298982978053,4.3372455613245055e-07,3.773949851439844e-05,0.004442309129954624,0.02474298404514163,0.5301906291296136,0.019187212126448368,LCO,4,34
-336912.1865537796,2.379619682340525,0.005855236248681937,39713.45733804861,-0.3257758306780154,-1.1742241693219846,-0.6323586108959419,0.24709032375278167,2.5953049202007703e-05,0.00023124207273882413,2.1377650719593127e-05,8.747584957371104e-05,1.669320306966509e-05,0.09973977831411758,5.365203494270981e-06,4.892182258800521e-05,0.017072024856253587,0.024569859480445915,0.21348367633870205,0.05958785328491015,LCO,4,44
-179825.24410809792,2.314721449073166,0.08156156176824392,4447.254501497372,-0.35999393651419176,-1.1400060634858082,-0.20038067950658933,0.2584946880265646,2.7032297575883864e-05,9.484529114152993e-05,1.078811763311788e-05,4.763864317956858e-05,1.6547508461179494e-05,0.04003610419817559,3.0572560742705563e-06,4.1011572255826334e-05,0.019699962542639688,0.015374506535100911,0.42245717740165417,0.2917876365566556,LCO,4,12
-658616.477912233,2.6007174238399218,0.004156592225534287,97143.15612196246,-0.3719548540614195,-1.1280451459385805,-0.16422709333379282,0.3489470073926824,2.972434915244049e-05,0.00023527556771208347,1.4102797560667129e-05,4.488651872998385e-05,1.782709986633475e-05,0.08232468647519743,4.816644343622447e-06,2.410411654955553e-05,0.02398293481832722,0.20688448641420412,0.3305373276983852,0.22835109255361796,LCO,4,79
-225829.07418124395,2.205736256623947,0.03138667935255007,9241.89120688655,-0.3808540938603464,-1.1191459061396536,-0.727037749681602,0.360865825675188,2.1712718201593258e-05,0.0001059241886543889,1.8224804558593004e-05,0.000142979820573097,1.4788814115190236e-05,0.04705300288950133,1.4181772539314599e-05,3.8751478350187066e-05,0.021806277269622885,0.011503951470812207,0.17038910136625082,0.02106919748133509,LFP,4,13
-10683.89162125206,2.1740442813701764,0.003563579844222305,4026.9704373180075,-0.29674519646794373,-1.2032548035320563,-0.2719821165699756,0.2926782824108883,2.7697415112703884e-05,6.312254323006164e-05,4.958241617901567e-05,4.828122576325891e-05,1.927316929446235e-05,0.06690101922023867,1.762095191488344e-05,2.7505668245355435e-05,0.005574621249309171,0.4873690841626907,0.06023621485344373,0.11041258441389003,LFP,4,79
-168273.60262208333,2.5322099934672964,0.01536697891585687,10770.807004030261,-0.36554144803758604,-1.134458551962414,-0.4913000995810726,0.21318516765311432,2.491033040358916e-05,0.00010884329788759454,2.9746495121260326e-05,0.0001282954258272955,1.6175525716367598e-05,0.04707522194733818,1.1863693269390533e-05,7.070916948479011e-06,0.019885444597829725,0.033129786297225364,0.2919198337200334,0.11365028040166869,LFP,4,20
-60942.38824278782,2.319116816650377,1.444865571303938,1470.7755882648657,-0.29622950302946904,-1.203770496970531,-0.7205877393535611,0.898759114199335,1.317091437636865e-05,5.662879339658573e-05,1.2660190514122101e-05,7.817804878464125e-05,2.9719168830224565e-05,0.07445259666186822,2.9661647892708e-06,4.641302348828816e-05,0.012990170669854431,0.012006597596487766,0.11324471735838013,0.08416094569157107,LCO,4,4
-158767.65563701,2.5399731934288865,0.005500449920771351,24556.765849207542,-0.37134692662743873,-1.1286530733725613,-0.3923849321808349,0.3870015460353018,1.725282847637789e-05,0.0002418050450086669,1.239241617579885e-05,4.7215105344272735e-05,1.4060543280878575e-05,0.063179870582184,5.487647345542403e-07,3.933760084973741e-05,0.013954108290202001,0.23896020378735497,0.06897251268597623,0.22968235134583392,LFP,4,69
-386624.70114427834,2.1523019409651005,0.06132550493295473,12876.909964294267,-0.35465156714857393,-1.145348432851426,-0.536011084097495,0.44946123522079795,2.616157454380695e-05,5.2143778283404e-05,2.89272346826624e-05,4.222241798625213e-05,1.4786310874108134e-05,0.08235809076430833,1.4163981351189213e-05,2.950831530414723e-05,0.022135019951666727,0.19569294611756538,0.13004533204173488,0.06825063774320476,LCO,4,12
-93257.05502509141,2.099737499686184,0.020399776821706662,24056.17660507043,-0.4264507637909212,-1.0735492362090788,-0.8781325484721775,0.23534665851238307,2.968991842724559e-05,8.655915762431443e-05,2.1829928055664704e-05,0.00014925191110239227,2.5789149547586215e-05,0.06049432435667259,1.415063322797098e-05,4.4576768730674814e-05,0.012918676016664564,0.023907599620217417,0.010238662998415912,0.01772118890918925,LFP,4,75
-162763.81414031246,3.173650268049786,0.3833787909193618,1594.7712976822243,-0.893823413285352,-0.606176586714648,-0.15801873247722087,0.4237223630055248,1.3368120742944002e-05,0.00022215008866548634,6.555546752378057e-05,5.836485797398012e-05,2.7320228532413004e-05,0.061570996900821025,1.955215176765467e-05,3.4910397597709255e-05,0.018037157704160763,0.10995270073482803,0.181794336405846,0.48023423038210517,LCO,4,3
-496422.30586686824,2.507984330420038,0.03127287917025351,36309.029733093834,-0.25146716758211163,-1.2485328324178884,-0.18077947563327712,0.7839743046989985,1.6156737823676534e-05,0.00011869040399446279,2.9095411857692728e-05,7.841908733923114e-05,2.5904272360868984e-05,0.08586147026898974,2.0758954437344974e-06,2.2583976231930062e-05,0.024346939053679472,0.09400523168700843,0.1299001178054727,0.5253151748742417,LFP,4,28
-469018.9794292679,2.4959805665416455,0.0575390703233694,13676.387922287937,-0.2840295432081863,-1.2159704567918137,-0.48117369788398856,0.4439135816609453,2.616893811100174e-05,0.00011451498674534447,2.9751502612616705e-05,5.33681681527574e-05,2.949138888713433e-05,0.08541546148827091,3.7257819785257174e-06,2.9309012583734788e-05,0.02211755814331464,0.19570030258294296,0.1741086309052283,0.07901736862784024,LCO,4,12
-45289.38661464011,2.4972822751746397,0.006950903474145606,5654.5524495371965,-0.3527273385807099,-1.14727266141929,-0.4532579300935281,0.2683150499357899,1.3240754764386326e-05,0.0001701333847288518,8.070803357022422e-05,6.366510752720746e-05,1.6943484189410676e-05,0.08359557735572479,6.622279301495738e-07,3.335620452913483e-05,0.00742953145225031,0.010594439241468977,0.28136328479993655,0.1847843458650664,LCO,4,41
-231648.08158257027,2.3104125598239396,0.03580816235879605,17681.752095328564,-0.36529172130699195,-1.134708278693008,-0.1616427958483052,0.47614252904883964,1.585398182605708e-05,0.00019280319947653996,6.564680630093825e-05,0.00013685531837271403,2.66980524779641e-05,0.0615817105260686,1.7120872347580086e-05,4.221218664355697e-05,0.02317520217833432,0.10889347530983655,0.16965478970837036,0.489808939133488,LCO,4,20
-141282.64243989837,2.4678983176403606,0.18252276957987842,4023.985886730719,-0.5320070551808271,-0.9679929448191729,-0.6603558804669671,0.4226602196131214,1.3404695643094295e-05,0.00013959939702020013,5.052110910042559e-05,9.267228482157062e-05,2.8320918985933023e-05,0.04191502069678944,1.7580813009514557e-05,4.6910094224565186e-05,0.022520085590847307,0.19383417771532407,0.028009603341767886,0.04780033847594093,LCO,4,6
-35654.194692898855,2.113810641856474,0.005253947015708195,9885.527625671399,-0.2993152622822013,-1.2006847377177987,-0.5181602921366677,0.3720331743220443,1.2724353072669233e-05,7.199084817934954e-05,3.863003764088509e-05,0.00014968822027899362,1.8054361276452375e-05,0.09689917763818745,8.389712337731901e-07,3.291205401994648e-05,0.0066663359074933416,0.07185239987238344,0.26561964581240877,0.0743676621785402,LCO,4,76
-75792.40333767285,2.1798716242066103,0.0023744952981545964,30857.0538423815,-0.3035417296663727,-1.1964582703336273,-0.3946978587275435,0.2619697833297623,2.201022003722359e-05,4.952576142447218e-05,1.5142220173618393e-05,5.0507154548069244e-05,1.2111600382779076e-05,0.06941544428327444,1.860453292958289e-05,2.2050860646989776e-05,0.013266086390223803,0.41262222807106774,0.02482596990442193,0.09785394329696684,LFP,4,99
-179534.60811241137,2.1181691569038423,0.006010544711157002,53471.91395720967,-0.2766357750921742,-1.2233642249078258,-0.7538288283512156,0.4877029090766037,1.255844562674636e-05,6.277155772329172e-05,3.871209554081574e-05,0.00010439135755200662,2.5049295112698927e-05,0.04381205541529437,5.414795543966169e-06,2.786967213131711e-05,0.02230204068907765,0.028805443058266017,0.12423021332130514,0.02313551526921334,LCO,4,78
-290791.1931559852,2.4391154002706665,0.0030240471118861806,51604.229762966934,-0.34475370562708463,-1.1552462943729154,-0.5318299023118997,0.28039280242726006,2.03921242978571e-05,9.762646040663768e-05,3.15838719414518e-05,5.018828782919513e-05,2.611706437068272e-05,0.04092145147214874,1.4095882688025833e-05,2.810153403191902e-05,0.023400750343893547,0.16785215714568452,0.13110592555847334,0.09921201498394247,LCO,4,82
-186159.35649835563,2.3333729262013003,0.22414687684425896,4713.406514296138,-0.44664233548345145,-1.0533576645165486,-0.22010243214242797,0.4192209260731773,1.6403752714199112e-05,9.012280111792619e-05,5.094025097560403e-05,9.279000388454924e-05,2.5882568457936814e-05,0.054868463432388964,1.8040550059772494e-06,4.206160199930354e-05,0.023420580613420307,0.06711977181040672,0.18809854043013485,0.4546792556170305,LCO,4,6
-255443.5831313162,2.4876271173170914,0.017749063255931105,22507.213814045583,-0.3508256951461135,-1.1491743048538865,-0.3087372001409847,0.6399052903440625,1.3207138668527731e-05,0.00014710545023163628,1.530212816350824e-05,6.264778703808443e-05,2.703956270646522e-05,0.04018387239569682,1.102504197119882e-05,3.1017100757145884e-05,0.022370056095946493,0.15724302893601208,0.28149395792704884,0.18252581299595438,LCO,4,41
-89793.09936080033,2.992193001461972,0.9938171673946274,1368.1985960709267,-0.7482637376534402,-0.7517362623465598,-0.4989893831460215,0.3109606031687422,2.3498010771664096e-05,0.00023908750002031085,3.601868396900911e-05,8.002075594511245e-05,2.481488449775705e-05,0.05156052739666172,1.6767753810162345e-05,4.548507640691434e-05,0.021170926709922475,0.05619755951862887,0.32355009087506853,0.051262966460281174,LCO,4,2
-216866.02975442173,2.1070024707467763,0.004568143610349552,60414.115702136776,-0.29614645531747463,-1.2038535446825254,-0.3181753001886416,0.428365994190323,1.7892309847893695e-05,5.8746846904612896e-05,3.266708260127532e-05,0.00011324195291029738,2.9936375260767758e-05,0.0482694681453206,1.416265731050715e-05,2.6742193813524412e-05,0.023852929601376603,0.19464883009500672,0.181161635927545,0.2360142337888067,LFP,4,84
-259609.28992364137,2.1176250741577523,0.0029618933859098242,62812.28343142784,-0.33405976172849705,-1.165940238271503,-0.2576425698718293,0.25005689512529333,2.6035808377814158e-05,4.462655908587814e-05,1.1454278373229303e-05,7.850964852175972e-05,2.598661958386856e-05,0.05709872473960822,1.9167151117086294e-05,4.5742707692760374e-05,0.024025728752047018,0.09608138855642935,0.06779198444865889,0.5084840571230824,LFP,4,81
-17195.23157220863,2.5249828585225056,0.0029612092746272257,2785.6982369992757,-0.4072542508277994,-1.0927457491722006,-0.3278020406254397,0.2181553405989365,2.0230664092214072e-05,0.00018481173496176663,3.97250051347108e-05,4.1708886154808944e-05,2.4647184650506277e-05,0.04037892920603333,7.261227293511365e-07,4.8559807936183254e-05,0.006035219274888265,0.015515364719976166,0.014725965605096852,0.5719566290494873,LFP,4,70
-65710.0117482552,2.1508446454838244,0.006025406896302606,20108.733331419753,-0.37031769570380035,-1.1296823042961996,-0.08461003573480819,0.39348534732099527,1.7171880698528823e-05,4.775570842172461e-05,1.4721645329251891e-05,4.569587137673063e-05,1.4881505146404825e-05,0.06317190701056598,1.3077196281654243e-05,2.745008127571876e-05,0.014214781256103915,0.5465109994814678,0.06921494363570904,0.22966402114801504,LFP,4,69
-127303.49983784715,2.6903226474233,0.09655649347364696,6198.751068666032,-0.4655080844105246,-1.0344919155894754,-0.5744027024941938,1.051340088592493,2.7542890302669317e-05,0.0001991447951063202,1.4739345232199716e-05,5.0985111962478325e-05,2.2907711091440514e-05,0.06292299998605994,5.299161677202636e-07,3.9499412810406886e-05,0.013685652829164202,0.26096624923283274,0.07020338920092067,0.0244276590720528,LFP,4,18
-80196.16695661184,2.2064955994703244,0.005440406576154171,24062.354225940642,-0.3789272678338076,-1.1210727321661924,-0.5913416285244857,0.3747525151429096,2.763956877806958e-05,0.00011655498180267208,3.190950431824897e-05,0.00014907295217666053,2.8410822103096174e-05,0.04089446849333393,1.0437693500257094e-06,2.6611484871935584e-05,0.0150947370223424,0.16392572229726365,0.16395310903230675,0.010779540145943962,LCO,4,87
-342307.2105851251,3.1476940260100137,2.274359229486381,3148.0886361878347,-0.7503498922492895,-0.7496501077507105,-0.708069955604613,0.26789666447552685,1.3079462135107933e-05,0.0001996016549708756,1.0291113597689598e-05,4.4505592673578775e-05,1.7480661066829873e-05,0.0838404168057697,1.9201819674169157e-05,4.669875718096416e-05,0.024057108920250685,0.09573925562176118,0.035080571142016,0.09111021763160976,LCO,4,2
-85810.36192634578,2.570179904402252,0.03597665200493014,5591.246464747779,-0.4277595427977694,-1.0722404572022306,-0.3577101990113739,0.7530826693441075,1.8780044787930204e-05,0.00014690960383767986,1.2320503489311994e-05,4.011910880363993e-05,2.7110831532164478e-05,0.0731463705272832,4.8404365533687696e-06,3.094387962688452e-05,0.009993109928679227,0.27498449896840366,0.06446500767540969,0.23284029434481285,LCO,4,28
-49957.37968201486,2.2886346811683635,0.019346408905225463,4024.434453072909,-0.36608113989840874,-1.1339188601015913,-0.5876307179710878,0.36826237760018377,2.119542103917674e-05,0.0001475930975074481,1.4602653456843606e-05,0.00014398847368007412,2.712641128377338e-05,0.04688462013317507,4.82322347367524e-06,3.2144521578009436e-05,0.010471955963339444,0.04963110319101053,0.06249687485387696,0.2302413039840248,LFP,4,26
-33062.56215193507,2.6411369051544336,0.010895361323623658,3413.775431919886,-0.40652163507486705,-1.093478364925133,-0.5846833271983332,0.2657946936635512,1.2565563507958673e-05,0.00023467701684333709,9.071059256617445e-05,4.243251983334384e-05,1.6336097561208462e-05,0.08461384060866105,1.429058588576077e-05,3.5415136081022074e-05,0.006870269288424187,0.03745128128352356,0.13314220883449474,0.1747231826836486,LFP,4,27
-300115.6468469339,2.5516504169140637,0.018575934752454077,22031.714077063796,-0.45875074984320463,-1.0412492501567954,-0.6214178102853394,0.3364455148875531,2.395743367665387e-05,0.00010630190150609837,1.3208825893532454e-05,4.090370963733359e-05,2.0424000929652073e-05,0.0924585307117643,1.7855684096743254e-05,2.132532096403293e-05,0.016440027407174124,0.12006412086428753,0.02443237671752624,0.16408569213284688,LCO,4,31
-396490.73461531004,3.0352514213098574,0.07472831134235602,3196.564398063569,-0.7043680238693266,-0.7956319761306734,-0.1783969312832958,0.2617659646905317,1.336864331150553e-05,0.00022216748632390942,1.1776483690106346e-05,5.837058192219156e-05,1.3748375981503316e-05,0.09095665203978798,1.3359358711508851e-05,4.7860352281223546e-05,0.018059636263835298,0.06442389526879427,0.09274675608532648,0.5944324173625835,LCO,4,4
-230931.41382612445,2.2269069474695025,0.029319428559562738,15083.355939308625,-0.40470960510457665,-1.0952903948954233,-0.6770865836996925,0.41927145528501536,1.3210700808755849e-05,0.00014002613396308332,1.9479808363461914e-05,0.00011083441819261684,2.9957487926736312e-05,0.04183542506406779,3.6241662667840063e-06,4.5100528412646753e-05,0.024699662718832848,0.19385416151337334,0.03674718168006896,0.02231207310686517,LFP,4,19
-520917.6169265768,2.522801812896939,0.0044156694190036466,122194.50024549534,-0.3408715708482113,-1.1591284291517887,-0.49852694513393037,0.35383825766475063,1.7318400888698146e-05,0.00010289424874365098,5.020491638518636e-05,4.391575004087476e-05,1.3870434481409817e-05,0.09452191005237298,3.796340326661371e-06,2.2346351139718877e-05,0.023690744562144678,0.07424907535048383,0.13231321471354957,0.22491076480203626,LCO,4,79
-645285.6345610779,2.4621676695454346,0.07105434638542135,27269.217601263827,-0.4725607456947749,-1.027439254305225,-0.14662441014609706,1.0217212354443985,1.822899694032837e-05,0.00010864210508020717,1.152729531285162e-05,4.904454783706761e-05,2.6043239827371576e-05,0.09101222653572157,1.875043598030903e-05,4.046431763128273e-05,0.024298841174329372,0.06457370767536,0.188296545433838,0.530505336744705,LCO,4,21
-222189.18114260575,2.5881725683763177,0.01765805362249611,17409.906831736826,-0.3737190221389426,-1.1262809778610574,-0.4922366196201442,0.45150898618075364,1.7324439416858706e-05,0.00022200363988973074,1.3446961569511549e-05,6.455814070950559e-05,1.3768714395025063e-05,0.08253483254016487,1.0167176836425624e-06,1.8973365376024733e-05,0.015224470622311585,0.10831638572386165,0.10489169005569426,0.2245553046002999,LCO,4,30
-21245.688041720285,2.4711059957077106,0.34021180217718666,234.33352252144996,-0.6420893076858647,-0.8579106923141353,-0.07565840221906395,0.37287080139989504,2.424604644094799e-05,7.004043251220408e-05,4.096683299699771e-05,0.0001253289790732195,1.6769201960923274e-05,0.06619370497477825,6.894615839901092e-06,3.33299628927212e-05,0.006939715296456411,0.04972646889566163,0.35920155615128635,0.4454135727339882,LCO,4,3
-65486.79836156623,2.188276586809727,0.007233611156775033,13575.120526279878,-0.32253930051630597,-1.177460699483694,-0.27171089996727227,0.39384781526227275,1.7132358732150042e-05,5.032480668612784e-05,1.4482289457739327e-05,5.2759206910498555e-05,1.4884967611669781e-05,0.06028341266480757,1.3045558442285591e-05,2.204531350424986e-05,0.012818858413540354,0.35931288562634034,0.0692896380559522,0.22968657635043516,LFP,4,55
-566571.6870743145,2.523741642302756,0.0038568199177365357,112976.5450725475,-0.3777540843216176,-1.1222459156783824,-0.7016177334601408,0.35449108224069975,1.9310310544841358e-05,0.00010278934280430292,2.8012503054839337e-05,4.450588527551006e-05,1.2154641994571568e-05,0.08370975673805925,3.414450954555258e-06,1.116702931866076e-05,0.023525960055046476,0.10587928439708578,0.033821834410445985,0.08868114773232755,LCO,4,79
-431404.01266730175,2.1546916617699776,0.03269645502650547,34245.128578124626,-0.26012382672279877,-1.2398761732772012,-0.21140920906546712,0.6850827362968058,1.2413524965284698e-05,8.889339522046503e-05,1.5995662313769602e-05,0.00013848923001450928,1.5717143482921378e-05,0.08825310721238334,2.6901526638746094e-06,4.9180877088774487e-05,0.02407763394158025,0.05191373050908314,0.5793912235069867,0.0872858369184631,LCO,4,25
-355439.17072664795,2.296703299341038,0.03520777214446606,12378.124029605728,-0.408363646256765,-1.091636353743235,-0.18915245576241646,0.35405478419843434,2.893833324115053e-05,0.00012846437827716833,2.4465825526574278e-05,0.00011376380171636445,2.6382718272739584e-05,0.09855383446809647,1.7787630723911485e-05,4.453739394002822e-05,0.021316525037421145,0.015955475715062502,0.1979512111884797,0.5269408573340414,LCO,4,11
-42765.09663952632,2.2650717130793643,0.14037418702331264,653.4342957572038,-0.2993476590421551,-1.200652340957845,-0.642486227815993,0.36310752143174374,2.3363251101719854e-05,5.997095098205447e-05,4.219453885095589e-05,0.00013789166352036768,2.345947213012136e-05,0.043514121096157474,1.3622013063887831e-05,4.9554139351784323e-05,0.010025396878364306,0.02619781740587173,0.15565774224575946,0.10565821253237592,LFP,4,5
-171785.70412635888,2.344084405375614,0.15286306817564688,3253.9059736587183,-0.3487975384668598,-1.1512024615331402,-0.6954116117960532,0.3092591904140981,1.545911414769883e-05,5.9762878773274975e-05,3.261608034526138e-05,0.00014058798447743,1.4410657852951419e-05,0.043538063806202766,1.357659799658873e-05,9.085535809232657e-06,0.021708773578689264,0.049704265331845576,0.15603244797143384,0.02885167490066754,LFP,4,5
-84258.41307160197,2.944140452604465,0.887924189594375,505.48444345082993,-0.8194399048652254,-0.6805600951347746,-0.8205627333750755,0.2906751223437712,2.2075564535839155e-05,0.00019497639060443505,1.3727107944734727e-05,0.00014520658244392061,1.5233055843618598e-05,0.04737171998930421,2.2166542650685257e-06,9.479488868448702e-06,0.012609562461000139,0.050508831192576514,0.026679436159282574,0.03224899927306554,LFP,4,2
-351645.98688507907,2.1126931849837827,0.0045572316322957185,142389.19706991082,-0.2647288102498955,-1.2352711897501045,-0.25443917335164024,0.3488164281437123,2.3488259521891515e-05,0.00011655923340086036,3.18510220678285e-05,0.00014961560306547014,2.0553739612328818e-05,0.096868072351891,1.0462632390433001e-06,4.856019748607835e-05,0.02482103944635568,0.3330154953144673,0.3267929095311171,0.01575242180277543,LCO,4,88
-157853.6532651097,2.1711968526474297,0.04996222678791674,6629.252246343543,-0.4519760677712803,-1.0480239322287197,-0.7062010462739121,0.3502691548938109,2.967977421750305e-05,4.2257261491393506e-05,2.6511295073780847e-05,8.289118882547581e-05,1.4736470430637568e-05,0.04560741431823573,1.7839716990322057e-05,1.4967459192763286e-05,0.02063581477771783,0.010391478912964155,0.1708608303653909,0.042546644447732936,LFP,4,12
-33451.554655537504,2.451484629531164,0.16064175475903264,388.0979420342463,-0.39259015398106456,-1.1074098460189354,-0.8149431198333449,0.2580830634192413,2.1974311573127802e-05,4.842192210690792e-05,1.4526464506613024e-05,0.0001452481223594714,2.7255758299595448e-05,0.053288320432507294,1.7766773362516945e-05,3.289214626499855e-05,0.007680239947473239,0.0512657087816529,0.025990430852796204,0.03780074053220609,LFP,4,4
-93069.86044003344,2.648554667457897,0.05399563542554174,1882.9209173434333,-0.5490208390091826,-0.9509791609908174,-0.5465523645553254,0.40460559389067446,2.3871233700004822e-05,0.00015412934695722014,1.3294276008700021e-05,6.857761873501947e-05,2.959021988257385e-05,0.07942906987036803,4.9150924937174195e-06,9.175042710791022e-06,0.010221210441137066,0.014503255135029135,0.1473132420708875,0.22163113823875802,LFP,4,8
-18956.36426084607,2.303019068435629,1.2150468945684376,109.8807181896083,-0.40327261248117807,-1.096727387518822,-0.7119413909083301,0.41185437925419527,2.6928437435936117e-05,4.002779911092979e-05,4.163006596974109e-05,0.0001291565608019572,1.8564835527772987e-05,0.040800344425227654,1.7082055927780802e-06,3.737574281844643e-05,0.004230631522371119,0.030870492191368837,0.04457275934204437,0.1426153575582567,LFP,4,5
-608768.0495170045,2.148354794387109,0.00925250216762745,61370.780074891474,-0.3464920072998261,-1.153507992700174,-0.7303469863156087,0.4077950172984633,1.4022557831597441e-05,4.038413609866773e-05,1.5408044998820807e-05,4.524173784059386e-05,2.218182734164125e-05,0.08244022636772881,3.561163031724113e-06,4.746289625771752e-05,0.023443855273371977,0.02594832406275349,0.013565285752975205,0.16013940386866268,LCO,4,48
-145744.02218606047,2.2707652842757238,0.21743438196942028,2694.8941454147925,-0.49285591212384006,-1.00714408787616,-0.5502529945011052,0.41189975855741634,2.7221749795737745e-05,6.25627270213796e-05,3.21547816647366e-05,0.00014964791271684848,1.3315705924897131e-05,0.04131882641311059,1.3282371707509334e-05,3.273292437821304e-05,0.02108925402229555,0.023455957956589692,0.1496088942605952,0.20668215328170994,LFP,4,5
-48698.867097851624,2.5672147403034122,0.0034383081823265256,6687.262888174542,-0.39550570650060557,-1.1044942934993944,-0.037929105886551406,0.3272684819920879,1.4568355902806155e-05,0.00024190741962228508,1.0092185197572932e-05,4.057915536583075e-05,2.9043157167958237e-05,0.056167447376796416,1.6094430552980704e-05,4.595045670540452e-05,0.007009861925177833,0.04028401505572032,0.42140619230500304,0.4303806867527253,LCO,4,99
-30685.89888808634,2.703037261178756,1.0596217362197324,62.4033413548802,-0.37179569287664016,-1.1282043071233598,-0.2095294949022386,0.5174462099276178,1.589242864956162e-05,9.54127014580034e-05,2.594712777885288e-05,5.4852622743984204e-05,2.7503971352629327e-05,0.07707455739303386,1.8799616624653228e-05,4.761113765478163e-05,0.004028389997504753,0.05269554068436466,0.08413671940946174,0.583638245003935,LFP,4,2
-62579.224718664984,2.8141217514038814,0.4351892906913978,508.21624773753814,-0.8325105775111048,-0.6674894224888952,-0.5928708201887394,0.27724654937121523,2.513175538286972e-05,0.0002120102499091611,2.7450662623907255e-05,0.0001129566427739004,2.7351941997083326e-05,0.04005889049162653,2.9470879317496335e-06,1.4679188359360581e-05,0.011819974492352035,0.19870670554261755,0.040439481176019476,0.09798299309262358,LFP,4,3
-85878.70177131063,3.361655053932169,2.750983863778273,341.731052279011,-0.8633970839950535,-0.6366029160049465,-0.7198841823317381,0.5058576358124353,1.3812442854483303e-05,0.00019513351691230032,1.31423830188879e-05,7.644183213494741e-05,2.709191674377026e-05,0.04122393798411295,3.392560924448875e-06,3.228033284527465e-05,0.01613695011055771,0.05100919257342672,0.025433488014267064,0.1336731370805682,LFP,4,1
-89983.90807670754,2.7523070989279486,2.5775673486351303,1110.1173753448165,-0.8300623525876265,-0.6699376474123735,-0.12327555588664385,0.3088720122682095,1.6082195794815144e-05,0.00011196205934372965,2.5935849745349577e-05,0.00012051700625824988,1.5591133649087898e-05,0.051671340545913366,1.3231275777091814e-05,4.774335068581744e-05,0.020398762962860254,0.05274835002876296,0.15760840813828592,0.5963676859463073,LFP,4,2
-74004.70190694179,2.9673961493853867,2.104013092576427,410.06821000185363,-0.8194399048652254,-0.6805600951347746,-0.5399275548526876,0.32402272906681295,2.724148971167039e-05,0.00023336086882361088,3.920070804861078e-05,0.00013815155695452483,1.3545130845463113e-05,0.045453385924698816,2.179595590241733e-06,9.219395168821888e-06,0.012156519501170467,0.05070777362239806,0.23962209243365312,0.09974257909126126,LFP,4,2
-97396.35903081989,2.098967653432809,0.03208104105103199,4880.614432188488,-0.10640838729184487,-1.3935916127081551,-0.765281740092837,0.2901178199937308,2.2072387375327997e-05,4.655440185423163e-05,1.5873550101408648e-05,0.00010980181798980385,1.4159440844385859e-05,0.07420976049111433,2.017388534688573e-06,4.561611551983448e-05,0.01195464501572692,0.010725016269507403,0.043655514033800025,0.1103377296038556,LFP,4,15
-254418.2127942951,2.1267498975028,0.021297145663161224,13382.208291391995,-0.3797973472071128,-1.1202026527928872,-0.7189086500191484,0.28864007452779106,2.8691785103059184e-05,6.709869969885729e-05,3.629386757293485e-05,0.00011277269636081204,1.3731147737127119e-05,0.059294908939823504,6.094028254781608e-06,3.8412743344739154e-05,0.02303995777251418,0.10635184493195658,0.0486929614720726,0.05604654357682243,LFP,4,14
-139758.71927770966,3.4252926620580637,4.0000743899316245,590.7627084831727,-0.9156388471550176,-0.5843611528449824,-0.5433911410821579,0.4969473687740277,1.376745494424794e-05,0.00019586599943963694,1.534693620578871e-05,5.677084465744887e-05,1.285078813623189e-05,0.04052734864575444,2.727226057218664e-06,3.9735288957909824e-05,0.021812500520365416,0.049350319385853283,0.20405411783221966,0.13320442169976915,LFP,4,1
-190672.9075711684,2.4167409018493538,0.11909362168642611,3728.806045551842,-0.5741062866126505,-0.9258937133873495,-0.4762363535292295,0.28824698618365135,1.496256699035752e-05,6.758177976646693e-05,3.63203394623414e-05,0.00011271721531793592,1.7488944991897047e-05,0.06784031449720634,2.581439203865114e-06,9.76678512617566e-06,0.021728081967346644,0.09655841750771747,0.04854842130165427,0.3086568076613988,LFP,4,4
-53960.21853435984,2.150292459465074,0.0696006870601798,1007.9112607616742,-0.2501828057916953,-1.2498171942083047,-0.22748780901722865,0.6930208778519361,1.5393983951385094e-05,4.165940401929986e-05,1.0105169284079287e-05,6.191735236921879e-05,2.5891514206858882e-05,0.07819976872222491,7.3133471621583525e-06,4.751541987418096e-05,0.007019794612737935,0.03213057110083606,0.15417510682605415,0.5162065130558812,LFP,4,11
-24611.910029492275,2.2671755326474132,0.11618475626529827,260.0207331069004,-0.2914828056886076,-1.2085171943113924,-0.3333616410393385,0.24894985456545157,1.5053943800783533e-05,4.8530204917701024e-05,1.0000683886433312e-05,6.16831282712652e-05,2.6158231322892434e-05,0.053157935232901105,3.886400641097731e-06,4.60594312553578e-05,0.006995857829851611,0.051436129495125514,0.025566862946160437,0.5196353665193756,LFP,4,4
-500050.83396491,2.3053415274913647,0.04506210302013826,26441.18746771792,-0.4285426595526438,-1.0714573404473562,-0.2968160940083585,0.6595654436471774,1.4723291090909684e-05,0.00012152499433782594,1.0825916319423234e-05,7.046959230729886e-05,2.608587110459163e-05,0.07931303056687167,7.85969234182313e-06,3.937582678013309e-05,0.023979237179610383,0.014129759930756458,0.35154888176299653,0.2675052642978886,LFP,4,22
-164010.10336874373,2.4778656767186424,3.8152467771114686,2153.068070254852,-0.2979455255802659,-1.2020544744197341,-0.8637090400074576,0.21313728853068797,1.3960678534265828e-05,4.0232389871875524e-05,1.410679642565521e-05,0.00014537762580593623,2.9651522348639248e-05,0.04047269544443871,2.959723766162239e-06,3.2807955447296936e-05,0.02358465901440017,0.014499343770661113,0.013307732615411495,0.03848388360646979,LFP,4,3
-316296.13991876494,2.5237029320681197,0.03414952424470398,10851.498006094469,-0.46582415516598985,-1.0341758448340101,-0.29651434576822133,0.2302753795909092,1.616865788543732e-05,7.905901312322736e-05,1.1850373947277952e-05,0.00011388951326791223,1.8439733393459475e-05,0.0680147542076363,8.78588399887834e-07,9.66421343770451e-06,0.02231411898814499,0.018893350494399077,0.5030295499869206,0.11156275375045896,LFP,4,12
-346215.68309139664,2.0697690264104835,0.015986124780669405,26966.917582426162,-0.33627323536105713,-1.1637267646389429,-0.3878985099229858,0.2819382460933419,2.2197658230410862e-05,4.5921591037870456e-05,1.6945046603349975e-05,0.00013600163897370423,1.4151121185864089e-05,0.07796024496118535,1.4647666710131963e-05,4.595039403091553e-05,0.024457700859827923,0.04228622232172369,0.08526603361454263,0.41454923414074796,LFP,4,21
-58720.692536712064,2.4015098943889392,0.03109652725008249,1037.706541171562,-0.16259564946891203,-1.337404350531088,-0.49087704003531574,0.40396571794995617,2.928381035908627e-05,4.414558511619205e-05,1.570868043406547e-05,4.523714285435331e-05,1.9243863459775456e-05,0.08302564059740493,3.493480684002328e-06,4.587734439535875e-05,0.007570110138187942,0.062348866141664266,0.21645989327110823,0.16031420055191178,LFP,4,9
-522845.5990893715,2.5099534375201276,0.04697062487505671,11831.147746536686,-0.378760341445016,-1.121239658554984,-0.28914131328364046,0.2100621763602537,2.913197190398942e-05,0.00016563677544973875,2.4458669315230706e-05,6.800909088954434e-05,2.5960826634424315e-05,0.09729106585186577,1.6477434500083094e-05,4.901945960188575e-05,0.021647478039729124,0.024515985211239873,0.21302428503609008,0.4033184164690296,LCO,4,10
-66201.39338492573,2.3311790906421233,0.08297783809022614,1825.733731242217,-0.24501338459539923,-1.2549866154046008,-0.12810290434397664,0.418766872868175,2.436291928276404e-05,4.018740461227569e-05,1.3217819278370098e-05,0.00011478781269181877,1.3174689300017584e-05,0.07975359094558804,7.632528929572434e-06,9.14840587884275e-06,0.011661319072810426,0.012917697990907969,0.5170661128918473,0.27191328477326815,LFP,4,7
-272951.7612185373,2.374972548585964,0.07293760899749108,6482.834352848094,-0.4552223664048487,-1.0447776335951513,-0.04214628843927393,0.47662228307428844,1.4922994206534684e-05,5.0793928952552603e-05,4.6007656702311076e-05,0.0001148601525690462,1.7665535927031124e-05,0.07993187238603283,2.850072072631487e-06,9.140370300368882e-06,0.021732146017144002,0.044565332757444204,0.5320519980298118,0.3112363807734701,LFP,4,7
-446335.6487096916,2.419069816335595,0.03486980401899234,12172.253112493205,-0.45656716932004215,-1.0434328306799578,-0.710040871212531,0.4276948722896728,2.5825321830763314e-05,0.00012873875327061183,1.2186381799169344e-05,4.362470167917793e-05,1.804799653556433e-05,0.07453093313415363,2.1724191131438905e-06,4.741343949187161e-05,0.022399611311467657,0.07716513014758462,0.038490002784478505,0.10430399585540584,LFP,4,11
-153417.77504777574,2.420024277704495,3.5055784378540538,2267.293388288171,-0.39933754840636126,-1.1006624515936387,-0.45168263345524384,0.28445536911050284,2.981132557422353e-05,4.3779280924466566e-05,1.3469004839685896e-05,7.974428555756963e-05,2.862374604604533e-05,0.054177963407070255,1.8019643969502555e-05,4.868979354489565e-05,0.023835301867057,0.0602009734069778,0.25759917195358134,0.16051722118419712,LFP,4,3
-95060.51759568672,2.3041040057782483,0.0027516418271815108,20173.410146752478,-0.2456743612668042,-1.2543256387331958,-0.5560665649586576,0.2740933308094279,1.2415672816570373e-05,6.752866552695524e-05,1.313708062765623e-05,5.406868433200215e-05,2.1785637702674235e-05,0.05676728708887847,1.9249109256625047e-05,2.2525964737569743e-05,0.011285720045168111,0.016466200782951124,0.12951199288105214,0.2279552413773392,LFP,4,99
-561865.7613596099,2.3512993816550267,0.005913415287051727,55609.55347115671,-0.3601158882134534,-1.1398841117865466,-0.22698857447624543,0.30014376395643255,1.4010600971174988e-05,0.00012315641254939457,1.5416727821958148e-05,7.062252599848608e-05,2.6356516492183745e-05,0.08365864020492987,9.542831161584692e-06,3.580459640066505e-05,0.023188438455147512,0.03147415289800016,0.5117633806069005,0.15977389201885397,LFP,4,48
-116131.8534072719,2.7351765795461085,3.8189829679351184,1007.1094583085522,-0.7279143464361173,-0.7720856535638827,-0.20903837428191963,0.4873414536377748,1.2790428113206787e-05,5.4876404243268655e-05,3.091589044381036e-05,5.6772433569901916e-05,2.5618234766726368e-05,0.040435983106416745,1.3521270891046856e-05,4.8922642902597766e-05,0.022429034674685683,0.052865799619083415,0.08294757473341059,0.5851482513655865,LFP,4,2
-195496.95525711583,3.310949708081734,2.7043021567080845,678.9736693202509,-1.1439157172737247,-0.35608428272627535,-0.5633041441070121,0.4990159680619295,2.2128268076189748e-05,0.00019496924313522107,1.535236587363391e-05,6.225113173437524e-05,1.5235842490134845e-05,0.04750065728612103,2.9551622484479504e-06,5.927545907862509e-06,0.02183281071014706,0.048875187985037594,0.28594724642299507,0.031873421484955214,LFP,4,1
-292367.82845109946,2.8590378348933427,0.4794750529830589,2556.3065460546854,-0.9162338361423163,-0.5837661638576837,-0.10760615628735948,0.3083625714162014,2.8971154087816824e-05,0.00016544795737168555,2.3225500970828357e-05,4.994505019128442e-05,2.5303667746678208e-05,0.07550681052614445,3.823356889270444e-06,4.907283164031209e-05,0.021659805959866402,0.07735915787368484,0.21321314945912279,0.531821536379833,LCO,4,3
-96450.74518264651,2.2326977870686813,0.052519709364190245,2352.750024904703,-0.08934103247651493,-1.410658967523485,-0.3957904647967164,0.4049001866824751,2.3737813026037607e-05,8.380800221058146e-05,1.6593570920731964e-05,6.916315066510463e-05,1.9114158431600393e-05,0.07782757435476127,4.938946091835243e-06,4.6206532703818595e-05,0.011294587872379684,0.06352301169264936,0.24904411444467583,0.2216424090659584,LFP,4,9
-325601.7506897744,3.35890757942898,1.294360430942672,1906.304687645442,-0.9400172460301945,-0.5599827539698055,-0.22795551103616374,0.517471366640834,1.684664921721912e-05,0.0002380866195571499,1.2707152463992071e-05,5.4805166936456725e-05,2.708446760354139e-05,0.07789024417722068,1.4482130961074631e-05,4.477482965783426e-05,0.021499403029888044,0.033314986544352505,0.08457207117408308,0.5841574312454008,LFP,4,2
-697482.7032123993,2.274331553987772,0.028269045654131904,107315.9968847801,-0.26669468540176844,-1.2333053145982316,-0.3362696124825225,1.6158437779431636,1.223727876517495e-05,7.976737367906668e-05,2.6847718457834823e-05,6.897929671276446e-05,1.3984131618465743e-05,0.0987281872679042,4.948282919496953e-06,4.39562154313596e-05,0.02479340642777338,0.061662683818381525,0.5139768781738431,0.01809082552525304,LCO,4,64
-631466.7244118222,2.3276930816950117,0.009154448662912774,88738.996592521,-0.32909275988740205,-1.170907240112598,-0.3814863649872696,0.6542721008440273,1.4704154738997633e-05,0.00011226054083655118,1.789457668323883e-05,6.447848723317795e-05,2.00907445029275e-05,0.07928011076787071,6.9116697323868486e-06,4.358739361831914e-05,0.023455204478988752,0.014832769569073392,0.4060909239450262,0.12758994149863082,LFP,4,74
-105117.3787086745,2.7326948185850513,0.05974113088552677,2063.6652945983374,-0.6284599079801438,-0.8715400920198562,-0.6818882336524457,0.40092037600239416,1.3899211243035475e-05,0.00021689664674899036,2.5070276292872335e-05,4.9177693015880766e-05,1.7969168717559533e-05,0.043072794742652215,9.967459772237622e-06,7.44003364899616e-06,0.01366890373735544,0.08883634315710937,0.04809142662632901,0.11118399656411601,LFP,4,8
-30917.969476224585,2.4142211754491534,0.015669375426694245,1693.9391635664745,-0.3408864141368788,-1.1591135858631212,-0.26674644000380987,0.46534104616948413,1.3222909795805892e-05,7.388109185015803e-05,2.5040033680942757e-05,0.00011833272330251239,1.816019166737311e-05,0.09666837072644253,1.7469876492996694e-05,7.79349515420382e-06,0.004639167824824564,0.011239009488257352,0.09870336680720183,0.553311183700731,LFP,4,30
-49401.04269655178,2.4164547284902067,0.09984084919417974,1205.9808442805715,-0.5058407465481878,-0.9941592534518122,-0.4174525230532401,0.27155291515993973,1.2311447547228547e-05,7.428148418813463e-05,1.3872748388909731e-05,0.00011804373716941307,1.5527964415636996e-05,0.08335329247555613,1.9177069637907172e-05,3.086650624182553e-05,0.011209409603532772,0.05272155458748602,0.1285684118269674,0.3312575105323065,LFP,4,4
-50697.135785376304,2.506605233657007,0.0026107844401308485,7875.891774881486,-0.35399305752248367,-1.1460069424775163,-0.7009124218972774,0.2040717313327035,1.351008975411341e-05,0.000245310917054077,1.0165482241862505e-05,5.645213033485971e-05,1.5359508673722725e-05,0.06339818987111,1.9055051026903846e-05,4.862507586918739e-05,0.006231356799792648,0.10720096105830446,0.018551681118914403,0.10333493592550375,LFP,4,98
-78441.26153626284,2.3561395873688173,0.0026184913360988936,22550.46566303788,-0.27967628388319987,-1.2203237161168001,-0.30323286299763463,0.2660811949357909,1.2653010058434406e-05,7.130480169758268e-05,8.990776126654866e-05,5.5335768764443446e-05,2.1781710453359314e-05,0.06529773778946797,1.1219624299364097e-05,4.989276463357463e-05,0.01128105366044281,0.015747667658887698,0.038292631020641746,0.572726838322836,LFP,4,100
-100091.45207669077,2.5259009086623925,0.006208722828419894,12409.05642256219,-0.3648005080693615,-1.1351994919306385,-0.7531207872150585,0.24120251700994624,1.4916097386302765e-05,4.815327996658903e-05,2.382763319922784e-05,4.36096551746647e-05,2.739704319191845e-05,0.09583476319712561,1.6611209521948105e-05,5.9985603446005106e-06,0.01043250572169468,0.05215235995609617,0.01709705895006947,0.10762979387877587,LFP,4,42
-565970.250746379,2.633878728248088,0.019593216186106082,43803.45661258807,-0.4062997083929698,-1.0937002916070302,-0.7298684346358069,0.3956494305628294,1.298838941024636e-05,0.00023474568303348596,4.992574780896542e-05,4.652639613875095e-05,1.6403573713840516e-05,0.0911564167108707,1.4271052872127472e-05,1.8643427339800578e-05,0.023210790483304607,0.036817518240318134,0.0860716685167861,0.07724237860708898,LFP,4,27
-341771.003000751,2.394549938394339,0.009279054989553342,37086.804780358914,-0.28988858083224045,-1.2101114191677595,-0.23089956853661264,0.2173878457684456,1.7539373274689725e-05,9.278990604200373e-05,4.394251180057785e-05,0.0001304446699881061,1.5113921132932104e-05,0.0995647935350714,1.920151085554433e-05,1.0886151859113726e-05,0.02267295562338447,0.12917580546608382,0.43943885863591103,0.13048576736139247,LFP,4,27
-54328.849397292,2.0853154559152576,0.005303238462002556,16438.229188257486,-0.27121170718576515,-1.2287882928142349,-0.3017119733773681,0.22106508650174492,1.3790688263226344e-05,5.5266287832563796e-05,8.380769174514151e-05,0.0001052479701941362,1.4998694550257061e-05,0.06285156742067018,2.1412365665548453e-06,4.9559594902013364e-05,0.01135129872543668,0.13394734308359396,0.018345340370849304,0.47599534316818864,LFP,4,73
-292623.9554787644,2.1460953169126147,0.012913283831521936,29584.154607106822,-0.3508032468712603,-1.1491967531287397,-0.6193461939569775,0.2561672099713096,1.598245909112332e-05,7.214512543545291e-05,2.3561607700338466e-05,0.00011500903348628363,1.448615190216935e-05,0.06480462668554125,1.963620001133482e-05,4.886734101266287e-05,0.023961784270339508,0.15032238230165154,0.0537749976481393,0.10655642609323165,LFP,4,26
-469893.08308078535,2.3031334381169266,0.004441200960614956,135424.1754716141,-0.32026038001814605,-1.179739619981854,-0.5360937494010095,0.3538119855604925,1.7322748929487865e-05,0.00014347677428906317,3.890991897587352e-05,0.00010540316577217227,2.6309575817359758e-05,0.09451950432662634,6.961150266854879e-06,2.79323408112142e-05,0.024688236746300565,0.03012939257844583,0.13252940010651995,0.23124745791402476,LCO,4,79
-176046.46852654516,2.7101944004047454,0.08430519942743728,5349.125041801411,-0.48158908837569925,-1.0184109116243008,-0.37417266365473867,0.2418964706254206,1.508038285317721e-05,0.00011186558244229921,2.5039424546644363e-05,0.00013275445498414168,1.8264327364065556e-05,0.09317747311917288,1.747252720374812e-05,2.3044190454075408e-05,0.022433832690148984,0.010517872047943522,0.137998801996485,0.40731066230083285,LFP,4,4
-168529.6108905833,2.369880567575569,0.011012403281984657,20520.94559877151,-0.3153138948200116,-1.1846861051799884,-0.7171929162254675,0.20030627312956173,1.3643682649763467e-05,8.460433788359901e-05,8.42466188774137e-05,0.0001221672202114014,1.5086791085759824e-05,0.08309738919806611,1.4481549342624648e-05,1.8620390722588616e-05,0.01672688130424201,0.03240636884006429,0.01453117725725811,0.1658695376772101,LFP,4,27
-255866.32149171323,2.113323537178052,0.05205486171203146,12458.345429272247,-0.20310420576735488,-1.2968957942326451,-0.009487754926770453,1.0711378135849579,1.2648279936103693e-05,4.653078126986441e-05,2.3824634295005518e-05,4.5047843209775634e-05,2.7489592073940264e-05,0.08169981116479196,1.038462283503821e-06,4.805832634462083e-05,0.017345301203969127,0.11586585970915761,0.46280485994843806,0.34184152541563395,LFP,4,23
-147584.30944619258,2.5236839769770185,0.0051383836782612925,20163.286926657507,-0.40491542987587437,-1.0950845701241256,-0.3771539831019911,0.2639330010829875,1.3457103504056005e-05,0.00010475276254803163,2.531025656653298e-05,8.403174289203769e-05,2.7724809386451868e-05,0.09720657939201369,1.9653894731158608e-05,9.965840762023492e-06,0.012182002200209105,0.21481219374992172,0.23498570550754477,0.10304811764054245,LFP,4,51
-459181.4158918309,2.2179893663012535,0.0038997028216164703,67802.23050283996,-0.2610030617112322,-1.2389969382887678,-0.37117156055787415,0.2052906986953199,1.2833349853381871e-05,7.730124756016743e-05,1.778920897625996e-05,6.248507563157962e-05,1.3829686689667459e-05,0.07011241859484553,4.071272288415064e-06,4.3585925983924016e-05,0.023450998061268734,0.025543657435831684,0.5153880886342458,0.017896693372048467,LFP,4,64
-217605.28955330598,2.2757209557681737,1.0889539883685977,5337.703122179633,-0.36790859789382147,-1.1320914021061785,-0.2291163018057376,0.23155315809550742,1.5419073679661767e-05,4.641557312360083e-05,1.2387254937200589e-05,0.0001380125612601051,1.2388880514339215e-05,0.09325991126034618,7.975281236178882e-06,4.9896763459361375e-05,0.02312627060483792,0.010440302168108456,0.13744644731538586,0.5529969487107681,LFP,4,4
-222984.53664657223,2.11697278749217,0.01290812052776419,11723.930574226963,-0.2405536421609984,-1.2594463578390016,-0.21497752579745588,0.2001957073278955,1.26130680394718e-05,4.607796306147284e-05,2.3949841331631493e-05,4.4867872507931724e-05,2.7654084780204717e-05,0.08376358124651408,5.618667369698339e-06,4.8078395230887436e-05,0.016719309794049713,0.02610623088620975,0.5232338548562221,0.16568238846011224,LFP,4,21
-24414.06562662268,2.5375944535299038,0.0170027781109038,1474.3287062623476,-0.39458569421021217,-1.1054143057897878,-0.2919595877991189,0.46550639076181793,1.3120411780556986e-05,0.00010487135106401527,2.5435911358754247e-05,6.826422150462571e-05,2.7752135442039563e-05,0.0964189895828562,1.6497868529286134e-05,7.754609712885812e-06,0.004393780523625511,0.10400627968380928,0.09568575364922507,0.43834837886784683,LFP,4,30
-22386.43843166432,2.459537043678382,0.40646488107796447,287.94021445615124,-0.533714349220471,-0.966285650779529,-0.3722686952827222,0.2832445269005709,1.8412818206352876e-05,7.379977569153928e-05,1.3907439689622211e-05,0.00011808402973741379,2.7234205145189163e-05,0.04206147092227772,6.4549306022322535e-06,4.15652260606093e-05,0.00919810007199349,0.08508867092407425,0.024640801014053828,0.44800183277914973,LFP,4,3
-232858.79298229195,2.2654638427002984,0.0050967793460471615,43707.028652884794,-0.32139506978123755,-1.1786049302187624,-0.7110855353861288,0.20017445992926633,1.362915593677312e-05,8.48097192491275e-05,2.4879578109083567e-05,0.0001231158168579345,1.5066111086877215e-05,0.09829039737524248,1.3497457625518527e-05,1.9100529244280708e-05,0.01681506043066103,0.0339528294237266,0.018290922556621222,0.1666707126335234,LFP,4,49
-220893.83357809723,2.0651280472138143,0.005165133469909727,43470.67793889665,-0.29726725199084214,-1.2027327480091579,-0.6723420808311176,0.2041228040429404,1.3682474590944203e-05,6.135587076068704e-05,2.5486939870810316e-05,0.00014767710326656905,1.549881874925497e-05,0.09835760598651826,1.9237820451384297e-05,4.918774061720999e-05,0.016887055881560437,0.13684437482345507,0.018290328205474476,0.10252321613995294,LFP,4,49
-194712.31233159668,2.258636453727108,0.011925514357051243,30506.357523475777,-0.34149555882055793,-1.158504441179442,-0.4505622248447697,0.20324450210288797,1.3577570413351417e-05,0.0002242187115189097,1.56826968130122e-05,0.00014882328632971403,1.5491902970944816e-05,0.09994112027196878,1.90210034630665e-05,3.6629344735257374e-05,0.016978439622724852,0.3732299999187367,0.04168131515487955,0.06452646008161414,LFP,4,35
-19162.471024860213,2.2188370817538754,0.004664464142151843,2617.600346510318,-0.2665834864316565,-1.2334165135683435,-0.3525989163702409,0.24180945462387696,1.3468135300899213e-05,0.00010499633044111453,2.5302355337445926e-05,7.908746849523265e-05,2.7767707848734024e-05,0.09641880379837088,1.6167515661302053e-05,4.975804304920719e-05,0.004047441609601805,0.10623913776667951,0.03300099398670536,0.43816095187637427,LFP,4,61
-22544.402648023293,2.0821059261891244,0.012685017927438442,2156.7434905612877,-0.34408411928264115,-1.1559158807173588,-0.5238070010175433,0.24923355896070581,2.5378175322991073e-05,4.152708283093988e-05,1.8001659053050153e-05,0.00013645129640416765,2.7537528915972656e-05,0.052566150738572674,1.7874922719438293e-05,4.595602579147663e-05,0.007583524690844036,0.05620476866233831,0.21691402930804257,0.13307420101207587,LFP,4,26
-293720.5088103648,2.1322414874846576,0.050534699161408486,18696.492954973048,-0.1623766269473954,-1.3376233730526046,-0.3340887647869383,1.3330977960460335,1.2616838447303322e-05,4.6190335754674406e-05,2.9677098941686967e-05,4.394866564322641e-05,2.7444706623745696e-05,0.08009148444283895,1.4055674321793794e-05,4.089445996272266e-05,0.017600284194867668,0.01426024451752806,0.22034060603964273,0.361310384655891,LFP,4,30
-26919.377926639376,2.6268138147519053,1.558953159335545,189.30067456277138,-0.7514118694716441,-0.7485881305283559,-0.046441328034497964,0.27018375271655404,1.4706661500685928e-05,0.0001302049439600914,1.1961816484467587e-05,4.00677960264748e-05,1.5487524912430358e-05,0.08515539107016018,6.87993293365854e-06,4.3634673757137385e-05,0.005548024453856895,0.014366543595382922,0.5348673570916953,0.33432477127842386,LFP,4,3
-525217.3942521844,2.5158978172314814,0.005761299798837152,87037.63373211157,-0.3283157128111327,-1.1716842871888673,-0.3015774768797136,0.4779628474437981,1.4913980558667297e-05,0.00017579375404757068,1.8404840300329484e-05,4.3091308897538785e-05,2.7700284230698777e-05,0.07942467932711512,8.287228420331876e-06,4.9897579442167086e-05,0.0223310632868712,0.21053427993211582,0.09710706794546631,0.3207811752427044,LFP,4,82
-27674.588130804674,2.144135455765198,0.005319939652866093,6234.066251672812,-0.3571032013502098,-1.1428967986497902,-0.5642024772611688,0.28483745952784123,1.595453381836868e-05,8.931588396276774e-05,3.0048640279985136e-05,0.0001497008284835548,1.4440387147050511e-05,0.049159546309524196,1.9588951916241195e-05,3.251692092859018e-05,0.008676971316908404,0.24140026914128435,0.05848493165822098,0.06591232193932593,LFP,4,55
-54513.30987579322,2.5336657767109334,0.010015228685748393,6276.361495477953,-0.31717351998308274,-1.1828264800169173,-0.24700094547543527,0.563045350453525,1.3512049833387364e-05,7.641114029394237e-05,3.175337555323815e-05,0.00014407155746012186,2.764378198116059e-05,0.08480733931439069,1.7486057298387086e-05,3.1391134194263505e-06,0.00853195895769473,0.016974159153909783,0.0892528020958527,0.5767720932748023,LFP,4,38
-24878.375217736553,2.1348362607375537,0.005805917259287226,3522.116762522772,-0.29859474109548856,-1.2014052589045114,-0.43910326787158377,0.2834161389532265,1.2935344418225946e-05,5.901809897932164e-05,3.0506522542730876e-05,6.891540421367444e-05,2.722960935730557e-05,0.041256289109322795,6.31649411553923e-06,4.348984369061389e-05,0.00784500013276774,0.023529775704447614,0.01856708799548813,0.4487998684284805,LFP,4,51
-32013.136856721954,2.579120288077613,0.0507345443840084,1483.6407994031301,-0.3733580426761023,-1.1266419573238977,-0.5514853543528352,0.444411556378703,1.6233774538527823e-05,0.0002399423325524704,2.080859081027172e-05,7.980831556330742e-05,1.4414464214449932e-05,0.09223205710988308,1.793990373381108e-05,3.904202321482098e-05,0.006085076756059538,0.24327983977078094,0.052736076646537254,0.08249872922984672,LFP,4,14
-64936.550822755744,2.5275789479123585,0.003398443273708707,16343.545274950227,-0.3782804239283628,-1.1217195760716372,-0.468788528314756,0.2554277776991615,1.2563637827151751e-05,0.00021788217144466264,8.259072492719673e-05,4.909188109613463e-05,2.1766005431462556e-05,0.06618138717302847,9.373789167767979e-06,4.845291762399557e-05,0.010761960864668496,0.15248974350231587,0.18804694171153474,0.12067478647139344,LFP,4,71
-252391.76547930093,2.52566071713794,0.0028340891125085118,43276.798692016455,-0.3807206920043491,-1.119279307995651,-0.21373101177753961,0.22521553069911898,1.2154765444286918e-05,9.505161379131193e-05,2.9283979217795998e-05,4.576537892353753e-05,2.7228095468474357e-05,0.08763391382155646,5.587040700769658e-06,5.5869909549716044e-06,0.016842540668965306,0.023680361567449848,0.12166373645942252,0.5709248901955881,LFP,4,69
-237769.3076843774,2.110153827784591,0.09483342347334903,20907.41467252066,-0.44976439504505983,-1.0502356049549402,-0.2663302423204299,1.3555043665042978,1.598641026268293e-05,4.603977760265807e-05,3.0224171056151042e-05,0.00010000787197051963,1.4439319862882026e-05,0.09354333244354635,1.9799110053515805e-05,3.233124178666099e-05,0.021715989629084755,0.3456758686976752,0.22408790510409526,0.09390598387779965,LFP,4,18
-314475.51401498786,2.564686480194138,0.0019842857246680314,71996.75984339943,-0.37676205957461306,-1.123237940425387,-0.6933842160824044,0.20445163553071038,1.3478722187521113e-05,0.00022421500801025183,1.0087211477754521e-05,6.205493017193122e-05,1.5299516424792825e-05,0.0463277429768857,1.9069962075038796e-05,3.1182436586912876e-05,0.022107556206086933,0.10335644121547807,0.011505292483142197,0.12175405021897537,LFP,4,98
-18551.86504696389,2.3556541758923646,0.018123454394439343,1655.6779466724504,-0.43471811256076265,-1.0652818874392374,-0.35921919470941444,0.47239147034665674,1.3383904192915311e-05,0.00010348190674234117,9.089214418487813e-05,7.809275863289473e-05,1.6274125332174137e-05,0.09800705782891667,1.3257538816029156e-05,3.543565979574796e-05,0.004366146617217203,0.03703369178244345,0.09390146632220621,0.4398456471859359,LFP,4,31
-554548.21180248,2.543736349567973,0.007610860313381848,49316.63826090217,-0.4534390521347582,-1.0465609478652418,-0.430605745256305,0.22056027943281886,2.0263832305974865e-05,0.00015731250078431923,4.4386474602964044e-05,4.023319285812723e-05,1.6263865588039386e-05,0.09703544300892984,3.991468928796682e-06,3.130072362161414e-05,0.022523208439074925,0.07538295215260876,0.3650516176126931,0.05895968497839313,LCO,4,35
-589787.5269843464,2.6141401200518617,0.005837773910437138,57817.940697622005,-0.44455456250497605,-1.055445437495024,-0.41348474833350346,0.22721534136535854,1.2046081233251718e-05,0.00024617849087809506,3.4115179041303215e-05,5.3357421807805255e-05,2.6782885826175543e-05,0.09766762126508272,1.6945476800140075e-05,1.740220087300136e-05,0.021722808670511545,0.04684738905425908,0.19220889630845991,0.27745896630377753,LCO,4,43
-491086.94531970547,2.5051429792986135,0.00818654817303661,49982.43078018964,-0.333637532275322,-1.166362467724678,-0.28185139616771804,0.33129142530868194,1.2940354114370693e-05,0.000142952630351254,2.3450414381886878e-05,4.8300226482751575e-05,1.656684438231784e-05,0.06471290879771682,1.5094888990681333e-05,3.879099419268516e-05,0.024365036066042456,0.01628501641008993,0.5722125699778362,0.05965101744435584,LFP,4,48
-290273.15308442747,2.3027339462612977,0.09341391320142481,6920.398743641767,-0.29930626707547425,-1.2006937329245257,-0.5386444678092837,0.21883775482268836,2.193892745477809e-05,0.00011636225604777579,1.2042846724342886e-05,0.00012499842684095098,1.304133579780021e-05,0.09623654729707634,1.4172551106523683e-05,4.261724067678075e-05,0.021999261460843206,0.16297161524023934,0.15715755412912236,0.07122636282135468,LFP,4,5
-49067.755085621044,3.5611163529986376,7.715380746521974,124.36126821698724,-0.8602329212391631,-0.6397670787608369,-0.7723675425738268,0.38211417572838347,2.193777260775209e-05,0.00010505429705640779,1.278328400224404e-05,4.898067986299485e-05,1.3566676724859286e-05,0.049117353346312675,3.3492615095530933e-06,8.957930696772502e-07,0.009093048327092443,0.01172438000397975,0.12475939067819117,0.021148686744002356,LFP,4,1
-380496.97056839487,2.3790993257428994,0.0338060092044596,19997.765489032212,-0.404904026362356,-1.095095973637644,-0.15427299963803642,0.44536730638538646,1.2988997200930073e-05,0.0001404175187220398,5.204328362423001e-05,0.00010892406789507059,2.988655186420202e-05,0.08819432363048516,1.6195681841573406e-05,2.7123702549671895e-05,0.024105316817198835,0.055930185478281554,0.5505768457936981,0.16921996908998388,LCO,4,15
-420245.24751903705,2.712648490041556,0.07513161870920497,9215.773594936556,-0.4606236494032352,-1.0393763505967648,-0.10559003643094433,0.663207467378171,1.2574763524986076e-05,0.0002309868732187605,1.4073032745407518e-05,7.492868113025685e-05,2.6747006132061052e-05,0.08371395833867706,6.968643684626518e-06,1.9696344805395335e-05,0.0207733879786244,0.17447602559934022,0.5699048805944463,0.08002905737526922,LFP,4,10
-36200.86663763715,2.485709230233755,0.004135660155562626,6431.979010905789,-0.33421020413192437,-1.1657897958680756,-0.22945306766582474,0.34483266649289146,1.496374411318524e-05,0.00017574899222216233,1.8522466958785214e-05,4.706624492310555e-05,2.3773549732980103e-05,0.07976272949725213,2.061676093615824e-06,4.9692575362021574e-05,0.006114297930155438,0.2116156770013424,0.1477478078606215,0.3411834474722114,LFP,4,82
-746124.5271972178,2.596120100688663,0.0056834991015629445,73903.51309866246,-0.4375699605658667,-1.0624300394341333,-0.30273881272057723,0.2457391756856748,1.6473425262746563e-05,0.00014255733214665214,1.533607921421512e-05,4.75635279822362e-05,1.2831675354413584e-05,0.09591545154796866,1.734095394486017e-05,1.3965522453663351e-05,0.024585459947322624,0.015967169657443388,0.5739695306540888,0.03732448696789063,LCO,4,47
-143959.54253528971,2.3458790490761823,0.02275893887264549,10131.635876391152,-0.5335267129894952,-0.9664732870105048,-0.3937054799609072,0.20701462323196868,2.618673059928186e-05,4.3476833485823764e-05,4.3586884731422597e-05,0.000128039705805076,1.392013609740944e-05,0.04380460655087396,1.0706306405335842e-05,9.607943809666168e-06,0.02451671770224487,0.29044522769487846,0.17748262445915478,0.06836666788505959,LCO,4,14
-466619.4345422023,2.21915340746002,0.0026898749971153366,110538.98834043083,-0.30348065255263634,-1.1965193474473637,-0.2903562875316945,0.2062504726588017,1.944680663505275e-05,0.00010164172884119986,4.475130447744514e-05,8.393621260177031e-05,1.9926465580838228e-05,0.08367126591656382,2.978114580925085e-06,3.887764904597407e-05,0.023229289786648184,0.11622186266297593,0.3614502822329715,0.1619715675723581,LCO,4,91
-120658.31911433724,2.5246917437125496,0.06581748186828759,3907.5992705925864,-0.47106924473329137,-1.0289307552667086,-0.30353643168789335,0.20248636495309244,1.8518398062218327e-05,0.00012130710568118388,6.21127616455319e-05,6.688259583585498e-05,2.2890191981466937e-05,0.0885393605455099,1.754798441572915e-05,4.481991899466785e-05,0.01427940819709401,0.017334414467965412,0.5071304764625439,0.10199867738159735,LCO,4,8
-621138.577859311,2.458230765285811,0.0026544640627500504,121431.25844158867,-0.3358898548843605,-1.1641101451156395,-0.1882948501536702,0.218006633951233,2.4760204641974695e-05,0.00013579839814039196,2.0319211092908364e-05,4.163343375960974e-05,2.9850112370202736e-05,0.0997624576894716,8.20250845834304e-07,4.0012433987858585e-05,0.02347531644747042,0.06819997403720797,0.5010910415348835,0.17241413427423838,LCO,4,91
-495701.79344849754,2.5216463910757607,0.019353211376703146,27755.830167190674,-0.4167349471154811,-1.083265052884519,-0.8022056702778921,0.24418141217841743,2.294855374035443e-05,9.69184301053315e-05,3.118212602097553e-05,4.5447533484795755e-05,2.2622834499656075e-05,0.08906714739889882,1.2125586962898885e-05,8.031561204852614e-06,0.022706284124519582,0.027603426910736396,0.02570487255651983,0.07448603025485169,LCO,4,20
-320360.7684486565,2.2087160200951024,0.005496156110125061,92340.51765142684,-0.31272122318990014,-1.1872787768100999,-0.34701241244857917,0.44989783770685865,1.71042844241957e-05,0.00016798042744630646,1.0895895756474949e-05,0.00014497300515609523,2.1182991658138324e-05,0.09854511167813937,1.2546261177549705e-05,4.361740959928997e-05,0.020364983938301176,0.24563151488907764,0.14641048278779512,0.19094558987454813,LFP,4,80
-210342.89824289377,2.3695732181720004,0.00403957427310105,38066.19324200764,-0.37511600174551063,-1.1248839982544894,-0.6616796038451915,0.2865522601933586,1.976412435744652e-05,0.00023184396305622165,2.257327082872034e-05,8.845362869134287e-05,1.930254743460179e-05,0.05244764428518329,1.7873822186506916e-05,4.6930503598447685e-05,0.01889144321755385,0.034029523321955656,0.02927391683344673,0.20501695599940617,LCO,4,64
-221926.31599118194,2.4435366440253596,0.006901461087491502,25665.17774954279,-0.42316127598686215,-1.0768387240131378,-0.4535734169582849,0.2853723678198484,1.8996865893487384e-05,4.389819684882006e-05,3.9931284071026665e-05,4.0276411531972635e-05,2.6766609051208654e-05,0.04860523371495834,3.34468861973124e-06,1.4093613032571055e-05,0.020732948179548467,0.01579254364287649,0.37583232982735515,0.0848017095714835,LFP,4,48
-291945.5353720761,2.383412861822004,0.013453725618942982,28411.162415313847,-0.27120281006431846,-1.2287971899356815,-0.3977373728209541,0.21071614504963923,1.9508519387688586e-05,8.712190172438045e-05,4.321389702716185e-05,0.00013031011638645342,1.5981870822999578e-05,0.08819319712339195,1.5069772940757061e-05,1.0864367788686513e-05,0.02130683700957522,0.01648603787718779,0.43209619706411095,0.08368039223774718,LCO,4,25
-104422.04498530498,2.3476516517431416,0.008160653366633214,7424.275690280041,-0.25979008070352094,-1.240209919296479,-0.022982060560372664,0.263196096750594,2.8815654700750788e-05,0.00014244749138637617,1.0179346558286007e-05,7.545351577432074e-05,1.2145797193827207e-05,0.0959007543529769,1.6203894843064977e-05,4.964534295893144e-05,0.01001355332218623,0.1537362306793812,0.5795919554510541,0.17368975330919217,LFP,4,33
-432794.35013588425,2.3648463871636523,0.007752844123633572,66394.0707923237,-0.33892318385482767,-1.1610768161451723,-0.2354783292360465,0.476367354896875,2.3904378099304815e-05,9.478996317337834e-05,3.1664659734686485e-05,4.4344549015221605e-05,2.7676107195554666e-05,0.09240254041186814,6.462890683560252e-06,3.168665386453624e-05,0.022207565711220175,0.26103322361018205,0.11246921883345681,0.3210192283203147,LFP,4,60
-403336.3809824192,2.0886188004057793,0.005659029149570842,61689.05560396292,-0.3234258654300479,-1.176574134569952,-0.1934229224788766,0.22216252303810455,1.639991218916655e-05,7.001421195677128e-05,2.5103579668582872e-05,0.0001276592398961119,1.5130271963998082e-05,0.08149009997022522,1.4877655444616581e-05,4.923132630738564e-05,0.02458893861190407,0.012421263370591091,0.5745073172382388,0.1496484969122935,LFP,4,48
-20712.202979723068,2.221628201953039,0.0030265649740629777,3492.316868140123,-0.2671412748822295,-1.2328587251177705,-0.36166235102497557,0.207171367586322,2.7841287004152384e-05,0.00012725645546769456,2.525808087598354e-05,0.00010053402321994693,1.3230677722167073e-05,0.09768645972695031,6.2037236899261546e-06,4.1984252255954104e-05,0.004065210351662183,0.03788377489758778,0.4568936550254038,0.07356021905203287,LCO,4,79
-635077.562401704,2.515506419112816,0.0029663784320090422,100402.97695918413,-0.38577458768203066,-1.1142254123179693,-0.2656726438205316,0.2610989072308058,2.713667823747583e-05,0.0001833295810217555,1.4153596641964538e-05,4.025273199227636e-05,2.3310921438807944e-05,0.07680151034823271,1.721450886586665e-05,4.20021865347631e-05,0.023668135939295846,0.02443108025291877,0.4210999053229101,0.21879637060363955,LCO,4,91
-241463.61731765606,2.3090670665172564,0.003308806246435154,57151.80757589588,-0.29819513820984866,-1.2018048617901513,-0.3160652606993407,0.24714256619807284,2.1606111169413562e-05,6.121294535977871e-05,1.8952325873277585e-05,8.42411562632505e-05,2.6731212724420756e-05,0.047690549634721205,1.5858362492358405e-05,1.305406030827374e-05,0.023292786818247146,0.12887765928638834,0.4529644828956801,0.03209259711859097,LFP,4,88
-675693.2845647072,2.4320947478654342,0.002885953678420008,120603.93906401761,-0.3365057460645833,-1.1634942539354167,-0.27905982383125005,0.2590795960812422,2.9778390211534432e-05,0.00013312610782920315,2.0385877458756556e-05,4.292118545330882e-05,1.5016137170839469e-05,0.09716351292801216,1.9835138545842776e-05,3.9652040790769524e-05,0.022448573309191425,0.025940482012177427,0.5035370969974757,0.12146259715909684,LCO,4,97
-697614.3068488277,2.524984387939625,0.002785128617544988,146965.0848718344,-0.2944576246057178,-1.2055423753942822,-0.3642707789209173,0.2582127477363039,2.977862961237354e-05,0.00018378155725429685,2.3247312501125566e-05,4.403065909558523e-05,1.494851753106735e-05,0.09615813779504478,1.9010813104493925e-05,4.302081196738148e-05,0.023754097365916552,0.024421610689460926,0.4199485911063243,0.12135901928329748,LCO,4,100
-616173.4165465925,2.5265611808456825,0.020146780156264504,29351.108812578816,-0.24835269458950826,-1.2516473054104917,-0.24624321879294286,0.24414480768922453,2.6003848054728874e-05,9.666328275336142e-05,3.8867133940487945e-05,4.5427104355678217e-05,1.567656692597609e-05,0.09602259217142867,1.1859866522681343e-05,7.910509233310597e-06,0.024618151672409636,0.03313625280557286,0.5749729935607141,0.0756475348407702,LCO,4,20
-270636.16968051076,2.077588901781776,0.0027472351136248302,59648.059313106496,-0.1948732702819882,-1.3051267297180118,-0.2374314770729059,0.27617683351657313,2.962260235395751e-05,4.1178016507040124e-05,1.7926619648496604e-05,0.00010316862881593988,1.418316403224396e-05,0.04762584416995222,8.8065380985316e-06,4.665972892235733e-05,0.022921847096570434,0.020607597674257315,0.5586287198214951,0.11333220543134172,LFP,4,98
-49046.52148770589,2.4648035313534145,0.004801148585804502,7837.089860928196,-0.32917579674617414,-1.1708242032538259,-0.15215971502522052,0.398535396497165,1.6278165355280926e-05,0.00018560655157871483,1.8593325688608376e-05,5.757622548328636e-05,1.5538827933825915e-05,0.08970927026150617,9.272373211464675e-06,4.975159580101676e-05,0.006461503394948137,0.08452809041461687,0.4715822601330575,0.2217299344271052,LCO,4,80
-562003.3517332112,2.2733933747633097,0.0027145856805545518,126744.27222496542,-0.31245774570538387,-1.1875422542946161,-0.21377983508146414,0.24700164636530197,2.239305005282806e-05,0.00014309949763115774,2.3427479771269446e-05,0.00010075679409383542,2.1507291765853898e-05,0.09231189650212952,1.5126607859060221e-05,3.8879766748207845e-05,0.02440016971208801,0.014289307210444392,0.5321422946425152,0.16978856306557633,LCO,4,89
-72042.60571873146,2.573647652702497,0.009406327134643152,4355.094182597714,-0.3903549837586038,-1.1096450162413962,-0.06725787254083493,0.26094680273856447,1.822932488490198e-05,0.0001424470514055057,1.0026225068546023e-05,4.819172197821875e-05,1.2134078368418034e-05,0.06456326479522494,1.4642872333355734e-05,3.3688963387377e-05,0.009298986212036613,0.06385374471273983,0.5721604354720026,0.22672794727442275,LFP,4,32
-148326.14062333372,2.2732838872703613,0.003473393082520994,38036.6836919325,-0.312311279920646,-1.187688720079354,-0.27663494827533863,0.24703614145990574,2.2342498636758773e-05,0.00015011014625750801,2.531546002466631e-05,0.00010076401084053821,2.1778443215907274e-05,0.09977812120999673,1.911624256228081e-05,3.755424806187881e-05,0.013450081018472768,0.014067922996332959,0.42563414848043046,0.21366298024789795,LCO,4,79
-339408.4776225854,2.481864672565645,0.03237178066961313,18391.367024808016,-0.30456520041890656,-1.1954347995810934,-0.6446090727055345,0.2445338182435867,2.3726787729846907e-05,6.866811135682819e-05,3.0204005027986536e-05,4.7731723619157475e-05,2.263694507795708e-05,0.09155448960978693,1.2083558744242032e-05,5.090306307320487e-06,0.02270537448823,0.0323279498609379,0.18271114388692503,0.0703518335466026,LCO,4,14
-82491.40091569921,2.2048291088997685,0.014336562822130344,7775.566709144005,-0.3222946671847353,-1.1777053328152647,-0.4332095461110381,0.21225883248474958,1.8045694866602376e-05,0.00013705374177527368,6.243745492020876e-05,0.00014078946263878657,2.2982519790626144e-05,0.0885458879411833,1.3927041900217456e-05,4.5326767979331244e-05,0.010972481915318914,0.01647563737644881,0.40123780829035927,0.07907700822215384,LCO,4,25
-310057.7366581493,2.610073972292229,0.022130976176925273,13022.20427137717,-0.4260725468394071,-1.073927453160593,-0.25742736351605466,0.3392759933346153,1.7277636949651474e-05,0.00021543335405944404,1.3746525864469559e-05,4.556772134568281e-05,2.2621390647387816e-05,0.04738792328514396,3.3069667403907557e-06,7.981059727381885e-06,0.02271138057273335,0.013219647474248409,0.5744431729594202,0.08490981605027678,LFP,4,20
-163833.55479925705,2.2948022184255765,0.057406004329919394,5189.7793656111435,-0.4072997387632995,-1.0927002612367005,-0.6561183446812145,0.20658578325654178,1.2401220885278503e-05,7.63995549846916e-05,2.9664079430639223e-05,0.00014378911398503182,2.7441266579843842e-05,0.08543055806589506,5.590654391919476e-06,1.753413581220439e-05,0.016749077794218973,0.014735035918884167,0.08930394212151821,0.16984267727838312,LFP,4,7
-116069.04289632633,2.21889667288826,0.0026724373679674353,40414.449763451965,-0.3285096769643765,-1.1714903230356235,-0.22090886803416165,0.20391310216223535,2.4056148294903072e-05,0.00015622709001929076,7.669088775054552e-05,0.00014129998882011997,2.2989646792825353e-05,0.08318034251449737,1.385490069313909e-05,3.413066398767925e-05,0.013748801546816175,0.017470696586464014,0.42566630552688184,0.26595412985249256,LCO,4,96
-185351.98918978305,2.716556295920743,0.34133799185553726,3283.5003106267723,-0.7754074163859421,-0.7245925836140579,-0.26479859822822416,0.6632269642295894,2.0477926859394824e-05,0.00015718308036715252,5.7867977559277863e-05,7.494697013900007e-05,2.6861973177823607e-05,0.0774691692771485,2.5952185136567985e-06,3.6755647664939654e-05,0.0199501121467226,0.07213416567199615,0.5423242888408659,0.050742947258913804,LFP,4,4
-14971.328454490224,2.4357889268507766,0.01473438271008383,1003.2701550361251,-0.39835394071285535,-1.1016460592871447,-0.23857586797473596,0.20518366542446606,2.0620466518998128e-05,7.064562843457268e-05,4.0223684639488505e-05,9.396021193227756e-05,2.0964296090834134e-05,0.04052592342886342,1.6432794961200547e-05,1.0275574661596323e-05,0.006079818145993347,0.11927447421433392,0.014750351952450353,0.5573993058584799,LFP,4,26
-404353.4849962484,2.5365175323450178,0.0034591568317950817,96913.02302091595,-0.3844437045929219,-1.1155562954070781,-0.6188894324315828,0.26616447546379085,2.3651547467065698e-05,5.636868666466886e-05,2.9170364128185253e-05,4.9230469387670504e-05,2.9981046505658418e-05,0.09279980638165759,6.708500232183929e-06,4.818054865785409e-06,0.022032188990647024,0.028540620292346774,0.21573909140546696,0.06683085587060354,LCO,4,81
