SpecificEnergy,SEIGrouth,TempIncrease,Price,UpperViolation,LowerViolation,VolFracViolation,C,la,lp,lo,ln,lz,Lh,Rp,Rn,Rcell,efp,efo,efn,mat,Ns,Np
-210889.0018117126,2.7547280029229517,0.09101518624333975,6149.162470725979,-0.5843459956557666,-0.9156540043442334,-0.36960367749904155,0.4687134241918296,1.2647071556813702e-05,0.00017401305790389738,3.056513353447306e-05,0.0001439682241717023,2.640468497896419e-05,0.06642312734633664,5.749762383713011e-06,9.925992880126522e-06,0.021432518379568267,0.03774176371470815,0.2017899634788212,0.3208645953074291,LCO,4,7
-59549.253785655,2.2818825605751596,0.00744490299470484,12608.10596841118,-0.3315788756584652,-1.1684211243415348,-0.5881043056988888,0.4757384574479332,1.6075297341926398e-05,0.0001960883950512141,4.255605064254335e-05,0.00012121816680281115,2.3421399106899915e-05,0.07002594673090451,1.99351367782995e-05,4.629706371879815e-05,0.009305791440977065,0.09282063301296221,0.2376910442689277,0.011384017019221246,LFP,4,67
-32487.88000325315,2.347812651850546,0.006627096854218786,8724.477764157713,-0.31247026532956035,-1.1875297346704397,-0.7021447771595805,0.47810132435143926,2.9889204719327527e-05,0.00023045931284810438,4.083160114071322e-05,0.0001291337492729652,2.7570092190583694e-05,0.04848358596166916,7.496740106897591e-06,3.82607958066237e-05,0.008734805739466701,0.014270574424094087,0.20229034757613792,0.011294300840187543,LFP,4,75
-259386.6150119404,2.440856072293979,0.006625857321359537,38270.550736902784,-0.37692041476090665,-1.1230795852390933,-0.3828838372367068,0.4546929649284354,1.6035793922941496e-05,0.00017325101019127542,5.01601418407225e-05,8.014987286654985e-05,2.8368779949497548e-05,0.06606421363314538,1.7409745461622694e-05,2.8887852893743244e-05,0.01762363669347708,0.03166674633579992,0.20186429387204802,0.31358512255544524,LCO,4,66
-266324.476205665,2.0643693939722683,0.0038985871990489035,50214.90543129997,-0.36119494123559015,-1.1388050587644098,-0.16316594943641205,0.3088310333296479,2.8419019642536275e-05,4.631056469056797e-05,1.1603162788862662e-05,0.00013590651779137088,1.6967544880667667e-05,0.044838742771297915,1.2536845778182316e-05,3.512762256726604e-05,0.024653468792288892,0.1157460861487818,0.5443101296692708,0.10677783474553541,LCO,4,76
-59847.52407129617,2.239986710869261,0.009681159693887638,14681.765607347887,-0.2602877758788278,-1.2397122241211722,-0.6215388625467413,0.475844263074159,1.558795080923917e-05,7.773695077380184e-05,4.357216134537317e-05,0.00014407589070336715,2.7152815394131667e-05,0.09424368971250435,1.9968810200129e-05,2.0058696486926553e-05,0.009649631662829427,0.09353636177344371,0.19812423998860607,0.01680053569120905,LFP,4,55
-49111.98842606139,2.145023021074312,0.011123607030470035,8887.031001212614,-0.20390686171851158,-1.2960931382814884,-0.2835892045813241,0.8709517436385257,2.714889945289719e-05,4.40177688699209e-05,1.0435452349695413e-05,8.801558835640154e-05,2.824404137405418e-05,0.04162532008869946,8.354312876334021e-07,2.229345754054361e-05,0.010623430831183854,0.07683151101972106,0.4107445469330312,0.15883473746592375,LCO,4,80
-83396.08695083023,2.313332574996043,0.02051123023788215,5958.440860135185,-0.3268427666042104,-1.1731572333957896,-0.016806833749167915,0.6877663940945689,1.67128307445486e-05,0.00013211282185762429,1.5511340830384248e-05,8.094366157541384e-05,2.569691233456831e-05,0.0908364549101538,1.535290589935185e-05,4.1990216968112845e-05,0.008645354450449044,0.02147285939805325,0.5374926948749328,0.3542276119778461,LCO,4,37
-555223.03535266,2.6414684150059675,0.013638537170864773,98796.8834484644,-0.38837097554263345,-1.1116290244573666,-0.5025573225995252,0.8404829167963044,1.4956160502091243e-05,0.00024909155064870817,5.152679842699614e-05,4.428650751233862e-05,2.868338963202548e-05,0.08862356904205311,7.318613493487457e-06,2.8706512057293275e-05,0.024369088944477042,0.03308359378959039,0.21075521451490897,0.18360386909597542,LFP,4,63
-220203.08286777412,2.2597836343636297,0.03873376685159714,8720.697314753763,-0.3025116058569104,-1.1974883941430896,-0.7269295830460233,0.22352854600979283,1.8009335551224918e-05,5.355071341640137e-05,3.9902768850880455e-05,5.2215251809543974e-05,2.690983470115267e-05,0.0701607392312139,6.014385156903288e-06,1.6224481950206258e-05,0.01977958915187057,0.037347965001825426,0.15451445176039258,0.01120800019175881,LFP,4,11
-240046.75489234872,2.090817743612279,0.02039932732164005,23257.60413093233,-0.27747042676031164,-1.2225295732396884,-0.6976436481307596,0.28187393434865277,1.5541950957616034e-05,4.806544161251034e-05,1.1538059655265064e-05,0.0001490375548149224,2.6921796520975132e-05,0.07017465065445513,5.958159583982086e-06,4.6099338654200975e-05,0.02396285669101459,0.05501371598968784,0.15450729327200116,0.022835342607551445,LFP,4,19
-121619.01412667993,2.2779618700364717,0.004723153341765532,38828.0754280376,-0.36395557101961273,-1.1360444289803873,-0.3922031400372087,0.45450761161312603,1.5669912941722903e-05,0.00017047119502319616,5.1193132510214155e-05,0.00014747950765050605,2.595324706535973e-05,0.04689837197252748,1.7391792100198217e-05,2.8884632307884817e-05,0.017615824077992327,0.04279663522209719,0.19452651127137843,0.30047371346931573,LCO,4,92
-104101.11499494678,2.0597127842014364,0.006454003398643374,33497.157446299076,-0.2685596407903912,-1.2314403592096088,-0.6398520676349291,0.5416209367585898,2.390609491069903e-05,5.526700819673971e-05,1.5821163299173462e-05,0.00014625053861198485,2.494949027464085e-05,0.07393770535243316,5.453827968779435e-06,4.621515312992329e-05,0.013743331909208,0.10132354986814221,0.15424474800141993,0.03457963449550875,LFP,4,82
-14965.745974525222,2.06474938183811,0.007819948341419363,4022.6608826035717,-0.25698631525461657,-1.2430136847453834,-0.6700120991069529,0.5000867929333004,2.674940207775971e-05,4.632951959610099e-05,1.7988126901761683e-05,0.00013115639815607476,2.6524367640542364e-05,0.04767069667944273,3.354726569654851e-06,4.9158657189068647e-05,0.006261657198748648,0.01351172635637421,0.23563354446522938,0.010842630071443602,LFP,4,75
-395687.9670292002,2.5625443644623886,0.054133789156398326,8325.25453652274,-0.545899099269338,-0.954100900730662,-0.25289814066889793,0.21467032783341905,1.3121509187276302e-05,0.00013294188543314765,1.5129780607819329e-05,5.186207775413009e-05,1.2449447061076581e-05,0.08800093840875617,5.333638116369062e-06,2.9427529951423316e-05,0.01850704095074164,0.22306169909511936,0.09289934229591307,0.3611408179400697,LCO,4,10
-316281.66033361724,2.4363313637884314,0.007127081187998744,80711.63606879776,-0.4123238553336144,-1.0876761446663856,-0.5870209108453747,0.5007557621847765,2.5862908934040505e-05,4.296424705275978e-05,1.445562528135648e-05,0.00012154171871932515,2.7185914066331718e-05,0.0717614522903916,1.680791212356021e-05,6.067304282487872e-06,0.024511987883074886,0.09266202009680341,0.23770935360347833,0.012607715454343657,LFP,4,68
-298658.6887371397,2.578583373493451,0.08599981256148426,8060.1701451920135,-0.545899099269338,-0.954100900730662,-0.24246205187295045,0.2143979074171089,2.603138442835101e-05,0.000133092650355774,1.6979344896603926e-05,4.244611994220841e-05,1.412168797323781e-05,0.08980402276921885,1.8254449619230903e-05,2.811815248436684e-05,0.018539641820016172,0.2664265557089373,0.09276315163328022,0.328348240784832,LCO,4,10
-307674.98353750486,2.1730805658519916,0.003969645590434547,85955.34722343646,-0.20482168865961548,-1.2951783113403845,-0.753560771145901,0.28066705628147465,1.4864139894848927e-05,5.024069601247314e-05,3.859807328796039e-05,5.214526262863308e-05,2.6959290405265808e-05,0.07015826649898664,1.965892907538849e-05,4.5748937982885275e-05,0.02405700089769665,0.011271038476999805,0.15370053909256395,0.011467651284535259,LFP,4,72
-46285.589293251425,2.4045082598196448,0.16392926201104496,240.27853441988358,-0.2021377802987363,-1.2978622197012637,-0.3024079804070311,0.3426806858382601,1.8958273072781056e-05,0.00011592407337378147,1.1296693666814262e-05,8.006394233975688e-05,2.639413331536455e-05,0.0923760501416884,1.4539389249591123e-05,4.097153277238232e-05,0.004074222682314377,0.02966120045754199,0.46342910362217893,0.13450171551324802,LCO,4,6
-84815.906074258,2.4830709048373816,0.009560688873323403,19955.506047973824,-0.2905986801493263,-1.2094013198506737,-0.2527891333018638,0.8720865380478745,2.7659016631906566e-05,0.00011031179408880865,5.0215417113803695e-05,4.45908300377323e-05,2.8336006977739978e-05,0.07743798058599757,7.06689147871425e-07,2.8759928106644554e-05,0.010415683346033159,0.09468957107615042,0.4271120307917185,0.1554092648302673,LCO,4,95
-21554.99120952041,2.4266290797391874,0.007897198751586272,3757.9089852270536,-0.25175248806556816,-1.2482475119344318,-0.5662316429600285,0.4751671888003156,2.594453146871123e-05,5.1335363778277286e-05,1.8790694854419647e-05,0.00011147476589684334,2.7152371631278587e-05,0.0943321371884468,1.5352291403212844e-05,9.802553502399847e-07,0.005140097165011617,0.09393521783267422,0.25295748560858944,0.016875653598707838,LFP,4,55
-359212.5573283133,2.592051423323235,0.006132975942299923,81786.3262292875,-0.3035543128690339,-1.196445687130966,-0.5540460369139497,0.5939042455259251,1.8028579301488074e-05,0.00024448298395295034,3.980485923493378e-05,5.114807636621497e-05,2.854061069724231e-05,0.07016173470929349,1.4113589501136455e-05,3.9398441102843275e-05,0.019877980343505706,0.09328987997296007,0.271231106114026,0.011432976999064282,LFP,4,98
-277754.0197461432,2.158381998973879,0.002657395183271258,51959.16418381119,-0.3054193004578849,-1.194580699542115,-0.425607183322398,0.20251526512179155,2.4082971254640517e-05,4.13429942661536e-05,1.4145512648410363e-05,6.029396485255851e-05,1.2034134277429516e-05,0.06251350781619827,9.485156299956086e-07,4.507785501967791e-05,0.01984182472472367,0.14407737724513076,0.13891687021841748,0.22139856921405382,LCO,4,82
-338840.8942969871,2.433247039637355,0.003085148561995537,111730.76641819888,-0.3583487898470956,-1.1416512101529044,-0.5025342057349156,0.25607231637304223,2.1771184633436858e-05,4.295266705338066e-05,1.5439931460851852e-05,4.7116640954887745e-05,1.2278757652507962e-05,0.07176531888266638,1.5599736624502204e-05,5.446461868833508e-06,0.0246185554312938,0.07749144505014575,0.3238988457039279,0.026075503511010827,LCO,4,98
-427135.9634900449,2.872076556871488,0.24854647142046896,10498.699741160259,-0.6001510588689847,-0.8998489411310153,-0.1077669898257857,1.12362153326404,1.57505247414391e-05,0.00020139018130075937,1.3791696332243774e-05,4.397569421682424e-05,2.3698035962856888e-05,0.08798851622348128,7.346267665634558e-06,2.9427730118500395e-05,0.022958845409820575,0.3052722027683098,0.09252090082467226,0.4244399065812323,LFP,4,9
-256581.96132485624,2.5371980868397013,0.013696127257089265,11762.705513509021,-0.3536901661007956,-1.1463098338992044,-0.02524488389078472,0.28272039886440914,1.4880736058467426e-05,0.00013328659481005154,1.4936569048003867e-05,5.1734949952282225e-05,2.638964104354064e-05,0.06948968792839964,1.6044143014844486e-06,2.9387548537989315e-05,0.01847835313397545,0.22466939959920634,0.15384418576437986,0.5262415307456291,LFP,4,21
-245727.66046421044,2.272178797234096,0.007858587305199713,39000.51888866862,-0.33038517125871536,-1.1696148287412846,-0.38744526956874314,0.5333851791706882,1.6583665286978546e-05,0.00011439059739002832,1.4698144988072618e-05,9.284583393965199e-05,2.84877317985822e-05,0.06955964898508434,1.3202077500517292e-06,2.9555653882280933e-05,0.01761842361571093,0.028717932293279097,0.20196684995630673,0.3118699481816711,LCO,4,66
-24743.203130395,2.15278866444236,0.006585770870552701,5490.3694356351625,-0.3039208745048434,-1.1960791254951566,-0.4658921548804662,0.4675328344973285,2.750420302933005e-05,4.394645487271492e-05,5.7305276419961554e-05,8.779560881124179e-05,2.8284552789770283e-05,0.04143324256508681,1.1484925352387205e-05,2.1955960075066904e-05,0.008698476566983034,0.09323135391489458,0.15657971075133512,0.2142967804533041,LFP,4,66
-35377.65425956091,2.5670417464635387,0.012035933834176475,6052.379458905964,-0.3739102401452499,-1.1260897598547501,-0.04814961635534243,0.7426410649517133,1.4088317987998834e-05,0.00023992876056260406,5.027906535114589e-05,4.137835960160199e-05,1.3554760332852213e-05,0.0900015737912824,1.3430371640587188e-05,4.9340366165869834e-05,0.006329337025209492,0.171925085024709,0.2257838413108107,0.48414145730913793,LFP,4,66
-232737.63138848296,2.5840274484846377,0.026783622579685248,8444.143589769415,-0.4231260163887445,-1.0768739836112555,-0.37296331901514945,0.21258473610465656,1.674079837628668e-05,0.0001385184635804207,1.4493156875609826e-05,4.696732162852455e-05,1.8990549131525034e-05,0.06087138164032581,9.556068792538112e-07,2.9614385364800795e-05,0.017573459689109366,0.22665799654060406,0.041513802006920134,0.28886488243732633,LCO,4,16
-33806.439438670306,2.4480840839564704,0.11735565373066066,396.2044077296429,-0.31537318857706076,-1.1846268114229392,-0.21679729698734074,0.21212924820862522,2.556665569633562e-05,5.0020744462068745e-05,1.740256965699051e-05,5.087028974712238e-05,1.2233271507470411e-05,0.0708093900721063,1.8075314753345836e-05,4.901907563366489e-05,0.007706078723274291,0.07743386008218539,0.13020432466939344,0.5055645182610805,LFP,4,4
-250951.0309052763,2.1196213366176115,0.11873581028366986,13613.30142049295,-0.26219774114767347,-1.2378022588523265,-0.6868338010604107,0.30896258865472287,1.7038750725883736e-05,4.419544708877009e-05,1.1263620271054983e-05,0.00014900604257833157,2.6909827189327214e-05,0.07015416669925917,5.957650567750983e-06,4.080441944984023e-05,0.024235325009929278,0.06084937938392908,0.15450721845000615,0.027809601105654107,LFP,4,11
-41653.70492791607,2.1266798519387344,0.005783853651516386,11088.275225677522,-0.306529060505488,-1.193470939494512,-0.4381032539919447,0.48783951378715756,1.5564086748139256e-05,8.944276344089972e-05,4.4059457326406975e-05,0.00011659997931343236,2.343981262548243e-05,0.05847377473599294,1.9968570588013316e-05,4.6436418918011256e-05,0.008776321989939351,0.09280256590193543,0.14917139828279044,0.24992278182332944,LFP,4,86
-302435.4557036013,2.587604111942383,0.05010807478376328,7876.653676154345,-0.45598312083409986,-1.0440168791659001,-0.3015840670638641,0.22764860812327306,2.6470316300943474e-05,0.00016993399763350425,1.6848262417943527e-05,5.251218236178144e-05,2.7048147033671052e-05,0.06982933180728265,1.829017802888952e-05,3.2653344173245886e-05,0.019804638679495078,0.08428283299149739,0.06647169683253262,0.4776614031121059,LCO,4,11
-167763.00057440693,2.368702123108308,0.11695032091807069,6040.2074896522,-0.33970675490369295,-1.160293245096307,-0.3518805356079183,0.5073769933889289,2.8991515749772338e-05,0.00018934286794242207,2.268176438622199e-05,0.00013376616821961148,2.9968849502981633e-05,0.052411396037165776,1.618829264730253e-05,3.9540852194262766e-05,0.018700279305277963,0.08652179971786689,0.3161231574821733,0.1754745071920415,LCO,4,12
-569498.5548319389,2.486126285690169,0.01946461434575926,22499.411419335534,-0.39999361798020594,-1.100006382019794,-0.2582508766051673,0.211757997821016,1.3680097292473216e-05,0.00017261970020580907,1.3784798973786666e-05,5.0856490552437425e-05,1.2063649506319714e-05,0.07138693324142345,1.4156462679566255e-05,4.995866990765641e-05,0.02345100618475482,0.014337197675234253,0.13113385338079345,0.5262780723388051,LFP,4,21
-61121.02464332868,2.282261697680107,0.037749956989440316,5313.44463939929,-0.37700960629361546,-1.1229903937063845,-0.12081774428380532,0.960006769200153,1.4098736509766013e-05,7.479376837427355e-05,4.895903295730159e-05,5.6580377456204154e-05,1.6773526531711633e-05,0.0692226022544953,1.950805828310196e-05,2.932151203788178e-05,0.01006376301937368,0.1454234748802028,0.25386933762668135,0.4098894432093106,LCO,4,30
-502114.2256916172,2.555650415841614,0.010391120400098892,46111.26768196713,-0.32767793310392257,-1.1723220668960774,-0.46353398534701834,0.41698905582134915,1.7249883034019654e-05,0.0001704838545426971,1.3032879778602058e-05,5.091218868299298e-05,2.7203601683881707e-05,0.08721609481216756,1.7523946722154652e-05,3.7768377353482996e-05,0.020598994338069842,0.03712797182291215,0.1272386451725565,0.30209939765751304,LCO,4,44
-95566.60604851691,2.073789783361635,0.006986429368412971,33234.18908223709,-0.24171411929305542,-1.2582858807069446,-0.6662212985136213,0.4253710927248592,1.5507289585310967e-05,5.9464765956092035e-05,4.374103716190142e-05,0.0001313756975859871,1.3758798677356977e-05,0.09698198986294188,4.82527192007208e-06,4.9561728442862544e-05,0.01246967682305761,0.011484772701853739,0.24228209475665502,0.010011834027869954,LFP,4,70
-218284.0027002488,2.3289997799606983,0.009207260031658435,24491.90703898593,-0.3568208343261521,-1.143179165673848,-0.35085412462931664,0.7513588879184101,2.692000392282886e-05,7.54925404518334e-05,1.6723135220010935e-05,4.057890355007016e-05,2.7361873793394267e-05,0.09162178522561391,1.3942456886072552e-05,4.991798878074105e-05,0.012125978132848388,0.15001863113639158,0.2353129879706399,0.19381425626365192,LFP,4,76
-444808.0416483716,2.0995339929179018,0.004603104932910754,176262.06596591172,-0.2626822847853507,-1.2373177152146493,-0.7383273739601279,0.41166787003668426,1.4960683261140331e-05,6.434439463134664e-05,1.7260909885425594e-05,0.00012293963626143758,1.5853946578522524e-05,0.09987164469942157,1.6797420234076239e-06,3.5225353812636526e-05,0.024998534456074174,0.017129250009283493,0.1509562359880576,0.023587140042531027,LCO,4,89
-25670.148578868662,2.2316862707233796,0.09174660759372687,129.31176778034828,-0.21757514841531034,-1.2824248515846897,-0.464655563736159,0.28303791016578583,1.5881685216651888e-05,6.156023173001868e-05,1.3783385708313304e-05,5.650592257487322e-05,1.4508834804517591e-05,0.05556524977332677,8.198650036575365e-06,4.287309235862183e-05,0.0041184033238476775,0.01618119402940314,0.25500400712866267,0.1941592351057752,LCO,4,5
-26195.403921732603,2.1966477775989124,0.003039655215354717,3533.1664101494252,-0.33831514507867233,-1.1616848549213277,-0.30813311255326714,0.32115385598060586,2.776305378793965e-05,5.315850461782526e-05,1.8482321033150615e-05,5.2365796518510705e-05,2.577533263824566e-05,0.09357807568206149,5.666387587084245e-06,4.559835606747002e-05,0.004102906485724346,0.07697117367754192,0.38874225437701815,0.15615345939217284,LCO,4,96
-307497.9313964698,2.227742620802364,0.0029935590957645927,77686.0385209169,-0.3148290166677725,-1.1851709833322275,-0.4087423408049312,0.26315251728122985,1.3622927897439927e-05,0.00018056415720422035,4.196739305527943e-05,0.00012263547821029526,2.5537965268682194e-05,0.07827452540338525,1.4273769105853645e-06,4.985105965910268e-05,0.02016165555257712,0.02578022286863482,0.48082059051603876,0.014656845810395253,LCO,4,84
-97612.00304711533,2.322663189049037,0.003288191297542313,29844.983910838186,-0.2948666156866615,-1.2051333843133385,-0.28837339203766876,0.2033326161570599,1.4411646054549054e-05,0.00024851914106073357,7.314276831663929e-05,0.00014047047452389556,2.7153490014788432e-05,0.09429783981771095,3.108367864296061e-06,4.5910001327534524e-05,0.011293195782361664,0.015919889059711336,0.06833664279636639,0.5573700761062536,LFP,4,88
-81667.10931558322,2.1320306790172965,0.015642697582713385,5815.931608611467,-0.40059209802166507,-1.099407901978335,-0.3296533319255489,0.3289761966447899,1.2047944923038192e-05,5.025575158979634e-05,1.8980614036958003e-05,0.00014025742994439435,2.614445565125122e-05,0.09645340602657099,3.146321674615147e-06,1.979777262048519e-05,0.009778278739081233,0.038832398320627494,0.02244345642809477,0.5390708133257289,LCO,4,23
-285609.5932406084,2.477623931739883,3.593745493489717,2880.1355035661686,-0.6783728389778183,-0.8216271610221817,-0.5153127869453586,0.25734766794359526,1.2016338685416155e-05,5.869545794981965e-05,1.0893687136313119e-05,7.491698821443961e-05,2.833340739833003e-05,0.09071344492286432,7.203738944446104e-07,4.431382544944672e-05,0.02401595584764855,0.0259425477641346,0.1842380531300985,0.20450661216040827,LFP,4,2
-49098.940299710506,2.0661957504574997,0.003926021050469164,17306.533948094257,-0.27920074631431113,-1.2207992536856889,-0.6041788784112571,0.24092833559930732,1.662167600133368e-05,5.886592839896231e-05,3.539267776567371e-05,0.000117811371544057,2.808975035695747e-05,0.040706350055201596,1.7443857796585108e-05,4.975113237350954e-05,0.0131374207048225,0.1365824020374159,0.16180746073384514,0.02743125881748197,LFP,4,84
-73371.05950039894,2.0895518067336045,0.03371705433833121,4112.839530028628,-0.13679498837744575,-1.3632050116225543,-0.19997111347156737,0.3630489868157446,1.232460287701188e-05,4.3504673413608265e-05,1.7211089932382032e-05,4.248779829103529e-05,1.4358468585217695e-05,0.07870529959955361,1.8895318776937784e-05,4.615438273776917e-05,0.011469524464154182,0.1452849223036803,0.03469455967887347,0.5500494045458789,LCO,4,16
-39346.121669033484,2.1417695418419083,0.025248823764558143,1296.9625283385276,-0.3745403136813028,-1.1254596863186972,-0.06663715418758942,0.2839074377704851,1.2799199037734994e-05,6.788560575179554e-05,1.2455871706977365e-05,5.813249080835374e-05,1.4267008072352652e-05,0.06971499391261915,1.4587517860957504e-06,4.268397770456656e-05,0.006935265576912278,0.04699872969527982,0.28170986673893833,0.5346542493781925,LCO,4,16
-269392.86241984076,2.3245796345923426,0.0024200620737561906,76262.6027745163,-0.3063781112840669,-1.193621888715933,-0.3389254350367188,0.20489708640841792,1.9682861820741252e-05,0.0002482555397335915,2.6514794121716848e-05,0.00014545772840617003,1.5739431249318732e-05,0.043387150170797556,5.1195352761482565e-06,4.7245438534325036e-05,0.02497350202489446,0.016054159077380746,0.15415420041445888,0.4208662054714416,LCO,4,98
-255246.05772680356,2.1299792239532582,0.00317916033421721,78239.08127019709,-0.2678771438269827,-1.2321228561730173,-0.3686176873265109,0.30236738187436757,1.3813198749132643e-05,8.65420309749406e-05,1.6735294950336864e-05,0.00011517465505687606,1.666118573249467e-05,0.08125896189819036,1.207104467832285e-05,4.3644069654809445e-05,0.019384231613898052,0.20215903159074816,0.0485881339861923,0.31063514709654877,LFP,4,91
-30868.52402389292,2.577938261646176,0.011708385903485087,2138.7239397937788,-0.36916115298096486,-1.1308388470190351,-0.5036239216350218,0.3021530151284672,2.7253852997515376e-05,0.00015589416861532074,3.5670082446982105e-05,5.6285680005236155e-05,2.828516140348877e-05,0.06607691533762658,1.4889874511404168e-05,1.0198813115402452e-05,0.006433545317264518,0.02634751935865622,0.22690078770226507,0.173127771304057,LFP,4,28
-55468.05124655933,2.5189603742692146,0.002431613006940321,25914.691876699337,-0.2989135762542965,-1.2010864237457035,-0.08803790146159918,0.23774441389878512,1.323720820584258e-05,5.686378082541618e-05,9.749011646178306e-05,0.00011793574601294754,1.6220036183965245e-05,0.0755274465753613,1.6554842489088185e-05,2.8338125680625506e-06,0.012610951088205263,0.2141564657856504,0.03763212208649666,0.5901735106662538,LFP,4,84
-28780.18857393593,2.20778780074572,0.0038984163605926482,4312.471149663651,-0.31071492672265677,-1.1892850732773432,-0.719515125446738,0.2660875573067024,1.3824753790975761e-05,7.2768528457063e-05,1.6348004214114663e-05,5.2326065994466036e-05,2.947115907806258e-05,0.08930339337807117,5.706196655195008e-06,4.279968082409836e-05,0.004113590986139367,0.07436367387572282,0.08688612030252751,0.04923508037501176,LCO,4,98
-363636.62625791115,2.325011120397738,0.003927697588625999,108461.80759115782,-0.3091414340729557,-1.1908585659270443,-0.5258382959393245,0.26324845869735336,1.3248068677229411e-05,0.00021904488291496244,3.0622777564675386e-05,0.00014877321991793713,2.7159139957799726e-05,0.07090280959495336,1.4186791767590067e-06,4.426278484817884e-05,0.024385680923409623,0.011696389737065183,0.1484097186139762,0.24405559570963412,LCO,4,84
-69544.61146168655,2.4025364170739727,0.0050163497365050885,14206.759668288343,-0.25903416944946933,-1.2409658305505307,-0.7439600723516422,0.40840825147051085,1.3442618737618681e-05,7.016603441889638e-05,1.467083821732655e-05,4.503030684053039e-05,2.9733782404264716e-05,0.05262016594393185,1.888848067443158e-05,2.0406786630134607e-05,0.010235335626303861,0.07690542370221151,0.08679453612423782,0.02233996782190859,LCO,4,89
-189741.04829108703,2.1186433165175904,0.0030385383650337375,64898.63321690907,-0.3563046315620362,-1.1436953684379638,-0.07977347984806527,0.2478900841485332,1.9511398776536393e-05,9.061468044868046e-05,9.751635811204541e-05,0.00011955226903729595,1.218149207917362e-05,0.07510539037141385,1.621570053176435e-05,4.8409296111408915e-05,0.020760970261229965,0.09070999896879804,0.1627040522426573,0.5968124689404795,LCO,4,78
-60462.64990197506,2.233489120959016,0.006006125756203356,8767.223213350933,-0.33879596171403215,-1.1612040382859679,-0.7627356951881742,0.2841924883031845,1.2761106116141328e-05,7.489433250517151e-05,1.63675129751161e-05,5.8192206748274873e-05,1.6749482653586123e-05,0.08961942753771143,8.022209113599622e-07,4.285303429931083e-05,0.007003149722353302,0.03488747053900382,0.08685805702562169,0.045518777247200354,LCO,4,64
-30336.288622133445,2.15341601702182,0.004317978994050895,4128.727246034145,-0.28579813175566393,-1.214201868244336,-0.7329590532463665,0.32421415151243405,1.3794410674645815e-05,4.476908136782199e-05,1.541024395155486e-05,5.232575898432887e-05,2.57706684065593e-05,0.08927287438902348,5.64753292312945e-06,4.5839993498015484e-05,0.004113635864666679,0.07819069374676596,0.0713916545169561,0.04745859848991155,LCO,4,96
-635801.7182031799,2.215928796788479,0.003221335284914326,123248.50983443669,-0.3345098030167435,-1.1654901969832565,-0.31531627114260663,0.27188791934976814,2.0893073984303186e-05,7.227983058885008e-05,1.648232473793812e-05,5.9111451984694345e-05,1.5160812288191663e-05,0.09961593179009279,1.2937716823435225e-06,4.369392704115236e-05,0.023427129922716818,0.14389356818588556,0.28165656193315824,0.1891335987383496,LCO,4,87
-38022.573335732275,2.3257176486378905,0.002577900109043192,11427.624756341238,-0.3056337898513313,-1.1943662101486687,-0.2571767312169193,0.21476075440658723,1.7255584984194613e-05,0.0002492186721496331,2.9272304067373646e-05,0.00014372829210758197,1.2021482507443e-05,0.09205017184005837,1.75440606668727e-06,4.956160077386028e-05,0.006744623035960256,0.017891254589283506,0.059451985421751216,0.595480028772046,LFP,4,97
-161596.45392084558,2.261214455863626,0.004972658763605021,44730.65275057409,-0.3439410362272497,-1.1560589637727503,-0.7260739277470837,0.42320682069964277,1.956853228969696e-05,6.930690165859145e-05,1.4597801641752107e-05,6.969410167332903e-05,2.4341146326547812e-05,0.052606704220822025,1.9051022868425264e-05,3.290973568362508e-05,0.018373125629516242,0.09844489508273963,0.0819187674792255,0.023562409690951216,LCO,4,86
-651773.8575874448,2.281514706965736,0.0030071000623814546,152444.57036672748,-0.28683367170730456,-1.2131663282926954,-0.6227161676343158,0.2892855463377128,2.4645329040390443e-05,8.256527753476425e-05,1.6315711286836873e-05,5.9537237548032015e-05,1.514944924423878e-05,0.09988545542691739,7.997736594212953e-07,4.2465980035823254e-05,0.023599526487826362,0.03302103927589741,0.022255879889187823,0.252006913200599,LCO,4,96
-157257.00210661083,2.115617590600941,0.0031110391783063427,47820.339347896566,-0.3017590263103589,-1.198240973689641,-0.2632998300250765,0.214083922241703,1.7532318754481473e-05,9.782436609589227e-05,3.539875260880864e-05,0.0001440067521115021,1.9273829248130527e-05,0.08658724009450743,5.561168524836228e-06,4.9751835763237946e-05,0.016121372977869364,0.05758896416636952,0.014390254277926895,0.5947209515306271,LFP,4,78
-41391.130378252106,2.06625612516872,0.0025177280398673905,13897.708737282861,-0.2949980507893546,-1.2050019492106454,-0.20675250080989505,0.20135889517347122,1.372856791288305e-05,5.2274784004536376e-05,4.19065621228379e-05,0.00014596257061530077,1.2034742602259862e-05,0.06348337813126506,1.3957851986265574e-05,4.047663099483041e-05,0.009162876888491307,0.017800284889748517,0.5848015767879562,0.12064563751240032,LFP,4,97
-53183.35453279134,2.2972588328721244,0.00329550276485037,15332.953087846568,-0.2951297210897472,-1.2048702789102528,-0.48111474137239957,0.3021895084384985,1.7309418075140415e-05,5.872173505659872e-05,4.6141915871856183e-05,0.00010113053233043222,1.5185962441580294e-05,0.06556321888783825,1.9251545840268363e-05,1.1914242107926604e-05,0.009529644213701118,0.028616831856134468,0.1474022425087286,0.2728661842627374,LFP,4,89
-298414.6925569386,2.1360312031977844,0.003916501533488336,94137.97145936787,-0.34051252656582065,-1.1594874734341793,-0.5497554272399122,0.4202657640651337,2.77394986047862e-05,8.157549458883736e-05,2.4211461865026336e-05,0.00014768062084428508,2.858755830821194e-05,0.054808899534405334,4.62822832816148e-06,3.2259173932135354e-05,0.02492520701034452,0.026339770837416166,0.12073009277639345,0.23317470914627822,LFP,4,97
-436040.9765069457,2.1820279935761198,0.0057339721545778145,71878.81278771098,-0.3437001624427758,-1.1562998375572242,-0.3094563972961907,0.5396715738483404,1.538281200813529e-05,4.372984289836879e-05,1.4168844845565032e-05,4.675129568661556e-05,2.458838325606519e-05,0.059330666579365275,6.876773787553979e-06,3.2938989009278407e-05,0.023112148187008075,0.021302297425604032,0.41273427587868977,0.18650702939951563,LFP,4,94
-19212.84877018771,2.06625612516872,0.0024948074562282725,5751.457472595117,-0.31086192100545773,-1.1891380789945423,-0.21583641387013153,0.20225594870919428,1.2226210727060443e-05,5.634779467632036e-05,4.238259718127038e-05,0.00013953946405399813,1.203477784176878e-05,0.05940030973377651,1.0524364309088874e-05,4.03017516626668e-05,0.006324889765355236,0.015067186188195133,0.382225682224699,0.31687071771697445,LFP,4,89
-51909.61007754866,2.399743720786495,0.48054266786275224,2442.662206835031,-0.34509625230476537,-1.1549037476952346,-0.473370718076009,0.220329627593762,1.5291222704677995e-05,5.873529099788753e-05,3.933036078158334e-05,0.00012024251280198822,2.9830088696520632e-05,0.04600590162466799,2.0516932800345195e-07,4.956209088222274e-05,0.015308612255635269,0.1489799212408009,0.1946407198637355,0.11300864081945465,LCO,4,8
-473258.1507351351,2.4605654191565507,0.00220434219247582,93052.32282020658,-0.328317190496227,-1.171682809503773,-0.562495927711596,0.22586164430975325,2.988128206859377e-05,0.0001772159841622192,1.6081286571017978e-05,5.811642247794726e-05,1.3783543301831573e-05,0.09196740154749834,7.215805165858938e-07,4.739546818231246e-05,0.018957790614600626,0.048506349919306496,0.06956158203736859,0.24943614033172898,LCO,4,96
-66844.099751463,2.0785042282213375,0.005098023376926532,25701.360059955805,-0.26791286625067734,-1.2320871337493227,-0.45601901628765973,0.4482639235613067,1.5580644424442956e-05,5.527396275089561e-05,4.360265404237434e-05,0.0001166337661532925,1.785377853134468e-05,0.09465930516553561,1.9862892215369088e-05,4.6435825248160266e-05,0.010474426296740237,0.09350779334078525,0.14961125021054567,0.2308619401610094,LFP,4,86
-36268.27717007871,2.321650614429686,0.0026548570690807377,8601.350637466794,-0.29913882854108564,-1.2008611714589144,-0.28923378238730413,0.2442327795070453,1.5688202372416482e-05,0.00024823026223789546,1.2410312713481152e-05,0.00014647997222516504,1.805170667739747e-05,0.08553774944768355,3.1375905000663575e-06,4.643521429058501e-05,0.006045455354364192,0.01455795376429705,0.0293185243199766,0.5968897395284223,LCO,4,97
-280867.0614050161,2.303899356810423,0.003267489056362008,43668.149074779816,-0.24290531761178968,-1.2570946823882103,-0.5448524640665825,0.2305001097257162,2.430032820307993e-05,9.764146596496215e-05,1.2852927961246654e-05,5.775877245406979e-05,1.2593382243854444e-05,0.08407343604893218,5.582246606399339e-06,4.736653773375761e-05,0.016105540231495356,0.04416818307857223,0.09545621090224857,0.24552314195259675,LFP,4,71
-210488.0687346339,2.1298965361154343,0.004202092621633576,53488.254863383496,-0.2704247177733521,-1.229575282226648,-0.5211282184323552,0.42211456797298474,2.7887172097712877e-05,5.255269745969346e-05,2.7953360244125876e-05,7.213433334455245e-05,2.44742600531592e-05,0.09029904140530859,6.113301580614216e-06,4.7993300196550445e-05,0.0152169436446744,0.10282556191021655,0.06958772829825599,0.2364584913591723,LCO,4,97
-24444.77998684783,2.1489768739878836,0.002976898668738993,4078.7834449314464,-0.3001126146309083,-1.1998873853690917,-0.6325603803423953,0.3212319492610318,2.632576417511612e-05,4.3882970099976584e-05,1.8520135383174685e-05,5.238349618858302e-05,2.5773327380638456e-05,0.0956008447497084,5.724825261806113e-06,4.1550274184669225e-05,0.004102724595775275,0.07699063320693593,0.06403282446215383,0.15641616198851505,LCO,4,98
-158115.20051368055,2.5435299675359078,0.015120032134291403,9843.006430350602,-0.31560753540682995,-1.18439246459317,-0.4894874228277125,0.27406307198588353,2.7356275015186216e-05,0.0002078637312769835,1.0092937979081495e-05,4.2286515694830644e-05,1.622322156539225e-05,0.06587656176772941,1.965005406973516e-05,4.851940331104891e-05,0.01364723239515028,0.2013145583518361,0.06959442295766798,0.16960359586278345,LFP,4,28
-200347.6058626188,2.0613489358410977,0.0031454542423098473,95964.73908575135,-0.2663135045501548,-1.2336864954498452,-0.5097900626042523,0.3028984070166112,1.5183425039451052e-05,6.134586586783379e-05,1.6747326058515342e-05,0.00014114502015145073,1.3481978524081664e-05,0.09212623936218946,8.012100290497829e-06,4.395072923522371e-05,0.019444513128271973,0.20692397997690948,0.06529983736124302,0.14798612005759526,LCO,4,92
-434710.093229348,2.0696178654298456,0.0038700800800555565,136218.0285602212,-0.2243281677390847,-1.2756718322609153,-0.2633567826936495,0.3714592777522995,1.4795610031503044e-05,5.290393526891355e-05,1.904158136409858e-05,0.00012338903974729504,1.5726465842796306e-05,0.0999198207785915,1.5082450856874763e-06,4.6141729401820916e-05,0.023961674708960424,0.10556396829680964,0.5018858793630642,0.05919336964647677,LCO,4,89
-696783.747373538,2.3062285979213994,0.07028657841023565,107257.74863823275,-0.21682747563373184,-1.2831725243662682,-0.5682965271841987,3.3365402356020706,1.344574682338754e-05,8.364105968313068e-05,2.938521533319023e-05,4.107815232384496e-05,1.739324207951114e-05,0.09662424321204735,1.742485265110465e-05,3.812234223623379e-05,0.02420137186157838,0.03293622365457268,0.2577780468632982,0.07098920229793049,LCO,4,65
-42184.62470776525,2.396030459992915,0.03408529611121011,1361.700885508294,-0.3467018505827948,-1.1532981494172052,-0.3065240345276754,0.2978839633852335,2.8152568448614878e-05,0.00012890187963995864,1.3430253061805017e-05,5.8708639056148224e-05,2.45974877191726e-05,0.09165786277312235,1.299525991415487e-06,3.6744631490001837e-05,0.006050958700239587,0.32323552419474355,0.23867274994413681,0.06156769133344427,LFP,4,16
-11780.41326321159,2.3877599076092944,0.06017498421951974,167.00149696224216,-0.7172035703057524,-0.7827964296942476,-0.5093317902992472,0.49526565745394147,1.373762674281408e-05,9.483174462788821e-05,1.1907302370108941e-05,4.1337925484343554e-05,2.2664383089283405e-05,0.041305783322612415,2.944363577246649e-06,3.056650192535705e-05,0.0042643861694053155,0.13225947883767097,0.2637923415140638,0.024616389349018025,LFP,4,8
-356350.72056565166,2.909749498033799,3.4762169271182524,5166.214017392378,-0.8655970739461942,-0.6344029260538058,-0.7536939554896158,1.538246274061799,1.311494844079897e-05,4.000279424724089e-05,1.2818895964217438e-05,8.03294966574007e-05,2.9941912467767418e-05,0.09051472499472614,6.367967805276371e-06,3.232539299493675e-05,0.02215836186519574,0.013878855663610652,0.09338433820489711,0.06904285064187651,LFP,4,4
-261535.6416599113,2.116590285090414,0.042267427238443234,11001.398318171114,-0.3125197640027242,-1.1874802359972758,-0.3749239849495769,0.43412195921848207,2.7969186958305356e-05,5.857205901236693e-05,1.7679859181634602e-05,7.492182541778929e-05,2.8841355666567094e-05,0.08672248517879236,1.965336210442674e-05,4.418383009075389e-05,0.017348674099611352,0.17264000971548227,0.18982144306030335,0.1926145622746375,LCO,4,17
-107477.74002809802,2.1564904886938168,0.019325862444975188,7773.4169239811245,-0.3246630017389549,-1.175336998261045,-0.5337061902225222,0.39049821566401044,1.2706194957209566e-05,6.210578473391893e-05,1.4017251916447788e-05,6.256494097810315e-05,2.7619553523091617e-05,0.048829770184300986,1.2872241498864343e-05,3.098674991938385e-05,0.015870264911172056,0.0713393167495584,0.1779414161233989,0.1470130769045205,LFP,4,23
-392954.1612172788,2.323055412322484,0.31239187934652557,5391.045773283116,-0.3692148111912026,-1.1307851888087974,-0.26392411675127914,0.8139300097669695,1.2394455883776123e-05,5.033152211214538e-05,1.226317153130654e-05,8.054027662130285e-05,2.9959231429372677e-05,0.09068568941918895,6.34739150336791e-06,3.0570952016898495e-05,0.02188302716630229,0.027394269242979878,0.5873482141353613,0.05133339987037974,LFP,4,5
-97549.81902581175,2.289686114119781,0.035392049906418845,6209.542430556555,-0.40050839617030576,-1.0994916038296942,-0.08659433073175749,0.7487576023830103,1.752296534447386e-05,7.515510116432931e-05,4.891454795581382e-05,4.102356328124357e-05,1.3402625958204786e-05,0.0905033622854501,1.3833216325206474e-05,4.991237299329567e-05,0.010231527075024793,0.1478262441655993,0.2500945306286836,0.44548489447395967,LFP,4,27
-137767.36934668513,2.487108812786559,1.007603080275798,3746.688628805561,-0.21665817301195567,-1.2833418269880443,-0.4676483187690904,0.3473158168447982,1.3382456823275412e-05,7.28116711286126e-05,2.4114077677941265e-05,5.3491036198792546e-05,2.9106286631287866e-05,0.09653807987804253,1.906392919651362e-05,1.401085330869576e-05,0.015481969970763511,0.014389829625857123,0.4216050507043313,0.026356800900721216,LCO,4,6
-28423.122053798812,2.0940066483752307,0.8768845518489276,1282.5898591622115,-0.22119024297525947,-1.2788097570247405,-0.3087199412209618,1.7393846823137107,1.2383526744788104e-05,4.053824134230396e-05,1.431482895915533e-05,5.266140369121557e-05,2.7472636159502095e-05,0.08771775481614696,1.681790874437885e-05,4.7828830905905e-05,0.005072953253632481,0.2235042060653045,0.25924028296813084,0.13853556974560288,LCO,4,23
-158531.58672348844,2.0848879901925432,0.0067355626537901605,17404.19481686462,-0.3470042871062269,-1.1529957128937731,-0.31842119805126645,0.2048784550295098,2.342339859230213e-05,6.13956490007579e-05,2.3126220860368367e-05,0.00013525881559541567,2.421815142720701e-05,0.08177162406804561,6.5699728611686564e-06,4.769197194599906e-05,0.015473175500056969,0.14069165501457395,0.44330617854828736,0.027580968385872318,LFP,4,34
-21217.29460402333,2.4754116801179,0.3622409645642788,120.50705334761521,-0.30710752643119044,-1.1928924735688096,-0.6191676368055778,0.8150566106577288,1.4340347314831273e-05,9.494877660993528e-05,1.2265069431721227e-05,5.723709668863025e-05,2.263493492135098e-05,0.06119696224638477,7.851393310522881e-06,3.0572947627515545e-05,0.004107339647265822,0.023420191562233773,0.2629010213704621,0.024511150261726358,LFP,4,4
-14833.650109504728,2.2690998814705146,1.2421870347190622,103.063542621966,-0.3776775172776894,-1.1223224827223106,-0.11787309424098324,0.45645319420039426,2.727711536847354e-05,4.11495143211972e-05,1.2145503163262106e-05,0.00013507969666572354,1.6932991232361386e-05,0.04095324761758525,1.2681446528173257e-05,4.1038827840230234e-05,0.004593815477039862,0.1480301952483506,0.5308512570031889,0.1332454535074773,LCO,4,5
-16420.145995087667,3.129928948911454,5.7428664274769154,36.35260495444943,-0.367567592442521,-1.132432407557479,-0.4401604026478608,0.7685943214667047,1.4345694713557747e-05,6.0867929502119627e-05,2.651429475976265e-05,7.833735976119796e-05,1.9690574440495757e-05,0.040647699730787974,7.688771187876628e-06,4.366426501841976e-05,0.004013307420961244,0.011124499495907453,0.2950153241095196,0.1836997737467122,LFP,4,2
-527433.4027912315,2.2666861170430708,0.020605360893480515,14731.061263522415,-0.5649908023390164,-0.9350091976609836,-0.5302312829482786,0.29999625053658285,2.628795845408899e-05,8.535578643741648e-05,2.6209110819606102e-05,5.294702672448847e-05,2.1224161535766234e-05,0.09023027208517148,2.6574446551624347e-06,4.970251814346053e-05,0.023399652773450425,0.026986058832561506,0.2071723969529791,0.16561026126618084,LCO,4,11
-46668.37992761309,2.216923590668255,0.1495159585190762,1239.4283269808557,-0.22703445109584663,-1.2729655489041534,-0.5525690441432841,1.7870727538358118,2.8467825852831264e-05,5.7736515181217135e-05,1.3334345636400312e-05,4.9833511866970165e-05,2.9169505521806464e-05,0.0656546546864865,1.2858866571807921e-05,4.092236313893097e-05,0.00830712432024219,0.031954629722747825,0.2108338020265112,0.13464252410745695,LCO,4,11
-171438.88832775218,2.1465679701346962,0.01249834575333551,10063.508464042941,-0.23844062066088156,-1.2615593793391184,-0.33650269345718586,0.26047208443999836,2.450441509288794e-05,4.7564686247069886e-05,1.1591129603775172e-05,7.117786146708055e-05,2.5085141870851345e-05,0.05733112120310676,1.236722700267372e-05,2.8332657756606864e-05,0.01743120678045032,0.0564151261889326,0.4924082009488968,0.04467397940498477,LFP,4,24
-351725.2412089614,2.8000557479120314,0.14579771207067943,7206.985981146398,-0.45958651506412096,-1.040413484935879,-0.34627296469649027,0.8180515623485561,2.8419442250521374e-05,0.00017729457254883737,1.3307144494316726e-05,5.393985520368289e-05,2.952866678839089e-05,0.08615216074338623,1.8555572954832695e-05,3.274230945178786e-05,0.01884512490082033,0.22095896870689646,0.20968321328404813,0.15308485331256516,LFP,4,9
-85009.7981670987,2.09692143925494,0.014417410027229243,6717.266828078171,-0.12410357902393798,-1.375896420976062,-0.12200757120938754,0.2950106903179338,1.2925388125743998e-05,4.873679432112487e-05,3.4773548666475264e-05,5.697827538434156e-05,1.538523357928446e-05,0.09465914398542737,5.937546073444319e-07,2.7219130786507148e-05,0.011451165858649913,0.1948175984214402,0.5479153985258904,0.06525943184328188,LFP,4,22
-65870.16259009372,2.333267106017386,0.05946912017673905,1999.1931965292758,-0.09156798770768759,-1.4084320122923124,-0.18804318320083724,1.786955604270278,2.746241256534275e-05,9.873336510756855e-05,1.3334664393922656e-05,4.1702794360894915e-05,2.9566161867391938e-05,0.07569103154369668,1.2992938340538324e-05,4.113351026572857e-05,0.00707330707799233,0.03208227799494794,0.5801215679576367,0.12975297084657825,LCO,4,23
-68965.98686898616,2.166353174744941,0.020973129301034312,2235.7984093139353,-0.15455254728499312,-1.3454474527150069,-0.17808537080612863,1.7884022730059668,2.7552778842861843e-05,6.180773813586891e-05,1.4338829029474395e-05,4.794201446451521e-05,2.6778891773253326e-05,0.08830373237040892,1.3049176600637707e-05,3.0939735935220014e-05,0.0070636976750810395,0.015522343042769522,0.5811531306043035,0.15523915554679835,LFP,4,23
-196112.87089773244,4.413046835169816,12.296432166648763,1250.9424579982858,-1.0310338942872868,-0.46896610571271324,-0.3917493102057956,0.8172250696307041,2.9442571849550562e-05,0.0001851736088115716,1.3298409845671285e-05,0.0001409175153747635,2.9686891790683597e-05,0.09577712717049869,1.074642614165841e-06,3.656193548293954e-05,0.02173261650411622,0.031124466734202272,0.20289583960961816,0.304230383450384,LFP,4,1
-209293.46128846044,2.5425874343238166,5.309120497515335,2541.704730711709,-0.21786016047289536,-1.2821398395271046,-0.3059612106453168,0.9738187652126865,2.8091516313934667e-05,4.11293836189628e-05,1.2144250080706346e-05,0.00013890833996455296,1.3264666874821251e-05,0.04088006909456364,3.483498945741229e-06,4.116125191531125e-05,0.02197881735087317,0.02117932078822629,0.5873510938984049,0.015508374668052063,LCO,4,5
-27769.735832177706,2.2898801745021595,0.3080425919639962,150.62723494027406,-0.13002550817537006,-1.36997449182463,-0.27073736203771825,0.7881344132630852,1.5922320978234397e-05,6.16713520940229e-05,1.224060141879817e-05,4.78492307126437e-05,2.2604875871202513e-05,0.06102697406225391,1.4499977587534823e-05,3.04028735562975e-05,0.004103453185685256,0.01550902927935484,0.5882070702286051,0.05554653845432185,LFP,4,6
-497591.9738052281,2.150226438442931,0.020729561763702685,14909.180579801729,-0.33808906048107623,-1.1619109395189238,-0.5143626116095413,0.3001976138601487,1.705061641306757e-05,4.319925483137202e-05,3.53526763784889e-05,5.304743866296121e-05,2.657305562284747e-05,0.0921016054362127,2.654831665552026e-06,4.291240846330216e-05,0.022489219248424695,0.026401593691206378,0.25355061661455186,0.1356851780847005,LCO,4,12
-35952.553584798494,2.1312952314002804,0.0286745657985783,1600.1167623483195,-0.25916638590988406,-1.240833614090116,-0.6432509303593049,0.6158392559215111,2.754378495503499e-05,5.022558217739204e-05,1.293578081591271e-05,4.6564104900221305e-05,2.6920682550977228e-05,0.09959835157027949,1.8005577343588486e-05,4.382038629737253e-05,0.004943143127059882,0.01617981269657682,0.21337217920279636,0.057197077741321975,LFP,4,26
-132447.7659887239,2.101276452999208,0.012705122120794731,13475.782063482888,-0.3214868455064508,-1.1785131544935492,-0.5606516942585071,0.36336802004367297,1.910817896690489e-05,4.99256940851567e-05,3.1699967323041874e-05,8.127256156090565e-05,1.8663912685198767e-05,0.09962074439720055,1.306452438444605e-05,4.932581258378434e-05,0.01303538535524077,0.025829140907265093,0.19081397528577337,0.15270518954845447,LCO,4,28
-30213.380027086492,2.241541185861666,0.003152083372913757,6373.851981325214,-0.27689333084484247,-1.2231066691551575,-0.4537395509459682,0.2728081542414632,2.0546475443622934e-05,8.684943702734547e-05,1.6652137779961437e-05,6.30532056210915e-05,1.5164993640328352e-05,0.042749569630343806,8.110638181137403e-06,4.437266643519091e-05,0.00807462890449319,0.03469983830101315,0.252306978921482,0.18925363183153668,LCO,4,83
-136330.8250754983,2.4139131114022714,0.017785699654401407,6895.442083135211,-0.34035075758773203,-1.159649242412268,-0.23995194242725282,0.28736215906077583,1.8356659688071278e-05,0.00016929303853878888,1.5343838466364527e-05,8.102167729910372e-05,2.570971388063143e-05,0.09081918942422176,4.512189139201746e-07,4.2206487305126734e-05,0.011479543015061277,0.0706411446709273,0.5326376727746217,0.08676924012719818,LFP,4,22
-246957.07401155337,2.2956061332229925,0.06699117453109668,7857.493245387192,-0.38485510705135084,-1.1151448929486492,-0.21922094262902436,0.5683916541536332,1.3717750429024474e-05,4.046527132485886e-05,1.4237499252175342e-05,5.30650586365357e-05,2.7902230963085244e-05,0.0921456364054945,1.6529816262043536e-05,4.068940428128804e-05,0.02262028838258047,0.31293416097211463,0.2592672051792878,0.13857769121957317,LCO,4,7
-65263.877355926765,2.6490405304085956,1.074223688414679,659.9973573238979,-0.6536965223312734,-0.8463034776687266,-0.42420913726729503,0.20835128408689696,1.3448318538814008e-05,9.922176784794255e-05,3.4808912945073614e-05,4.100105732559652e-05,1.533896014838747e-05,0.09740976561498893,1.7636386320934117e-05,2.6844699697589296e-05,0.010956404338720076,0.19556213734309685,0.2389804485493261,0.0712482768402821,LFP,4,2
-56780.33446568083,2.2668465444393373,0.21266596418935507,752.5799790385544,-0.16105194451023053,-1.3389480554897695,-0.14533518419346203,0.24780526767500077,2.5722958444982754e-05,6.124233485702225e-05,1.4177560223453851e-05,4.777875554168042e-05,2.6853955963142226e-05,0.09109085819714513,2.4969719409196705e-06,2.220380159463911e-05,0.008667362561928413,0.0317218575656319,0.5829081950888523,0.1700347631520538,LCO,4,5
-8702.726059459186,2.1112143638758303,0.025928704502784377,470.63760264692183,-0.3912435342617133,-1.1087564657382867,-0.14929168372543333,0.4359948057914157,2.767933269925772e-05,4.753703666150458e-05,1.2142263614110804e-05,0.00013617600235115592,1.6929323531563587e-05,0.0406559332063897,1.2506613693516171e-05,4.2023852416666916e-05,0.004561530542121217,0.06543632151876652,0.5823783252940781,0.13289366946172212,LCO,4,23
-79097.79955977622,2.4902004671430222,0.09942434006910225,2951.777438154623,-0.5782867108783734,-0.9217132891216266,-0.26266474367960135,1.0347838567612744,2.817631083769549e-05,0.00012896638145134048,1.1752382657414183e-05,8.062413931618843e-05,2.2104254067339904e-05,0.09023879944791174,1.2851042698548167e-06,2.7710352874548813e-05,0.00899518054994139,0.02209864882352966,0.5986915006101952,0.046545106886673855,LFP,4,16
-641883.6690457242,2.1691703793123995,0.035638130021917,18601.41210546931,-0.2628027801889665,-1.2371972198110335,-0.48721014650073613,0.28637253941976704,1.8322948922827456e-05,4.303991123326904e-05,2.2707868623827737e-05,4.2537802030300717e-05,1.9661955384249232e-05,0.08768539663679771,7.754835889183383e-06,4.36689657025048e-05,0.022617956660018063,0.03358195299092079,0.2956554005888926,0.11355249991945046,LFP,4,16
-70970.23435144404,3.8237576837827874,16.412365692977623,640.4040886356705,-0.9362661220991093,-0.5637338779008907,-0.8402381662394312,1.6091230428299372,1.5559807686628436e-05,4.3061788486777484e-05,1.340806870761583e-05,7.928557198911072e-05,1.628310563163658e-05,0.09397924064762829,1.8348068434721666e-05,4.1046996382512155e-05,0.010462618370772944,0.03367350644524729,0.022901983929683494,0.03318634338563811,LCO,4,2
-15372.090639737511,2.11560332882794,0.011856955484361503,927.6143545539247,-0.3835383367944125,-1.1164616632055875,-0.18150379595131116,0.3583760787849215,2.919556763951837e-05,5.204077391066675e-05,1.4863811834900757e-05,9.943113711011248e-05,1.3822172002021623e-05,0.06522136069749743,1.296691120951785e-05,4.5964426361920144e-05,0.004448860477280217,0.022898944180094534,0.5962964035247869,0.12930085634380747,LCO,4,30
-23690.333601132512,2.601394827391159,2.594395375642375,46.635056008026744,-0.7342962418139702,-0.7657037581860298,-0.45820927361516844,0.4944695638206684,1.4341962622607148e-05,9.482987494288817e-05,1.1891176183622338e-05,5.724379182908981e-05,2.2622563825841692e-05,0.04644271979045398,2.860750093869606e-06,3.0575968969166735e-05,0.004265688725230193,0.18292924250491055,0.26419788238917,0.02466360149075101,LFP,4,2
-57847.06741164088,3.6291445352250085,3.7295822022019776,98.04109454485908,-0.9255608748560888,-0.5744391251439112,-0.29702269431332473,0.48231195694204243,1.3650561834073229e-05,9.480039746590013e-05,1.190251784950852e-05,4.18637915441974e-05,2.2656309765815904e-05,0.07615628205504713,1.7478955574631648e-05,4.6165248186760513e-05,0.007079506154457587,0.029002615132574985,0.47383058702956216,0.1301441035245382,LFP,4,1
-70462.09611164486,2.1295554016210008,0.021581791985219853,3231.350049455966,-0.011179700979733198,-1.4888202990202668,-0.3900072300320875,1.7923611447802283,2.742588604099257e-05,5.1679154905841366e-05,1.2753872596888287e-05,4.656414289143254e-05,2.922910934048541e-05,0.09187937109602377,1.8219688097736738e-05,4.111584214287157e-05,0.008133112004822717,0.032173030705110364,0.4517307762737546,0.05608896298904759,LFP,4,23
-650252.3512620272,2.8521015504167617,0.15657527200044769,31809.928167217357,-0.5405657580907324,-0.9594342419092676,-0.7135197878339159,1.4741525058667764,2.2194029209874233e-05,0.00021599454941076548,1.5566163118067952e-05,5.124871289641295e-05,2.9883299642834543e-05,0.09934799919180477,1.8583662018763927e-05,4.576150391151683e-05,0.024618424598013184,0.0734289396335108,0.10778463802070613,0.03526663451186725,LCO,4,17
-210554.30984998558,2.156833137485815,0.004888889099493527,44259.629073869415,-0.32834174303027375,-1.1716582569697263,-0.2384674821426397,0.455214916027852,1.6712077868489135e-05,6.81342158992572e-05,1.092954553546564e-05,6.461815714500972e-05,2.860369541462688e-05,0.05331190496668198,1.124250552507416e-05,4.405640458377184e-05,0.01865879644639056,0.1906066707500268,0.38713341186211503,0.11379243524521848,LCO,4,97
-36928.38484622275,2.2739863950630177,0.021353412453649148,904.3138182143867,-0.41195219636326996,-1.08804780363673,-0.3062295186777767,0.3631644347182046,1.893165119160325e-05,6.96176710713896e-05,1.3340379842055795e-05,4.295105913375414e-05,2.6774424193489042e-05,0.09754217806366619,1.2995121185701446e-05,3.662007731921382e-05,0.004078204533024034,0.0131244496259025,0.462861675750768,0.1477843559455529,LCO,4,23
-184824.811454678,2.3119067332212833,0.002877480455739152,45809.57001798222,-0.331129183157449,-1.168870816842551,-0.4671965802616932,0.26439938823744275,1.4935077398601581e-05,0.00017875618278954519,4.208520692096791e-05,0.00011016174711788585,1.620189961096613e-05,0.06344936511740266,1.6869624780435324e-06,3.445430478373962e-05,0.01692282367753621,0.02584187130128262,0.38172298187247466,0.05523856656454956,LCO,4,84
-187388.2083902988,2.3842576148971713,0.028428924879589656,9897.24737653219,-0.3897278809177074,-1.1102721190822926,-0.4677159201653591,0.21125035136747675,1.4212443478501339e-05,0.00021458435197500042,2.344712566999308e-05,0.00014362765393566708,2.05316075487137e-05,0.09937724262544041,8.466991097626172e-06,4.929202891798828e-05,0.01583563060499302,0.17335440872598556,0.10301591905832483,0.18591375205033053,LCO,4,13
-245199.70737491283,2.192026776340044,0.0035036865741721293,79960.2377308978,-0.3069314980326361,-1.193068501967364,-0.2800179923456133,0.35385056190342656,2.8924486341711914e-05,7.237899502567118e-05,1.4097875432518368e-05,0.00012028755899842053,2.3194634492975414e-05,0.06690691851651942,1.3722070047574918e-05,2.3094621263162493e-05,0.022318070726124007,0.014235140082538733,0.3742790664223937,0.26146780114945434,LCO,4,95
-23493.552334526834,2.5304626361605616,0.003968761613036929,4529.140477116893,-0.335396351097895,-1.164603648902105,-0.46838199121827545,0.41236962306203573,1.339744911566057e-05,0.0002172268079122588,2.4463653126142016e-05,0.00011704963824357316,2.383803189708122e-05,0.09572639877079929,1.5785240037839437e-05,1.1866073003593362e-05,0.004062540531013506,0.013368985010910925,0.4225814915465578,0.025667532224255885,LCO,4,96
-19538.893931343548,2.3792133766908115,-0.0025784613454626604,2628.9613024760524,-0.06152412737091062,-1.4384758726290894,-0.8188251893956695,0.21099920655878257,1.3341478870025496e-05,0.00020071239161834916,2.445826049637487e-05,4.840962001805285e-05,2.7410058537186793e-05,0.041061759150962704,1.4752602032242669e-05,2.1202303422832883e-06,0.004507399852796665,0.01341245105628095,0.08678955881024812,0.010972800737801502,LCO,4,96
-291326.33793571155,2.063470143021334,0.0025069165238779303,134071.89544210615,-0.292724042822897,-1.207275957177103,-0.18023443746703882,0.2138926469232541,1.8325605249422973e-05,6.156748852446173e-05,3.186911440727648e-05,0.0001462067460664016,1.274424638042113e-05,0.08755418634115904,2.1385167971722833e-06,4.432327354890213e-05,0.02486815621720326,0.2463278582998995,0.38905543718832414,0.1143822670447375,LCO,4,94
-125609.19416404687,2.0636348026176843,0.002411378873638855,62764.770706302086,-0.26561870704970225,-1.2343812929502977,-0.37216821172457604,0.2256249019925432,2.6049061585780743e-05,4.728899216438522e-05,2.9789593898393655e-05,0.00012782809651081873,1.3356067239116583e-05,0.06368866438493834,1.2193626752960278e-05,3.3190702399345825e-05,0.019221112271087904,0.2896258258217653,0.1121198351129884,0.15608612734067034,LCO,4,98
-461648.01073166856,2.33129093863249,0.0029647883525375568,80008.89540932994,-0.3178290847138783,-1.1821709152861217,-0.3642613117442023,0.21352346446252374,1.7504567351550008e-05,9.793297234265969e-05,1.628860212951025e-05,6.240135394046284e-05,1.9310769816529553e-05,0.09250768956935394,5.525633769902507e-06,4.193435793184086e-05,0.019697198533630004,0.034406585233995306,0.1124288038033933,0.4189032992184092,LFP,4,83
-113466.67684641648,2.3577401748505595,0.0033773025944470662,28013.411625561752,-0.31211621165852854,-1.1878837883414715,-0.023822014737448494,0.28867659040086024,1.5159994731522952e-05,0.00024434321609071336,2.5070747171774442e-05,0.00014105620819636312,2.9866839918834802e-05,0.053532952367883836,1.1602506634034507e-06,3.412978321760687e-05,0.015829393877672113,0.13252592492946472,0.5854694398034899,0.188182620529597,LCO,4,83
-39664.962970914254,2.4740493729043775,0.00990555216534483,4769.68395343523,-0.41981125765903116,-1.0801887423409688,-0.07485774021785818,0.24385579168200092,1.5067936899447992e-05,0.00022073300694737895,8.158163384992242e-05,7.135175966925807e-05,1.4008244338221971e-05,0.09978558487518596,1.914405274431165e-05,4.929249476474351e-05,0.00788564179285535,0.21279474519598107,0.45567377268728726,0.18667374189887348,LCO,4,29
-114463.94216640093,2.5466596234463292,0.0023157234705146303,34853.24582132152,-0.38136084095014056,-1.1186391590498594,-0.6856808126747758,0.20671861949517406,2.2830738612817477e-05,0.00021343360112150017,2.36277172583156e-05,0.000131920628553221,2.9192850429466642e-05,0.052427902988752856,1.2970915182428199e-05,1.1487839883057406e-05,0.015173904189292636,0.11527854608572546,0.016094055461690654,0.11294658577780815,LCO,4,91
-128909.43932596946,2.533292702604941,0.0025369466363438314,37319.261976655056,-0.314732660684351,-1.185267339315649,-0.08636170896749673,0.2251437245634573,1.3124965521767296e-05,0.00021730802317372356,1.8049675214419183e-05,0.000148574476235098,1.3860347900599008e-05,0.09584439958186178,5.9174115002543065e-06,5.923548641206915e-06,0.01296549039356137,0.20634607778301195,0.42335040425368153,0.21394180899580983,LCO,4,87
-69093.06098694142,2.3739067352227106,0.004445337835604406,23793.123605960576,-0.15992995305929902,-1.340070046940701,-0.30522611946139866,0.2898790699383043,2.1921889364934432e-05,0.00015822347060221925,2.1732234595625052e-05,0.0001495888231695439,1.86114475808275e-05,0.044778540321677274,5.302607975710254e-06,2.3577467356539638e-06,0.014444462397107071,0.2076040401675871,0.3158465927754429,0.10132324759557149,LCO,4,91
-57273.41469395781,2.4186323437723845,0.00041360190678420164,43858.905629676956,-0.2168041824277882,-1.2831958175722118,-0.30371210466324816,0.24316177513292914,1.4677441905444985e-05,7.934350515571129e-05,1.9477964531188287e-05,0.00014622205376661968,2.9121536264117532e-05,0.09466654583131447,1.4584666087513421e-05,1.7190711002711462e-06,0.01321178247265598,0.042550764105178746,0.471070315856095,0.11266681537547821,LFP,4,99
-96357.183769536,2.562895262776355,0.05041823692009156,4774.394232245559,-0.3862365730148518,-1.1137634269851482,-0.19142967861246174,0.6238227198028885,2.8447259507489086e-05,0.00016929853166109082,4.497095313674982e-05,6.659123106000369e-05,2.985536009558415e-05,0.08350163729566484,1.6159385610806645e-05,4.829720037599423e-05,0.01063334057818368,0.08515693648667208,0.5374131044322267,0.11600028046863957,LCO,4,20
-28863.85452275593,2.587655461718206,0.11905461977942763,2196.313333271698,-0.5043786246905313,-0.9956213753094687,-0.5569744671520338,1.5778974347813561,2.1766636119735067e-05,0.00011503207151570748,1.6470784770754562e-05,7.368610234935715e-05,1.9809595281802648e-05,0.09221345666770611,1.8648070151747446e-05,1.1512736488495235e-05,0.006220401472186313,0.22138742268006542,0.09049504328084215,0.06114306688705872,LCO,4,21
-106527.3424381478,2.153792033167791,0.003237700431759085,28807.73248137767,-0.30621096531105607,-1.193789034688944,-0.17379166118674239,0.3263097375182473,2.483292598799564e-05,0.00013839091943904073,2.172434583872585e-05,0.00014093420139633776,1.7695785458151176e-05,0.04358718283208701,5.12711983063329e-06,4.935595856587838e-05,0.016500374139235725,0.15872926395722248,0.41110508606637924,0.1863739887896559,LCO,4,93
-36986.32708092108,2.6646703309151984,2.235681296578946,176.27469227309473,-0.33238905418955333,-1.1676109458104467,-0.2565852858307568,0.44380286987055695,2.9728444963470882e-05,5.024551826418094e-05,1.7268843917498923e-05,5.269404663730037e-05,2.74618835284305e-05,0.07085251481833592,1.9681105184447202e-05,4.919549411017484e-05,0.007450518892327295,0.05014703667682599,0.1644346407088182,0.4588330367835991,LFP,4,2
-64970.28770078701,2.2484152652513254,0.02789259052079556,3789.5124358680077,-0.3706346263575604,-1.1293653736424396,-0.17795593937566345,0.21125052232537486,1.4326064663374503e-05,0.00017972364498630426,2.384122129612679e-05,0.00014364612607695938,2.0504028454408648e-05,0.04184091899461343,1.1561404221315813e-05,4.930115160013689e-05,0.015836033636879073,0.4414600855126666,0.05769979676020258,0.2528841783514675,LCO,4,13
-64271.79929121772,2.3257591409476737,0.008258323930413631,8088.231469655467,-0.35482520896376535,-1.1451747910362347,-0.27869743988718165,0.20248162145193851,1.8358750846409603e-05,8.977002047727983e-05,3.964578077457744e-05,0.0001201615395310047,2.3256074925505374e-05,0.04510655198225125,4.537774841001746e-07,1.4813284249537935e-05,0.013622138089650999,0.11105841141938447,0.4271982292149452,0.11304591947848877,LCO,4,36
-252921.52159737732,2.220211160803578,0.4876658790522756,12165.170824214136,-0.24485576042025414,-1.2551442395797459,-0.13714430961874324,0.21410998286672872,1.8325549730766383e-05,0.00010138650102009303,3.174445540541639e-05,0.00014626581407117847,1.6047829635484394e-05,0.0933526395750921,3.949720241910185e-07,4.7344103686916095e-05,0.024916094190889936,0.3089809536464496,0.3714016864812973,0.11247305025350997,LCO,4,8
-144657.91972230497,2.224701887810643,0.0025114021161273697,47309.309448279026,-0.31151003639725516,-1.1884899636027448,-0.2848890323481039,0.20341753231068194,2.04368937340047e-05,6.379504188275643e-05,3.4844244062417615e-05,0.00011687585679655753,2.332028819791009e-05,0.09578796810937375,1.9090376769249763e-05,1.636377980559142e-05,0.013780494612255674,0.1123377558664023,0.4298361840109111,0.10293702777458272,LCO,4,99
-387231.756014553,2.378332753394881,0.024451481939952523,19230.12232076548,-0.3602045515890975,-1.1397954484109025,-0.46807285121309816,0.2112030992361304,1.311675479450619e-05,0.00021432531248702103,1.5552797281874123e-05,0.00014358117664484143,2.345164967325335e-05,0.08724070055093838,9.338976063172782e-06,4.70603965951194e-05,0.023595726366690335,0.1731598509031942,0.10188965017002305,0.18687764771368467,LCO,4,13
-28502.3751022965,2.3983013309446752,0.004057966310315645,6531.148970307536,-0.3259362157347194,-1.1740637842652806,-0.2601289419133348,0.3110686179521045,1.5061322776947145e-05,0.00024101631115003546,4.222346143570497e-05,8.01986789710709e-05,1.3764493398139632e-05,0.05162131693559777,1.9274335548965748e-05,3.827196956764977e-05,0.007562968941721841,0.15119557982931098,0.4557373052218589,0.06293817303549536,LCO,4,78
-26046.74904695424,2.4188318629066297,0.0020285541645328952,7632.718549133437,-0.20971659804763476,-1.2902834019523652,-0.5166291075027369,0.24084589058195208,1.430222303454821e-05,8.179785349028232e-05,2.358232508240545e-05,5.298710526070297e-05,2.8111726842263852e-05,0.06374323622756659,3.016852518061661e-06,6.974644744924637e-07,0.006794147052028373,0.012587771377202385,0.38790125615759014,0.012881864962470607,LFP,4,94
-161061.30011621054,2.7686825062416975,0.051744866231476845,6098.325721056321,-0.42669008898220184,-1.0733099110177982,-0.21808156457429673,0.41584022309483637,1.2823502079915792e-05,7.276598692771358e-05,1.779456799878078e-05,0.00012174759893725451,2.062527180617456e-05,0.09711516152612965,8.696849984724687e-06,1.3998634271844831e-05,0.01624901333308801,0.15722424128653803,0.4214983274491412,0.1331958666900242,LCO,4,9
-90979.67746268977,2.1071747707864925,0.002519210961844041,43041.40150114886,-0.3143327161661169,-1.185667283833883,-0.3663217771439624,0.2242189642975811,1.4737012292846413e-05,4.6305185220644145e-05,4.22216883272399e-05,0.00010220834388473931,1.7497463926649008e-05,0.0634490637260518,1.704339058587146e-05,3.3184810789727626e-05,0.01582588635521899,0.023942599977452017,0.3833074745465953,0.15642814833199034,LCO,4,98
-280944.89006919705,2.052359486351703,0.0034172759674393023,95641.1872651949,-0.3113318235450553,-1.1886681764549447,-0.3717780275832,0.22563844126426094,1.262717403108489e-05,4.3348766197811475e-05,3.613201848479513e-05,0.0001178769037781731,2.8545850485833477e-05,0.09778620213700248,1.343265940224451e-05,4.6734693071478304e-05,0.02380333217503095,0.2927010837883318,0.10972623491327535,0.1557946537151928,LCO,4,63
-69226.16767714544,2.5168979388923716,0.0622311956292684,2277.721961473765,-0.5757360148251571,-0.9242639851748429,-0.7069810758658301,0.2063099772083431,2.6153849697828484e-05,9.274362694867442e-05,4.587792021988027e-05,0.00011530589535703215,2.9882936263164073e-05,0.04592837257643068,1.3046048413968472e-05,1.0873446437636109e-05,0.015312062524588338,0.09928851483062105,0.010720369725556868,0.11301003957799201,LCO,4,7
-55349.42751555449,2.4608875062011766,0.17267914865304684,1726.4012497695971,-0.11919037884730344,-1.3808096211526966,-0.5397292505028076,0.20951354449322138,1.3375758631206574e-05,8.583866695228507e-05,2.3348191075996863e-05,5.298312586342417e-05,2.9140462645161068e-05,0.06414143715306003,2.919320035017476e-06,6.618524303340404e-06,0.015513310664258935,0.012582250146234562,0.3641585296972503,0.013529969653707563,LCO,4,4
-39839.32037655114,2.077540828451082,0.0026830775829827834,16084.933867150916,-0.27073511870867506,-1.229264881291325,-0.23878103433355036,0.2262868364404391,1.2334498121577486e-05,4.639804502118316e-05,4.512590891402235e-05,0.00011790550460701648,2.632884900944216e-05,0.04874408673076948,1.1909846532442181e-05,3.300851338842183e-05,0.012161721764687647,0.023369182736532212,0.5122308054589195,0.15561897747099798,LCO,4,85
-132469.95839732347,2.5281806529311606,0.00410202542292869,39507.83661290986,-0.3784640221944837,-1.1215359778055163,-0.09313692456385303,0.34931625885933815,1.3116909501554603e-05,0.0002478066131644645,5.37448045565639e-05,0.0001479255205580552,1.3862256643280648e-05,0.09625324620347649,1.4538439683600647e-05,1.0021332310129708e-05,0.012979275901763147,0.1501401976709455,0.47011910961517395,0.21660376815002763,LCO,4,91
-182182.8174900371,2.155463591859069,0.033352732325624836,10720.301858068735,-0.3930119741465834,-1.1069880258534166,-0.5271417613416335,0.21110586615530472,1.4277961283118402e-05,9.073061364603013e-05,2.3758271120593537e-05,0.00014395911581288606,2.3690978829610534e-05,0.07361200294227445,1.2471608807506456e-05,3.317937483857587e-05,0.01931126856261512,0.21427949395474866,0.03473406644565369,0.1538446782579642,LCO,4,13
-66862.7131474176,2.3132889016882507,0.07900152641769354,2595.5871505001446,-0.5032017565866767,-0.9967982434133233,-0.20828367618841548,0.5033334977635384,1.6222767971242458e-05,5.87062743879535e-05,3.986261164392891e-05,0.00012243964236956912,2.0574727426122366e-05,0.05614492791841741,4.238891659706151e-06,1.3685672735875204e-05,0.014866008853981327,0.16085867700259107,0.4263098974143107,0.1345477493946828,LCO,4,8
-111097.39089238069,2.0960528637499762,0.003102212018115838,36368.424526078445,-0.294822187175086,-1.205177812824914,-0.12608406275886852,0.26639620511615103,1.9864516909630427e-05,6.895731389173751e-05,4.213307694573791e-05,9.432624392050577e-05,1.6273559098010837e-05,0.09362140715153058,8.817750111029696e-07,4.756345021148956e-05,0.013535589615332317,0.2850612987173548,0.38185615082602475,0.1369984876977519,LCO,4,84
-226853.24892624738,2.2356184856749044,0.003440246837891134,67820.8590802586,-0.32135048509149655,-1.1786495149085034,-0.3870279102873101,0.26438738886952345,2.2109480970649953e-05,0.00017971340421926054,4.2154501634910026e-05,0.00011708848664313886,1.6201791315517008e-05,0.09210685094146988,1.688136271695805e-06,4.762589731740283e-05,0.01740248048068139,0.14224222644781057,0.38171934142668135,0.01901052183819811,LCO,4,84
-82988.79693028575,2.4347851069796693,0.07621093292686978,2968.407617462733,-0.3928387384119105,-1.1071612615880895,-0.12257443096720622,0.49943606456267586,1.2781394486648634e-05,5.845318980549647e-05,1.7753759131780536e-05,0.00012175672291482164,2.9531793140295803e-05,0.053907219727048525,3.5198463523052687e-06,2.706102406615211e-06,0.016697654290615777,0.14512524812425892,0.529035729670121,0.1332645912384138,LCO,4,8
-611735.937087997,2.137541730247929,0.04500227611419883,16180.22690836304,-0.3019820013196046,-1.1980179986803954,-0.31867683383820655,0.6373752484201071,1.3337640805074752e-05,5.310360681292269e-05,3.80993562738587e-05,5.303347383111746e-05,1.5077223141442517e-05,0.08657277675154962,3.3743493413837917e-06,4.0810000957472366e-05,0.023203189025620945,0.04282715717220459,0.18309437795983563,0.38540163102975333,LCO,4,13
-481358.69695215,2.3689127249859228,0.007773257227422421,58296.5196333558,-0.33302051867844185,-1.1669794813215582,-0.7483002046001999,0.4182394056413312,1.2342896164952522e-05,0.00016928850829611472,1.313872234476332e-05,8.03238033687612e-05,2.7196850752139057e-05,0.07428509980265836,1.7109421033232335e-05,3.776179062904633e-05,0.020566073966909553,0.0371633172439991,0.13029824290327405,0.014238235252527015,LFP,4,58
-624593.6517414353,2.1197393410856544,0.006831820537984857,97460.77334021614,-0.33048595655974466,-1.1695140434402553,-0.27752206226522214,0.5388341461132582,1.3024280788802661e-05,4.3723555168194864e-05,1.0965165160904912e-05,7.292582587912585e-05,2.6565091443010357e-05,0.09901741213861745,1.4500925511574946e-05,4.647569023891644e-05,0.022896008632486312,0.03856848721207516,0.584698158664509,0.02921129185819372,LFP,4,76
-347560.2694764389,2.6424763200008794,0.12877205563534178,7558.609331172236,-0.5747577008604683,-0.9252422991395317,-0.21334157022204603,0.36436732198818994,1.967341080614318e-05,0.00021465286843254491,2.877351362957268e-05,4.7905603398500324e-05,1.9377287107543477e-05,0.08760410371975988,4.920849221250775e-06,3.7799583147949e-05,0.01788251412100049,0.18284277322878623,0.41403499349187384,0.119780663057294,LCO,4,10
-122557.95342937586,2.252558456730169,0.01663285056133449,14672.185297879174,-0.3250495234894011,-1.174950476510599,-0.4186488769712867,0.6342413911716416,2.3403236723894555e-05,0.00018035039848506468,1.917796351241394e-05,0.00012420973676798775,2.9895111951652783e-05,0.04100818333579364,1.9642723692055907e-05,4.426775066222732e-05,0.017273012113408086,0.16470213031001948,0.1412106568189918,0.20543833589970212,LCO,4,42
-183900.40779889975,2.1739406539150252,0.0028065427946074024,37923.65349495509,-0.31732430774645515,-1.1826756922535449,-0.34375296075819795,0.20488177906795857,2.4527099545700622e-05,4.2716892317948923e-05,2.391145049847751e-05,4.239008307726452e-05,2.463251791767777e-05,0.0701634409692941,6.589222778924165e-06,4.105941706981023e-05,0.017435796138010246,0.27300054750630715,0.1775323711656177,0.13571412056987725,LFP,4,76
-173743.74050887785,2.1097254477343483,0.004450198232001762,63360.03925631419,-0.3016321766164545,-1.1983678233835455,-0.6565115472053756,0.44137736660369986,1.3196723399174158e-05,6.0190528700461894e-05,8.220875417202877e-05,7.511173905113793e-05,2.9156568807462438e-05,0.08639713505007562,1.6877752276755786e-05,4.9289025917345495e-05,0.015876994604630452,0.041995365636726234,0.03882649904387943,0.19266658811401877,LCO,4,96
-140539.7105084976,2.5804154353223248,0.1430229544721206,3302.995124973961,-0.395733557631317,-1.104266442368683,-0.30997279171473047,0.25041755604457944,1.604843370688305e-05,0.0001197513651239028,1.5083180614929537e-05,0.00012463386678635664,2.481673141603846e-05,0.04719898866808942,8.062398468109853e-06,9.03508936555462e-06,0.022670532673859052,0.26908749969919943,0.1329129256800017,0.21802678290606842,LFP,4,5
-199977.55683250833,2.1562366073708916,0.005458330235233459,38155.056825206004,-0.29407008709029014,-1.2059299129097099,-0.3834373511203736,0.4183073800340148,2.8383099302248793e-05,4.249069929804454e-05,1.8441551084491187e-05,5.6678628163349667e-05,2.950097233573815e-05,0.07018030475111478,6.69135543960834e-06,4.379463501313822e-05,0.017629360765947483,0.068203847453048,0.2147855825243067,0.2635732189022718,LFP,4,75
-214993.42356152897,2.0494871010995155,0.0038256693657576927,77789.36976289371,-0.2692724718587165,-1.2307275281412835,-0.5728360086976161,0.3552459539054219,2.5165649837136257e-05,4.2560230156728385e-05,1.970215060158955e-05,0.00014711382048629293,2.975400792794178e-05,0.06078037713629723,8.56577372481374e-07,4.3868527798380136e-05,0.022860606785961742,0.09541151495109394,0.12345007608439568,0.13830240026689436,LCO,4,87
-105034.60735027336,2.0862349881959372,0.03077535499116395,16162.65419876706,-0.21987321621415745,-1.2801267837858425,-0.2931115556133569,0.6947400193037716,2.3771979563655623e-05,5.548370288575872e-05,1.289497595612857e-05,0.00010816181934858481,2.4238490441838394e-05,0.05608153225708308,1.7819559242424147e-06,4.738035102735934e-05,0.021166070664078628,0.5387749228405003,0.06995595816267544,0.02815756338346746,LCO,4,25
-16478.36966600687,2.1307902275285073,0.035949789646082746,2325.9502051599993,-0.40481503913562733,-1.0951849608643727,-0.4219959649065782,1.7563257227406246,1.413985148068769e-05,6.764452694660628e-05,2.635984544068832e-05,0.0001037123940195146,2.9695091582952105e-05,0.04109120439533647,1.886425090895821e-05,4.227881258391856e-05,0.00606624182541666,0.034737513742412754,0.35778629154953046,0.11548022980147862,LCO,4,56
-263373.35240744095,2.149789363349101,0.01319855843050231,19608.35416640802,-0.21875731140542065,-1.2812426885945793,-0.2922155729681256,0.20520182256412367,1.7674723777707422e-05,4.098646824155298e-05,3.2605589417003056e-05,4.565272235332206e-05,2.641795420885608e-05,0.09889817107976681,1.816965484972529e-05,3.4429165759191724e-05,0.017766226280704712,0.09961343396596262,0.4392449662616206,0.09892602680429133,LFP,4,26
-136951.31197733432,2.1283269250368755,0.004046724728161926,50534.6679777499,-0.2944645731141122,-1.2055354268858878,-0.4398371043815247,0.41875678359383095,1.2977673095815792e-05,6.020841806981725e-05,8.251266486636671e-05,8.902438746869127e-05,2.7766370098858005e-05,0.0738424494532485,1.6872846035269342e-05,3.544258841811376e-05,0.015739562347039954,0.038245070074836476,0.19464038194259675,0.25727744360104216,LCO,4,97
-233436.22089348309,2.1412847668117454,0.007002716406113217,43342.67804323161,-0.18791409534970072,-1.3120859046502993,-0.4034805834678511,0.6311886587323235,2.750572758569696e-05,4.7228606395696476e-05,1.0353644057016658e-05,7.541063228658252e-05,2.930714974168982e-05,0.040194107534829444,1.9670044870223496e-05,2.3072776883680642e-05,0.022015116257692337,0.20445210713547662,0.13914487983238438,0.18292242956428792,LCO,4,91
-80963.89286472477,2.8250269480691834,4.886326265244507,866.8510955815916,-0.9128879805682324,-0.5871120194317676,-0.2340086597253187,0.9995925555747435,2.7107332865681893e-05,0.00014173718816546413,1.5114611996408516e-05,7.822392102309998e-05,2.969601356816706e-05,0.041001894431335104,2.7641775640621206e-07,2.1243181450917293e-05,0.014543340319803751,0.24164830933084847,0.3796191450446322,0.07472388589920081,LFP,4,4
-382476.8783902136,2.235071510172569,0.040691753537767134,31696.02895658984,-0.2997756320518512,-1.2002243679481488,-0.11052548335295198,2.093211306687113,1.6425950544417557e-05,5.0793526426530825e-05,1.3228964283199025e-05,6.273158687048757e-05,2.8357259303381697e-05,0.0669451979139465,6.45264579385432e-06,1.7013642667112962e-05,0.024318332003652028,0.15699238676355648,0.5753694429570477,0.08711268692644386,LCO,4,35
-9537.058605424518,2.0985991580342267,0.0031829857930196024,2213.5797255727753,-0.35443333356358764,-1.1455666664364124,-0.3117302604252733,0.32783029846089073,2.7717386136914455e-05,4.914422156630221e-05,1.3308571987490802e-05,8.958720316387328e-05,2.8241311728162753e-05,0.04182022233230104,5.6619754631200455e-06,2.9814067002950744e-05,0.00485438088954249,0.07685845399012742,0.3824218843788643,0.158989401205735,LCO,4,93
-204240.3714103075,2.1204190178421163,0.0037073581991518365,86764.59577754635,-0.30642528366075794,-1.193574716339242,-0.20524566950803902,0.31836093204437704,1.3493723873114683e-05,5.854506329513356e-05,4.190707655088841e-05,0.00014629667413196647,1.4244634731223374e-05,0.06368272465470806,1.1774820407770239e-05,2.2672397355190603e-05,0.02365757981952876,0.09075022377741565,0.5859592458552034,0.04804486085934198,LFP,4,91
-350581.309846799,2.4712266121999282,0.006661285741862149,30549.553052430438,-0.38872746062033947,-1.1112725393796605,-0.07800737710994565,0.2004917579990052,1.6597378909647247e-05,0.00012186866086671817,1.5945392579659208e-05,4.654147201175994e-05,2.309517302968183e-05,0.06699788260149357,5.6871831640653425e-06,5.466393692677252e-06,0.022620882535124162,0.32222434551512474,0.44400822565390907,0.08576005172102048,LCO,4,36
-181857.25718669692,2.3478762413736494,1.110861470670129,2856.55304227799,-0.27109274139885464,-1.2289072586011454,-0.31407423376881327,0.20473497072317687,1.4412743007383352e-05,4.274811378501601e-05,1.983106377816571e-05,4.112311576857899e-05,2.6493816046466182e-05,0.09919590907393756,6.524315006874777e-06,3.1311166858797435e-05,0.017279302498732472,0.0920733039067751,0.4424950229209287,0.0813574394034831,LFP,4,4
-319490.07279903896,2.2141800634629423,0.0023316278290314695,114790.68016892504,-0.30777033408957344,-1.1922296659104266,-0.33113916782777986,0.22744370442802458,2.29705196763291e-05,0.00013210701966970178,1.5143048031338568e-05,0.00012521026783077742,2.674445346218249e-05,0.0711238469394664,1.6839169778056854e-05,3.1498784290992924e-05,0.0244632992020621,0.2717742974472444,0.10571279488460285,0.221373739840373,LFP,4,100
-212894.7437624447,2.5251152103324515,0.025471786774091062,13636.486963731042,-0.3699319334320279,-1.130068066567972,-0.5923047452849011,0.52488070292787,2.2870164731558516e-05,0.0002347864109104405,1.8479544053833225e-05,7.511748184663501e-05,2.9482318317166046e-05,0.04366007514635722,8.213420375996854e-06,1.0798772960046821e-05,0.02121447473706278,0.04090631334782183,0.05904561665241698,0.23774332471486015,LCO,4,23
-441938.92395365704,2.212338111431595,0.03265026884186803,32135.335508124863,-0.3461499636034997,-1.1538500363965003,-0.16403706713252741,0.6378248085489011,1.3399847207235715e-05,5.27051507928088e-05,9.76797832512548e-05,5.2980056714380206e-05,1.5219049968668573e-05,0.08631874598465024,1.6896369067522293e-05,4.070109989227172e-05,0.02344397113168094,0.04321748943955367,0.248062083285382,0.474683360142537,LCO,4,26
-350912.2537301793,2.1717644509028293,0.0025304399580418336,80423.12163513154,-0.32570888074448057,-1.1742911192555194,-0.13146408607850357,0.20161744069135562,2.2038401105481763e-05,5.2018826272857077e-05,1.0514112671494831e-05,5.186692735765634e-05,2.9979784177225615e-05,0.08554102414987655,1.7604985196243748e-05,2.260063407340528e-05,0.022238395546820833,0.3931179329103298,0.15055101229476062,0.2548669687164061,LCO,4,85
-479719.7294039254,2.4338324210472297,0.01186889341364412,42973.70302573753,-0.32606440572559414,-1.1739355942744059,-0.5206670624386747,0.49883549006945194,2.8577890817583735e-05,5.65244133261603e-05,1.605389461795528e-05,4.3833836090742727e-05,2.982905798200744e-05,0.09218611544545358,1.7299702221290853e-05,9.499660593949076e-06,0.022709973843497176,0.0821478862337602,0.12182983733949654,0.2053552139880687,LCO,4,37
-439027.10402289795,2.108249923868122,0.007366883655753082,95553.86613764252,-0.25890316957265114,-1.2410968304273489,-0.4468652721859059,0.5446444414085936,1.971189135209927e-05,5.964934906187655e-05,1.6133771358364067e-05,0.00010095956230089884,2.699139468776242e-05,0.08856276429615928,1.428571170012942e-05,3.2159540660464303e-05,0.022870689992952088,0.07453285754772343,0.39573652339025656,0.012865346876114153,LFP,4,77
-29120.06479381534,2.0985991580342267,0.003018263572691221,6688.900297447151,-0.25409648699663556,-1.2459035130033644,-0.24664082212656835,0.28525109744161975,2.7704517239030165e-05,4.039768349792401e-05,1.3227230940987824e-05,8.985971107412364e-05,2.82256818795146e-05,0.041112260642502854,5.1785324105630915e-06,2.980778857781078e-05,0.008678655226510588,0.0681774197631403,0.4595839341976056,0.15559782391268573,LFP,4,93
-33079.707926605915,2.7909743533650704,0.13816264087281047,238.47133508698957,-0.5416580394724235,-0.9583419605275765,-0.4534293195709901,0.4560781183275451,1.8069794349877555e-05,0.0002037559661691982,1.2138372030122881e-05,7.277119965682337e-05,2.5895574061106335e-05,0.0530602904279866,4.8697215092901115e-06,2.165362580819072e-05,0.0055925405274630455,0.14750307808102875,0.2791596753050915,0.049907927042889697,LFP,4,5
-570765.3704671693,2.1663140167437707,0.011445484137473313,84488.97114952598,-0.3041492516200037,-1.1958507483799963,-0.7529098323904028,0.6212245391845291,2.996134183948455e-05,5.710578327841192e-05,1.0343068878971546e-05,8.051526806447139e-05,1.7678240691337543e-05,0.09974100219951829,1.1772560481379687e-05,1.698973651406052e-05,0.02281810207868061,0.049284583641871035,0.01627511656488695,0.1115304674028393,LCO,4,57
-287189.3500045283,2.1459327797098213,0.05410500664284448,10605.219559295487,-0.34374618691530223,-1.1562538130846978,-0.5361578407092366,0.837779335353489,2.462503877553075e-05,5.719367214885023e-05,1.7476685479685723e-05,5.774598103691347e-05,2.4847142392860772e-05,0.06310076169260231,1.8583680981494411e-06,4.0798023427574826e-05,0.02321486020163307,0.08429026344496852,0.17497634227531617,0.13457555357047876,LFP,4,12
-405806.33232107805,2.300285068331496,0.005030117261434973,98365.38022962073,-0.31262336753296793,-1.187376632467032,-0.40975598876423136,0.4556982586170146,1.6499890548582586e-05,8.144495351757946e-05,3.263752383591353e-05,6.430575896435516e-05,2.8654895090683546e-05,0.06372831419356823,7.773575146051412e-06,4.422328160502217e-05,0.02475330529681103,0.014079772369722549,0.3896935037194619,0.11647073514658426,LCO,4,94
-452607.0302996682,2.5692543828718817,0.0022797358669954765,111641.24758945305,-0.38338226190192337,-1.1166177380980766,-0.2872305647307708,0.20216690107343638,1.2864490280914661e-05,0.000155147392394526,1.5807437328468774e-05,4.2125629524483846e-05,2.5073501342599683e-05,0.07154183802963542,7.016187840854933e-06,1.2454003119277605e-05,0.02492481687929574,0.32974268839528953,0.17731002788888459,0.13571671898505508,LFP,4,94
-335921.52884433616,2.095492120931835,0.04310604561860946,11765.010805008966,-0.28634168581582387,-1.2136583141841761,-0.7133234847658811,0.838861567767297,2.4628996173439327e-05,5.1295465607702224e-05,1.1913078422969706e-05,5.782157601228279e-05,2.940433790261369e-05,0.06309613126419897,4.095616527150388e-06,4.081550055371077e-05,0.023219695299587128,0.0230337056402158,0.18310324124503816,0.01053956834886497,LFP,4,13
-561488.4704447294,2.1388503420792273,0.002921679726060304,97327.56274191267,-0.28008088252861896,-1.219919117471381,-0.3009428577385642,0.2504063268769373,1.5502085080129995e-05,5.322124553667123e-05,1.946765257407775e-05,7.019634670862663e-05,1.5197215164224566e-05,0.08683394338728387,4.136127752370426e-06,4.53206962278644e-05,0.022698546113074328,0.04193947545487572,0.19799233957590237,0.38912532723065774,LCO,4,83
-254670.12912350887,2.392669502551652,-0.0010124109860561328,84397.86814654588,-0.05815441522345566,-1.4418455847765443,-0.5408919991208011,0.49429835374409925,1.2764539670240342e-05,0.000202127636546661,1.1823722222937666e-05,4.1480632496541066e-05,2.831192496737409e-05,0.05922972423886425,8.269000098313657e-06,1.673425925067617e-06,0.022404884035003337,0.013836253656217157,0.18583824215127787,0.18943350507170392,LFP,4,96
-89343.60623984896,2.429120983958912,0.15531913119279245,2113.142536481869,-0.4982170019745862,-1.0017829980254138,-0.4330280875149104,0.20895455425915627,1.7339786945389418e-05,0.00012035120529161692,1.41991538345965e-05,0.00014062816649195527,2.4815699131523282e-05,0.07482682168250326,7.925081540874045e-06,3.607557806830238e-05,0.01572124713721438,0.08443896734553952,0.1951199125997171,0.21741303253983302,LFP,4,4
-313219.44989856164,2.1241962718417096,0.004812129180781372,66142.76050456056,-0.3029023180446835,-1.1970976819553165,-0.11732549047825225,0.3601429996441974,2.8596845634483683e-05,6.713062444368021e-05,1.5287959321442127e-05,0.00010207041800770175,2.6959933869457246e-05,0.061994889042227656,1.4413139399424035e-05,3.205518379855289e-05,0.02499279925291509,0.06804853165942647,0.4810066756882819,0.2636193021740394,LFP,4,74
-88935.14452676699,2.1115242997071237,0.007646696215503176,15180.678528595676,-0.3263603112471909,-1.173639688752809,-0.6316215380209875,0.20902598780852746,1.413557300061249e-05,4.219795312767882e-05,2.769923631873231e-05,0.00014978782293035523,2.4896013791151825e-05,0.07016204566096013,6.926734935091691e-06,3.374266965608724e-05,0.01494966916738948,0.02326904784203924,0.17748590023119395,0.09762351390577938,LFP,4,32
-339883.4019445169,2.199268128781389,0.0038843563420895787,52805.08486065742,-0.29498550338291274,-1.2050144966170873,-0.4097853037485013,0.28335182200409914,1.620682851327728e-05,4.2870066039569065e-05,1.783106619948578e-05,6.31529267686834e-05,2.5059869616302184e-05,0.08739811404704745,6.446743537026893e-06,4.895346240667683e-05,0.0176313648138541,0.05698607975397107,0.4435510373893967,0.01967757910813096,LFP,4,76
