SpecificEnergy,SEIGrouth,TempIncrease,Price,UpperViolation,LowerViolation,VolFracViolation,C,la,lp,lo,ln,lz,Lh,Rp,Rn,Rcell,efp,efo,efn,mat,Ns,Np
-12321.921644391045,2.2838467900075567,0.0105802080260272,8026.223827734368,-0.3418654329476354,-4.458134567052376,-0.3139606067078045,0.2301264305663218,1.4668985641155893e-05,0.0001935731992917,3.258517725532466e-05,0.0001440161283702,2.426099669255441e-05,0.0426056817514209,5.854290526777356e-06,4.938434667962576e-05,0.0052975404417772,0.2460810883547294,0.3469198952172899,0.0230384097201762,LCO,13,72
-12762.414011167662,2.300186896273337,0.0209284409499233,5447.734473512405,-4.363810297005259,-0.4361897029947528,-0.6406925588701335,0.2125689490729286,2.9717397671819652e-05,0.0001724307944928,1.2034698181602144e-05,0.0001442111412163,2.9596372921692525e-05,0.0457076700053493,1.6093166337281256e-05,4.51251934832963e-05,0.0052839899107945,0.065917418246873,0.0742503272887548,0.1491396955942385,LCO,12,47
-11677.070385282812,2.276141999601138,0.0125880337846851,10251.9899567968,-4.213990131227817,-0.5860098687721944,-0.5657778762918294,0.2125396179216873,1.8092438122266045e-05,7.994786230858158e-05,1.1031564313720054e-05,5.9492217074074535e-05,2.9600442370081556e-05,0.0568448984341971,1.6014832740001094e-05,3.825666616478812e-05,0.0052817015678363,0.0168882890804122,0.255464373723084,0.0918694609046743,LCO,12,79
-22938.889792133472,2.5315095733426523,0.0100556642978692,12187.843661117618,-4.228930710984862,-0.5710692890151492,-0.2135406488023548,0.2217135851633555,2.997121478988877e-05,0.0001778699625768,1.5294085063093535e-05,5.093322141558282e-05,2.6218753213108487e-05,0.0933250987241683,1.0988835501443548e-06,3.8094164948137375e-05,0.0047129215514529,0.0597589026457959,0.5429976157569787,0.1137028327948706,LFP,12,79
-9817.407911097243,2.150593155637832,0.0118924393806935,13180.679792948838,-4.408536074542596,-0.3914639254574155,-0.6102138149833721,0.2860157633980777,1.3999847796591872e-05,9.642038224151793e-05,1.8075785161338675e-05,0.0001414840404573,1.530417147339708e-05,0.0634396692225957,1.5138730240653668e-05,4.170445740662554e-05,0.0047143806960152,0.2165851604208852,0.0790289656787932,0.0241720589169493,LCO,12,99
-67806.83482306947,2.083195403208845,0.0104810413706836,41130.63918854626,-4.200901676166126,-0.5990983238338856,-0.2550219886481649,0.2104987213284409,2.9699830502818512e-05,4.532707229082544e-05,1.0171406556749912e-05,0.0001413999420151,2.8434286749057447e-05,0.0403244396462735,1.846609549753062e-05,4.539978874354109e-05,0.013516428481879,0.030530052489017,0.3967150274152207,0.2477329314475974,LFP,12,76
-281373.3694823545,2.2690454285849024,0.0025485374995035,178581.3866027621,-4.219872636933857,-0.5801273630661541,-0.3664884166008911,0.2291116797881489,1.8588717883402408e-05,5.996577929206165e-05,1.187107478255533e-05,6.043337879236662e-05,1.4575509515426976e-05,0.0963117883041137,1.6132542559539794e-05,2.2584545697766525e-05,0.0174609904835492,0.0199666477503157,0.4932932233519624,0.0502517122968306,LFP,12,78
-483328.1765631776,2.676834717139436,0.0524485620268902,84121.30735252984,-4.729304670105137,-0.0706953298948747,-0.2443697993761437,0.330971770485494,1.2431145413699048e-05,0.00022937870425,2.919413079329685e-05,4.776056946312881e-05,1.8383446246306946e-05,0.0625489678392565,1.9856154439863948e-05,1.1203594093371648e-05,0.0241805967349874,0.1225090464606862,0.4973028456189701,0.0658183085441999,LFP,12,28
-147199.22828626432,2.2456036489898024,0.0221157781549383,79645.90799078296,-4.262169682778449,-0.5378303172215624,-0.1217438457637954,0.2782688492839236,2.944035559689909e-05,8.18355955223355e-05,1.014526685088745e-05,6.115978072276887e-05,2.5790832576960674e-05,0.0437020737488517,2.486479146250347e-06,2.248464283890823e-05,0.0209614644608964,0.070498717464312,0.5732317701358015,0.164525666636091,LFP,12,62
-26000.566830202333,2.0915848467384963,0.0085119406005814,27733.504616351955,-4.390288662689933,-0.4097113373100782,-0.5141174342521415,0.2133584642922946,2.21051506119692e-05,4.344237133743925e-05,2.1974373937838627e-05,6.662908711860117e-05,1.4946519635127928e-05,0.096031633710639,1.988675816227266e-05,3.800042066744743e-05,0.0059720997506366,0.0609497398643543,0.2000327162934023,0.1549001095901018,LFP,12,100
-8450.774991218079,2.090132062577103,0.0084646534046197,10403.38215151396,-4.390574272286088,-0.4094257277139235,-0.3109503454708276,0.2066855684244582,2.99707008581908e-05,6.212950753007424e-05,1.2982428913945885e-05,0.0001448681756381,1.521742742906972e-05,0.0618689564942544,1.6040377546032793e-05,4.415993686621916e-05,0.0047014521687175,0.0822914586944636,0.062032091418909,0.4747261044157996,LCO,12,96
-79865.33404775636,2.2399786246843973,0.0095194532231574,43797.69459900876,-4.216441002512433,-0.5835589974875788,-0.3064660876118344,0.2104631357034622,2.5206971507197703e-05,4.118511781469254e-05,1.2596813581707573e-05,0.0001213544889025,1.4373984971371015e-05,0.0401259132349091,1.511250698751227e-05,1.1693166372432356e-05,0.0134821515718709,0.0310995545691166,0.5316060137435991,0.0608283440754498,LFP,12,78
-156730.32460674946,2.5435192434877303,0.0112273109242024,89049.68554164213,-4.206777962908603,-0.5932220370914081,-0.2558098596874955,0.2300758954906344,1.8377775811532252e-05,9.926124942514274e-05,1.0168816429365694e-05,0.0001214254856729,2.8436684526878272e-05,0.0403184171830778,1.882533902327256e-05,1.2078709373262464e-05,0.0193346406695297,0.0295194566204254,0.3938992723530763,0.2507714113390028,LFP,12,76
-409471.4176655458,2.19178225033958,0.0644488448571959,94035.8932872123,-4.606736447344531,-0.1932635526554804,-0.050550468595672,0.2300221601002345,1.208476976971662e-05,8.166758959225043e-05,2.4836682600641752e-05,4.81322620744834e-05,2.83217733580845e-05,0.0978034044122595,1.8073107835317127e-05,4.973381271098758e-05,0.020737153794329,0.1384551377018026,0.5777014669091048,0.1632929267934204,LFP,12,32
-48596.91689746519,2.1630315987412634,0.0165297722015786,12155.49453057048,-4.617689357379298,-0.1823106426207132,-0.3409688892441402,0.2179434036367585,2.9032423115725558e-05,6.459789220705427e-05,1.281604932752856e-05,4.177177033669443e-05,1.2348523090044856e-05,0.0619208766837219,1.0207763659698844e-05,4.7120327103436415e-05,0.0097806731946048,0.1073952582353891,0.0107728730421563,0.4708629794783144,LCO,12,28
-51794.42042663944,2.1368332703966755,0.0220845708849263,17499.674476404765,-4.39942246943378,-0.4005775305662311,-0.232060854320287,0.2245732977635327,2.961626437123799e-05,8.168843407090285e-05,1.014218993188792e-05,0.0001497922753486,2.5930249035493705e-05,0.0437503167290107,1.8986637775987896e-05,4.75213000118751e-05,0.0106468448479286,0.0431195458288736,0.5916287131635063,0.0631908866873331,LCO,12,47
-22527.75537707359,2.160616108162533,0.0130822172659385,21049.10667618174,-4.399764687765895,-0.4002353122341162,-0.2606125644641534,0.2282370411815428,1.395625407235217e-05,5.996925056700579e-05,2.2397261480335745e-05,6.0610934473255535e-05,1.4381298764747954e-05,0.0815702100952387,1.5970177926550888e-05,4.896936541517381e-05,0.0057877090967683,0.0167426652215011,0.4956077340627907,0.1570370362515546,LFP,12,99
-378419.16145527567,2.100002819518219,0.0080450415189644,302445.09995689726,-4.200268352145002,-0.599731647855009,-0.7033535780434963,0.2074257838529509,2.187623709584319e-05,4.9790289613733e-05,1.4423476625349976e-05,5.935425129143633e-05,1.4528737892037038e-05,0.0963150441791193,1.981297221893431e-05,4.5698228093814366e-05,0.021688191953018,0.032607212237006,0.1704637428492602,0.0235754668702374,LCO,12,78
-290929.2165540833,2.957855746215581,4.582092879133995,9899.722653079894,-3.218635427045456,-1.5813645729545556,-0.3251311567385218,0.2569743616005375,2.5312496108310097e-05,0.0001951067768941,1.6296892076120423e-05,7.112103393413369e-05,2.7713042579926988e-05,0.0921185999552893,1.723682128266518e-05,4.4749451484536566e-05,0.0249074760563395,0.0726784574315205,0.5126763024455329,0.0195140833844248,LFP,13,2
-378419.16145527567,2.1081470495716426,0.0080450415189644,302032.96223472315,-4.19970158256622,-0.6002984174337911,-0.6880470890220596,0.204656214811521,2.177018087245768e-05,4.981503693571864e-05,1.0854033764826242e-05,5.929940388961456e-05,1.4525756990769772e-05,0.0959034954284852,1.988789423006276e-05,3.463009270803211e-05,0.0218239780788683,0.0366825846188559,0.1702056214634117,0.0350647048956727,LCO,12,78
-174783.914039199,2.1007633224683677,0.0084403577915134,231393.64798290527,-4.36736221840939,-0.4326377815906213,-0.4723290238618378,0.2071923418408516,2.506471590166817e-05,6.204915883584122e-05,2.787134842906332e-05,0.0001479431579451,1.4558267894611542e-05,0.0699434291760128,7.355182729561461e-06,4.59383357816075e-05,0.0203422347751969,0.0324078123147276,0.0829458770600218,0.3423172867634128,LCO,12,93
-18116.31694044228,2.5679480736335023,0.0174436048847824,6717.071521565713,-4.250341420661101,-0.5496585793389102,-0.1734256728568507,0.2540671690142781,2.940413521948532e-05,0.0002328079593821,1.2929413459394754e-05,5.129193263105742e-05,2.5684238330431803e-05,0.0588838613618722,2.6435542409613447e-06,4.755022617895656e-05,0.0049491564561181,0.0590028764097953,0.5484799065380923,0.1490915441952615,LFP,12,62
-181472.33131471017,2.100413148599197,0.0087183515091425,225554.0383978915,-4.406447773501292,-0.3935522264987199,-0.110210913699783,0.2150182978415676,2.5172329921724125e-05,5.365748081149453e-05,2.795154146649661e-05,0.0001490053868175,2.965417770258051e-05,0.0758814131935947,7.4049363848525775e-06,3.797808453242046e-05,0.0203696921969826,0.0324262292828786,0.3274515304005204,0.4599113266168178,LCO,12,99
-74704.92516858266,2.160446357027257,0.0092825822445863,56211.16189599304,-4.238206198029182,-0.5617938019708291,-0.1851000897747728,0.220353147142361,2.986880315107382e-05,8.160650224546984e-05,1.732726036467565e-05,0.0001496061752019,2.6223648950549574e-05,0.0838497425951068,1.0914206031618186e-06,3.369338356652145e-05,0.0106508763654927,0.0429192836097872,0.586523039136426,0.1154575874790139,LFP,12,80
-458371.94232681824,2.447736114086685,0.0098768919794145,286220.15289723786,-4.212350618498881,-0.5876493815011301,-0.4982995742277827,0.2003090953561641,2.5249476211644457e-05,0.0002403387061237,1.8773412922832653e-05,9.238120699255516e-05,1.3394006495125648e-05,0.0836307697845238,8.606891779485105e-06,4.249386894566353e-05,0.0218745516400736,0.1210209883894737,0.2573034285393354,0.053376008843408,LCO,12,79
-138670.18206575638,2.5064845000062013,0.0275622167246609,60393.2106342999,-4.26843652458885,-0.5315634754111613,-0.2329620908503843,0.4696893090860787,1.4468156513243647e-05,0.0001395822237609,1.4715859704537972e-05,4.009239148358129e-05,1.939290719061876e-05,0.042824829272849,1.755526870271612e-05,4.16643420179716e-05,0.0161723136999156,0.077450156322601,0.0434911879386631,0.5760965648883516,LFP,12,69
-124586.3061112286,2.084878858333943,0.0100914324770841,67847.9838746371,-4.2031177225372005,-0.5968822774628109,-0.2223681689800685,0.2049623922591905,2.9905535711709425e-05,4.2515717076716353e-05,1.2988196027984528e-05,0.0001460630386141,2.593139035409448e-05,0.0400144852742853,1.5984812596390558e-05,4.414042526283835e-05,0.0174936781556464,0.029996502425513,0.5353700505516389,0.1422652780427796,LFP,12,76
-210855.14135183772,2.4901218918700745,0.0106301058204625,121302.71383986672,-4.195614838422493,-0.6043851615775182,-0.4460159625220629,0.2015992841485298,2.534741339257133e-05,0.0001252393263117,1.262712199672863e-05,0.0001213542825518,1.561507125660655e-05,0.0401158683008429,1.509836029069932e-05,1.225898942991531e-05,0.0216552878011801,0.0311191591143513,0.3932388663301953,0.0596260120333904,LFP,12,76
-16332.733571233728,2.3571392957124084,0.0099435047747578,16865.64144499226,-4.256945344644947,-0.5430546553550641,-0.428825221444794,0.2164065278039397,2.99190085706712e-05,0.0001937416397927,3.976752468241262e-05,0.000143993667684,2.7028641840628287e-05,0.096662465606929,1.07744487672741e-06,2.6345863686740094e-05,0.0049640622188252,0.2502381703616616,0.2288366780010694,0.0220999301924749,LFP,12,83
-44230.93803841526,2.449335732876239,0.0039713698529653,32058.145365749377,-4.182424402101844,-0.617575597898167,-0.8210659122153526,0.2013835081613281,2.3427933324477563e-05,0.0001251763916072,1.201600568909426e-05,0.0001453500812705,2.98070102594616e-05,0.0422770842033127,1.4635632531242256e-05,1.2465504425417367e-06,0.0102185557824205,0.0153428617837129,0.0737683613278937,0.0198228646730407,LFP,12,76
-296071.73958001216,2.2337388628769936,0.0165923502717226,164709.4185488531,-4.212142364356396,-0.5878576356436156,-0.5965432538794179,0.2363422249943543,1.710230504194059e-05,9.15640257188506e-05,1.0672081365821977e-05,5.934176684848458e-05,2.67918698554096e-05,0.0963165245988553,1.851847276248188e-05,3.849386126761372e-05,0.0160970974835711,0.032796384874034,0.1903885160447004,0.1102718452018476,LFP,12,78
-232032.4985483285,2.0725874423054327,0.0336035316743788,102217.20046440331,-4.607356496241877,-0.1926435037581342,-0.67850653299217,0.2140936453998143,2.1687618085830585e-05,4.173933257118224e-05,1.5517012587430766e-05,0.0001447996189068,2.9501158520748138e-05,0.0806995979731092,1.6279198539596192e-05,4.546991438344079e-05,0.0226490426975515,0.0693341283590088,0.0153349923855705,0.1668243462632507,LCO,12,28
-16774.117149193837,2.5169436987628826,0.0119245703896411,7441.682349408307,-0.3469041637008416,-4.45309583629917,-0.5018003559201132,0.2522682201697585,2.815673045757742e-05,0.000172860749618,4.086387097245927e-05,4.890690137203536e-05,2.687419956311903e-05,0.0401670692845425,2.3750034617837137e-06,4.98925157337982e-05,0.0053035406011269,0.0585275387976722,0.3468548796470087,0.0228172256352059,LFP,13,72
-45728.9045515348,2.4536018361378487,0.00029293521348,29538.584695718037,-4.2224526508416815,-0.5775473491583298,-0.3198021545646706,0.2096824357210886,1.2933664483245116e-05,0.0001755457766882,1.1926583140859254e-05,0.0001092949193178,2.5722372437881725e-05,0.043109880349408,1.462800245053253e-05,1.0795646791787497e-06,0.0102172919297742,0.0265521518122537,0.4740695977803549,0.1095760958427207,LFP,12,79
-721927.0144734783,2.6236641631029025,0.0121931421787741,389774.91372977616,-4.29531246249271,-0.5046875375073014,-0.1872295269708909,0.2556868502049943,2.8062166097569567e-05,0.0002251672340415,1.947298344787881e-05,4.179852313227541e-05,1.294980202543336e-05,0.0986452781192872,1.0459580609514154e-05,4.2450306421003685e-05,0.0245294611216247,0.1336724052263051,0.4302858148684058,0.1788122529343983,LFP,12,85
-140616.48653854182,2.596896423479985,0.0093207603495393,57332.96355904304,-4.232865745824967,-0.5671342541750448,-0.182456084281457,0.2046587036122774,2.9910097522675905e-05,0.0001968769867058,1.9296408634708868e-05,4.817579401604204e-05,2.564796265614713e-05,0.0846087721392024,3.679164621123152e-07,3.369214462955201e-05,0.0106743278501253,0.0644599793803324,0.533928875294783,0.1491550610434276,LFP,12,80
-58777.27024687985,2.127309238470229,0.0095991922058941,29187.61401325118,-4.2353220224756924,-0.5646779775243189,-0.3505712303257997,0.2247535078893496,2.961575711299566e-05,4.909621801621708e-05,1.93383616005439e-05,0.0001018170153664,2.564677026053224e-05,0.0431287124763493,8.481173180715615e-06,3.3396125500479336e-05,0.0106467396521803,0.0333163145958882,0.516561209719587,0.029551245358725,LCO,12,80
-132079.96249408758,2.089894271608841,0.0110176508688388,74871.77827961552,-4.187549516327621,-0.6124504836723901,-0.0249588579445222,0.206926914230937,1.552272236137952e-05,4.715263155517789e-05,1.0098375272815538e-05,0.0001480023645965,1.4543846296211823e-05,0.0413773156888676,1.5898902264131273e-05,4.000359754681166e-05,0.0189512945186726,0.0337342447489864,0.5285598541808962,0.342747043125595,LCO,12,69
-65259.31774000866,2.269303255940416,0.0079759317353975,57857.610575158,-4.221765006632282,-0.5782349933677295,-0.5937244076330209,0.2104404350387125,1.8400181019804127e-05,8.253825506818928e-05,1.63085307139284e-05,6.240966543979751e-05,2.8258272038e-05,0.0795862393885675,1.9797807110370254e-05,3.8012799777612445e-05,0.0104180941335995,0.0332436816253262,0.1970887564060869,0.1059431543355659,LFP,12,80
-215841.45368323883,2.4861124855970766,0.0108391873859113,139632.8159599798,-4.183267849821334,-0.6167321501786773,-0.770724775564849,0.2015700845073354,2.0544643688285956e-05,0.0001256131818585,1.1776117187036076e-05,0.0001486462909159,1.567735805423419e-05,0.0401514428596742,1.991842024787185e-05,1.1508520906691636e-05,0.0216546344221627,0.0330825773376722,0.065892512395699,0.0603001347017797,LFP,12,76
-264886.1268323186,2.080940246046404,0.0271732132571329,399380.05688250967,-4.443735061953973,-0.3562649380460385,-0.4912085125588677,0.5914890192535837,2.6438654255306697e-05,4.065590237081277e-05,2.0645446997177316e-05,0.0001222498785598,1.5195285915108173e-05,0.0884137469547166,1.0571182098730549e-05,4.976441542326817e-05,0.0243351979648048,0.066878359896713,0.2531846073878459,0.1187285201565733,LCO,12,92
-40826.156267501545,2.4448485301447,0.0088323402932898,36032.21953459144,-4.381056292548443,-0.418943707451568,-0.2398595974874035,0.2036188445959127,2.9612698575804757e-05,0.0002219662007061,3.231794400714031e-05,0.000148659715505,1.582683852644636e-05,0.081005267516553,1.6302158952850652e-05,2.3440302838268344e-05,0.007610584322067,0.0603853429849379,0.4312187281810097,0.1985363313466488,LFP,12,95
-6731.9646116301055,2.234913624180816,0.0124854288822927,3440.861205639668,-4.208960673938421,-0.5910393260615905,-0.1720614266385115,0.2019675724607474,1.248771682453383e-05,5.608047391831374e-05,4.093776607188456e-05,0.0001362833812963,2.287938542318286e-05,0.0424586204883865,7.208237182469683e-06,2.2466656956300552e-05,0.0040026516790491,0.0682622173952683,0.5723621019862563,0.1173142539799639,LFP,12,65
-42001.818608744456,2.227960250869517,0.0112202803491945,48148.25530295606,-4.387518824267083,-0.4124811757329283,-0.5587491934021573,0.2183403773930993,1.7030053732767904e-05,8.429082123234278e-05,3.3926065309003885e-05,5.447462630306568e-05,1.2787975422635036e-05,0.0929935914932228,1.9125077543181742e-05,3.4150541412181014e-05,0.0077086957968498,0.2227649336780656,0.1082630974596724,0.0402227754601046,LFP,12,99
-10615.334670447914,2.258874131242652,0.0163424286845158,5821.699205033499,-4.25566933759012,-0.5443306624098909,-0.2880375253458511,0.2128304902477176,1.8173132753058316e-05,8.913744975106244e-05,4.604795324804436e-05,7.511291573579785e-05,2.2741608901410407e-05,0.0477134769200346,6.041480964453562e-06,4.155451457075962e-05,0.0051368344347998,0.1152469330662875,0.3306527724770793,0.196062769110782,LCO,12,58
-202411.71719466423,2.532167147238308,0.0107383616104516,98575.90795973768,-4.231083901153127,-0.5689160988468842,-0.5353513742760748,0.2624736904197444,1.4418678879815624e-05,0.0001781899515218,1.0330058244943324e-05,4.733419142848666e-05,2.5460635486802022e-05,0.0408334850884448,1.439706963958817e-05,3.36984996340695e-05,0.018620217819922,0.0289463637830089,0.3534732001185049,0.0122290618224112,LCO,12,79
-305183.2094001078,2.141112753152235,0.0182356788866227,297671.85798748775,-4.306136861032975,-0.4938631389670362,-0.2425180824141773,0.3717049296267088,2.872329387196064e-05,4.189373487847312e-05,5.978048100536317e-05,7.558893280519292e-05,2.67876901034236e-05,0.0920648987997939,1.5048239557137576e-05,4.1403918771243584e-05,0.0231353087609371,0.065197427860862,0.5534297660954571,0.0688547236295034,LFP,12,83
-57347.3797717875,2.619812687165094,0.0130851765240941,34911.74629225148,-4.417750946599625,-0.3822490534003862,-0.213428529733106,0.319105519384453,2.964496254419596e-05,0.00024073698893,1.1831602707953028e-05,4.543393310025461e-05,1.8991335141685977e-05,0.0811152688142281,1.6308243168544356e-05,2.75223815481521e-05,0.007593515416889,0.05944010541633,0.4309126565669108,0.2262187082836532,LCO,12,96
-28821.54711579742,2.1619725068092768,0.0118096774835461,49085.947511661965,-4.313129883812387,-0.4868701161876245,-0.5230654719506821,0.2762601062133027,2.9750610365777545e-05,4.477482913643189e-05,8.531915154351213e-05,5.6688622597049616e-05,1.519533928859718e-05,0.0871396369129515,2.8293691940349645e-06,3.351896989952063e-05,0.0088371740667547,0.1336487218458924,0.0915172453445596,0.1817685608588659,LFP,12,87
-19829.75837969185,2.331343249451098,0.0189411543492355,16069.719068394792,-4.28025834182106,-0.5197416581789511,-0.2437319705834207,0.3798265066575277,1.269975681702339e-05,5.186008619364372e-05,2.953195229248928e-05,4.528605075683749e-05,2.751773108022917e-05,0.0502780888557804,1.70155740160812e-05,1.4069606495657095e-05,0.0073276804888986,0.0177999004648839,0.0694025232581087,0.5990656056935866,LFP,12,81
-17737.63951280288,2.224417431697075,0.0187357868844027,14993.479698396832,-4.307227857227545,-0.4927721427724663,-0.230086135570475,0.3830721571322044,1.862689441682545e-05,5.641209193579391e-05,5.981437436318697e-05,4.397854642934509e-05,2.7521787520146395e-05,0.0477717973499449,1.4191064486993589e-05,4.599207291563111e-05,0.0071487079032731,0.0654176495495369,0.4338753951115339,0.200620819768454,LFP,12,83
-17791.08874854557,2.475946487366024,0.0568457247028849,4976.200009920452,-4.629156848391787,-0.1708431516082242,-0.2070140001194699,0.3230121876839802,1.63938557363448e-05,0.0001789378914314,1.6346264366255838e-05,0.0001290974204975,1.3683609455551063e-05,0.0635408098383762,1.741418977168676e-06,2.885548078724668e-05,0.0054932555864526,0.0254115307548187,0.5408288853007317,0.1567455838249797,LCO,12,32
-188890.45504165484,2.3845207956797294,0.0115327059441841,98396.14927443206,-4.20010508272113,-0.5998949172788812,-0.2641421168617417,0.202408150460303,1.2485602933256847e-05,0.0002480814580065,1.2295648889525486e-05,0.0001477822684644,1.6401309585516373e-05,0.0416445890577362,1.211029371699236e-06,3.4245843940381725e-05,0.0207249843951683,0.07038480653351,0.5724974618718861,0.0229756147328622,LCO,12,65
-35861.693882881096,2.5844591513677706,0.0085879177852556,26194.280649413417,-4.3805011594767365,-0.4194988405232749,-0.8248436237654218,0.2019431860461839,1.3902183736719038e-05,0.0001863094998758,1.192334779712592e-05,5.082415256287173e-05,1.4222980800402148e-05,0.0818589010803394,1.0368909300589168e-05,3.524189220373247e-05,0.0057288262004031,0.0516716302223556,0.0240929639944259,0.0293917820177967,LFP,12,97
-17387.457300634185,2.2721391449551467,0.0182093245601665,14859.69440116671,-4.310217610675501,-0.4897823893245103,-0.2062067462487379,0.3832189999172774,1.4696593921370312e-05,5.630219638719796e-05,6.023632045506904e-05,4.16636870353625e-05,2.7533817047523956e-05,0.0469743119234114,1.5371670387520425e-05,3.352319050185307e-05,0.0071479916980929,0.0959960417388534,0.5732970534241751,0.0545001585882336,LFP,12,83
-635472.6364545284,2.581958086713488,0.0210042428496262,291740.3613595502,-4.268578081118704,-0.531421918881307,-0.1308113738457825,0.3727738518572868,2.369186745547168e-05,0.0002105967839682,1.5808974534572714e-05,4.4041679235126966e-05,1.3281440119657187e-05,0.0986840585606357,5.989935591464722e-06,4.8950085866984114e-05,0.0223502116970478,0.1686101972420637,0.5736441978465372,0.0569342310656165,LFP,12,78
-55620.243173143885,2.4464887767135264,0.0156228207329688,25531.484622621298,-4.220912892767245,-0.5790871072327661,-0.080977072227969,0.2836567301964432,2.6119438974680968e-05,0.0001791716296332,1.576429923016114e-05,7.011619054299271e-05,2.217101603965732e-05,0.0535624593712776,1.2169719617731649e-06,4.8075082620488e-05,0.0097421027423657,0.1644914892403724,0.5477340379165276,0.136797400615131,LCO,12,68
-68672.19912479099,2.4776190025694502,0.0102831436323514,60908.68275773496,-4.388404059443033,-0.4115959405569782,-0.0418434720185524,0.2366184573511308,2.524887522789445e-05,9.197076142555286e-05,2.2136666810429446e-05,6.105334535362025e-05,1.2154496108252143e-05,0.0944575355644673,1.5865269941180802e-05,5.897937132803135e-06,0.0098728242089911,0.248396518784993,0.5854352925774657,0.0543247166189888,LFP,12,95
-17013.09542821859,2.52254251007758,0.0109395796425719,14417.13482344494,-4.256596645256863,-0.5434033547431483,-0.1977088263412706,0.2088048673898292,1.8009922495136276e-05,6.715550847274213e-05,5.0748843819775205e-05,4.474489166350004e-05,2.265968334370983e-05,0.0486372619934257,1.8882645885475704e-05,1.6860175366611595e-06,0.0083067324345296,0.0187615668172577,0.2330485821184066,0.4804810247230651,LFP,12,58
-33985.58011842609,2.1688343452747274,0.0146360488066627,59365.14014760142,-4.343381697627592,-0.4566183023724193,-0.6942154218895922,0.2330871810307334,1.6935334651325436e-05,5.8915131201593454e-05,4.054764331958783e-05,6.0141089503940005e-05,2.830775502711581e-05,0.0892287769057884,1.1421839081242972e-05,3.9466119914882045e-05,0.0091668789310439,0.1336589233555666,0.019723536119784,0.0824021186350572,LFP,12,91
-461520.1908917992,2.2501038190661493,0.009118167601663,286867.2127019353,-4.398398478949275,-0.4016015210507362,-0.6956070605452478,0.2145169328657083,2.9614904285188507e-05,0.0001124217627298,1.389890942629292e-05,6.15644666613185e-05,1.440631096334047e-05,0.0645326827497827,1.9878660847662388e-05,4.320775552020893e-05,0.0225567222477085,0.0261582916319769,0.1700626695545463,0.0381719782682289,LCO,12,99
-534763.0225274905,2.5158951466908706,0.0121820723268771,401140.8474403345,-4.388729083978028,-0.4112709160219836,-0.1956275291142696,0.2815514231154526,2.9937587118079968e-05,0.000226502157639,5.950700821192005e-05,6.169087860317189e-05,1.891829894991782e-05,0.0915247582255134,7.199367828436436e-06,4.278673252938371e-05,0.0244231334643918,0.1850039040263265,0.3507466674545993,0.1986218994048046,LFP,12,94
-33678.2978255411,2.530422464554205,0.0089134917343202,27910.894946492943,-4.323303249112108,-0.4766967508879034,-0.3132433751916643,0.2087570117235408,1.790392285170522e-05,9.065231135537034e-05,6.859715146688073e-05,5.157207349094872e-05,2.263366859774147e-05,0.0569328350870131,1.4733892875517808e-05,1.5618796043562236e-05,0.0083039372649286,0.0303721902198795,0.0912953445255901,0.495089090062866,LFP,12,89
-645204.5356345935,2.6297858080406664,0.0313552646824734,128075.29372879428,-4.61349511577847,-0.1865048842215415,-0.6330119212081997,0.2158294911907491,1.556946005410952e-05,0.0002389533613501,1.5018186037834083e-05,4.437454037960581e-05,1.2541453134885331e-05,0.096157928009578,4.6698826091246255e-06,4.358216845236724e-05,0.0222263155949799,0.0963122861784697,0.0435788147636057,0.1570969778497248,LCO,12,28
-27379.93172011449,2.4228661014671937,0.0090078781330386,22874.73422425522,-4.401577327248681,-0.3984226727513302,-0.0205853313967896,0.227445812952105,1.8884645053752103e-05,0.0002276215120936,6.908899866519768e-05,0.0001497191694621,1.6414078361163867e-05,0.0699899287812195,8.542389425727194e-06,2.715063199901501e-05,0.0065999122597327,0.0876654015515922,0.5933720110859444,0.2283772559656737,LFP,12,99
-51891.91845295704,2.625126720548699,0.0171379588224206,24907.44155156466,-4.24553443531871,-0.5544655646813013,-0.1976124456820734,0.286750034541361,2.6502448796938145e-05,0.000236709190298,1.624941446876586e-05,6.934775821520916e-05,2.2896322788292127e-05,0.0586671376485918,1.949367452987243e-06,2.1905968936593924e-05,0.0092614097405991,0.0227980801364833,0.5727756951461189,0.1368137790353243,LFP,12,64
-65191.496518542,2.1832011292801385,0.0093173527106155,63854.07632752892,-4.387943060927348,-0.4120569390726629,-0.0710976883080058,0.2365556281950439,2.6528700060787617e-05,5.7115479972408455e-05,2.216340153403003e-05,7.311516223896186e-05,1.2066763049381252e-05,0.0948123144610198,6.215636559956856e-07,2.913530794087042e-05,0.0101537402354214,0.2532113810169534,0.5856187167164597,0.020072213958581,LFP,12,95
-40101.86874681852,2.203549135728403,0.0140824888568463,18638.89796354972,-4.211051265023315,-0.5889487349766966,-0.0388545687365876,0.2502524500521715,2.974824822570535e-05,0.0001251608475969,1.3704661571125586e-05,0.0001262573366812,1.896606309813492e-05,0.0539806399322288,1.0996995942931452e-06,3.94787570504161e-05,0.0083927373424466,0.2068802558865909,0.5481372482948702,0.1361279270819512,LCO,12,68
-188667.8557745675,2.200684130791831,0.0181211625562286,175274.25022274235,-4.4228243588890805,-0.3771756411109308,-0.1798492597336554,0.4238609820860948,1.4220549396291657e-05,9.751189649364995e-05,6.919412636985607e-05,0.0001013150919745,1.6284082459547886e-05,0.0848139367498607,1.5327953885025015e-05,4.189531964729034e-05,0.01660268365179,0.0790090048078615,0.5627844766754092,0.1083572587830739,LFP,12,94
-30482.37373767236,2.22553094559957,0.0143141510356528,16261.962470295288,-4.201132348261837,-0.5988676517381748,-0.4419916607874257,0.2696711691754632,2.418330125446688e-05,8.85751442755386e-05,1.7070502669460537e-05,5.548145575326859e-05,2.943798523386782e-05,0.0524211392387962,1.1002426809661684e-06,4.2744936097149336e-05,0.0074121709383281,0.087229795851513,0.2035230793860647,0.1972554639749965,LFP,12,73
-155960.42727839868,2.5679035140747977,0.0153217926436081,95760.55555907956,-4.228845597096239,-0.5711544029037725,-0.2748618132292622,0.2795490322594088,1.2512072960975825e-05,0.0002496655020315,1.092074573935146e-05,8.842139101983901e-05,2.770619421434399e-05,0.0408559126585954,5.805442671613681e-06,3.45746761735671e-05,0.0208503872321704,0.0698878303358983,0.5733197471826356,0.011930609252204,LCO,12,65
-32374.785977528914,2.432997242077677,-0.0028755857461376,40141.7204109341,-4.399735996883493,-0.4002640031165185,-0.1487544087369224,0.2839654189404336,1.8056761128003503e-05,0.0001831795582715,1.5771064946386565e-05,5.135904285394952e-05,2.9924359429566463e-05,0.0576244906134517,1.6158198375708672e-05,6.032183501535242e-07,0.0099164748490688,0.0719358619185639,0.5339304690426658,0.1753792603018477,LCO,12,94
-281968.2830625676,2.368163196959752,0.0115677069476621,164595.1176947376,-4.19950407141414,-0.6004959285858718,-0.2543510080898639,0.2202005606877798,2.93779662104072e-05,0.0002035764030791,1.4368383834062618e-05,0.0001435963770639,1.637404399750113e-05,0.0541407798557503,1.260568703928717e-06,3.188661734657206e-05,0.0236012122800652,0.0679640649731319,0.546618432338647,0.0610664945983571,LFP,12,68
-151522.3018752152,2.5239164217459966,0.008953556380139,85643.45717025756,-4.209059968407551,-0.59094003159246,-0.5169950003139974,0.2127942961764024,2.611996819203088e-05,0.0002153048987042,1.1066503291420288e-05,5.31396122460015e-05,1.3708817363789524e-05,0.0417357296696402,6.6011158175861285e-06,4.258460826056942e-05,0.0172953080778718,0.0126709889931522,0.3799959859486717,0.0203380247441787,LCO,12,78
-13586.986272429192,2.1768797942240368,0.0153893570812397,7297.869387728898,-4.289084879939601,-0.5109151200604103,-0.343962308914245,0.221349903109565,2.827104196192864e-05,0.0001003387936445,4.131061352688305e-05,0.0001377013989168,2.6134838100252072e-05,0.098694633775125,1.1995030023621025e-05,4.271070343653221e-05,0.0040494319241356,0.0371785172836729,0.3700287326866108,0.1788304411154711,LFP,12,56
-361131.7504992256,2.2376665738473958,0.0356760690562926,321483.17479231587,-4.491875883964354,-0.3081241160356569,-0.6123649809748656,0.7153428280023859,2.707320208078184e-05,7.280631439265688e-05,1.4707555409940658e-05,4.3840387313098335e-05,2.796300325730605e-05,0.0981865987365882,5.366143080012523e-06,4.515388793151439e-05,0.0208586320581008,0.0449502582194995,0.1207941554239963,0.1518906053816385,LCO,12,96
-403695.11817137257,2.5325458291106533,0.0121099431028373,338285.70862907806,-4.394934487977402,-0.4050655120226096,-0.8765796692751506,0.2876072607112838,1.3886579496294308e-05,0.0001744061588817,1.2661483970996762e-05,4.732345714544465e-05,2.6018997564953965e-05,0.0586270467848943,1.630015950661491e-05,3.425484878657201e-05,0.0247802227229357,0.0192844253350286,0.0221629908276914,0.0119729145621294,LCO,12,95
-205192.10496055943,2.404985021589959,0.0265837043445813,96601.9590130802,-4.427789956586615,-0.3722100434133963,-0.2900165222545935,0.2625319180860376,2.834942767037699e-05,0.0001787387997557,5.344823814686581e-05,0.0001194435999454,2.5519060254049845e-05,0.0753186375228491,1.4414848931714147e-05,3.0348365618159552e-05,0.0187554199987347,0.0371796583419008,0.3457871724165845,0.2570166469869211,LCO,12,45
-6021.296294358212,2.104409095773875,0.0093631354977763,6138.3802709626025,-4.382128591369977,-0.4178714086300346,-0.1865392090408877,0.2004446966126717,1.247886804194884e-05,4.2350310025789925e-05,6.934796892994013e-05,8.464900348751402e-05,1.627122302114583e-05,0.0419150210607788,1.5428199380533793e-05,4.194082888426641e-05,0.004422270438228,0.0677991628283466,0.5583443231587808,0.1173173049719848,LFP,12,95
-16076.446338517988,2.3436230552091564,0.0230787202351178,5048.838254017313,-4.415384992938421,-0.3846150070615906,-0.1527552254936313,0.2270443574691142,1.902482105456231e-05,0.0001801601963603,1.5303649162497746e-05,0.0001196389131745,1.503183986688369e-05,0.0534597984479353,1.946155863369812e-05,3.122450336241012e-05,0.0051494478867791,0.0817444511335045,0.3449097469295027,0.3505905764433615,LCO,12,45
-669590.7978413103,2.408737138760149,0.0692894233053856,124280.30409213276,-1.0192068541511432,-3.780793145848868,-0.4336075425262432,0.3391566204431144,1.3654276556136409e-05,0.0001215990241193,1.8943278085818294e-05,4.1942178676962114e-05,1.231973438834046e-05,0.0962953180298794,1.881905121770449e-05,4.9465702521972285e-05,0.0240634035151827,0.0414638776624773,0.3887758634265267,0.0661527163847527,LFP,13,24
-435311.0323233327,2.254356935713427,0.017018805231512,247613.5298638439,-0.4697904510158963,-4.330209548984115,-0.2122420842942525,0.3447204270842555,2.849753929667996e-05,0.000105426779008,1.4768942419147535e-05,4.554080264338007e-05,1.2614483723242903e-05,0.0867572956390584,1.2291749831933928e-05,4.962746448318508e-05,0.0206691364344462,0.0606008970048471,0.4792129928374005,0.1779440258634998,LCO,13,84
-79182.5895081812,2.398130458861939,0.0258953761236555,40566.18685792126,-4.304416807127048,-0.4955831928729637,-0.2237460278868958,0.3311125365944987,2.083637703120035e-05,0.0001072610003619,1.806557669266236e-05,6.010781790941542e-05,1.82318645450446e-05,0.0873078696885733,7.418134419613868e-06,2.3445558915044163e-05,0.0102696250272608,0.0129833248188717,0.163448415579359,0.5298222317148735,LFP,12,58
-36562.4906178651,2.5760003927510238,0.010862203473178,26320.77606577676,-4.302457156236244,-0.4975428437637674,-0.2993028208105729,0.2730362270453753,1.4253356190734169e-05,0.0002456254516883,1.833038445147814e-05,4.654789204477309e-05,1.5919522901789103e-05,0.0403672017068609,1.5733788107110768e-05,3.580401164421781e-05,0.0094726114554987,0.4178881013494935,0.0424462525648422,0.1703628252750914,LFP,12,86
-291192.88483944285,2.1170807365419915,0.0186663245981252,399945.8644484064,-0.6352701775635197,-4.164729822436492,-0.498531667402593,0.5860812543999904,2.6255650329895718e-05,4.351141728141458e-05,2.087912674206759e-05,5.037755791714426e-05,1.553050505312142e-05,0.081410078346471,1.0598730379822853e-05,4.959655788400159e-05,0.0249371746599799,0.0476058451201149,0.2561285245415939,0.1277339629356981,LCO,13,95
-113751.18220188028,2.1206251521122303,0.0129262804624717,93929.54178370156,-0.4427634073413458,-4.357236592658666,-0.0794263432789279,0.2284077881653884,1.748783668501931e-05,5.962674776592924e-05,1.549770336064367e-05,5.692280233975906e-05,2.381673806042156e-05,0.0411363975800972,1.5078817812615671e-05,3.064065201683888e-05,0.0190413608583686,0.4419489403496643,0.1467824695809473,0.2618422467904604,LFP,13,85
-17824.338077015236,2.485214244626856,0.0125343626372184,8589.425009426224,-4.217427506252044,-0.5825724937479677,-0.2566869882380282,0.2275682828115621,1.239444476078837e-05,0.0001801545665902,1.538235848507333e-05,7.19094209962966e-05,1.8164114006233437e-05,0.0538973853481992,1.2100907033019112e-06,4.493971329009508e-05,0.005479673396307,0.0677704754192252,0.5740139536836009,0.0315285826591457,LFP,12,65
-168512.92589149467,2.557706764559515,0.0090417688257415,111205.9524717558,-0.4153660119624263,-4.384633988037585,-0.8107659611230645,0.2131008006547149,2.5930989002433095e-05,0.0002233082156419,1.1075007691617074e-05,5.875093679016861e-05,1.3080604523226338e-05,0.0416769760351052,6.63679487533794e-06,4.343789075873268e-05,0.017290113791371,0.0164845234225729,0.0898433431318868,0.0129061723224756,LFP,13,84
-468533.9845748354,2.2048825949184674,0.0088138030481221,441079.6492300801,-4.338748465360517,-0.4612515346394943,-0.4489760359978645,0.21792059995928,2.405862492186261e-05,0.0001192168851985,1.2348055648512727e-05,0.0001247407843093,1.2156880798958594e-05,0.0925173446822142,1.780489757309999e-05,3.834668110660408e-05,0.0247297954326607,0.0574456814736068,0.086406752895963,0.3371715296325657,LCO,12,90
-12138.573655601698,2.1435004411092797,0.0153658629612702,8261.678838163993,-4.406015397134084,-0.3939846028659275,-0.445275011317635,0.3369573886939795,2.8712447872784445e-05,7.218565623478903e-05,1.01527730970913e-05,0.000136169971003,1.4133394403786833e-05,0.0405448664857244,1.9894031145830665e-05,4.90454521947736e-05,0.0050985231861902,0.0677635319985679,0.3964968739268837,0.0204645827569132,LFP,12,95
-635760.1934558495,2.598024588088958,0.0172720129954523,375544.6614324353,-0.5701430743987004,-4.229856925601311,-0.2015797914473257,0.4296575801750457,2.9721990161691854e-05,0.0002046019149699,1.421219027186788e-05,4.025376159012639e-05,1.3684483039284124e-05,0.0904495995049742,1.9650088021370327e-05,4.885523209932032e-05,0.0234258089182426,0.0394301660835975,0.238428009820618,0.4505620326484587,LCO,13,91
-5983.774454113777,2.218905105899127,1.077902968766548,1363.4291199790794,-4.799129836049666,-0.0008701639503456,-0.3596707318314436,0.2137012275310462,1.4184374270532946e-05,4.403391937985797e-05,8.076862955450007e-05,4.517612384242629e-05,2.542993375019188e-05,0.0451943362991906,2.362769159966454e-06,3.938574300766213e-05,0.0040221153658105,0.4275349660134055,0.1282641267897477,0.0145301753654031,LCO,12,23
-119425.77571491784,2.2095926199917693,0.5968266816299951,15591.22450776393,-1.772314436039515,-3.027685563960496,-0.4422856052368614,0.2875387342062142,2.506877522920571e-05,5.718813584946232e-05,2.221224523615623e-05,5.383077716791757e-05,2.5269947697028188e-05,0.0494600915001487,1.4196221560741856e-05,4.935758836283378e-05,0.017947710604905,0.2442509356987647,0.2068807857884752,0.0365826732758987,LFP,13,12
-97794.5384582236,2.366226068664932,0.0155784340914918,83982.07156712165,-0.4754217854721929,-4.324578214527818,-0.5838879126882652,0.3293683645877009,1.4781364392132116e-05,5.9474853213876605e-05,1.5786584183284315e-05,5.687784128040648e-05,1.722634688452587e-05,0.0608577758426123,1.982307463807133e-05,6.382108586342105e-06,0.0131722477696123,0.186246168858617,0.1466569810296981,0.0132089374234196,LFP,13,86
-273084.78173129965,2.7009840608532074,2.991651685841717,18607.506425141117,-2.8809943236618807,-1.919005676338131,-0.55686586489089,0.3546609412418251,1.2002698252182976e-05,5.891029415453251e-05,1.2640532250004932e-05,6.7530280769017e-05,1.5296804730042332e-05,0.081367339016179,4.23982910125862e-06,4.956815264167613e-05,0.0245808301322623,0.0570640102876565,0.2061467138876208,0.1099234109338327,LCO,13,4
-439660.2430818337,2.609698476953472,0.0298627184263901,269277.6183207872,-0.4305997069823704,-4.369400293017641,-0.4725846189681052,0.4884117690678791,1.2173523136574783e-05,0.0002436887957922,1.1678092567938472e-05,4.692399988394359e-05,1.5175790503339226e-05,0.073692713265334,1.7258067925121026e-05,4.930238836546407e-05,0.0230624243729743,0.2723846582702422,0.0116372309705786,0.173393491791074,LFP,13,70
-170371.28870196204,2.13626386195292,0.0533247805309359,88324.68742364673,-0.8331427463944365,-3.966857253605575,-0.3849502567978139,0.4647446489391162,2.874336277287516e-05,4.903026107157512e-05,2.4757553679143045e-05,6.111179004403068e-05,1.7751899642645946e-05,0.0490155569799675,4.50600100624021e-06,4.998899096061412e-05,0.0245838508133557,0.1166591960280932,0.3073253576534085,0.1210651895206843,LFP,13,37
-234921.7432240357,2.255059676653394,0.0181381693834768,126897.83567223998,-0.3902807685826772,-4.409719231417334,-0.5680930153927577,0.2999433670280284,1.8978899712290157e-05,0.0001061771441172,1.11355181140651e-05,4.586881758083425e-05,1.3994737232860927e-05,0.0426338275957242,1.460648124681837e-05,4.93010622934037e-05,0.0222513485754445,0.2839328109854986,0.0109367673897586,0.0670374062319851,LFP,13,64
-156078.08680433774,2.1242164815801208,0.0144650189390192,215156.7761077377,-0.5302736289600176,-4.269726371039994,-0.1002624478031953,0.308018186476493,2.733548071203983e-05,5.1292082108941245e-05,5.646319064708032e-05,5.8068396440928175e-05,2.0609242619239568e-05,0.0520586076120228,1.8748166295231618e-05,4.104903019456078e-05,0.0246540184125245,0.3387198562880488,0.0415838193940486,0.4494338765147072,LFP,13,91
-168440.6148024621,2.350523554104888,0.1987026886728791,24192.718441169087,-1.7364623654726117,-3.0635376345274,-0.114377935804864,0.2830911133868263,2.9752900516764265e-05,8.53399875135096e-05,2.2261480633979803e-05,5.9485858174082094e-05,1.4542273659952437e-05,0.0483666258443693,1.172744039579654e-05,4.935985114476344e-05,0.0234315349200963,0.0358163071529639,0.2061870256504181,0.573618731391754,LCO,13,12
-128892.4653366274,2.19575596588801,0.0498657467420769,40080.41278521815,-0.9038365966602412,-3.89616340333977,-0.3338109552748264,0.2172500589784617,1.63213673171533e-05,7.746766710423594e-05,2.098250307682266e-05,4.855226840698693e-05,1.9114829828292345e-05,0.0494859091993171,1.0267073103514565e-05,4.170144770385024e-05,0.0193976887252156,0.2134985729586321,0.208094092557985,0.1745963792085564,LCO,13,25
-256854.3137606426,2.222101158509464,0.016699302549336,351189.87897045555,-4.31611233900243,-0.4838876609975813,-0.4447089334538467,0.3642575883949065,1.483092224307768e-05,4.703333840510718e-05,3.307949180161565e-05,4.382146802075165e-05,1.791748099072121e-05,0.0893093383396915,1.9898741247371105e-05,1.1310106400209046e-05,0.0239807475102347,0.2455387720385373,0.2296498095825897,0.0101024849250262,LFP,12,85
-154822.37939803785,2.3649307727299256,0.1610735049745935,23144.43271572212,-1.812042364491916,-2.987957635508096,-0.1487260225707114,0.2092939061243399,2.988948500606665e-05,8.538574822705307e-05,2.2518303620553555e-05,6.571506987344057e-05,2.723257009236209e-05,0.0455245611622051,4.168534774340992e-07,4.947478301422433e-05,0.0248412938430225,0.0347836719822379,0.3229003311042055,0.4235899743428452,LFP,13,11
-162279.88212032305,2.517590009757574,0.0127538541922882,133277.70256065333,-0.5338708098691569,-4.266129190130855,-0.5717001880095146,0.2984240260303339,1.477732624305858e-05,0.0001146232846248,1.6190976392883834e-05,6.292411751678098e-05,1.9305804007209977e-05,0.0988921714989603,3.0903453147329145e-06,1.7860847765249452e-05,0.0123506483258054,0.1976619125181225,0.1465841317565721,0.0140537677157908,LFP,13,92
-147374.0550090577,2.829948312069763,0.7478236629063554,10334.63718871428,-2.327974307600016,-2.4720256923999955,-0.4849114580360665,0.2178428750169496,1.6263666610256866e-05,0.000119782827542,2.099823760745833e-05,4.585293886418367e-05,1.9125245974164628e-05,0.0425548634519373,1.6627129650088725e-05,4.165167365174819e-05,0.0193842090104468,0.2127799095447625,0.0108894855334773,0.2214191468856935,LFP,13,7
-198365.46833794145,2.5376084019255014,0.0120056325440196,161660.6691187233,-0.3515094693694252,-4.448490530630586,-0.3568826999573929,0.247356100431719,2.5454328060862768e-05,0.0001584331199581,2.271751653451587e-05,4.4940193786462585e-05,1.4960515462705576e-05,0.068890350816207,1.661282503615308e-05,9.51959034553808e-06,0.0184570890152858,0.4007870186284423,0.045708837360972,0.1266214440531927,LCO,13,75
-231840.511260476,2.0983893904413,0.0275506423331128,110747.60160611745,-4.350554740409983,-0.4494452595900284,-0.227417355020687,0.248755027366805,2.5426103408816195e-05,6.450202834595614e-05,2.3537054300025e-05,0.0001393191971806,2.8428265968076013e-05,0.0978017875333813,1.8181941875097983e-05,4.887653669259194e-05,0.0172573768801616,0.0556972346260154,0.0745758081719457,0.5723096021813519,LCO,12,50
-168351.1389388214,2.129781393084264,0.0178889504617878,209258.46244731828,-0.4891743686455925,-4.310825631354419,-0.6562902795301,0.3904368509576069,1.4797464525759949e-05,6.096645882034385e-05,1.5647374761799285e-05,7.717820843129182e-05,2.069142341333148e-05,0.0432230627956272,1.7672680311196618e-05,4.912699327600808e-05,0.024259227908083,0.2192984767289529,0.0381392951898854,0.0162719485510615,LFP,13,86
-325822.6448091664,2.3147729543849143,0.009231705029376,374070.4131109152,-0.5403700438277568,-4.259629956172255,-0.3403849425023623,0.2047832071473194,2.5952314157240744e-05,0.0001532745121813,5.718571937899624e-05,6.755701198416243e-05,1.5404260297439744e-05,0.0701074405417981,1.989659908336118e-05,4.981718378457087e-05,0.0249549523448964,0.4174625452870288,0.0452167855128314,0.1269357266977774,LFP,13,96
-84558.7964615658,2.1157267076772204,0.014933900244629,68986.55195216688,-0.4509098100121207,-4.349090189987891,-0.5840938130889017,0.2872142507015969,2.5059948671695567e-05,5.716288961361551e-05,1.164489636213111e-05,4.715477045801556e-05,2.869732059193388e-05,0.0430516839548553,1.462208432410377e-05,4.949084165795006e-05,0.0151389958889492,0.2442748880120472,0.0770764320517576,0.0245548668472934,LFP,13,85
-194549.5985655172,2.1447704638668923,0.0101614011132658,327305.6494272923,-4.370449575601242,-0.4295504243987693,-0.2100173562102119,0.2040454437778992,2.463484542275529e-05,0.0001552148869361,1.175356068172595e-05,0.000131945088566,1.4125462766180528e-05,0.0700726669219517,1.989781408282746e-05,4.9827656487665474e-05,0.0249269846708301,0.570211751551853,0.1310916643925196,0.0186792278454155,LFP,12,95
-328568.19059271435,2.3636952175754526,0.0135602302557942,343018.5322967435,-0.575280050670635,-4.224719949329376,-0.073436530123143,0.3149352971636527,2.5927560719833413e-05,0.0001549486324941,5.793137632344469e-05,5.8762446515174455e-05,1.537018013829898e-05,0.070215920082549,4.155258252766596e-06,4.973984336658204e-05,0.024961700123135,0.4239334006888582,0.3116758239725735,0.1209542452154252,LFP,13,98
-140477.4932753242,2.3702841342587258,0.0123226386933581,118725.27788472244,-0.4077590269804148,-4.392240973019597,-0.2146486672230082,0.2659025606519962,1.986778366079068e-05,0.0001033522290619,1.1663836910136836e-05,5.509798681317799e-05,2.415660638491597e-05,0.0623048293442987,1.8288517171999506e-05,2.178567734278244e-05,0.0168889471005977,0.3030333304331363,0.1491496612460559,0.2631683410977994,LCO,13,81
-170063.3416352335,2.0937675667826947,0.0595234370758932,50926.08868025741,-0.9940269518390394,-3.805973048160972,-0.2667031268940257,0.3181545509347995,2.6267041339947007e-05,5.620282536545077e-05,1.0498809978860173e-05,8.439388071474266e-05,1.200868052456424e-05,0.0485178324146897,1.1676248328068266e-05,4.748261774875471e-05,0.0231851455522628,0.1118429030821804,0.0388912253521168,0.512562744671677,LFP,13,24
-106888.41293834538,2.569167452517509,0.0099202793587378,81525.13535275776,-0.3336080646493542,-4.466391935350657,-0.4782457432703137,0.2048677509853625,1.713344315729103e-05,0.0002421560760819,5.72655173630954e-05,6.210333428632768e-05,2.7656857844284307e-05,0.0411028073066558,1.5024501091389474e-05,2.7683522023925432e-05,0.0163928981382638,0.232260429312879,0.0976950392388012,0.121798788178006,LCO,13,75
-81884.50418868712,2.1647038928934617,0.0175599213993278,55017.52466868192,-0.4657070488158012,-4.33429295118421,-0.4594858294377074,0.3299581631519701,2.512975623759038e-05,5.584176238026566e-05,1.0318880103346137e-05,6.142076539459705e-05,1.7084021648422588e-05,0.0447172729188823,1.2812141829243728e-05,3.1178150673718774e-05,0.0131700841013421,0.2449496413915943,0.1495924693334185,0.0759720598372797,LFP,13,85
-485089.9486846544,2.411191586948824,0.0196696684378081,441316.6145935382,-0.5641019828184355,-4.235898017181576,-0.1590667602708856,0.4451231614272328,2.154080217052511e-05,0.0002442492248737,1.2331903233237052e-05,0.0001248184139925,1.2139519277320996e-05,0.0925514298985684,1.6983954340464303e-05,3.401056983126804e-05,0.0247447472798283,0.031289868761227,0.2406865405567743,0.498956830411113,LCO,13,90
-453330.7056551792,2.210293207021274,0.0112018694289106,400233.9936654152,-0.3151250144348054,-4.484874985565206,-0.6430859268200264,0.2057030444673867,2.587836732734969e-05,0.0001197630745738,1.096377364767918e-05,0.0001275573463214,2.5004966864708067e-05,0.0983847628202098,1.804335294540044e-05,3.885608524720956e-05,0.0242722274913957,0.0737454394678382,0.1256691427407531,0.0874994909713822,LCO,13,71
-182237.5487847876,2.2383313933490085,0.0504646250516882,104387.23794506265,-0.8717654386587128,-3.9282345613412986,-0.5553767201959933,0.5791365943513113,1.324773242072237e-05,9.074915306993666e-05,2.097191457179933e-05,4.278265207125429e-05,1.8933460519574087e-05,0.0494908087527054,1.753122324431777e-06,3.786742358870642e-05,0.0245968158011057,0.0709181349034226,0.2063221618264333,0.0973829830741508,LCO,13,37
-6275.789644307404,2.1661267274792637,0.0490972888282084,2163.293011937658,-4.514592202408608,-0.2854077975914038,-0.5594451519926747,0.2068646458800035,1.2257048371279758e-05,5.385553650786253e-05,4.098522663107583e-05,7.50141433343713e-05,1.2774934343321784e-05,0.0426741878057563,1.236470742665025e-05,2.2769579951469205e-05,0.0040145774779821,0.1247770339453817,0.0504395560629057,0.1953382579990378,LFP,12,35
-704364.6928939375,2.6661514976984666,0.0367730678631235,135074.70637531145,-0.8614744404382719,-3.938525559561739,-0.1668698850584362,0.262469419230427,1.628534392694423e-05,0.0001987683379412,1.4138855048572105e-05,5.954442630440876e-05,1.39692187056814e-05,0.0908640147763585,1.2300990482378844e-05,4.093762376537028e-05,0.0248024394860022,0.1162050898755257,0.5202553632797623,0.1266696617862758,LCO,13,28
-434822.503117792,2.4648476920035094,0.0098768919794145,244536.78467221884,-4.211281169661007,-0.5887188303390047,-0.5631076948311671,0.2015422387324308,2.6118562622691447e-05,0.0001900942951614,1.021088086712704e-05,8.06576901400599e-05,1.356534483818002e-05,0.0698556077630015,9.58178327861922e-06,4.242101937446989e-05,0.0221915080692934,0.0559168149953794,0.2571558227445273,0.0538196674289262,LCO,12,79
-95459.23180785004,2.454075344015971,0.0100052017270688,43835.642748817074,-4.2302104377096725,-0.5697895622903388,-0.2415304839371573,0.2267925437169548,1.3988902315963269e-05,0.0001520841530222,1.0239989455617611e-05,4.765757943731224e-05,2.0700644862956916e-05,0.0410331866945359,1.4439253468230071e-05,4.6969014791088646e-05,0.0130356398791279,0.104262468897754,0.5692623185081416,0.014944728656947,LCO,12,79
-33531.87782416771,2.464371516812584,0.0093356695474197,14044.947576054385,-4.220338454815398,-0.5796615451846137,-0.1394892304912323,0.2096445121862269,1.7411652688048732e-05,0.0001519393643027,1.5656518062166104e-05,5.106386436377943e-05,2.069970166374405e-05,0.0405616919994383,1.4388364076119642e-05,4.659249213527403e-05,0.0075992322088641,0.0958243056299254,0.2865623619274416,0.4081241019514006,LCO,12,79
-6317.805706726994,2.126876225299956,0.024871879252999,2621.3560148337865,-4.383002913929715,-0.416997086070296,-0.1802931076737517,0.2616273749377898,1.3953482237292931e-05,7.295748518488459e-05,3.647854392993891e-05,0.0001213367695976,2.983743034812649e-05,0.0414423539243219,4.036141630167548e-06,4.965840757544338e-05,0.0040277958069724,0.1163945332103951,0.5040370785351821,0.129275280580671,LFP,12,51
-295265.5757595941,2.117045359752721,0.0115243013625867,204535.98767375792,-4.219108924168978,-0.5808910758310333,-0.3921543717673823,0.2157084763723813,2.9530453587827675e-05,5.4693608085339765e-05,1.3260113543204486e-05,4.589884907385606e-05,1.3501689409749948e-05,0.0875887396569545,1.2895703822964253e-05,4.180278559599416e-05,0.0201588983052393,0.0317098547867405,0.2916756464449221,0.214460127000955,LFP,12,79
-181789.950429451,2.5362421219760165,0.0104238537047578,91715.08497431602,-4.242918168188417,-0.557081831811594,-0.4420626804324092,0.2616319412367352,2.7558069320488856e-05,0.0001855985523601,1.5084252946961475e-05,0.0001067069332026,1.3139286363551155e-05,0.0405021554367979,8.65034516079207e-06,2.218089682222978e-05,0.0181252309820344,0.0256547449713973,0.444068902189619,0.0182136724065744,LCO,12,80
-261559.4391209826,2.5137258348515994,0.0091465647428789,116774.80178818076,-4.26928971879812,-0.5307102812018911,-0.0678175484815641,0.2221726739693926,2.913070109346154e-05,0.0002394677397564,1.7815254092965213e-05,8.074361550870424e-05,1.3178433136414246e-05,0.041809744355333,1.7882519590359483e-05,4.5441252444410313e-05,0.021233789911243,0.0485331360973151,0.5130777027638191,0.3005716126573016,LCO,12,83
-613236.070749329,2.528205172607336,0.0103708606542877,251193.4909968273,-4.24885870578742,-0.5511412942125915,-0.3635580421954174,0.2387504651575666,2.619276510513256e-05,0.0001693776725109,1.0207871626111954e-05,4.199075186622004e-05,2.767006234106245e-05,0.0818171799894805,1.0317310554534518e-05,3.9257736649097353e-05,0.0219728686200386,0.0138441496534842,0.5342172714995114,0.018380536651587,LCO,12,81
-67121.27776948905,2.579721784635644,0.008953556380139,38898.51687276364,-4.206767310772435,-0.5932326892275768,-0.5704574946917244,0.2137518708757376,2.5522786889204323e-05,0.0002411999243444,1.5861568530432926e-05,5.3413571381985175e-05,1.3515146079177966e-05,0.0400712352985348,8.13341406031547e-06,4.6398796564143976e-05,0.011697220247249,0.0253867975105796,0.2927943275536799,0.0413613802440161,LCO,12,78
-80914.93281367546,2.106874115584225,0.0097535920784652,66246.17378140392,-4.219734052037751,-0.5802659479622605,-0.3852986236903785,0.2125291049290829,2.865295078456168e-05,6.444981717564381e-05,1.1458739855775838e-05,7.155809419337266e-05,1.3516436487806932e-05,0.0898446066654172,1.1806637083537426e-05,4.8099905579660455e-05,0.0110537130320795,0.2599694204236565,0.2586735011651117,0.0260584547208533,LFP,12,79
-473807.0638099893,2.372572128258988,0.0102651174988089,239937.57272832896,-4.224378653959249,-0.5756213460407622,-0.2545338549797465,0.2347003211475541,1.275200572972524e-05,0.0001338244078094,1.10315882593517e-05,5.116500514920252e-05,2.825347388295729e-05,0.0632084825945203,1.645260812451923e-05,4.6977573741916296e-05,0.0247445837173116,0.095972276247761,0.2146732665120416,0.3648206022604509,LCO,12,79
-217590.49083485384,2.198245271831177,0.0078795238165681,210624.29170113237,-0.3676366329705374,-4.432363367029474,-0.1461850493038275,0.234404562888077,1.4289809178757638e-05,4.171943741881751e-05,2.3009127086816303e-05,4.311746106156585e-05,1.5032320740079044e-05,0.0985409398466609,3.0609842043784373e-06,1.1072799100624276e-05,0.0203764014112831,0.4003870465924196,0.2562579757828428,0.12716992832091,LCO,13,65
-224077.6565598201,2.291918668078846,0.011522308488043,116363.92886584952,-4.210124818353599,-0.5898751816464127,-0.3032693283734305,0.2002819061830896,2.7526564635322625e-05,7.969034696508088e-05,1.604997328552289e-05,5.601967375259082e-05,1.3397365065068152e-05,0.0403102265327959,1.1757404994421608e-05,2.8327262751575575e-05,0.0219642122876167,0.1008875243311817,0.0329851209584086,0.4928580263369791,LCO,12,79
-534833.5306541801,2.5261208332645517,0.0113861915678013,202247.2317786068,-4.25507813611663,-0.5449218638833813,-0.2761010796069669,0.256106925356657,2.6117865918388867e-05,0.0001691946112258,1.0212284902478198e-05,5.429663183425813e-05,1.2150262430116938e-05,0.0652238595852278,1.0372237829958074e-05,3.924278466878006e-05,0.0219653053665656,0.0566735555619169,0.5338314567023867,0.0633939081287294,LCO,12,81
-89147.26605487366,2.3133845041091474,0.010896628556734,44874.99636560277,-4.252057606730233,-0.5479423932697784,-0.3092792379944219,0.2781220738732867,1.702435508513573e-05,0.0002046460344604,1.0122427251347685e-05,0.0001079729472439,1.3033340679598798e-05,0.0402668985204639,8.605912634351019e-06,4.651714021048411e-05,0.0128567397444609,0.0284608095136964,0.5732388190741697,0.0190211334177119,LCO,12,80
-180468.0920579781,2.0727838202170417,0.0119868273317373,100228.9017073583,-4.188531976800142,-0.611468023199869,-0.0808756388786011,0.2175301474896192,1.4565701101363856e-05,5.686153005612049e-05,1.0001592479207967e-05,0.0001366548894409,1.971288092521357e-05,0.0405347407631686,9.00758594086081e-06,4.9395889508287954e-05,0.0222289564917328,0.0795253119303387,0.2620706057462995,0.5075284434447607,LCO,12,67
-376004.6017686234,2.601762908346161,0.0098616198574813,190516.0346822657,-4.244330921093621,-0.5556690789063907,-0.4755218260356982,0.215701383725273,2.9723550428692324e-05,0.0001957367318705,1.6476799411143794e-05,4.558674228276424e-05,2.580911866778595e-05,0.0591426035737967,1.9774166758760613e-05,3.5469858361972e-05,0.02174637178552,0.0546936785128761,0.1758569424357649,0.2239275530156607,LFP,12,82
-65358.51609916389,2.2680785993727914,0.0065375168232048,36559.3518084088,-4.261395820183843,-0.5386041798161685,-0.2584686684896284,0.2395029895930289,2.6940278350216123e-05,9.426453340104202e-05,1.586160848179046e-05,5.34022796128504e-05,1.4062521510678075e-05,0.0436191743520269,4.043040204161782e-06,4.041325930344697e-05,0.0116881487223674,0.0692451168609554,0.5520602737047327,0.0502259409446834,LCO,12,82
-100289.65230565236,2.5527186354216886,0.0095001489875414,42117.63447766634,-4.20628433159694,-0.5937156684030711,-0.3719331815617214,0.2325460479888942,2.8754926102765367e-05,0.0002185740279179,1.2333024064172798e-05,5.3543474360436326e-05,2.398315732565269e-05,0.0400050700847652,8.028277238546075e-06,4.719165717058417e-05,0.0130387638069819,0.0317687796368768,0.5089162262945333,0.0173818125068685,LCO,12,76
-393443.7712522735,2.434141451009053,0.0093438334255099,195936.69766299025,-4.3436959827564365,-0.4563040172435748,-0.8178198338436905,0.2088493206441747,2.806403233198396e-05,0.0001555860842203,1.4185607326086378e-05,6.068400387043934e-05,1.282317166035386e-05,0.0416201369655407,1.6789615586567985e-05,4.846557418345953e-05,0.0232969016125299,0.011905006669931,0.088736886790409,0.0115382726959694,LCO,12,91
-108723.94318713604,2.5696323465709976,0.0100924033804407,54536.40985016485,-4.292920714179374,-0.5070792858206374,-0.7856221142229638,0.2453752335931227,2.8753768258863756e-05,0.0002372487290618,1.5103333484322e-05,4.120297065709943e-05,2.839150009546129e-05,0.0400046201474856,7.980460954178715e-06,1.1267861025884437e-05,0.012973368226757,0.0339992793694627,0.0326024936214791,0.0777761127860945,LCO,12,86
-201194.53774191564,2.117898342047887,0.0093355249775147,177149.76754909256,-4.218436955844737,-0.5815630441552742,-0.3434661266472226,0.2157644965055483,2.44442081631351e-05,5.503884039450698e-05,1.0168631269426684e-05,7.75927434832294e-05,1.27638943936284e-05,0.0610555461171891,9.435323818005285e-06,4.2329379262600784e-05,0.0218711833979623,0.0103919161142008,0.2830057711890921,0.2931361860494845,LCO,12,79
-10363.092272925553,2.413793773259937,0.0102631961511103,8305.40277790463,-0.3866807044875884,-4.413319295512423,-0.0212058946636177,0.2178148767187017,1.6044900121437263e-05,0.0001937531778915,1.2847331355486988e-05,6.827819000116104e-05,2.42008178085843e-05,0.0601240547565605,8.1036048154507e-06,3.2799685752672104e-05,0.0047099877441446,0.3233324104081567,0.5470968302439125,0.0383648646843129,LFP,13,79
-58177.19104290197,2.1280413847151323,0.0112903508442988,32958.213341979776,-4.245147105643682,-0.5548528943563298,-0.1737065636962108,0.2037987558663156,2.733420484069314e-05,5.646196507662339e-05,1.7591093063630242e-05,5.189843377649166e-05,1.435816641679883e-05,0.0436207138615358,1.1833739567183727e-05,3.845237536000868e-05,0.0115163471724295,0.0701738100452336,0.1429333384160453,0.5431862878425102,LCO,12,82
-266325.50996467826,2.266896590336984,0.0104364750234814,189113.3174920511,-0.4221541692422903,-4.377845830757721,-0.02081995474939,0.2151664796527418,2.9826733177381463e-05,0.0001682791734967,1.5655422912405696e-05,0.0001456517421065,1.4921031068656684e-05,0.0484981620297232,1.5088924412919129e-05,3.946309959588744e-05,0.0243044086390206,0.1186242969593451,0.37826414883486,0.4122915994564049,LCO,13,83
-34570.211068454955,2.487121705451048,0.0103770738018971,19332.72621394547,-4.2280772594447456,-0.5719227405552658,-0.150359771523075,0.2349963347741014,1.7591533082639925e-05,0.0001591593583946,1.7805802809047575e-05,5.1165630208888766e-05,2.839529168891723e-05,0.0632469636955563,1.6480021714180765e-05,4.65888974412447e-05,0.0071676771781406,0.0957555266155416,0.3196213592554972,0.3642633426058863,LCO,12,79
-205347.73948332804,2.126682668069575,0.007367354218042,170365.81990468668,-4.195811823715879,-0.6041881762841328,-0.2834628737962521,0.2391655767588141,2.666898665500385e-05,5.158201016736981e-05,1.5710208212725954e-05,4.95624583033111e-05,2.2421381176525085e-05,0.0908398940478547,1.968065547938523e-05,3.898245021124038e-05,0.0196356007296887,0.0659217274300572,0.5591168270603899,0.0214985717133008,LCO,12,70
-80001.21522640433,2.1092429918541264,0.0112573950994725,58584.64797710608,-4.219651882749375,-0.5803481172506366,-0.1676339857906109,0.2126527747132321,1.427732609250524e-05,5.326406790130789e-05,1.0031360366252665e-05,6.963631423616309e-05,1.341757722899348e-05,0.0879679137621645,1.1805259282543936e-05,4.519555935302433e-05,0.0106106302142207,0.0359986982111554,0.2659408236128067,0.4604264923854269,LCO,12,79
-15403.514746146897,2.1237874619591706,0.0093982201995878,11112.573298316836,-0.4189508523361169,-4.381049147663894,-0.0998506015540334,0.2163602186187436,1.4204900736037267e-05,6.787983703555009e-05,1.243160859423376e-05,0.0001183051474474,1.5533657520294242e-05,0.095637095686504,1.1778960054163792e-05,3.68521459934851e-05,0.0041210396143128,0.1548594334230727,0.2634736905751118,0.411816274447782,LCO,13,83
-131860.96727511374,2.1704048219462235,0.0176238790872685,94834.44088283736,-4.218143571396908,-0.5818564286031034,-0.2313157494291063,0.2283560949265273,1.2523456187643913e-05,5.463672392327255e-05,5.512930336421815e-05,6.629532006803379e-05,2.070346876548431e-05,0.0424836528667148,5.803080709407684e-06,3.50089031658566e-05,0.0209495726493571,0.0682594263312596,0.5733287045071243,0.0570961197325097,LFP,12,65
-24903.08069093464,2.280344590594128,0.0097797581609369,18448.39895081475,-4.214132175340694,-0.5858678246593172,-0.4883870802212155,0.2052816225523722,1.3896760952275378e-05,0.0001037665899159,2.292711010762843e-05,5.916745265043921e-05,1.3384252142273126e-05,0.0835828667625772,1.1875926977406953e-05,4.131407963753623e-05,0.0056265764803124,0.12110438672875,0.2697843139966323,0.0507242190534021,LCO,12,79
-204372.85950794336,2.586209206966367,0.0147001239900852,76922.24993597093,-0.3651031747233304,-4.434896825276681,-0.0614640504507776,0.2630487117697478,1.7403449268033738e-05,0.0001985506512135,1.0070994774838556e-05,4.183943691280885e-05,1.3915406004009842e-05,0.0863377573567305,1.4888634803236033e-05,4.090537821991263e-05,0.0126543041049883,0.1221443696408609,0.5716116998103506,0.1747798800980108,LCO,13,68
-153559.3201571628,2.1179434298929163,0.0107940237668175,148356.78181598953,-0.5528608759182276,-4.247139124081784,-0.0836136376108601,0.2052894675078883,2.8068106282477156e-05,4.690518001606199e-05,1.4255290708273075e-05,4.664999384514817e-05,1.6748491441566945e-05,0.0631110790538781,1.6791866786237464e-05,3.676886977552318e-05,0.0188041221452266,0.1556965178816252,0.2736405667516142,0.4170492777559005,LCO,13,95
-4934.213121891984,2.1751630405900406,0.6129454066448528,1614.0013068333974,-4.710568611118887,-0.089431388881124,-0.2956158046983581,0.2085878822506628,1.7928343350227324e-05,7.951758988670418e-05,3.5203101051019584e-05,0.0001492772904965,2.9818368783837227e-05,0.0469029983238958,4.035977974307045e-06,4.096180359104823e-05,0.0040221693094515,0.5032989612987626,0.1067189493816687,0.0243662846212105,LCO,12,26
-379114.1904392178,2.285828865799989,0.010116882434533,282724.33991819783,-4.267118894785988,-0.5328811052140239,-0.5486112858600858,0.2187188091822741,2.6831791365870967e-05,0.0001007505236775,2.31772952886712e-05,5.416557895075189e-05,1.209021484865854e-05,0.0920638354053035,1.0351401175273546e-05,3.825295047559347e-05,0.020667443800023,0.1471625550318002,0.1649509645954548,0.0692751945126592,LCO,12,84
-21381.981782161496,2.430903791244784,0.0094208035009544,9950.855603014668,-4.249857749974694,-0.550142250025317,-0.1809327358775623,0.2222418451574537,2.920739550291428e-05,0.0001787608032364,1.7919925410377688e-05,8.091791217365212e-05,1.4377275273096751e-05,0.0409606231311661,1.9521408826115927e-05,4.853791220730122e-05,0.0061927918209852,0.0709028190856573,0.1337930627280795,0.5443713823087009,LCO,12,82
-703583.8559920081,2.4753609411957664,0.0113579131575235,315096.53487501206,-4.193997715673177,-0.6060022843268342,-0.3297507116900148,0.2400590646589029,2.667750559151802e-05,0.0001949502338002,1.6250906571175384e-05,8.102847051331631e-05,1.3144326635619368e-05,0.099589965964443,5.301663985534065e-06,3.895078755754307e-05,0.0233786434202802,0.0660596729778407,0.5111117507312147,0.0230778646009297,LCO,12,70
-118408.78115690092,2.5239164217459966,0.0083384683941174,76415.83538629793,-4.345245135345031,-0.4547548646549799,-0.5613839605643495,0.2109892695676164,2.9640576464070686e-05,0.0002086365211973,1.1109290960111436e-05,5.627997865688643e-05,1.973109568263854e-05,0.0405202689011959,6.625230290499055e-06,4.336226626591098e-05,0.0154079009491534,0.0156954992214288,0.3406336141290086,0.012286926085213,LFP,12,91
-29005.87832778109,2.084575483545561,0.0106112858950623,24486.205363823345,-4.292031218092404,-0.5079687819076071,-0.2964389209619188,0.2584281160377029,1.8914111910168997e-05,5.494663322777942e-05,1.002427634789102e-05,0.0001376765901925,2.801288785599132e-05,0.0635567279625291,5.53553899146689e-06,4.65138677974252e-05,0.0076240797084159,0.0729372910057091,0.2616173589053909,0.299006429126981,LFP,12,85
-743269.0248647789,2.628339514595343,0.0363161838302969,139167.9124593859,-0.8392717229604898,-3.9607282770395216,-0.1875172094806902,0.2309968423366372,1.6323100840500985e-05,0.0001967568161874,1.4539271106407473e-05,5.971636445469714e-05,1.716869622327259e-05,0.093169597890335,9.422259052308798e-06,4.100652744539238e-05,0.0248680076170761,0.0977300925082607,0.5237178326405261,0.1210348653705229,LCO,13,28
-5916.081369676001,2.1469565586491663,0.0661273178019219,1628.1588122106127,-4.583699801677099,-0.2163001983229122,-0.2498244071896581,0.2135402484906406,1.482627705514847e-05,4.97714122111703e-05,3.926157665213031e-05,5.140273822250772e-05,2.2687571171057325e-05,0.0412382907464529,7.99258461884684e-06,4.480939572285024e-05,0.0040231695290535,0.2744916476293968,0.3895523077470546,0.0161316374338904,LCO,12,32
-400766.4814440163,2.9671699414314605,0.352984031154649,63587.93915319171,-1.785729593750517,-3.0142704062494943,-0.0449696011771593,0.4557487120462457,1.255832930881821e-05,0.0002009092628906,3.1398306568056775e-05,4.2920499961326966e-05,1.2778250147875463e-05,0.0961963847935677,1.866042846679008e-05,4.972671768520995e-05,0.0249100937372402,0.0535668918770596,0.5441008170057932,0.287362689939988,LFP,13,13
-4083.171720740057,2.0616794266461698,0.0052095298305198,4286.702895595381,-4.2477756976608845,-0.5522243023391269,-0.0070418317331885,0.2232611385046141,2.5805369963679813e-05,4.15337157861076e-05,1.6365670637928342e-05,4.836390016807304e-05,1.979638149540471e-05,0.040706975722929,7.512129847123015e-06,3.812862552543871e-05,0.0045886042234622,0.5896237899541259,0.2838919027117835,0.0494424756009021,LFP,12,81
-3547.699176398123,2.0513458944838576,0.0237514573639652,4531.820866727183,-4.263807813151757,-0.536192186848254,-0.176122436969221,0.4350818966087516,2.5810815523017388e-05,4.164053471623634e-05,1.6738413018895846e-05,7.459068285645694e-05,1.6759866423109002e-05,0.0407059485853902,1.572338954701958e-05,3.758731304882667e-05,0.0045868189195329,0.5852627524742359,0.1119927808146479,0.0566220297418952,LCO,12,74
-4434.406787259761,2.0751137798469146,0.0114987797567807,4435.916724728904,-4.225356764557361,-0.5746432354426503,-0.1240158932367458,0.2137038476587099,1.609949687282537e-05,4.827066129510896e-05,3.9515986690479806e-05,0.0001409038576171,1.692705702201304e-05,0.0451895151264792,8.43776755957076e-06,4.484784534902116e-05,0.0040121095561044,0.5286024249658725,0.261255127854874,0.0161265539425076,LCO,12,79
-550253.8955014055,2.697233872894442,0.0443387644577382,88993.12823254385,-4.714079991474414,-0.0859200085255977,-0.1316470195507025,0.2890290770048643,1.7430116070436056e-05,0.0002296223565882,1.4209049825930509e-05,5.440405537545646e-05,1.7695664093826126e-05,0.0927507569222292,1.6050785168032005e-05,4.089765172513238e-05,0.021437014329903,0.1425099746542488,0.209149031470854,0.4466939743241946,LFP,12,27
-305699.9390591246,2.158385962078268,0.5642365503271962,58927.59488924364,-4.723629732678411,-0.0763702673216002,-0.4353854375101489,0.2125215257415897,1.792733248866184e-05,5.34482092291224e-05,1.4140076277027133e-05,4.058080233319252e-05,2.41520759157744e-05,0.0756143869675397,5.392825977808795e-06,4.002592110550785e-05,0.0203704966480127,0.1617641971836083,0.2620173514238494,0.0708330138823933,LFP,12,25
-657039.2274502929,2.699327372050927,0.0302288255523734,96522.6142917601,-4.627350424257756,-0.1726495757422554,-0.0644290611936383,0.2116304970043398,1.619090629512768e-05,0.0002429566699414,1.398542509164352e-05,4.028974695361384e-05,2.110194109702564e-05,0.0918919721818154,1.787685454010466e-05,3.701558757529256e-05,0.0222571458460431,0.0936631120104048,0.2048361730096748,0.5670716537862819,LCO,12,28
-4965.382051774312,2.353983072157815,0.0227407176664196,1874.3498942681276,-4.529099116635777,-0.2709008833642343,-0.2242743698718681,0.2023632029579112,1.4258346527777508e-05,5.379235892435594e-05,3.393830468867313e-05,4.625790160957451e-05,1.2776719774007157e-05,0.0419535607740104,1.2319413490329736e-05,5.358212076868156e-06,0.0040447193298229,0.3189635014692145,0.1914403139689188,0.1953218146899985,LCO,12,35
-668588.1160784822,2.612297519738637,0.0350256470813027,160600.66033127395,-4.571058149003775,-0.2289418509962359,-0.2830632422289919,0.3007407634923225,1.299249523264355e-05,0.0002383500942764,1.4397882798205596e-05,6.149402116380524e-05,1.83826399643102e-05,0.0905031035145935,1.0507833893391895e-05,1.0901748801763816e-05,0.0239906022429038,0.1367094610715291,0.4793552336478905,0.0308720630515884,LFP,12,37
-434470.7384068315,2.465826915368294,3.5319998918229225,20788.80884437138,-2.8376894615215638,-1.962310538478448,-0.5620456549378197,0.2924483788380809,1.3892610378362096e-05,6.962658868455812e-05,1.1863240522385962e-05,0.0001251015493784,1.2027292132623988e-05,0.0909207139951409,1.968071637505121e-05,4.319610350737425e-05,0.0240463467701062,0.0458477880631687,0.1731762797265712,0.1489302772724403,LCO,13,4
-553079.571325684,2.7123400065420187,0.0388024092321409,88309.95126467725,-4.707256759984595,-0.092743240015416,-0.2119027111826366,0.20267392447934,2.2043366906324427e-05,0.0002387558535996,1.1769813554008565e-05,5.072704544450868e-05,1.2733695533395994e-05,0.0906009673426108,1.9415987642606817e-05,4.154988256016306e-05,0.0221417059561168,0.0129948415364321,0.5448825006699156,0.1602199466110156,LCO,12,25
-661873.9725764202,2.6687487264229537,0.0357363719562062,122016.9775556857,-0.8288455041514524,-3.971154495848559,-0.2359757719308296,0.2136998574042752,1.7837165186322827e-05,0.0001977929392605,1.0455303472886444e-05,4.991601962313211e-05,1.2568296335078613e-05,0.0947246637561917,5.013477012360798e-06,4.100083715786511e-05,0.0228598971943718,0.0977360333065782,0.5419964990024568,0.0542916957601354,LCO,13,28
-3556.715123385808,2.279197257400945,0.0356143515264403,1533.3026230572032,-4.582222050280478,-0.2177779497195331,-0.0002204383564309,0.2328778419462418,2.872668999055879e-05,5.42330227028121e-05,1.171566624211276e-05,4.93171834322985e-05,1.2654358816288957e-05,0.0406960375323068,7.510748891095954e-06,9.699544573572424e-06,0.0040428304118308,0.5940899076759479,0.2872737832128266,0.0484158707547946,LCO,12,35
-12440.593252996285,2.156771131604301,0.008685333858759,17652.564367962284,-4.39662659047287,-0.4033734095271413,-0.6143528257430193,0.2045493035778808,2.1399046893915112e-05,9.965379517571636e-05,3.668587607908885e-05,0.0001489401380858,1.6155009985186e-05,0.0918180631073975,5.72112982178374e-06,4.958342024556352e-05,0.0045562551554204,0.0163534298802769,0.0317208091589238,0.26757293521778,LCO,12,100
-4667.355355128384,2.271407158853176,0.0852180629785787,1518.2860815025156,-4.745911017615235,-0.0540889823847763,-0.2629009304072522,0.2623915144433192,1.3592110592552072e-05,5.589562958870206e-05,4.169469078536601e-05,5.3988561808571655e-05,2.3799953524542013e-05,0.0463757141525364,5.957139519038393e-06,1.1732940305248076e-05,0.0040050860314561,0.522074418873082,0.1267863915448022,0.0182382591748634,LCO,12,26
-527833.3136674912,2.550434987544549,0.0369687992662802,89302.97732153628,-4.677333839101415,-0.1226661608985963,-0.1663278255159916,0.2630224726528777,1.6286086593987382e-05,0.0001777988249253,1.420732546816712e-05,5.9710167437231536e-05,1.3652026256851196e-05,0.0903935400118534,1.226968226965022e-05,3.515530452046512e-05,0.0211059995181813,0.1163743740307589,0.522348296109728,0.1249495043435215,LCO,12,28
-454540.392488024,2.185974460518317,0.0477243254403071,105536.54421588764,-4.683554208319215,-0.1164457916807961,-0.5741560540964878,0.2897752620703354,1.4073441100544116e-05,8.694997010300957e-05,3.215616980144636e-05,5.968495274688034e-05,1.2182212966663364e-05,0.0981825908813441,1.2317338274451355e-05,4.614458743572056e-05,0.0209378593255197,0.1117120179209815,0.0706209165466216,0.173511011435909,LCO,12,27
-5447.160135511129,2.1186107368071783,0.0235609278148917,2415.1209076963023,-4.412400842876608,-0.3875991571234038,-0.1509495817547156,0.2128035140231915,1.2412618309708723e-05,7.29740104294099e-05,5.343610592518231e-05,0.0001221282352243,2.9969858591004545e-05,0.0414481025994349,8.6265561402598e-06,4.2452836391883554e-05,0.004022755022864,0.117764477720594,0.5504200583846524,0.110865882140038,LFP,12,47
-6067.263967877011,2.107961579485965,0.0088369859424227,5556.076456211253,-4.38826952320413,-0.4117304767958814,-0.5305686450528493,0.2090309774645947,1.7857108407501792e-05,6.750782556638562e-05,3.649689036323642e-05,0.0001227303759459,2.9802241803265545e-05,0.041444257262155,4.050020841619514e-06,4.3245018735321125e-05,0.0040211075287939,0.1163946814052922,0.1538397140026786,0.1291969595391799,LCO,12,96
-4529.732612130048,2.077015934536027,0.0091166224747845,5221.880958279201,-4.358410774701383,-0.4415892252986282,-0.1289501796955381,0.2091344494447968,1.3269873730294136e-05,4.808682126213543e-05,3.819633862017331e-05,0.0001128070682716,1.2712304712605913e-05,0.0453025754549243,8.437526022101378e-06,4.569848667822679e-05,0.0040032686936303,0.493038676196474,0.2605856310148293,0.0474255130931585,LCO,12,92
-6128.334538776376,2.148352070011182,0.0594263569252357,2102.225685317395,-4.564760688404377,-0.2352393115956346,-0.3057172306502235,0.2023625147124339,1.425713727158684e-05,5.383347531907089e-05,1.632767523747778e-05,4.538972611041499e-05,1.6752502560613515e-05,0.0486276781215052,1.2311538579099448e-05,4.551060710766689e-05,0.0041636732990772,0.3189504264314278,0.1061608891632084,0.1991714537551402,LCO,12,32
-596254.8341448342,2.2711720440547465,0.0313464663328447,94100.5165826064,-4.624845684511122,-0.1751543154888892,-0.1714573742219631,0.2092141683358078,1.6289784579293304e-05,0.0001113326474988,1.4920973059202044e-05,4.444334550408236e-05,2.4570784962003177e-05,0.0913281708556142,1.7945653019158657e-05,3.500063981705526e-05,0.02224315995753,0.0967378083607812,0.2034757057298743,0.4583291116873813,LCO,12,28
-5757.894597834336,2.065635158472509,0.0133020478525954,3799.2728077732136,-4.241180890750925,-0.558819109249086,-0.1387446920237326,0.2025192524404723,2.710235032694908e-05,4.054334377601014e-05,1.6201989017106405e-05,4.836514586582145e-05,1.667425271255078e-05,0.0400232207425686,9.122915417770214e-06,4.488026381574302e-05,0.0042423682235563,0.3889152652601334,0.3878663289602756,0.0144737137558583,LFP,12,81
-516557.8061983436,2.580340964030712,0.0114458319282717,199845.75147402025,-4.263779264108692,-0.5362207358913196,-0.1537809639883873,0.2656276204582567,2.9840402309085665e-05,0.0001691958590522,1.7808317816485897e-05,5.433219702883423e-05,1.2010039908599564e-05,0.0652368388088078,1.0368564144547447e-05,3.573469883554539e-05,0.0223205067106134,0.0412944825946347,0.2414304546607059,0.493494098756272,LCO,12,82
-4667.355355128384,2.3934722430881,0.0846030603889715,1435.326515051122,-4.752523503039548,-0.0474764969604635,-0.0222094009500831,0.2407397495402691,1.3258604238573914e-05,7.966975168189986e-05,4.224719736631054e-05,6.136294840272671e-05,2.610180951745661e-05,0.0463852907815239,6.082579893123649e-06,1.0098425312864424e-05,0.0040188658739101,0.5944552711980631,0.2664489981790274,0.0468863296728263,LCO,12,26
-5599.007075121584,2.0797035761824776,0.0092043440714372,7057.205069518377,-4.299059605021412,-0.5009403949785991,-0.5907083917150933,0.2090950551441612,1.750693542419409e-05,5.183006893319606e-05,7.0234486221701e-05,0.0001222272881171,1.3376597519724797e-05,0.0417327318687741,5.393344045199732e-06,4.474873913989546e-05,0.0045896245524127,0.1254218291211743,0.0909726040545289,0.1228971751092035,LCO,12,87
-3588.2865903526267,2.2106361722476207,0.0169529831912142,2921.864795868755,-4.249082483389259,-0.5509175166107525,-0.0225150740486655,0.2082269276038821,1.2435293183168212e-05,8.275147901454764e-05,4.24137758214198e-05,4.611067104544944e-05,2.621075309222042e-05,0.0400895269041692,9.694984974448845e-06,2.9804146068055557e-05,0.0040247892191569,0.5948894954857036,0.2659225874328368,0.046672843032794,LCO,12,61
-6316.279226524186,2.096322088553116,0.0171094901188219,3826.529751271532,-0.3876459502430549,-4.412354049756956,-0.3606334481700997,0.2869186042766779,2.5810231800771207e-05,5.537429405737814e-05,4.4376747287538006e-05,0.00012604958656,1.722267968517577e-05,0.0400366726367801,1.5795235102939297e-05,3.767375606028284e-05,0.0040965035500426,0.1115604136821398,0.4072329677011097,0.0505731704466508,LFP,13,65
-435331.59035031067,2.330164142290957,0.0207916909214753,335477.8328667164,-4.3376518736478005,-0.4623481263522109,-0.2736001833596954,0.4173409582212193,2.876091396985184e-05,9.863733178223756e-05,5.980508311788892e-05,4.65289723979466e-05,2.495048447151768e-05,0.0847396255472974,1.529958970659409e-05,4.1489137988103225e-05,0.0248350152302388,0.0817129724501997,0.5631051378152643,0.0115817063748405,LFP,12,85
-4455.744920989082,2.138390832423911,0.6339785324775822,1982.811740783956,-4.615012012975022,-0.1849879870249893,-0.0428537118147565,0.2141326910930488,1.237514398813613e-05,7.360946676177389e-05,3.9340989419069535e-05,0.0001221057380979,2.971147941017842e-05,0.0469297370922734,8.348487081604688e-06,4.134126470097844e-05,0.0042620015888852,0.4833073006386201,0.2505564270537609,0.1532825604928625,LFP,12,32
-6226.1043007788885,2.13972794972131,0.0093574664766563,4838.417132579149,-4.253305766167891,-0.5466942338321203,-0.5245722653941504,0.2090297467851816,2.026233320866217e-05,7.546814583148978e-05,4.508392754856188e-05,0.0001207160171162,2.5806328880264795e-05,0.0414434084106326,3.964668554365026e-06,4.794303075726483e-05,0.0040216214543467,0.1164531326153655,0.1527075370527102,0.1362670649377739,LCO,12,83
-6230.915641226951,2.0847143249728664,0.0114074346751744,5275.1607957771885,-4.336531976057955,-0.4634680239420561,-0.6081112448070328,0.2641971752546379,2.04512351413657e-05,5.483797124339554e-05,4.2623499486500895e-05,0.0001480428471525,2.3796508420522954e-05,0.0407942481387559,3.894971897800541e-06,3.680160782146748e-05,0.0040220259835916,0.1118535124215345,0.1535789525159772,0.0564562902554553,LCO,12,89
-6040.2548715744415,2.092356055152019,0.0090271597980031,4859.625658134367,-4.383117373342557,-0.4168826266574541,-0.2427712827013396,0.2070333481885292,1.888363266191069e-05,5.484811026221159e-05,5.309588840395727e-05,0.0001157028603952,1.4347529433285014e-05,0.0401572931653134,9.113351616372327e-06,4.10343711073345e-05,0.0040157637158174,0.0454324774457268,0.584384625695007,0.0574116141579265,LCO,12,94
-7480.077515764618,2.166323636371435,0.0034506792172984,3026.7237759202053,-4.280593699192423,-0.5194063008075887,-0.2187156938937248,0.2010948285197065,2.764803076730496e-05,4.344002930925266e-05,1.4890650154639694e-05,6.551088288116165e-05,1.2846402776277104e-05,0.0403287882586405,7.407134460912739e-06,2.171367103384634e-05,0.004334373438885,0.1868677722133954,0.39591578622294,0.1285007476699398,LFP,12,57
-6183.401422274929,2.097827760925792,0.0245248151803502,2520.0513512029006,-4.405466493079288,-0.3945335069207232,-0.1813058919213828,0.2053837287057302,1.252388665625532e-05,5.034638732801758e-05,4.089132579756022e-05,0.0001352173684612,1.354257443093877e-05,0.0414628107414304,7.429544690471275e-06,4.912783920521759e-05,0.0040321817243788,0.1158179971550046,0.4967729507244191,0.1361031601991935,LFP,12,47
-7487.2808996313715,2.148433356161079,0.0109923142692695,5293.58328207282,-4.223408135019838,-0.5765918649801733,-0.7558341461668399,0.200580532629728,1.7269578075580873e-05,5.69697621448528e-05,2.9486067405712453e-05,4.6752394676846105e-05,1.217553795780622e-05,0.0400082470535085,9.1452267082893e-06,4.4880809252451465e-05,0.0042332884182022,0.0121443724408452,0.0389981454830972,0.1230233359092177,LFP,12,81
-6316.279226524186,2.0853483249038494,0.0124071743950394,5132.146221748999,-0.5314465410933309,-4.2685534589066805,-0.2232331397933465,0.2913698250539604,2.58162540975377e-05,4.615271249710541e-05,4.539336216539102e-05,0.0001285855126292,1.713535236175052e-05,0.0420099704804853,1.6210684933455736e-05,3.745704174802759e-05,0.004021236718993,0.1185897363589146,0.4122984728621641,0.1758786509855747,LFP,13,91
-8333.24436758284,2.1936436385293687,0.0052828483620537,4019.942118247821,-4.20690390722077,-0.5930960927792412,-0.2386876400851056,0.2001458603239579,2.0792016357190477e-05,5.335072401334365e-05,2.055087526436868e-05,4.27367656773103e-05,1.3247259697620485e-05,0.0400770519565206,1.2384842140780334e-05,3.900523490601486e-05,0.0042323628971794,0.0390549171930663,0.5955053557252471,0.0567520869965808,LCO,12,77
