SpecificEnergy,SEIGrouth,TempIncrease,Price,UpperViolation,LowerViolation,VolFracViolation,C,la,lp,lo,ln,lz,Lh,Rp,Rn,Rcell,efp,efo,efn,mat,Ns,Np
-11577.776995436754,2.4248761871503755,0.013049159190673815,7314.430722000428,-0.4383872709301926,-4.361612729069819,-0.5153655945942724,0.29906150923972197,1.37328630902519e-05,0.00018140702428795356,1.271034495514759e-05,8.704509663843524e-05,1.453314183724289e-05,0.049519237688218934,7.061227383439213e-06,3.793854982522099e-05,0.004249017960345216,0.010247819821582516,0.35353947982761025,0.05084710575653484,LCO,13,83
-89206.80559781483,2.1831307259675503,0.016526790417544415,79087.1924968238,-4.220607893313371,-0.5793921066866403,-0.347231464194225,0.33580228287382585,1.4859097497414965e-05,0.00010687634558956932,2.840474119977618e-05,0.00012190301965578704,1.2373905523527076e-05,0.053702643527770384,1.3791986360287671e-05,3.698000006359464e-05,0.015249071969812211,0.058019059714328206,0.01623216789892336,0.5085173081925235,LFP,12,74
-64505.77092051988,2.4799693944724233,0.008752709082121293,57539.94637181222,-0.4280466990625982,-4.371953300937413,-0.7363872368283354,0.20180949060263823,1.5957410421345892e-05,0.0001513939936799986,2.055840868792877e-05,6.132029773321768e-05,2.12917125957815e-05,0.04707459472788026,1.7824815599136172e-05,7.024401708224501e-06,0.011817913808016122,0.03961851610238509,0.08679755979667213,0.06719668727260739,LCO,13,85
-405286.86188336334,2.4465891202221832,0.015447009294485222,249805.40448872466,-0.3483348082132167,-4.451665191786795,-0.6346408078042967,0.25160433098850654,1.4529712262738274e-05,0.0001835023115315617,5.224752928189527e-05,7.794517358863964e-05,1.3740964387139156e-05,0.06975126324089355,6.039540567637656e-06,4.741719823855994e-05,0.022995742023445384,0.05862500858221368,0.1407110473682624,0.09602313624522738,LCO,13,65
-234805.7978259491,2.106047403906426,0.07148585472180921,82675.00224608103,-0.9243859489174611,-3.8756140510825503,-0.8041372136886007,0.39708811821669654,1.7281306800428235e-05,4.124580623018446e-05,2.3877295067347375e-05,8.877382312479338e-05,1.4921097335581259e-05,0.09927059654549604,2.0620621408273145e-06,4.7332851320392165e-05,0.01745084193389912,0.022674792994445303,0.09247836687105528,0.010709626445898734,LCO,13,27
-159088.65440230802,2.1106851860152895,0.046890337930258055,61447.97121428641,-0.8320944246596014,-3.96790557534041,-0.7937534437865681,0.3260196821051381,1.5951920947737115e-05,4.731141541910993e-05,2.0432704548627766e-05,6.663699453240792e-05,2.425149978618049e-05,0.05608885015393922,1.8119711117819825e-05,4.587195140476611e-05,0.01979935820492722,0.01526957889897276,0.10116208998507287,0.019814887329386313,LCO,13,29
-75645.36643856604,2.157877705132677,0.0177347850857764,86281.51478664004,-0.5589663268988687,-4.241033673101143,-0.5584990620591639,0.3670802012594545,2.9257218411410886e-05,4.9234762495505425e-05,1.7129864269081793e-05,4.519203963406262e-05,1.2421597390936515e-05,0.0985303670977618,1.1852431281245698e-05,4.7324784617970716e-05,0.010642987130741579,0.07106355820399841,0.19454835462881037,0.10588902510802736,LCO,13,92
-128047.34825494912,2.590351519631454,0.02078923328881329,86623.37882191276,-0.37665201921959834,-4.423347980780413,-0.6579743157761588,0.36204436526471157,1.4037385750866249e-05,0.00013883658827134777,5.237274305039436e-05,8.665679626147401e-05,2.137340486552202e-05,0.08714993917740027,1.7567858318311692e-05,1.1163322144528807e-05,0.011938948526976098,0.044014759329891025,0.14003428367299597,0.08797664122095417,LCO,13,68
-307251.62055216124,3.160051382332307,9.440223970383721,15222.250710942602,-3.0217592027723725,-1.7782407972276388,-0.5595763001450822,0.270404689388435,2.646501644033617e-05,5.28618591801401e-05,1.073415388635879e-05,6.11273009514206e-05,2.7157211164375754e-05,0.09914622936654527,1.8157089982502932e-06,4.850796065026279e-05,0.024861402778703627,0.20697051608302852,0.029303510096960243,0.13414967367492914,LFP,13,3
-68451.23669219625,2.72028845253651,0.18273833513553034,12693.475327913435,-1.7108472447509442,-3.089152755249067,-0.49604155599985855,0.49233010606364824,1.3921307539951494e-05,0.00014943139162668312,2.0841092309652637e-05,4.539312206712438e-05,1.47580864089573e-05,0.06584111359717826,1.9164932016125875e-05,6.086554615541287e-06,0.011978422404463365,0.21986260579354613,0.18287697912526324,0.031218859081332144,LFP,13,14
-238480.28281671274,2.425483985786268,0.303315844185884,49530.301078630604,-1.7168258870522521,-3.0831741129477592,-0.6324111284990126,0.2715766769576453,1.4626423232710155e-05,8.28425398828603e-05,8.077132350697443e-05,7.38486520357737e-05,2.0126115519719983e-05,0.0725027577293922,1.9647840240742323e-05,4.917523708682792e-05,0.02382728406230247,0.016767669283892686,0.1579775479293351,0.12284365428775973,LCO,13,12
-231365.5106802475,2.5506705977520667,0.008551981525595147,224716.34087730374,-4.38654377598678,-0.4134562240132311,-0.6800613580570879,0.2013297764094816,2.8547527183174823e-05,0.000240659345554836,4.914367614953744e-05,6.819660533537973e-05,1.3347748390424349e-05,0.09452946329374813,1.788496888543415e-05,3.687027535430665e-05,0.015898518586027182,0.06322505225681699,0.15530933510767897,0.031404254578416196,LFP,12,99
-132653.4282984583,2.393664232312679,0.7042258835166185,14790.622730805371,-2.2316922821109983,-2.568307717889013,-0.7613729343192851,0.33297133260845635,1.8057292765068248e-05,4.9494611129288136e-05,1.054475138714348e-05,6.6628414618987e-05,2.440857088051088e-05,0.09318717091437076,7.924383859591558e-06,3.784449879220421e-05,0.014584341312541344,0.012349672997668114,0.13680208837830832,0.019475304304738532,LCO,13,8
-9023.852723369946,2.2131498618260013,0.010215623962018255,7982.0262942859,-0.3560401848571928,-4.443959815142819,-0.39890023823630394,0.2155555915223744,1.467583618093551e-05,7.400060344360366e-05,1.2682976283378042e-05,7.255024678027317e-05,1.2887283388992755e-05,0.0640262709252292,7.073132615458314e-06,3.7896054486494395e-05,0.004226658039146996,0.12377582017639047,0.3562356923264057,0.05108824926089994,LCO,13,77
-174105.13017615574,2.09804295379517,0.010053712790703611,138820.12549599266,-4.3700408151338195,-0.4299591848661919,-0.38252861279558004,0.24447803498888296,1.9566658327775935e-05,5.728584914155979e-05,3.055881398597994e-05,0.00013367789281391187,1.9703537301803328e-05,0.040936607908962495,8.753976938583892e-07,4.1096609816402664e-05,0.02111014866551309,0.04707406310449298,0.37414998078444317,0.1262473433154839,LCO,12,92
-144308.61711090014,2.338374072297454,0.014822231857429962,103059.02171386004,-0.3514808798912128,-4.448519120108799,-0.5005179971079177,0.24869682537065083,2.9719045338580544e-05,0.00012169096687770184,4.2014433833568856e-05,6.162434046315111e-05,1.779741617273577e-05,0.04744628809993569,4.838412694972706e-07,4.7929749995812086e-05,0.01897840333522749,0.0714242733879411,0.3366872569563034,0.02137047254783787,LCO,13,66
-17870.327901658533,2.575373704217644,0.023570749198139285,11213.624866922592,-0.3741378208659967,-4.425862179134015,-0.7109894279623405,0.37543734760808867,1.965590890529941e-05,0.00018091966927231582,2.4940457679576382e-05,5.400018225750646e-05,2.688153143459019e-05,0.05851892444230895,1.5265178923903665e-05,3.559092077453029e-05,0.0052503498578225435,0.021504289960220663,0.04349220274119449,0.1540140793362444,LCO,13,69
-46517.487200287265,2.4041314682164545,0.28360850867860543,8806.78932018768,-1.805785845439594,-2.9942141545604173,-0.614125414529256,0.4040397728392778,1.416502757480712e-05,4.86846148229954e-05,8.176367223390794e-05,4.440715273594043e-05,2.364967971510974e-05,0.07248996271492765,8.233425548277e-06,4.6445448055478116e-05,0.010281513515712675,0.014839404684613911,0.19548960649327174,0.10554557429285845,LCO,13,12
-26145.353490904832,2.7445342276004476,2.2821119446808638,3211.322488373105,-2.545746182174007,-2.2542538178260045,-0.18157474114824634,0.23863243459111244,1.207836609000294e-05,6.156004476468287e-05,2.2232639213348224e-05,6.77409482426971e-05,1.3022793444101794e-05,0.041815195374923675,9.011995455916503e-07,4.995351598382972e-06,0.012401220168524654,0.5130225499577686,0.20366928014379937,0.031733428750185644,LFP,13,6
-215135.02603109047,2.3689364664495005,0.016560297604331014,162441.07239391396,-0.3582632147392175,-4.441736785260794,-0.6392900325095998,0.2739553397011004,1.606362792924308e-05,0.00023254252108009183,5.3298686298231485e-05,0.00011961036030224476,1.437240084368399e-05,0.047175843373692336,5.747636194526334e-06,4.1700552992432957e-05,0.02239727521340914,0.07697825192187278,0.1407678390369468,0.07296387653158064,LCO,13,65
-524464.8842239947,2.4465891202221832,0.015531969147958341,215850.41892332002,-0.3769602521274962,-4.423039747872515,-0.6433819345922157,0.2154485697751756,1.4475873398422424e-05,0.00018692547144743188,2.6081615812837836e-05,7.805930100558621e-05,1.2521346157134594e-05,0.0640247212810356,7.087224329358362e-06,4.9036986442854846e-05,0.023144722937219406,0.12410384542009678,0.13234849989831649,0.030165720089371094,LCO,13,60
-20524.80055182867,2.2914740528481277,0.0854497353254648,4470.493618675133,-1.4999359747299366,-3.300064025270075,-0.6035829830670717,0.3327684811675966,1.8062514050706337e-05,4.895472452148833e-05,8.546146036699573e-05,7.535983667158143e-05,2.904093063151623e-05,0.09317391840201054,2.878339810635707e-06,4.85204126838662e-05,0.005797856650256219,0.18623650866264582,0.10735977925286903,0.03282072901741353,LCO,13,15
-76727.86937834787,2.2642670433253413,0.25874257496999103,13005.032329879823,-1.6997562284607568,-3.1002437715392546,-0.6634062447088238,0.39451940152646525,1.7914285838195227e-05,8.035728470565483e-05,5.183251617801744e-05,9.067281376434557e-05,2.010648437280259e-05,0.07249875525614044,1.967200796713496e-05,4.947171126780522e-05,0.011773169871340852,0.02756450241196704,0.16956700662355503,0.06946224625565423,LCO,13,13
-12812.661932119225,2.4653451040200163,0.009718779445114466,10893.802300326393,-0.43914339705890626,-4.360856602941105,-0.7255924899508195,0.2415742603055832,1.7884370384704274e-05,0.00015289694292691035,1.717579239988848e-05,6.144411196241512e-05,2.7519538534873324e-05,0.047078044756917,1.7711168024050908e-05,6.108547276073035e-06,0.005203709283859332,0.05100846213782566,0.0867860366797914,0.06661301123156348,LCO,13,85
-118844.58472653972,2.101507294805029,0.009504235410612374,151383.92844745933,-0.5284499440282389,-4.2715500559717725,-0.5710094728625401,0.2309569473115078,1.810411019714369e-05,4.1548714431331114e-05,3.4205643358860464e-05,7.443054478343333e-05,1.761631100107697e-05,0.08144882010652185,7.958012358260693e-06,3.4305921630213265e-05,0.014706697115179154,0.040635065568523386,0.027802285122210727,0.29055317644672585,LFP,13,93
-20259.421522849774,2.318799708060097,0.04166775801514396,15879.94072116975,-0.8353269572237707,-3.9646730427762407,-0.09672816014617247,0.328561172228445,1.4167589296838429e-05,7.924238500906979e-05,8.181502290678402e-05,4.469359395786982e-05,2.3984673746042287e-05,0.06048264715697906,1.0540667092308916e-05,1.592250262832512e-05,0.009802264008639113,0.531486263602277,0.19370409111060538,0.10808148514094518,LCO,13,33
-124877.00614717521,2.237076496080698,0.26274463080595967,11479.178063078152,-2.043523573247306,-2.7564764267527053,-0.6293391278855388,0.2211560745487938,1.3069020684497185e-05,5.705377894821089e-05,1.9029267260850007e-05,4.537200602083796e-05,1.2278355571628188e-05,0.09315364764415443,1.9468133324307405e-05,4.727445368065148e-05,0.011963757209609027,0.03822730330391051,0.18531801007868345,0.07711555873186725,LFP,13,9
-237788.89853224522,2.1258135508917055,0.004992812192719335,364350.4569313507,-4.40524394647727,-0.394756053522741,-0.48767815810116316,0.29231814114958543,1.667412803273643e-05,4.354647392325568e-05,4.359582132175534e-05,5.273143404205314e-05,2.8661540616893593e-05,0.07560618038630387,7.5038407839980025e-06,4.3274480460897283e-05,0.0248559779171383,0.0818554757777409,0.10355305982871896,0.256913306292377,LFP,12,98
-114821.12566966473,2.4997197333714753,0.009804983633528906,99192.73819324013,-0.5640595958546228,-4.2359404041453885,-0.7457757287510227,0.22527244876246524,2.9915583360760482e-05,0.0001527530533031431,3.057368117154104e-05,6.152096724733005e-05,1.780054187748396e-05,0.047033870992737745,2.5217086718355863e-06,3.412389042935044e-05,0.014666290158494567,0.027040826948012336,0.13725404155092005,0.01992940275004501,LCO,13,98
-11276.519762796679,2.439370795899054,0.011109415192969627,5412.932673790394,-0.3964183074358161,-4.403581692564195,-0.2209596146709899,0.2552906707614558,1.5683125513406155e-05,0.00020735398963866064,2.0592290802355665e-05,8.72137646243214e-05,2.4203289121793115e-05,0.04754465958736739,1.865914799869457e-05,4.7113882042404645e-05,0.0040404457351336034,0.038364521817725906,0.3401113074450598,0.3305645560662244,LCO,13,80
-214858.38993466127,2.3299862622554657,0.010159706964411057,200607.93027663647,-0.47988437436081455,-4.320115625639197,-0.7044346699892364,0.2446401826880984,1.7053052618586064e-05,0.000138675704050443,6.242114475346784e-05,8.66882535433734e-05,2.301373674075934e-05,0.08732401088148199,4.72967558046806e-06,4.301172030409663e-05,0.015894684026392377,0.05199271107815387,0.14128310583084064,0.03228951310176913,LCO,13,88
-9861.91904790386,2.2959304295761696,0.010768210958838512,7481.2951914319765,-0.5800658414208186,-4.219934158579193,-0.01419134286229451,0.25600893965313326,1.4689854294727845e-05,0.00021305074782680162,1.606134974457927e-05,0.00014695109111565393,2.970188680160135e-05,0.05896364985312349,1.3483793852039644e-05,4.3373281882090125e-05,0.0040349735123552345,0.014040377639812612,0.46245840525890647,0.43930987423898643,LCO,13,97
-94678.10330778391,2.1912130035967334,0.017423189339501707,74636.09198482905,-0.5432504129735207,-4.256749587026491,-0.5519377778134169,0.3337652923383047,2.490266309404508e-05,6.053159135652806e-05,1.0167323122103624e-05,5.970357204220105e-05,2.7350455629352712e-05,0.04640271571511041,4.837197781787109e-07,3.31212690678805e-05,0.014525375841408276,0.019708985940035714,0.3397562723898851,0.018596963856662332,LCO,13,91
-259759.8052788279,2.320655375318364,0.012375372865805158,121386.93451482759,-4.22102842325036,-0.5789715767496517,-0.21309650851344963,0.2295871990846579,1.7345871100842484e-05,9.622263402395542e-05,1.3877400503669415e-05,4.763652440875595e-05,1.8727161045338183e-05,0.0454938074294937,1.9787192176531215e-05,4.6278501651407094e-05,0.02374222149040325,0.2181250420304897,0.06539307533443689,0.4333853741216238,LFP,12,63
-93774.41330203376,2.319240616644104,0.013436663670263537,65284.110178038,-4.202700812461323,-0.5972991875386882,-0.2900371408307312,0.22567792315621046,2.978933847913587e-05,0.0001744976833641499,2.8350610863689013e-05,0.00014946016830676975,1.2199269030601246e-05,0.053728894717353134,3.115676894029855e-06,3.280386735536047e-05,0.015257950025865531,0.06655886603191527,0.06050010788269436,0.5129038852546592,LCO,12,63
-169644.9842315259,2.301249211565259,0.04508226778537148,86085.10170019323,-0.7411984218764402,-4.058801578123571,-0.6769437573212673,0.32974657526502893,1.3385927054628133e-05,9.450000969982553e-05,8.448854741132706e-05,4.3553074898181754e-05,2.42517045408176e-05,0.06049780659464423,1.8200305831955527e-05,4.043093666532389e-05,0.02009878446064892,0.015914737714142018,0.1947918255436344,0.0423496794209563,LCO,13,35
-132075.7545222653,2.6904625775841238,0.12178967759819881,39776.041376845285,-1.211493211038281,-3.5885067889617304,-0.7240335358757519,0.6105006826821369,1.3914783712192788e-05,0.00013867419795916876,7.934754756729528e-05,4.404323625665596e-05,2.3186784511019174e-05,0.06542921834406563,2.210663434066987e-06,4.318882103126602e-05,0.01596337352873786,0.051175799032520175,0.12246036840102806,0.03233029669069991,LFP,13,23
-75021.47667140876,2.5624368687260413,0.018362883873609306,35639.72899816232,-0.4094011046422992,-4.390598895357712,-0.5067927407102069,0.26896535850162634,1.4164890036130275e-05,0.0001881339968922414,2.5083264428312702e-05,4.3003270411525184e-05,1.2217158883782392e-05,0.06008095544888692,7.030071577524525e-06,4.643771885482624e-05,0.009945341118361225,0.17388876197427106,0.22491277856519895,0.024405718750323126,LCO,13,60
-190022.60304587352,2.2286432571882147,0.016813273970299095,113605.54060186393,-0.3968656074304704,-4.403134392569541,-0.5520825848997477,0.30383561571520723,2.4972779060007055e-05,6.185797341250228e-05,1.001817089433209e-05,5.9309895633118184e-05,1.4706062854065027e-05,0.0761698395482539,2.745460489683906e-06,3.290849499881755e-05,0.014700429704866258,0.023995893787745973,0.34321293366655825,0.010708587645948068,LCO,13,79
-32386.146087365265,2.5319181132134734,0.018200396493004447,18929.273568277185,-0.6728514533222665,-4.127148546677745,-0.6080387335786228,0.2071646627253126,1.4119853413439677e-05,0.00010187031259254974,7.854401633668146e-05,4.2237599895377774e-05,2.4135888582150004e-05,0.060513607620945084,1.8505936790163674e-05,2.6654923965477594e-06,0.00953657355491445,0.03885888482285979,0.23382809666034962,0.0492742849381678,LCO,13,35
-684015.3129495326,2.554225430467576,0.009564353706840601,401880.9030356958,-4.301903569407905,-0.4980964305921063,-0.3954749721617822,0.20986136414234097,1.8530909141612515e-05,0.00019388340251213452,1.0170558513300969e-05,4.656278624551162e-05,1.573423915302234e-05,0.0949598561838129,1.2166938881261246e-05,4.996826398292604e-05,0.02366152894770692,0.2004223610486872,0.1374183038733221,0.19668436291620855,LCO,12,87
-29556.939134353925,2.107529237571007,0.008526775863282435,50688.15208072373,-0.556590753763075,-4.243409246236936,-0.28451981350415045,0.20129331151098445,1.7372986908833385e-05,5.7035457402760564e-05,2.4953160236878385e-05,9.830167192472646e-05,1.890474415457758e-05,0.06697873563825998,8.848357909788873e-06,4.7308238720012746e-05,0.009450537488952963,0.035843220626264244,0.05244516010656017,0.5571918057630252,LFP,13,99
-438987.8353105897,2.263868580058803,0.012013309432978065,383975.095917683,-4.382792164023037,-0.4172078359769742,-0.08841990033090141,0.2971976363027411,1.6459427408653675e-05,0.00020241714052054803,1.4903113793128162e-05,0.00013976802473913925,2.1347392069207027e-05,0.09541361176385077,1.333043647932393e-05,4.915889409982417e-05,0.02369668053862994,0.27659994185595893,0.14079486370545444,0.42418529410768524,LFP,12,93
-135388.99228833802,2.6054905776730015,0.02648429632157822,38774.48082074949,-4.380576652569765,-0.41942334743024645,-0.28862432258681914,0.309639130172329,1.4770200113829257e-05,0.0002105576962688933,1.1232150690795125e-05,4.0682538315722925e-05,2.150039076229113e-05,0.07618287064476294,1.2484014682934818e-05,3.440204851392279e-05,0.011054526205651114,0.10524182617242285,0.028522374344561823,0.5076114768961962,LFP,12,51
-195447.35669140433,2.618790194309154,0.008707303141983482,104608.4196663884,-4.327279202535053,-0.47272079746495876,-0.6603029470544005,0.20330495085826777,1.306414019267481e-05,0.00022620179008784003,1.2531055908070925e-05,4.0890164675306096e-05,2.139973262412524e-05,0.07934503455398731,1.2002945085022141e-05,2.7666404262499448e-05,0.012434357409108029,0.12487548582506844,0.06876348076622882,0.07605808635430229,LFP,12,90
-123718.79094462814,2.309734087695904,0.03053331780858144,46934.4147381358,-4.455486773192369,-0.34451322680764207,-0.7047983494039114,0.2747703195482215,1.5038198703606856e-05,0.00019344297364868465,1.093139481344498e-05,0.00013986959960645017,2.555974765927783e-05,0.0826326679022903,1.1356302855417998e-05,4.594325141240946e-05,0.01170330516626447,0.041451498077332845,0.13901947971488618,0.04473067280386958,LFP,12,43
-214077.0746702332,2.450147870113553,0.009056781352804506,152674.99917701582,-4.210196275048261,-0.58980372495175,-0.11545004435422201,0.21984566130479097,1.2095544006541749e-05,0.0001765727777725953,1.4395191389396258e-05,7.822618587794295e-05,1.3047862550289371e-05,0.07087324220895225,6.921450586071573e-06,4.223213210208169e-06,0.01884632096586162,0.085427087185013,0.3971741511667289,0.3319487172940362,LCO,12,77
-125615.0179813971,2.357528441045706,0.01434624677755085,89333.05543457906,-4.311514185704134,-0.4884858142958777,-0.574481537764071,0.32077273330440825,1.3523843911062377e-05,0.00011537533242486705,3.810680354197476e-05,5.764116373106958e-05,1.3444313538335118e-05,0.0706360536907934,1.5090310746473837e-05,3.108675753847907e-05,0.012685922859168274,0.10567661573668603,0.029469680020458418,0.22037216647878466,LFP,12,86
-355285.1349404596,2.652793106764615,0.017623093555103192,242243.34874690292,-4.333752317405882,-0.46624768259412974,-0.7176666926211857,0.3600113875348401,1.756920314093332e-05,0.00023251985199526122,1.2468151137095298e-05,4.017140271684364e-05,1.5640282303144138e-05,0.07623458123276379,1.2147925364222718e-05,4.984534819231441e-05,0.019355378388708336,0.08172067062193027,0.04458068169482691,0.08603195506205728,LCO,12,87
-35770.39178391434,2.1387385248378137,0.019544945244111836,24799.79229074279,-4.346694199829685,-0.45330580017032673,-0.7646440603843832,0.4265131005758798,1.759240550008746e-05,4.712520204480445e-05,1.2488132726438821e-05,4.014212032046047e-05,1.5704467814431088e-05,0.06010034987332391,9.864485807538023e-06,4.484313731729985e-05,0.0074399223772497825,0.029144692204428058,0.04566467387897371,0.09054657353221518,LFP,12,87
-47918.311924355905,2.1750370923803777,0.014551648337023059,13024.237283698518,-0.6606808999415321,-4.139319100058479,-0.018872434326219767,0.2677886053719153,2.1070530346977224e-05,4.7527910254987685e-05,2.106983141952968e-05,4.4119742938655544e-05,1.2537382015875207e-05,0.04024763574874719,1.8729839003651222e-05,4.9067489561454977e-05,0.0103652022320312,0.01374973576645738,0.4837811611662177,0.41359666874110523,LFP,13,42
-29670.028094365232,2.522491980370984,0.009697617010249713,20318.6058982717,-4.277848527001375,-0.5221514729986367,-0.4313679863231282,0.22538228734683932,1.4179134406742207e-05,0.00017524406559771543,2.865547619600421e-05,5.754810599793988e-05,1.7632819373582306e-05,0.061500550170572175,6.95766358965321e-06,3.1150048658204e-05,0.0066716821382299335,0.23952161162485164,0.03086414864982615,0.228246253402194,LFP,12,85
-20259.421522849774,2.3455737238319236,0.03503485765198501,16221.954608207077,-0.7838800766396403,-4.016119923360371,-0.09635369030840091,0.2935218171320155,1.416759709928398e-05,9.326091975559113e-05,8.183879595091097e-05,4.469612973355173e-05,2.3996839458827428e-05,0.060443898354295346,1.0553167566086255e-05,1.5916366872975177e-05,0.009574322844163832,0.5326189640853918,0.19291527412995865,0.10811207147624871,LCO,13,35
-331836.7964949772,2.165835234559933,0.019939503364380974,175332.34817209656,-4.413043694021454,-0.3869563059785577,-0.12298056769394428,0.20840673333146265,1.8452167911723495e-05,0.0001012712925034608,1.2228561804856678e-05,0.00010220643357257615,1.835445305683835e-05,0.08819648020270406,1.7863073395890014e-05,4.6829806020402225e-05,0.023988414470468622,0.30501790489410435,0.06715182819343744,0.4348496992185139,LFP,12,46
-310225.6572314439,2.2227041140982924,0.009818508737185812,385776.2711636831,-4.3804131893425975,-0.4195868106574139,-0.47460871265169285,0.2037262934060989,1.851978590386296e-05,0.00023639939911241872,3.1397469611778444e-05,0.0001498710858654475,1.834334257968878e-05,0.0813423216590757,9.091210087554529e-06,4.4667071818778115e-05,0.02287123369135367,0.3970808050821898,0.013592931373371846,0.044717550892745525,LFP,12,100
-259036.3014560473,2.338128935136432,0.011940134481691794,219036.19616793675,-4.309528262310735,-0.4904717376892762,-0.4951968104378941,0.2640388185471165,1.9807997733942552e-05,0.00019101971171655858,1.0158423196560677e-05,0.00010951261675683281,1.5638708486308915e-05,0.04997258084138927,1.2294634910031096e-05,3.3780553149420296e-05,0.02371306315975874,0.20261513632575864,0.03471767392398245,0.19747037931236489,LFP,12,87
-375526.91209897655,2.4830985548385742,0.00899002666072474,376538.28414777794,-0.5495709756353975,-4.250429024364614,-0.6375149897050407,0.20954482671858188,1.3121324800466017e-05,0.00023874577327634642,2.5044005763672528e-05,6.635503664977744e-05,1.4366907495996006e-05,0.07947926424351917,1.685741007423368e-05,4.327367056053138e-05,0.021505204708183928,0.21190498128130364,0.05937695934359165,0.02120306967006395,LCO,13,96
-42343.30268392076,2.259569742290418,0.0144768571170189,39841.47911847134,-4.360862389177569,-0.43913761082244207,-0.6553213558089814,0.28618150885788113,1.794633033356292e-05,8.983822417110124e-05,2.4744630830623482e-05,4.819794770333663e-05,2.515754564142252e-05,0.06691682802286707,1.21799700712281e-05,3.9267275703224006e-05,0.008639562128690772,0.16598715536289385,0.05171071949578596,0.05698076933233877,LCO,12,91
-53395.235157401316,2.2137873639194114,0.023820980513161484,27203.37824684137,-4.459659048943543,-0.34034095105646855,-0.2332054891954204,0.20708273162263885,1.2424418864224342e-05,7.94791593224822e-05,3.698272497805107e-05,5.6653079960859854e-05,2.9350047124283068e-05,0.08869669741026032,3.692833475610539e-06,3.08549095731801e-05,0.010039282892172912,0.04633820041481147,0.14104531852936156,0.5094109918604066,LFP,12,40
-51361.964118399235,2.358151787725271,0.008865512076346319,50859.77304330414,-4.394618443201125,-0.4053815567988863,-0.428592680103265,0.22532530213038438,1.406547161675623e-05,9.000719616858496e-05,2.046750100764986e-05,9.837831713415318e-05,2.2254079452462876e-05,0.06697871288272329,8.359412052867371e-06,1.6245968864075053e-05,0.009509433620316735,0.03346255952185575,0.050851695795235,0.41709306457964423,LFP,12,99
-27757.25014027891,2.34223303870784,3.5780513581191764,1623.562309433022,-2.5834883898274583,-2.216511610172553,-0.4368758926147516,0.6357343431196529,1.2507347595894714e-05,4.704009176843207e-05,1.2930551591879978e-05,0.00011367969296368273,2.182172220347948e-05,0.08016103524114693,9.237858920907302e-06,4.264214988303048e-05,0.005635171794848758,0.048980421593083995,0.102824786463755,0.3413188993284094,LFP,13,7
-102110.76882215316,2.100550550052909,0.021071539544943153,98512.38579421269,-0.3734437848138512,-4.42655621518616,-0.8020260334677646,0.3773827900089772,1.4547193333218062e-05,5.427107508610625e-05,3.783630219426676e-05,0.00014415017088117649,1.468432322508641e-05,0.08430856985091711,1.9626301146270076e-05,4.649905950959338e-05,0.012295517659875348,0.04347319153351485,0.071123896888258,0.01337687811046263,LCO,13,72
-16660.739275782496,2.275783849892122,0.011051218344857958,11269.977217801707,-0.33092520957414706,-4.469074790425864,-0.16818355937179252,0.20166292951109074,1.2497112735460987e-05,0.00010386845264898424,2.4853383377860678e-05,6.669552325701433e-05,1.919214075534854e-05,0.06907364449441473,1.7023930579841517e-05,4.3331993168748755e-05,0.005172064178710864,0.23639185246125813,0.03655225204261778,0.4888723361243317,LFP,13,73
-245187.05440873513,2.2229504295510383,0.011510772078348077,339026.6271954442,-4.327096980278029,-0.4729030197219828,-0.3968567825305219,0.2036808588505922,1.4834753066423892e-05,0.0002486425290833359,4.052368900864675e-05,0.000148792337869791,2.119883012041663e-05,0.08128032236364563,8.771937327672682e-06,4.460841303159139e-05,0.02287091665057162,0.45500319212986684,0.034474978292972386,0.04366504704663893,LFP,12,90
-582964.9765992959,2.6550378681990217,0.010412224703320896,386459.7317525321,-4.333635515442765,-0.46636448455724633,-0.8141537607861736,0.23786171819136132,1.5418488786945913e-05,0.00022261908085563617,3.1536340071315384e-05,4.0265478718462855e-05,2.1461135397192393e-05,0.08144722748620734,7.201140055242075e-06,3.3795624110655264e-05,0.02302585899175109,0.026273283081889514,0.013167076528399886,0.07640587960353698,LFP,12,90
-14868.341346259436,2.112557883895866,0.02141131835721207,19112.216021464945,-0.371817110166873,-4.428182889833138,-0.831581749382792,0.3771849185435362,1.2048716439906049e-05,4.776357058327014e-05,3.374292849282101e-05,7.205446417431258e-05,1.2670871556415126e-05,0.08484045395057428,1.792400250161647e-05,4.6531001267651666e-05,0.005438348398420492,0.04247370875713087,0.03568649035567531,0.020258051504401905,LCO,13,72
-438054.5368197053,2.2668808221686354,0.01189942917874885,296774.4918087715,-0.3271566318668633,-4.472843368133148,-0.8544871660934278,0.24080775556565848,1.21015475847605e-05,0.000103142061015724,3.3727028583405754e-05,7.254412379326733e-05,2.2469743030452353e-05,0.0650183289043296,1.5630820457988815e-05,4.6895463463517216e-05,0.024389757976462083,0.013926266742535661,0.04168379996137596,0.019902767202660602,LFP,13,72
-51850.09085620479,2.4386584962234115,0.009615082352552203,42854.73958275506,-4.26988014208095,-0.5301198579190611,-0.21287223402831612,0.22530167619355285,1.736522981757389e-05,9.629955830812058e-05,1.1335475125654864e-05,5.596090848856356e-05,2.2262673758623117e-05,0.07658378571117867,2.9917914511153713e-06,1.5652964852620436e-05,0.009436008330951467,0.22553653102471735,0.05081466613653369,0.4407765688104329,LFP,12,84
-205311.0089174544,2.15906709498704,0.013342587940321175,224446.40361253291,-4.273938065647556,-0.5260619343524553,-0.0497021716286129,0.27265257677049815,1.4060101728362251e-05,8.998037070162551e-05,1.2106328614956827e-05,0.00010402816551337911,1.813465486706095e-05,0.09805911825298003,1.7969434112124364e-05,4.722855674721985e-05,0.019345301588429946,0.4275377814989436,0.043479419825869406,0.4092806270465741,LFP,12,83
-38117.65555220499,2.5219104134815735,0.00971835285847091,28909.927935420976,-4.38984092851976,-0.4101590714802512,-0.7702971740011859,0.22318156017471905,1.4043323247699426e-05,0.00011048882975046864,1.2359538884721112e-05,4.046674985424066e-05,1.2730046334732284e-05,0.07022828163447553,9.870849917349795e-06,1.6153359268971546e-05,0.006608063299555059,0.03356834821599151,0.04319626179478899,0.08293821598803364,LFP,12,99
-516594.24633559975,2.5610340533895837,0.00839517120885103,343321.0174043739,-4.385774351888642,-0.4142256481113691,-0.551523744600947,0.20880837051940404,1.860709187236017e-05,0.00018609746872164787,1.1271074952482376e-05,4.1902658961103165e-05,2.391731850200542e-05,0.09682931807155626,1.2067055404758133e-05,4.266225316936936e-05,0.020405625887492007,0.061164944899499474,0.13416034699576473,0.18315096350378882,LFP,12,97
-27632.319043841067,2.16424221649694,0.008506697170037682,46321.39171792326,-4.36500165418245,-0.43499834581756147,-0.7601171286160042,0.20940514243302613,1.2334730289290951e-05,6.069894192946281e-05,2.574128385072991e-05,0.0001416852789530344,2.208230404517619e-05,0.06914136190471562,1.4054588932514441e-05,2.6069251712127132e-05,0.008606477104887156,0.10429214268441725,0.05415612500895449,0.011434603690624101,LFP,12,94
-387968.9799026445,2.611186815490132,0.012170687236269502,250797.50067688327,-0.40822251977571966,-4.391777480224292,-0.3648218367495858,0.2667725183582974,1.280242188327272e-05,0.00024405011967244914,2.832589241841509e-05,5.952755215904319e-05,1.388126399159334e-05,0.0526886819489312,4.105343729899191e-06,3.416206174779958e-05,0.024957308825282996,0.02956946510785773,0.34685620760087815,0.18875249054167842,LFP,13,81
-174133.79067941394,2.7948497707251225,0.06033785004695019,28620.543536625577,-1.0543321198310878,-3.7456678801689236,-0.29537723980815767,0.2246991486338043,1.7544013166582513e-05,0.00023513811620395957,1.152437077645757e-05,4.413587998392496e-05,1.5773023023770705e-05,0.040192717301619434,9.022242847211117e-06,4.8706830883484754e-05,0.019461154066222498,0.03691195479313582,0.17842499669700987,0.4192858087016966,LFP,13,21
-85380.70231925983,2.284249344712431,0.012219631487395891,48419.139678652646,-4.266983698799891,-0.5330163012001208,-0.3569727949262399,0.20563038109044993,1.5885616039350843e-05,7.830480400668499e-05,3.735019846876142e-05,6.39780266324827e-05,2.7622887635444687e-05,0.08908611306183604,8.598720769176733e-07,2.9199276114225508e-05,0.011056993992877594,0.019534694305521218,0.0432616027425482,0.5102309080256907,LFP,12,56
-57368.69489154059,2.115869057536004,0.017950185721800682,56602.095505600955,-4.408361861007421,-0.39163813899259026,-0.4901114138622352,0.4175371487625701,1.7246736286885964e-05,9.001913122786953e-05,1.445766686183576e-05,0.00014476154110846932,1.915749046172273e-05,0.0790713413371249,1.3122915863684809e-05,4.628888889648999e-05,0.009297377702778942,0.2819249421513271,0.012552962047022647,0.14541068193941506,LCO,12,93
-184652.98575085303,2.444607232093633,0.011123027225416285,207157.36351051574,-4.347515300845238,-0.4524846991547733,-0.6320856487520283,0.21831837945752944,1.2076139232826024e-05,7.90692015354297e-05,1.1422509558372282e-05,5.729128525080887e-05,1.3186516419625941e-05,0.06992170134968527,5.535572514774968e-06,4.138845975272127e-06,0.018881907986417302,0.1074673993854918,0.1399377193800595,0.050509232482420494,LCO,12,91
-22407.22720855782,2.4718625605036477,0.008724315027132185,16292.468722302523,-0.5068692634366343,-4.293130736563377,-0.3221761892709051,0.20749812639085527,1.5723077629618633e-05,0.00014001209319680763,2.2057326042752688e-05,5.141780885118397e-05,1.2644143269489035e-05,0.08686331684734706,1.2678696845638265e-05,4.494910349475526e-05,0.004795869735820208,0.04934688954138769,0.1204352614479953,0.438041659739712,LFP,13,91
-67363.16404270772,2.1048140809895868,0.008958221391871583,45883.03833334853,-0.5685312546648689,-4.2314687453351425,-0.05075087341630835,0.22987938374100392,2.1275548711444786e-05,6.102411825744684e-05,2.4955190033657868e-05,0.00010019192511905476,1.8979608541961382e-05,0.05199982513247842,8.846799506890432e-06,4.7284800998179985e-05,0.010783014500431804,0.016130799256215734,0.5101357390812815,0.35298258824619444,LFP,13,99
-64435.34718866776,2.42419893477396,0.010010446222593514,52503.28752183323,-4.390548836549669,-0.40945116345034194,-0.758448314634646,0.22533470398794764,1.2062321414214897e-05,9.520254442943883e-05,2.0699760855431318e-05,4.3164546884286916e-05,2.2328104306091105e-05,0.06575246989752127,8.395589146781953e-06,1.628599797504725e-05,0.009340815800629645,0.02140049309109548,0.01056648144369891,0.13958471083055968,LFP,12,99
-227922.7859218631,2.079946943888623,0.008676996362557712,153967.32181446083,-4.309314646743054,-0.49068535325695706,-0.5241136108780924,0.28320087553247764,1.3189691660078319e-05,4.0850186036360515e-05,1.2326748175521513e-05,4.774406205859895e-05,2.8874561772820633e-05,0.09122002030212573,1.6376612327211492e-05,4.144189180119292e-05,0.015932720628970436,0.03328035694198686,0.27869364336996094,0.09391238880995988,LCO,12,86
-760870.3590654547,2.309405471253894,0.04421220920243578,156330.30849719455,-4.634751029816769,-0.16524897018324225,-0.08656071006099297,0.464740421967881,1.4244093479058134e-05,0.00011385256430223713,1.9224035178575504e-05,4.8912275985988425e-05,1.810173025127123e-05,0.09651592855898827,6.7394006106695614e-06,4.590151239750349e-05,0.02380228603592171,0.05077645621871504,0.5662194592188391,0.22644337450145288,LFP,12,39
-97490.49480343806,2.0995847183466463,0.02518768200643063,40374.03038274414,-0.632661680295385,-4.167338319704626,-0.4315174933155512,0.27560258868725623,1.860504632843671e-05,4.7802063326742044e-05,4.480768121094008e-05,7.331843911752672e-05,2.1172333403453154e-05,0.07244636436274104,8.740550047722889e-06,4.948216306811005e-05,0.012130783555864676,0.05332898918134725,0.16942965937484394,0.2757238581282576,LFP,13,43
-81566.25447025779,3.3236803804285993,9.168203818216904,3906.784060174553,-3.229330115505384,-1.5706698844946274,-0.3675263560531288,0.25118277821716983,2.7426306827608227e-05,0.00020992023609835871,1.4209752493542608e-05,0.00012192645068970589,2.8248838236542275e-05,0.0567933300431211,1.0833060546391517e-05,1.090504326071779e-05,0.01954427008885651,0.43238271089049174,0.013107610840397573,0.11698332221598198,LFP,13,2
-319241.78194947436,2.1066596277009753,0.020740682438719696,215175.55587880505,-4.406519406071581,-0.39348059392843027,-0.508163860911863,0.43234362581285,1.717634185707567e-05,4.367354167322594e-05,4.181043134234449e-05,5.3547811123428624e-05,1.2023216749190407e-05,0.09941439346386766,1.831661773840486e-05,3.7034489852426964e-05,0.016669559603316373,0.05928322312276947,0.07233827844832824,0.29021463751703935,LCO,12,92
-47443.87313473631,2.170644187273779,0.0971900839805667,7866.249202769535,-1.3882340898022179,-3.4117659101977935,-0.408819153532637,0.29136209930404394,1.401248360015119e-05,4.8263414503521345e-05,1.2930022003793795e-05,0.00011252868600291238,1.867296404098475e-05,0.08019330391976491,2.8995009091157714e-06,4.264488693241805e-05,0.008220930286453921,0.11171443901653383,0.11276138921879564,0.29670501823203355,LCO,13,16
-428072.3522494126,2.4767075225997113,0.2766718460244422,39479.720513404995,-2.178590407038932,-2.6214095929610792,-0.5007186320067272,0.2396473560785367,1.2817099428566852e-05,4.364083055697776e-05,1.12501749124748e-05,5.578322117388463e-05,1.3588117755614027e-05,0.09455328925875557,1.341274330508914e-05,3.9917965097898744e-05,0.02405134087782867,0.026684127011491345,0.1756064680111647,0.22699077297061684,LCO,13,8
-227042.31322867246,2.343740166387777,0.6781259484533528,22928.50537825622,-2.2152101998410956,-2.584789800158916,-0.6454181810284031,0.2629470138923933,1.9289991523113283e-05,5.8460813542677296e-05,1.239890571386626e-05,0.00010262449027516622,1.5019838928657835e-05,0.0821942725265146,1.4272237551872262e-05,3.854630290592242e-05,0.018998220089752525,0.2114982458376148,0.03333519590153315,0.039748377232448985,LFP,13,8
-198324.16156623728,2.36509603914189,0.25145323571166434,18854.503831675032,-2.235332418286326,-2.5646675817136853,-0.49141712316268005,0.32301744054307824,1.7392186288504363e-05,5.0947957935226204e-05,1.963538872476122e-05,6.66689474090422e-05,1.6604793136817256e-05,0.05892014649706478,5.049600983522943e-07,4.056333850027087e-05,0.021158474732235394,0.03482720091708483,0.19820990506851177,0.20554577085172338,LCO,13,8
-247627.69965461353,2.0808715288170103,0.052233540628469945,123250.30301291449,-0.8683247523205821,-3.931675247679429,-0.7098195298169759,0.2701627757827168,1.8671744220533088e-05,4.798511139471811e-05,1.3190031196008619e-05,0.0001309086196205105,2.692122840993921e-05,0.09243653401870845,1.7140933885002765e-05,4.679645225842918e-05,0.02256551903927932,0.08107515750182454,0.11311375926863555,0.025991553412564063,LFP,13,27
-13699.312844868164,2.3052663619860922,0.009492722072560422,11743.625194483831,-0.46851800550204104,-4.33148199449797,-0.8717289664704897,0.21428197937526805,1.4632106685312848e-05,0.00018726606839056202,3.019189782626598e-05,0.00012401676131821074,1.2972819693759756e-05,0.045893049456549664,3.0571853829399074e-07,4.278116225600486e-05,0.005068862399925055,0.01246026542921418,0.031468107850230895,0.014342660250065292,LCO,13,88
-25302.154058980508,2.3752445971061036,0.19084121644287974,2550.5676363844386,-1.905230007945569,-2.8947699920544423,-0.317390004338705,0.4873736580356128,1.4899921372015432e-05,0.00011917362935039305,2.5043389808535315e-05,5.855648035370291e-05,1.3188520624987994e-05,0.0404820684170925,1.5639482109867309e-06,1.8906654466043884e-05,0.007664776586868814,0.30663763514009124,0.09305700579074541,0.21291535473045844,LFP,13,12
-11547.09310426682,2.119206412422812,0.04671312267743989,3660.8275851785233,-0.7664531955208247,-4.033546804479187,-0.5907995634820917,0.21402075188942882,2.8538844463760875e-05,4.630042865521095e-05,3.674601076712412e-05,0.00010190410366735604,1.3363112268320377e-05,0.04742969813253768,6.325712336138768e-06,4.984127636681985e-05,0.005187610924105354,0.26724237979884513,0.029357516436733417,0.04260054028232986,LFP,13,31
-70288.15821328874,2.433927553840467,0.2882797445393968,6184.1960760652555,-2.2115167307050143,-2.588483269294997,-0.38958865191543024,0.2673652260752142,1.7996658644418518e-05,7.60026525210273e-05,4.194693137225406e-05,6.951918468106833e-05,1.2022141677302295e-05,0.060420951987511684,1.1425340839757e-06,4.951087400825844e-05,0.01189491671728003,0.05352149199145292,0.20023579964097682,0.28665405645214015,LFP,13,8
-59953.46682282896,2.44588917038616,0.5396314688827568,5168.141278949366,-2.3217199738944743,-2.478280026105537,-0.5300150712476053,0.23764281360442988,1.7374997083695997e-05,9.037537079804113e-05,4.1992312307328626e-05,6.952412159230005e-05,1.6122009570312437e-05,0.0549705428337862,7.158263879264555e-06,4.972056423309378e-05,0.011877224703224169,0.02952929146869864,0.2187620661967664,0.15169357108692966,LCO,13,7
-483936.8415983231,2.302267395715018,0.6737104323920677,52197.83110431019,-2.0923292658704398,-2.7076707341295716,-0.775251936587818,0.32434710507273173,1.7235072032741175e-05,5.075788318711209e-05,2.4915313758618443e-05,6.492203022349252e-05,1.4901851095538286e-05,0.09891579513617706,2.2178465120870406e-06,4.5853702764975536e-05,0.02431296552351598,0.023134575520077583,0.09659877238340558,0.035014715508698877,LCO,13,9
-334209.5941395971,2.599504617246537,0.04853392933598954,62364.45809912685,-0.8630991211006744,-3.936900878899337,-0.7077655713310732,0.2508983135362689,2.8676885427454332e-05,0.00015764430460246415,2.0224333976126466e-05,6.511767928241204e-05,1.485558044462979e-05,0.05101441971580756,9.801341434852498e-06,4.6118136651818036e-05,0.021726517605528163,0.019836189488933967,0.14926582705738997,0.053132412122602855,LCO,13,26
-71933.15606423594,2.5161594468211215,0.023360416808059437,38585.902496613824,-4.259266299938659,-0.5407337000613524,-0.49440001795875477,0.44019148404547725,1.7072370709985294e-05,0.0002249587683308784,1.4514512276101713e-05,7.78998838002547e-05,2.341363829671268e-05,0.04144206048664183,1.4228547700904917e-05,4.700752861940826e-05,0.011734169781455538,0.06875391521328933,0.034309031731370204,0.3325370350965857,LFP,12,76
-38336.58287882775,2.1444313934240196,0.07777996323159968,6302.982040157615,-1.158984525377015,-3.6410154746229964,-0.45190678491795805,0.22376610879172062,1.4315371076328967e-05,4.41033010218056e-05,2.1409095285483484e-05,0.00012370104251294652,1.8941454197115947e-05,0.0408327921945931,4.497178325161989e-06,3.6336806796355105e-05,0.00937225652498988,0.15516846848695368,0.013298805835741015,0.3096259407593473,LFP,13,19
-139826.95375598647,2.660738731670632,1.3403524239135374,11166.193996365046,-2.5266281000145696,-2.2733718999854418,-0.1965737254510378,0.24711632947732057,1.8542777448222112e-05,0.00014760988891782072,3.144176062637313e-05,5.469785168259441e-05,1.235686140183692e-05,0.0401297602552972,8.423131985837183e-07,1.823890500828844e-05,0.022808223936873172,0.43517140851717356,0.0927785828954336,0.20547628313635516,LCO,13,6
-224061.08549026557,2.136967752183611,0.0534523094781484,34376.30370456284,-1.3633940544109606,-3.4366059455890507,-0.4149436181078481,0.22641138195809543,2.0809951873808684e-05,4.319298213734644e-05,1.908982490094735e-05,4.826448620978782e-05,2.90358892991072e-05,0.08436219994668476,1.5376959366683815e-05,4.566413458926429e-05,0.017899129896995554,0.21706312932611385,0.17929838350958346,0.11869486905645463,LCO,13,16
-43780.68628397563,2.6057936096160494,2.161161117913646,2125.788931544941,-2.8489163561311557,-1.9510836438688557,-0.3877931333952843,0.29431064877826996,1.42082918338979e-05,8.132470740305586e-05,1.0650368965369974e-05,6.526754340760096e-05,1.3326253348799587e-05,0.04285537603979449,1.982315761996155e-06,4.847996692637268e-05,0.011762143324502698,0.03203594074024989,0.22115333565978357,0.2890175902046823,LFP,13,4
-75291.51048404131,2.1233328660181057,0.03228867837925238,16404.617917771546,-1.0129038226668783,-3.787096177333133,-0.6881100470717689,0.231960551515549,1.827903905141722e-05,4.6572150981597315e-05,4.4842464734045736e-05,7.23124778815922e-05,1.3067124788814046e-05,0.05086114978414324,5.509498397714276e-06,4.935817260263027e-05,0.012208326875993224,0.14850016886188927,0.018904520412768355,0.07448526365357357,LFP,13,22
-124085.3894377294,2.077381542571761,0.02449698768674273,83639.7012339696,-0.40984882626827357,-4.390151173731738,-0.3351187145006589,0.4267942945962062,1.9378844657754296e-05,4.234766625841466e-05,4.7922476408593124e-05,0.00011680408593068007,1.612854230141943e-05,0.042959004363563646,7.110855580955561e-06,4.05016748270838e-05,0.017242348502305355,0.0888127064716024,0.30378588732145617,0.2022826917062826,LCO,13,74
-18274.73674490316,3.115341467310841,10.223366092113807,537.7395004977067,-2.989438960977168,-1.8105610390228435,-0.5556137990935666,0.23600081698124503,1.749335954199322e-05,4.522778804406741e-05,5.561447324641803e-05,0.00011453763707892112,1.6099574516674502e-05,0.057731526340950946,2.518929796772262e-06,4.993314016466937e-05,0.005657961341478782,0.1523121703724538,0.07116059164018776,0.150913438893792,LCO,13,3
-163829.7990360599,3.011189206729875,0.26971279889056365,18367.926202582148,-2.0791827093613833,-2.720817290638628,-0.1937214348281523,0.28660514856581976,1.2326505853979566e-05,0.00021421532697595843,1.2254916004638631e-05,5.9117300360564826e-05,1.379085497716558e-05,0.04008708861818234,6.555505242543084e-06,4.863697859444544e-05,0.024081719131886573,0.029697522832524605,0.14809438043043596,0.5584866619088872,LCO,13,9
-74134.24051195788,2.3564867101329816,0.5291399252172702,5530.058752310539,-2.637385401318461,-2.16261459868155,-0.4478336458826536,0.2306620190017842,1.7372900800590044e-05,4.164429849483561e-05,1.2935496850767786e-05,6.529211717155254e-05,2.8213526674413014e-05,0.0627205286798259,1.843389458433716e-05,4.87932095144518e-05,0.014597906724664215,0.07080071326362382,0.2566770662970217,0.15468857455670096,LCO,13,5
-498495.9264547771,2.4965093440584853,0.00890047388746711,481647.36082729703,-4.364087995591014,-0.4359120044089977,-0.5055449411259676,0.20817645404544322,2.784060409939278e-05,0.000125895488977793,4.8932330027999895e-05,6.105728040625764e-05,1.2551295081961684e-05,0.09594589318644972,1.7634233587720917e-05,1.6889354196727314e-05,0.024911642456837985,0.3291752017779853,0.02734167978189726,0.06793817731414992,LFP,12,94
-41443.17903569211,2.191218303850949,0.055915969589787874,6449.727195030975,-1.303273691489288,-3.4967263085107234,-0.14700677762976133,0.25124387843027396,1.3454195850159707e-05,4.328966456933497e-05,4.620660780052322e-05,8.190893679971766e-05,1.49719104766312e-05,0.0498558111471294,1.7459852161036163e-05,3.84671607819667e-05,0.009557790388091899,0.22554812633457966,0.0320574735282924,0.5253876225073667,LCO,13,17
-24622.56408526222,2.514221253329926,0.22099543728784893,820.877592570817,-2.194481317454084,-2.6055186825459273,-0.41284091077766305,0.22132982011249108,1.425599686355128e-05,5.401822584024804e-05,1.9629295017267876e-05,4.075272681272812e-05,1.6579877087399744e-05,0.06732351606343588,1.7697049264593706e-06,3.631678721980059e-05,0.004213988590161817,0.15749795386823495,0.19825383804207694,0.16140729731202508,LFP,13,8
-426899.8236494189,2.207158290022633,0.053081735491462355,127077.97356631716,-0.9886448449095511,-3.8113551550904603,-0.7719721454265233,0.2682495173169579,2.0543820625336818e-05,8.933821957143913e-05,2.9202414367170367e-05,0.00013389311513106449,2.686509006195342e-05,0.09244001062667175,1.983081983408367e-05,4.55606261166238e-05,0.024210653328125255,0.08056951335031563,0.053647565911788445,0.02381077531137274,LFP,13,23
-166551.18067276714,2.9878872319520746,6.221212159089335,8951.290008963964,-3.0340876386095204,-1.765912361390491,-0.4930841476731814,0.2889710868966635,1.7333408159091782e-05,4.16222543613786e-05,1.3190320832126527e-05,0.00013784421805354536,2.8218816757365933e-05,0.06254534472561415,1.928329507441809e-05,4.971630189455851e-05,0.022999142083234995,0.06615492167867738,0.3140522874476477,0.056708643200493555,LFP,13,3
-755935.1334476303,2.2599736041524503,0.01267150251732169,176526.18272984738,-0.6267983740705034,-4.173201625929508,-0.0338531791814114,0.2144669269984475,1.2162432014037347e-05,0.00011565875869148973,1.2931009552166321e-05,4.2599060182905985e-05,2.2634220337161965e-05,0.09265523885687459,6.72661687792282e-06,4.433034867694123e-05,0.024018905343940786,0.05337195649474207,0.5668184370680311,0.2759564272558155,LFP,13,43
-35266.84176746843,2.8324699988485023,9.402257640323104,1021.6162788505029,-2.9941703825716246,-1.8058296174283868,-0.5049313384039382,0.23400777566275657,1.8680168346316173e-05,4.509219376648176e-05,2.3565771945391732e-05,4.737531594549663e-05,1.313610201139432e-05,0.06519067141944611,1.1802675160077286e-06,4.994129217252313e-05,0.007713130605459264,0.1510391015989415,0.06091056412387581,0.21311899587324454,LFP,13,3
-191297.12270417123,2.1147323002390896,0.03246991868716313,84848.88311130636,-0.7186808732987586,-4.081319126701253,-0.7015429638422523,0.2256271015385553,1.774915826797498e-05,4.45940262344759e-05,2.9810388413428195e-05,9.622184145868481e-05,1.5157511892990707e-05,0.07660737849171877,4.536934109831937e-07,3.3793431034929625e-05,0.018682751307118904,0.05377534085905385,0.08813786700275794,0.08654382829593595,LCO,13,32
-130086.12533462436,2.2417043831103824,0.2722364225873456,11759.628025566613,-2.0354084912925927,-2.7645915087074187,-0.580680724858233,0.213186876174611,1.2372790920714257e-05,4.501443096568438e-05,4.214702538619838e-05,6.859502110295227e-05,1.231507365038221e-05,0.09760697680286853,1.1150254406834802e-05,4.5771307155711773e-05,0.011696313536065601,0.15495237922377242,0.03605403854227153,0.15831285737572318,LCO,13,9
-563896.8196911613,2.2153758469374822,0.07377649975895782,112463.6955334363,-1.0855154545857033,-3.714484545414308,-0.6435912809712693,0.4127303111889371,1.353459970277078e-05,8.972207554710655e-05,2.167528964747721e-05,4.949256445317455e-05,2.6755563033113483e-05,0.08821738825333496,1.597096321903206e-05,4.5516455331841184e-05,0.02420090230253197,0.09371027045606854,0.055413641144848695,0.13728480742781354,LFP,13,23
-390851.6309334455,2.365726707360691,0.20038932747178362,48642.36125702696,-1.9026893161733085,-2.897310683826703,-0.678720693860563,0.2130812497022021,1.8576368941379336e-05,4.4593893090069175e-05,2.676112504711046e-05,4.8837762879892294e-05,1.235702674982176e-05,0.09863075389974366,1.1182762067064633e-05,5.636371841660407e-06,0.02289718099997215,0.03396858993449081,0.010515463596719107,0.2067952526082272,LFP,13,10
-252447.920123437,2.937198465175115,0.519253723222085,25826.712800868503,-2.3525770921173077,-2.4474229078827037,-0.6392557177088385,0.29361024966164945,2.4011335045918233e-05,0.0001580696816291918,2.364810570107338e-05,4.478656638795136e-05,1.2028108484452987e-05,0.08053210536115046,9.052017587341742e-06,4.6214569581043146e-05,0.021548281792313426,0.02384266144378389,0.16661878683963766,0.10028283400774003,LCO,13,7
-325409.3912993825,2.1032773634455464,0.03556648820034255,131048.40874315513,-0.741001861896919,-4.058998138103092,-0.5957166625072534,0.2673077642270655,1.5149196077670227e-05,6.652506530413183e-05,1.0712845938576307e-05,0.00010324333889743243,1.531159372491977e-05,0.08356118708051817,8.33650172792389e-06,3.5306556505355785e-05,0.02181242014285564,0.07439108807417345,0.20076179617312978,0.05913045324544347,LFP,13,34
-752925.7434010146,2.5114938272047094,0.019642386410216973,297676.3073690313,-0.4150103332300574,-4.384989666769954,-0.48129992758100626,0.2283584569425617,1.6285481285062182e-05,0.0001572654272867094,1.1975382628718765e-05,5.15305369502559e-05,1.2826558208778285e-05,0.093364213372288,1.0244430314454112e-05,4.060466508530095e-05,0.024046353972622232,0.024144379520400956,0.19665983342096635,0.22789585947762647,LFP,13,58
-427786.7022506453,2.335121650012028,1.1122731608127698,25669.16759568305,-2.638613622428444,-2.161386377571567,-0.5773897978056685,0.21025814733868342,2.647824534511773e-05,5.286422686747135e-05,1.0689969527470946e-05,6.530974343217222e-05,1.4895241008763238e-05,0.09901105751347937,1.7113618596287217e-06,4.499725846784665e-05,0.024396463578405095,0.2069922987711594,0.11943002277360915,0.02618788064956301,LFP,13,5
-367634.58887915325,2.4568831553079464,0.0270806163587499,105396.7985890109,-0.4954850990561468,-4.304514900943865,-0.2744883069569376,0.24929598592555227,1.3127458231824398e-05,0.00013933668654689035,1.3003086469770448e-05,5.21506185506127e-05,1.2546637888734496e-05,0.04521871185215885,1.1141396895424692e-05,4.8452564375226243e-05,0.022300469297849117,0.08207159978033368,0.19933966022592753,0.3741004330368013,LFP,13,53
-300619.0198105598,2.106591549017683,0.013158997443169104,184800.23510849173,-0.6219784340270422,-4.178021565972969,-0.3765134471707178,0.220875916348182,2.433938551343248e-05,4.832206959500718e-05,1.7428870242296732e-05,4.227322220373264e-05,1.8206030199601705e-05,0.08809654426866616,9.767591601789035e-06,4.922152305139882e-05,0.024932355689191877,0.12064409731991838,0.3931134233014191,0.039729032207944937,LFP,13,43
-183685.46474373929,2.121942240415984,0.02855017446550336,78721.15461817157,-0.5781821389622195,-4.221817861037792,-0.1814964307912289,0.21724486577770208,2.4654213187778992e-05,5.161427237354469e-05,1.1349963511982164e-05,4.060879205083242e-05,2.258416661151354e-05,0.04318469804770585,1.955198431177974e-05,4.828233502825619e-05,0.02409386478167746,0.012095284935329312,0.27138668387090814,0.46502160040253376,LCO,13,44
-41175.00658170982,2.5099030081264004,0.010720407046470575,18583.51589423983,-0.33067915986491414,-4.469320840135097,-0.41068324902576125,0.20310224350728207,1.7978773871951234e-05,0.00015991730471002173,1.8934345365635425e-05,5.208062941233263e-05,1.2899375525482004e-05,0.0404803392238723,1.2659765217853474e-05,4.739471769133831e-05,0.008609282133523119,0.015947552132872418,0.20056512959208175,0.30280406924928466,LFP,13,67
-472365.8359650808,2.229694137282585,0.011661831483685133,359404.91583024483,-4.3834188218089025,-0.41658117819110885,-0.40089153780022346,0.2679335217525646,1.2413991776776586e-05,9.660074468338973e-05,3.640583010676894e-05,5.5339098660424936e-05,2.0223989160297365e-05,0.0738965606391635,9.570966264408101e-06,4.329583531619746e-05,0.024855973378315986,0.08406369608899185,0.17761010703778732,0.26743465907299746,LFP,12,94
-22931.88879917464,2.779888444579737,0.31158698722517864,7671.848813709662,-1.56780126753452,-3.2321987324654913,-0.14378085220392733,0.3287604941340684,1.4341744469298058e-05,0.000182315158803524,6.451275699805211e-05,9.268705308689785e-05,1.49492030727463e-05,0.08679450067549245,1.7704782255365212e-05,6.8013242208482906e-06,0.008257553102655024,0.5563104585992659,0.1950564323765927,0.034852256820214055,LFP,13,15
-348448.04497070715,2.1695858742083645,0.021433282157446113,127316.23145523909,-0.45351829879778194,-4.346481701202229,-0.14157261514546227,0.2076318226444494,1.731511768184596e-05,6.580158679666985e-05,4.7610967257019034e-05,5.382931762195998e-05,1.6848199998501943e-05,0.09538943535766484,1.100782791097259e-05,4.5038771679132315e-05,0.01739047574376171,0.10135672948500449,0.22879926005513013,0.45827139531440314,LFP,13,55
-273836.1588514322,2.5579545550986977,0.021787983313461955,109139.48146651176,-4.425550872622594,-0.3744491273774173,-0.31547025218857017,0.22055285950187578,1.204996719719285e-05,0.00016453478565437888,1.4398841532801417e-05,0.00013497616490215565,2.1272876809712518e-05,0.08258170530401096,1.3095259104450088e-05,8.200648106971393e-06,0.018834404969983322,0.09385694236492223,0.13210842300680198,0.3885643824397057,LFP,12,44
-354423.88364898553,2.5785393374350027,0.03462615488260219,83924.31648124903,-0.6521297319600095,-4.147870268040002,-0.21213799819876156,0.31914836625017173,2.101132093321391e-05,0.00023375849733175985,1.1356856152974078e-05,5.936889226121025e-05,1.6266745152920988e-05,0.04015501987222258,1.5133710914492536e-05,4.811684319114102e-05,0.023763399445518807,0.012991980143844187,0.36578806370835015,0.3390819579490441,LCO,13,43
-245759.49941633007,2.1201633506379354,0.022381158005124507,79854.57728275028,-0.6113624448596795,-4.188637555140332,-0.12069827231830732,0.20256093223774546,2.4040706538785147e-05,4.6639426626844805e-05,1.295514482388528e-05,4.400793518030973e-05,1.2149107629066536e-05,0.06194248421597932,1.9376827267483712e-05,4.474105655174474e-05,0.02057202844551839,0.06302568799709664,0.21458614634975084,0.5316898933348452,LFP,13,42
-332503.8712906015,2.784155273005422,0.04265731046699413,63504.708409831386,-0.8703972107273827,-3.9296027892726286,-0.2317003583050442,0.28758224416429035,1.2904898781731237e-05,0.0002291013440927301,1.1311366992308935e-05,4.004193024416712e-05,1.4833783830770969e-05,0.04297272102015481,5.518458981942039e-06,4.8798596491985806e-05,0.024857472633709604,0.028378786328755637,0.20375660919388391,0.46616424617231633,LCO,13,27
-398341.5431634027,2.3803507060139992,0.011692694209515778,179115.23812762048,-0.33821466801051514,-4.461785331989496,-0.18317300423466687,0.22053915872525387,2.315099601375363e-05,0.0001657223963127719,1.1064453509751037e-05,8.173951862840412e-05,1.2435317121557086e-05,0.08281428033789671,9.96050523076815e-06,4.9134888840968025e-05,0.01877242417250391,0.011151357015094166,0.399108138966524,0.33656749978371503,LCO,13,73
-692742.1468262479,2.491102404200365,0.012114507672317958,304203.2776079354,-0.35088851319353154,-4.44911148680648,-0.20229512036710207,0.22093432288704024,1.314688355325413e-05,0.00015782675315102724,1.1975366745398271e-05,5.1662344738287776e-05,1.2828099046743993e-05,0.09133011970512929,1.0244632797561772e-05,4.8701024834787764e-05,0.02403367163621898,0.024650667010052127,0.47910758851509255,0.22394662410775334,LFP,13,67
-275114.4848341557,2.1262132721373384,0.03844237669713048,169999.13753987878,-0.5877275676259117,-4.2122724323741,-0.29768007413328335,0.22027128447124433,2.4953755165401152e-05,4.764637588993907e-05,4.0129420785997844e-05,6.368841389138589e-05,1.9976558613807426e-05,0.07752428515945736,1.707432127775563e-05,4.4695256097112095e-05,0.02430971548996861,0.1422044455531815,0.3958729449737785,0.0942425353397567,LFP,13,46
-247763.41417871835,2.262110796143123,0.02687141687694191,91801.7166142993,-4.4360469009208074,-0.3639530990792039,-0.6529974945584897,0.22061210434027262,1.2026924459737887e-05,0.00010348721092251931,2.5743254711900417e-05,5.8197556753203116e-05,2.9377341123533528e-05,0.051957255459962076,7.177618681168781e-06,4.85218100037291e-05,0.021921640838319927,0.059261448479387885,0.11911136209147513,0.09862969487064739,LCO,12,41
-178989.921777123,2.1249799231961353,0.010901768793040898,62181.49381813363,-0.6168213120031538,-4.1831786879968575,-0.11825304308442408,0.21173360219537402,1.2115603473821777e-05,5.009946816967646e-05,1.1408345984520757e-05,4.0704795059010566e-05,1.2132148873466936e-05,0.051744370003686105,1.2748859369787812e-05,4.228660653949263e-05,0.01915445332372722,0.06951942219842758,0.2069017082637678,0.5353258264533806,LFP,13,42
-109637.22851350061,2.2101514305035415,0.009326649697727764,88094.97020765374,-4.3807457337382445,-0.4192542662617669,-0.6146259139666352,0.2023140535558589,2.3234276584279427e-05,6.575242624088725e-05,3.6810431671973166e-05,5.542289367677206e-05,2.028727319228027e-05,0.07442989522721566,7.645318455374608e-06,4.331184777794207e-05,0.012144009304180418,0.0218484371401139,0.07951710757909614,0.21400854131415475,LCO,12,95
-22287.98532589271,2.160139114272079,0.01925072956858149,10815.92139812699,-0.6504564162352082,-4.149543583764803,-0.22918823059864823,0.23369182218294587,1.6857103471329884e-05,6.46823521615082e-05,1.088592241013847e-05,4.7294420036604414e-05,2.3631933973217397e-05,0.0914792168952801,1.2392783898388781e-05,4.477088211242208e-05,0.0061570487958811405,0.0808969099329383,0.17988940442835666,0.44002545504005686,LFP,13,40
-41747.218946368565,2.246404692626812,0.009081172687838937,44728.27849544334,-4.307218157550118,-0.49278184244989376,-0.7747922412369406,0.2179794120544427,1.3486415906226408e-05,8.645979286211793e-05,3.203750602464666e-05,7.215080556846806e-05,2.628936770304471e-05,0.08490170566054055,1.561307868393492e-05,4.683890441074361e-05,0.008004209739169408,0.01908255089245514,0.03776203361650919,0.09836317425409521,LFP,12,88
-590618.9444729337,2.2704872321421883,0.0232001435062922,234983.4114652718,-0.4521739948252801,-4.347826005174731,-0.24418178656324085,0.2642683714579981,1.3212515640078482e-05,0.00011459878699685217,1.3005401744651149e-05,5.154166738890565e-05,1.4320452932781604e-05,0.09606444692163392,1.0863573208298709e-05,4.925689677013945e-05,0.022344089915336172,0.0813793295565548,0.2300961377423651,0.37434274613783936,LFP,13,57
-480803.7308968751,2.392725541197406,0.01455405291052222,298437.2376059641,-4.2789995802222975,-0.5210004197777138,-0.5789428030735435,0.31238140291388794,2.327621497389996e-05,0.00012731003029938675,3.693488717751688e-05,4.845291330688312e-05,1.8488583503124097e-05,0.08445547930719188,7.789749578633738e-06,4.8462923449687565e-05,0.02207045016608374,0.02111498822108856,0.11579383568322492,0.21414837302214312,LCO,12,83
-69509.98460846438,3.026545783542816,11.50204492641343,3426.4980168520065,-3.0495856182355894,-1.750414381764422,-0.27355839115949765,0.30863018983328144,1.4176498430981675e-05,0.00011473288546667303,1.301023543685184e-05,6.394246985687096e-05,1.4289050780056172e-05,0.09611251066752455,2.6965718018124747e-06,4.9295714379272244e-05,0.011675355176064323,0.08256456929550736,0.2887195374207166,0.28515750212427843,LFP,13,3
-15195.800859572711,2.1341608478007803,0.022156132053667555,4925.86159015972,-0.7828738550347936,-4.017126144965218,-0.11834533039733741,0.2493593740295521,2.7842889208035372e-05,4.5065744111179334e-05,1.277352782996685e-05,4.069612028010781e-05,1.2957351903011517e-05,0.05712656624406093,1.9651292245114995e-05,4.4228803636012775e-05,0.006308423159293985,0.06179271594496075,0.2147291116386944,0.5351328420190075,LFP,13,31
-659371.1677461185,2.605022736700557,0.032165165576504715,130883.2575382683,-4.638478045257216,-0.16152195474279551,-0.5814593680088344,0.20057995435059311,1.3206073024561663e-05,0.00017128869476010122,1.1074054493848406e-05,5.949085743545306e-05,1.4165362315854387e-05,0.09063245660561875,9.998075551831611e-06,4.8345592406044134e-05,0.02406143320047938,0.010854506782761484,0.1454566698928239,0.19222945531558033,LFP,12,27
-10270.282472501789,2.5101469118712023,0.01077505261386684,7040.696638209493,-0.3215188324555953,-4.478481167544416,-0.40916608247626896,0.20286192763318947,1.7228991971329143e-05,0.00020820555915882974,2.2484111179301893e-05,5.513049349349524e-05,1.2621009459060801e-05,0.06087104493712492,1.6706608487195186e-05,3.963754657048285e-05,0.004195217599725982,0.20300079549694816,0.04576129824583103,0.27207182378095196,LCO,13,68
-304224.45114909037,2.154253093171803,0.008871858029367454,192763.055217586,-0.6039032825303039,-4.1960967174697075,-0.38698033172170065,0.207990460493408,2.4911942844466383e-05,5.093191160620374e-05,2.015925100187437e-05,4.2796292705255285e-05,1.204638080085661e-05,0.08870100515287521,1.2758183209702726e-05,4.924231834480496e-05,0.02494553762966136,0.12130603365462116,0.2063236081781684,0.21539002644550984,LFP,13,43
-16876.08495693595,2.365415704322487,0.07242599010963265,1890.4941302528118,-1.5475542973172054,-3.252445702682806,-0.44299053476862554,0.268719832204604,2.787717186352097e-05,8.682395716243946e-05,1.0126784785391489e-05,4.4672761501588466e-05,1.2872321130388992e-05,0.04040411125126212,1.9652885972924346e-05,4.8905901040086707e-05,0.006290018584160255,0.06350449215296758,0.22123005353855224,0.20227491953985471,LFP,13,14
-19215.09456602873,2.4156531845567297,0.14615320653367853,2740.7934871451594,-1.7371637612407014,-3.06283623875931,-0.006211988937125379,0.2349830910905398,1.8193487625894013e-05,0.00013289268737174016,2.2292437660773785e-05,5.675928574246958e-05,1.4033342776105422e-05,0.08695093962251949,1.656381380749244e-05,3.5038458356182374e-05,0.0058165301140926315,0.14448739032958346,0.3115839204195111,0.46771670031378004,LFP,13,12
-314684.92858056654,2.5305602921748003,0.009122677848098103,201595.23983964347,-4.399293506280301,-0.40070649371971,-0.17011165997122657,0.2125446408850131,2.4678514854906406e-05,0.00021307297899795204,1.9621271004435903e-05,6.107424283900465e-05,2.6068412457984937e-05,0.043663057863373975,1.4150515024012558e-05,4.902029523739377e-05,0.024854999499983824,0.1233234079649057,0.3467032928902001,0.2898616391736677,LCO,12,97
-105413.90713149204,2.1537779947573252,0.025583747125998257,45461.82634517162,-0.595791280219153,-4.204208719780858,-0.23929583371305496,0.241727561729875,1.556966751947498e-05,5.85800233552578e-05,3.020864723698821e-05,6.30762646349708e-05,2.1424417937600537e-05,0.09145290972032409,7.192384640089146e-07,4.8247616669029e-05,0.011599664746272314,0.04551422332328718,0.5221959294515905,0.12299401351206742,LCO,13,45
-142664.9592673637,2.5555682679584004,0.027674083874412964,44155.60825445437,-0.6089764797776382,-4.191023520222373,-0.05358934117137182,0.22411654925396704,2.47166307422786e-05,0.00021637511871262625,2.2776757694589677e-05,6.05146662125668e-05,2.7032691937834173e-05,0.044819677639245006,1.9559835865026937e-05,4.962968111882562e-05,0.016769874994903074,0.29143484181213597,0.04138475661287551,0.5435910604036167,LCO,13,43
-429273.7121530506,2.1784465128237884,0.049424758920889,140608.0639096711,-0.8250633334339028,-3.9749366665661086,-0.3203424870652515,0.22103166031908555,2.259558481565833e-05,8.391467009404472e-05,2.0455282721200112e-05,8.378804720176964e-05,1.2403583533882081e-05,0.0905316810187829,9.76753333834459e-06,4.922203184108646e-05,0.024943172855537127,0.16878761076518212,0.402509690057458,0.03836021211210855,LFP,13,29
48555.29472781118,3.343313164188202,11.809402547565005,202.16892870004062,-3.406744367837348,-1.3932556321626635,-0.4528537984679657,0.26923681938127353,2.7918567210299406e-05,0.00010307639878999513,1.0123913952754762e-05,4.369697829135776e-05,1.321684818512763e-05,0.062169246578719924,1.937211175205903e-05,4.4634658628130536e-05,0.00614562273357472,0.06302551573900426,0.22143856812134444,0.19268211767168567,LFP,13,1
-175757.45286497526,2.084240949721232,0.005002005950769962,186120.32219033176,-4.415585292114393,-0.38441470788561816,-0.4628470398047091,0.29259918453918665,1.8788718495658352e-05,4.099509736485329e-05,1.9198911721686017e-05,5.833306967448359e-05,2.8658575596788625e-05,0.051627652370633444,7.509727265704877e-06,4.852708839927617e-05,0.02188216644361794,0.049644950194868684,0.09764903092812342,0.3198589790722988,LCO,12,99
-509542.88452490594,2.256060587212344,0.009947359577371296,412258.4024514083,-4.345024652717882,-0.4549753472821294,-0.28069992453351233,0.23178943309141198,1.573225703286483e-05,7.978908058057522e-05,1.2816498436153178e-05,4.928097037351222e-05,1.561106550985648e-05,0.09733001145267325,7.501632492267889e-07,4.876859540574666e-05,0.02456687602910617,0.10053922031262404,0.203139510453315,0.34562134470054867,LCO,12,90
-121229.86531927362,2.325947851729887,0.022362756495895527,40869.656670598626,-4.475556193095734,-0.3244438069042772,-0.42558358192657886,0.21682852859079418,1.9238994720808287e-05,0.0001319523194512386,2.5788752403059596e-05,5.7832809865698556e-05,2.628065778557871e-05,0.050783337506014964,2.3445276860198155e-06,4.717258888836701e-05,0.015431106026752489,0.2463218933913793,0.24592416910342227,0.012170355578619563,LFP,12,41
-171162.53472927498,2.169666453607425,0.012805342528823727,112251.21093595725,-4.199087212883711,-0.6009127871163003,-0.580980505106359,0.26544187601746233,1.4507665419991015e-05,0.00010178619845779778,1.1167276885129814e-05,0.00013104189261974687,1.3667351737434453e-05,0.07054455478215249,1.1019459344007066e-05,4.09510001954537e-05,0.015387389677715881,0.03206310418326637,0.291037256408721,0.025919134301653643,LFP,12,73
-479093.2112024822,2.4852842159447848,0.02868608063855917,189537.80328151383,-4.3629119645945025,-0.4370880354055089,-0.4088812161543337,0.31270927997824105,2.342473492605632e-05,0.0001395743136648736,4.7756759826759394e-05,5.223638378311331e-05,1.2430501624916788e-05,0.08708123771419715,6.417306202817481e-06,4.846773243704207e-05,0.022067018687721544,0.10861129690889873,0.20072181725071014,0.21178566968605755,LFP,12,53
-94660.85097666687,2.0942613016484795,0.016233956175415835,112281.25296019894,-0.36845167136436885,-4.4315483286356425,-0.6489010853690628,0.32350670321203995,1.4865638356485143e-05,5.417037113666284e-05,2.8395291954971295e-05,0.00012903044031587093,1.2906963065038097e-05,0.06447117898632199,3.0844144080298073e-07,4.062212493586862e-05,0.015250512208461239,0.1483651188919568,0.08325886048551162,0.04947493525346883,LFP,13,74
-209637.75855137195,2.823853992499654,1.040064027990761,14158.806529061705,-2.561821118334258,-2.2381788816657533,-0.20211142144248873,0.2650610084454611,1.210085957213976e-05,0.00019524996409981679,2.4319549982990884e-05,8.097697760943331e-05,2.817349342304873e-05,0.0484052948513076,3.38751206247624e-07,4.663428798645254e-05,0.02375277157493856,0.5303025694646379,0.15655615633049913,0.04102985276237428,LFP,13,6
-173107.59312186693,2.5512291569983607,0.06719833551055437,38995.69474128757,-4.746974440238134,-0.053025559761877616,-0.44747735354240936,0.4445394162928017,2.9914421026177326e-05,0.00013250215927890845,1.5893697770886364e-05,4.8025283996330056e-05,2.521815973796158e-05,0.05209626906434222,1.7717906294256097e-05,1.7729290395863164e-05,0.018055926918931004,0.0849723991640079,0.14890651409115735,0.24864373320242544,LFP,12,29
-272444.99130791763,2.415427984530848,0.006824323366025828,365432.2912318913,-4.192693636443124,-0.6073063635568872,-0.7511892495042094,0.21967529696135554,1.2045342500303464e-05,4.067469699548776e-05,9.897707556799995e-05,4.489067856130244e-05,1.4803868921730652e-05,0.0998226083250743,1.9692982133971864e-05,9.881168056414798e-06,0.024570153333295437,0.03431097242899784,0.06326130992180307,0.08123846814498978,LCO,12,63
-78880.16289616127,2.1929443826420627,0.01139865424069256,75313.82489124428,-0.5595951745755343,-4.240404825424477,-0.3974357358702104,0.2259106089858457,2.6998857882018927e-05,6.76434496539687e-05,2.162138477736606e-05,6.238625856062177e-05,1.3500605137539026e-05,0.07181081296099208,4.252581992112611e-06,4.983786368196271e-05,0.011263384301926258,0.06949306953610129,0.2598191843547194,0.203252010238969,LFP,13,98
-310306.14744188346,2.1244858167288134,0.009947359577371296,451620.91688528156,-0.5031271330627618,-4.29687286693725,-0.5701893148819173,0.22849210845898033,1.6821193810622326e-05,5.345656247585721e-05,1.28281406450825e-05,5.595787395949694e-05,1.563501636815696e-05,0.09735627087950545,5.106784984060875e-06,4.8835046572816224e-05,0.023833635234742422,0.02477795762485841,0.1632632070563612,0.17176952043686322,LCO,13,90
-124204.55100496614,2.6499825514087205,0.49013364578296714,16049.859662955658,-2.106601708516706,-2.6933982914833052,-0.3501611753706786,0.25035522217003636,2.5067729120353356e-05,0.0002008080448019811,2.437402570179817e-05,0.00012073299909114882,2.7491603964859073e-05,0.05738568171046391,1.0749519835602527e-05,2.1694541455191358e-05,0.0185838803385345,0.4356274146493292,0.021843164045444344,0.12236824593454793,LFP,13,9
-35366.021347748865,2.536511485568904,0.6379898787469563,2455.403338064024,-2.6165740784300695,-2.183425921569942,-0.6030327831854377,0.20016655553119356,1.4764151381951058e-05,4.04570530785764e-05,1.3001526707912368e-05,7.477397134142568e-05,2.6210836773904793e-05,0.08018260016987594,2.1425046729290277e-06,4.879132844040068e-05,0.008254923968944955,0.1114877000657934,0.06814326944693268,0.14733624730183625,LFP,13,5
-332302.91698005307,2.302285704119894,0.013350377036067654,265179.76253152866,-0.357667278870359,-4.442332721129652,-0.3656753120720896,0.2655850979879889,1.2099899200064586e-05,0.00019610615405717813,1.5028486002339358e-05,0.0001450840926301657,1.717219873352499e-05,0.07105542772168899,2.1037112683914136e-07,3.8437980087924147e-05,0.02325949945455167,0.22466976054592927,0.29175201076987844,0.04790291661210281,LFP,13,73
-217279.94116743072,2.2686850966264527,0.04566562110094281,59298.92751855431,-4.772261109355142,-0.02773889064486923,-0.786176597662108,0.20087119664906627,1.2101496123030069e-05,4.1887207769795794e-05,2.4115799024996065e-05,4.486405661234292e-05,2.554357706023372e-05,0.05648299715981211,8.877456398794374e-06,9.026943700167837e-06,0.023378165772307204,0.01745607780346296,0.045049579420881246,0.08131774511354789,LCO,12,22
-113802.07632884782,2.236008018841511,0.011507758439820335,85935.92381600304,-4.353216154396563,-0.4467838456034485,-0.47699768846710955,0.2669011886045437,1.3734058747596874e-05,0.00014548291515684622,1.4432827496803015e-05,0.00013694070268482477,1.8013668177090746e-05,0.081420590183019,7.640834970854222e-06,4.275635517206283e-05,0.011442766568672361,0.03602219505177897,0.36836479254194926,0.04861532393916228,LCO,12,90
-369450.40744572144,2.1623203113977527,0.010152464891293086,366814.7612287814,-4.326384261958424,-0.4736157380415875,-0.32426098826411953,0.23267265845921903,1.3846697051006209e-05,6.509262441675084e-05,3.298797346940291e-05,4.2575767232512377e-05,1.254728351341978e-05,0.0885662652215382,1.7603760958990696e-05,4.9550228238678836e-05,0.024093978345147204,0.255034613828116,0.06735793023310414,0.2833464676746604,LFP,12,89
-419277.0804459312,2.2615157340192895,0.13427369656595495,83047.0213790514,-1.07567868692378,-3.7243213130762314,-0.4084252998008069,0.2267434878418541,1.2101519026118682e-05,0.00010715108441302868,1.4883864345563308e-05,0.00014673399478333212,2.5825809713131733e-05,0.07776747947827686,8.877981419967138e-06,4.7762550862621964e-05,0.023434145965346858,0.09630696932811027,0.3956556333468531,0.029612097524229816,LFP,13,21
-396307.1682666299,2.1655458239429066,0.06940296369641293,121052.76596597483,-1.043576398442731,-3.7564236015572803,-0.7330638152608894,0.22567991384226938,2.85358661401879e-05,5.535641508027339e-05,2.9200158903224473e-05,0.00010897908929302179,1.21215643969847e-05,0.09928105252697003,1.1316103726672117e-05,4.7562921144147365e-05,0.024314787259767094,0.07277998235183157,0.024450952798136208,0.09970524958914291,LFP,13,21
-134742.9514854814,2.1380450117150684,0.018395669357025128,108188.00677778973,-4.38943592205635,-0.41056407794366123,-0.4991233969990057,0.21676979664800244,1.7047372389739014e-05,5.723974467355771e-05,9.727232490981018e-05,0.00012675673843333098,1.2506762183469911e-05,0.09558077278231009,1.4433649751286327e-06,3.812093454067118e-05,0.01649238477705359,0.017622870823579405,0.07969626792474559,0.33355746425266936,LFP,12,46
-164460.46113864676,2.3428076189481257,0.011066328890278847,131333.25630538826,-0.46580516369306935,-4.334194836306942,-0.5319966417246949,0.2503295482668966,1.559786067480647e-05,0.0002244197235444045,2.5973386514770053e-05,0.00012635624643800381,2.5488448255240276e-05,0.05638482426459622,1.6307035921245462e-05,4.547563328099273e-05,0.016434058619325138,0.06431581020851788,0.02501967607919414,0.30866787198759316,LFP,13,87
-144641.92747556165,2.5799265975302133,0.019573235506961086,62992.90541988649,-4.301803886227589,-0.4981961137724227,-0.4335816367350936,0.2054954417141594,1.3436423693323723e-05,0.00018964358058278928,9.907793387124e-05,4.453210416963242e-05,1.4253490645210596e-05,0.055982604006780026,1.62435426894633e-05,4.603838553814745e-05,0.015418061163164128,0.0200629542739553,0.06358132126956918,0.41277408772138197,LFP,12,53
-341230.4711863772,2.130233820791611,0.013400197125421403,411185.35075564747,-0.35469269475522935,-4.445307305244782,-0.5234468716071908,0.2799420731341116,1.2096643656357645e-05,7.29951132663861e-05,3.3350438237864154e-05,0.00010780198855808604,1.2532820723442476e-05,0.09592451943386174,8.08024597275301e-06,3.843038805554184e-05,0.024474896092164484,0.2695010013690201,0.0640155538182549,0.07303657320553418,LFP,13,73
-74625.951120257,2.2529241701010863,0.04849085827090172,30190.546406918154,-0.6958457883996303,-4.104154211600381,-0.3389175412677079,0.47814672810116315,1.7242235661553804e-05,0.00013331735245284857,1.2492405069396279e-05,0.0001336051443625979,2.436189468737473e-05,0.07766185594524379,7.350918705324157e-06,4.601859397092508e-05,0.00952409033439534,0.015977265083896963,0.5603893016016888,0.014715892046706452,LFP,13,48
-293842.6589421192,2.344243703925449,0.012903041658519288,215652.3023396557,-0.4010113166248175,-4.398988683375194,-0.28011730016195924,0.27086598497574244,2.865153460258872e-05,0.00013106263834387108,1.1319649416271448e-05,6.801838011463108e-05,1.3412643807772562e-05,0.09018775566963669,4.225288066733639e-06,3.484777005046136e-05,0.018884166961630484,0.10257424572313023,0.33728296941115915,0.21002548470375146,LFP,13,80
-216555.49587086012,2.369635499122812,0.0156186737060619,143522.93472650295,-4.200149311728467,-0.5998506882715446,-0.5196805162099775,0.28954250110371926,1.5923758136632364e-05,0.00022476430069266659,2.6128075535761268e-05,0.00012418644293239487,1.2521355391561428e-05,0.08960200758821632,9.659128225400677e-06,3.8154548178894626e-05,0.015373864084269407,0.021077268934077863,0.02790738009655642,0.3613348347593883,LFP,12,73
-287713.9862879655,2.366007654517412,0.020696504837622802,154150.62216192755,-4.393892775427048,-0.40610722457296333,-0.4141229240446327,0.20981226385094473,1.5875312086963043e-05,0.00013027302406369464,4.8902685844499425e-05,0.00014748696926280305,1.24791682981871e-05,0.09558249305834507,1.3419050915589024e-05,1.7119601286756012e-05,0.0198782664415175,0.10220624511015686,0.07810488616775745,0.33556594467745304,LFP,12,46
-611851.6642216924,2.519926175782682,0.010579095032057595,329804.3795334248,-0.4687811842681313,-4.33121881573188,-0.166822936438504,0.2710172112270263,2.449304443244624e-05,0.00013598471802937063,1.1188271132634345e-05,5.015642234111507e-05,1.7702547399709133e-05,0.09000288562004084,3.991641125738912e-06,9.819196633578816e-06,0.02310411701818371,0.13367229147354523,0.33823197009043493,0.2912728019975159,LFP,13,86
-21202.861291667614,2.3068088033501724,0.01799383678585688,19601.935373619064,-4.407884469046792,-0.3921155309532196,-0.7361264979516898,0.40627557946491105,1.745056083512613e-05,0.000178835928853695,1.5179351406355503e-05,0.00014077128216576917,2.985240203849182e-05,0.0918380397708011,1.6518538336960137e-05,3.7885456416487904e-05,0.004886256541979179,0.011513016948025891,0.14100132446781824,0.04135916063246606,LCO,12,93
-11370.812458859218,2.2208575859641746,0.009315530867846759,9423.6532962366,-4.367734578854886,-0.4322654211451251,-0.4459727068648667,0.23522588779163983,2.9957440791058762e-05,0.0001344575705279176,1.5814666727175068e-05,0.00014836396318381362,2.5129459007685982e-05,0.05207589109346525,1.771787064245114e-05,4.0979908956024355e-05,0.004810178200895977,0.08504914516022852,0.14907490248293281,0.24990324549197207,LFP,12,93
-380434.10347978596,2.399295274463944,0.02062143251107897,157904.1957854441,-4.360904146486732,-0.4390958535132796,-0.17638314214169226,0.29032605211610185,2.9268992625761045e-05,0.0001321223527416284,1.545259446425687e-05,4.1022419514157795e-05,1.217938839751461e-05,0.08789218044835125,3.9920667807415075e-06,2.9747002827453683e-05,0.021305353010487298,0.27039499825265656,0.36185971637513215,0.12136214323051912,LFP,12,54
-297107.8834842958,2.1455057810198275,0.018284476756365572,286694.01299946656,-0.41957305122362243,-4.380426948776389,-0.689192601411577,0.3381356063699928,1.6095558169795764e-05,5.210978207536264e-05,2.8305673500528975e-05,6.0934762879491874e-05,1.3895181308101326e-05,0.06408279823656518,4.214466994994892e-06,4.066880125124827e-05,0.023819496591040434,0.07293137415467432,0.0843129359081722,0.08356308852557659,LFP,13,81
-59505.11612242272,2.0742924616065213,0.0198326035805016,34071.93067172965,-4.310750773178874,-0.48924922682113703,-0.17940851083002163,0.28786676690827573,1.3581228116377263e-05,4.783659745774705e-05,4.491947154646556e-05,8.829874671709891e-05,1.598258299115179e-05,0.05095145645146132,1.740295059184546e-05,4.2580106674927954e-05,0.012369355429759497,0.22552434228511317,0.1513738674287695,0.37369327945609576,LCO,12,56
-258904.30114300642,2.1895753266292535,0.012874868923948849,279357.8108542119,-4.220986397858411,-0.5790136021416004,-0.5703274103442633,0.2794272359720422,1.7054024352100763e-05,0.00010105544393922634,6.348855602390571e-05,0.00012148856132912885,1.9337078862142895e-05,0.09677743605890322,1.6856657842018096e-06,3.8109449402629995e-05,0.020248581887296627,0.03159920612483545,0.30452585639139895,0.023547527139502294,LFP,12,77
-461049.4341292592,2.2638946566173663,0.013812895869020892,231648.24424525266,-4.189887357017113,-0.610112642982898,-0.4506063886440196,0.23707926909628646,2.478790957659717e-05,9.16577229707391e-05,1.129999026576216e-05,4.67931482069652e-05,2.0195871690894595e-05,0.09206672299212093,1.9922657923775115e-05,3.6084942837189576e-05,0.021510697016803526,0.23447555596977526,0.18490254460640027,0.06001551077980494,LCO,12,68
-313685.789939215,2.5690978985313504,0.04297877066031376,95579.8854207699,-4.605706618228162,-0.19429338177184974,-0.707201750433443,0.3044386284371655,2.2908197766760553e-05,0.0001331506639246078,2.799110611260235e-05,4.9530792580262856e-05,2.5214771170383905e-05,0.05652764371297069,8.676602800355987e-06,1.7816772568243185e-05,0.024277175768112214,0.014399268789979679,0.1947129519501614,0.013686028826415963,LFP,12,32
-38297.785117688094,2.229794449870385,0.011542087471154427,37755.29554848432,-4.167268672467799,-0.6327313275322126,-0.737856712507307,0.21956826126912327,1.4285852499331774e-05,0.00012778575941229794,9.910532883110354e-05,0.00011588083344954975,1.381731931254711e-05,0.09926690459264798,1.4634051094266048e-05,4.324034012448259e-05,0.007423803494066728,0.030070182950150615,0.05892429938656131,0.10314880515598107,LCO,12,69
-511170.3395859519,2.2523764290395,0.009263416507637245,348745.65070576087,-0.48845768937236045,-4.311542310627651,-0.7919269964851965,0.21135804727039142,1.5368267497936117e-05,0.00010651701600013603,2.4893396971742198e-05,6.048262374036658e-05,1.3580617597619588e-05,0.06417463862052512,3.947551200262814e-06,4.775857353030763e-05,0.024000982042614562,0.07675414493688086,0.01927321631040192,0.04204564226752082,LFP,13,90
-23832.9952015401,2.155513088278169,0.017167252878847697,32140.087686832667,-0.5152390007599337,-4.284760999240078,-0.6071441085271121,0.3800048394914798,1.4759747400008344e-05,9.072833612429142e-05,3.837763635096684e-05,0.00014422627315470332,2.6057031713276477e-05,0.08430222547237795,1.9489841899847352e-05,4.701855378386058e-05,0.006595255601299173,0.04391510987196481,0.05032559652610121,0.2286151850748219,LCO,13,88
-38109.7931871266,2.120631214942059,0.02735951180403546,16503.529813488436,-0.8416891366049768,-3.9583108633950346,-0.7196483587231677,0.2742696780825399,2.85606466476386e-05,5.567900779338596e-05,1.2614586598640892e-05,7.274156518625073e-05,2.8162798266708044e-05,0.09990712305207172,1.9833850941010704e-06,4.756158797646212e-05,0.008171539309353786,0.07245401853428893,0.05625183009353321,0.0816457926490103,LFP,13,28
-468646.0062462126,2.4375125547028533,0.014304219985089767,298236.1877282785,-4.250076807281097,-0.5499231927189143,-0.6550044954964109,0.2886080260773592,2.295569897701808e-05,0.00013570650861449758,2.7987524534009846e-05,4.951393207721368e-05,1.3662150120121645e-05,0.06768537769827572,2.417021001201278e-06,4.1268866659155545e-05,0.02447685182205996,0.07311890892787344,0.08050005395125684,0.12137654162445886,LFP,12,81
-169267.48157249507,2.328846766062866,0.00876056736943727,198354.18782073175,-4.366433807756934,-0.43356619224307735,-0.6042349502581543,0.2016663256886635,2.9918390615235907e-05,0.00019779020692800174,4.910375672249912e-05,0.0001256830320562263,2.5159575619839453e-05,0.0932334265642813,1.6473329994136552e-05,3.994441002622468e-05,0.015774428502441137,0.08107155319058429,0.14894642926496274,0.09574706728629877,LFP,12,94
-247766.121144116,2.360846464864939,0.01088510246819983,200418.33842426515,-4.369925380763476,-0.4300746192365352,-0.49668288070476807,0.2504067994957268,2.9968578640947022e-05,0.0002267965292140868,2.981004481539767e-05,0.00011683820525573924,2.5127724139579556e-05,0.051976512210390645,1.5636498561964903e-05,4.7607893970573193e-05,0.021754561151634145,0.05465808746497826,0.044260639324630244,0.3343983925056235,LFP,12,93
-40840.38356275489,2.6022582253076436,0.053825353521059514,26872.3883359009,-0.8652402499202339,-3.9347597500797775,-0.18351534124518354,0.3527597014700177,1.390833983299457e-05,0.00014984123736140728,8.077598662576435e-05,4.4684142083583974e-05,1.2705730977727884e-05,0.09520604186253906,1.0400265037082342e-05,3.3357191168872717e-06,0.009824660331741685,0.5280885008145202,0.19427440024421566,0.024121757696080725,LCO,13,32
-214277.6710348172,2.373221159544665,0.013510752077195317,109956.19859308832,-4.197648828740299,-0.6023511712597127,-0.5453735325338834,0.21287611726595482,2.997674290326283e-05,0.00022566065613417925,1.5323880741866695e-05,0.00012407310152301056,1.2303555864408983e-05,0.05206263385417877,9.563702712297849e-06,4.1022566213171206e-05,0.019087922151952166,0.027919596250953433,0.1492551407520371,0.20745173046312607,LFP,12,64
