SpecificEnergy,SEIGrouth,TempIncrease,Price,UpperViolation,LowerViolation,VolFracViolation,C,la,lp,lo,ln,lz,Lh,Rp,Rn,Rcell,efp,efo,efn,mat,Ns,Np
-258947.6261336568,2.628543201114822,0.0325481664409932,64549.69326073566,-4.540928101658345,-0.2590718983416664,-0.1450166541577205,0.2857140201112853,2.3981450877339783e-05,0.0002338075080689,2.319694682372009e-05,4.471641909668925e-05,2.469011337973257e-05,0.0445112749858943,1.7683710841692806e-05,3.6155772076263865e-05,0.0224060092447754,0.2365142961586867,0.1473970063721148,0.4010720433114779,LCO,12,37
-95748.63967059807,2.362342501629118,0.02268413277438,53301.995137712816,-4.240050922350775,-0.559949077649236,-0.721812191873143,0.289254820670932,1.775380751031746e-05,0.0001998867180439,1.3281239895104008e-05,0.0001443603969186,1.3266758386569028e-05,0.0477664692558995,1.9601920323107173e-05,4.050693081425539e-05,0.0135067680180065,0.022415572886933,0.1490609560995843,0.0367112791403396,LFP,12,62
-75617.91716541696,2.5662743704770064,0.0136839445200036,49564.418245185305,-4.284587841665399,-0.5154121583346125,-0.5117676106951327,0.2840144417443981,2.6034480610034634e-05,0.0002185337805576,2.90593993123949e-05,4.636661373356513e-05,2.5213745765303818e-05,0.0680824877592336,1.945274575326158e-05,3.825422066003196e-05,0.0099040943371418,0.1858721465041645,0.1640214535762338,0.068338789224469,LCO,12,84
-425488.3511625946,2.3209502849836,0.0112654037447667,278702.4630317853,-4.36913487657322,-0.4308651234267913,-0.7270301562684769,0.2578356926696173,2.7859492410852936e-05,0.0001127318931316,1.637811873659028e-05,4.0550752539165e-05,1.2771723102209766e-05,0.0600856549760609,1.7135127506302206e-05,4.545486804880329e-05,0.0237136057698295,0.0228248188757487,0.0571845676262838,0.1229604572294905,LFP,12,93
-413766.4351264563,2.193424794350766,0.0359976451176582,122432.19494299938,-0.7407104292620232,-4.059289570737988,-0.0759072855352701,0.2806945986837299,2.903311906287989e-05,5.9591439814800674e-05,2.0565240597177876e-05,4.447161169263383e-05,2.7673573757462464e-05,0.0943982593852928,1.7707061014209156e-05,3.298976213532672e-05,0.0234811436466628,0.1073140451713109,0.1475877666218745,0.5991909026715443,LCO,13,34
-52527.07611046458,2.297013116931706,0.0160837030477688,27219.47705621014,-0.3906071723588553,-4.409392827641156,-0.44447276482956,0.268706154885537,1.7809454460367662e-05,0.0001940918745641,2.2135863650678064e-05,0.0001437512947518,1.315028659243096e-05,0.0657347974572079,1.0968631690806326e-05,4.272693501493283e-05,0.0082447324314007,0.0184558847209773,0.4125417053719838,0.0545296450774788,LFP,13,63
-27937.08339117988,2.637671322691093,0.0088480951672537,19207.564909336867,-0.4849583665380805,-4.315041633461931,-0.2981195625164868,0.2004770369732945,2.9989490207925796e-05,0.0002420585439635,1.0474767181941205e-05,4.136979884416627e-05,2.020527988231101e-05,0.0929747650643307,4.571152485415263e-06,2.9824482841104248e-05,0.0051912095095075,0.0308647863086139,0.3177528159389973,0.2832628352359019,LFP,13,89
-134737.51473603124,2.092579673924181,0.0169548103819846,108672.97943878912,-4.250568520758982,-0.5494314792410293,-0.34891807784638,0.2667839255241833,2.463447997889748e-05,4.8476457986609874e-05,1.715920580485289e-05,0.0001232610596041,2.4839856392555504e-05,0.0454773380192565,1.904167803551856e-05,4.519069285187294e-05,0.0223308219270927,0.1054347760934215,0.4248794203519519,0.0507677257082464,LFP,12,62
-115247.71875897908,2.5670352411234747,0.0113534890336302,75460.60786834056,-0.4150838572934816,-4.38491614270653,-0.2799318825973823,0.2599886528936481,2.8790612512087403e-05,0.0002058148940873,1.4141987613322648e-05,5.079427191092005e-05,1.2274308995080482e-05,0.0687685837101299,1.560619626198594e-05,3.778899069063019e-05,0.0124277279627362,0.028622948203295,0.1678206928762926,0.45362447632303,LCO,13,82
-315831.99741534155,2.5265948449560045,0.0106024685787834,223804.64318228984,-4.286908487105286,-0.5130915128947251,-0.351753682766425,0.248607496839513,1.637931953245245e-05,0.0002271759145354,1.1540885593109057e-05,0.0001367128714355,2.6337987010247136e-05,0.0858680814698413,1.825005298964917e-05,9.069739974906922e-06,0.0188624561467396,0.0961435717047366,0.0211702074819372,0.4609325380469011,LCO,12,85
-14479.095022190011,2.298621937929908,0.0135104034887262,10559.45577166532,-0.3568230598350439,-4.443176940164968,-0.8545025730400694,0.2372539761804328,2.599103874987253e-05,0.000194144629986,3.2443683973634594e-05,0.0001303078376899,1.83980332967294e-05,0.043766919399952,7.074124628961802e-06,4.258313974000135e-05,0.0059325497966635,0.0168467482203529,0.0470171892939978,0.0116334894455799,LFP,13,63
-202946.8140053864,2.1020071973607743,0.0088563537539157,240417.1627620871,-0.5489827760102415,-4.25101722398977,-0.3131837978477371,0.2055323253756728,2.501951819573314e-05,5.405829929905668e-05,3.674330893636696e-05,8.003463762925709e-05,1.4098749201290145e-05,0.0871356670314532,6.303766445671155e-06,4.981832303125737e-05,0.0185343358650995,0.1394945106850283,0.159142749501852,0.3181789419653826,LCO,13,95
-38242.948945556505,2.079954160167976,0.0084123210955913,32934.1514004812,-4.249175414717513,-0.5508245852824984,-0.6833194795405936,0.2825453641788163,1.280527284462293e-05,4.098424218651505e-05,1.714108468553362e-05,6.231394178965521e-05,1.309769880664605e-05,0.0576378035759483,1.7619180194419013e-05,4.637602631212855e-05,0.0088645044750959,0.0237191469279322,0.1538398280713929,0.0691215454600813,LCO,12,81
-106077.63546680042,2.073009505144144,0.0095550534551007,75912.49324603379,-4.249536382371545,-0.5504636176284663,-0.23348540423998,0.2257431288958205,2.8458019916194237e-05,4.007650532257315e-05,1.8990026042262628e-05,0.0001493436909596,1.642738923301721e-05,0.060524750307163,2.7336241494505434e-06,3.96616227890209e-05,0.0141349596707669,0.0225468247432728,0.1149004324355726,0.5590673385811746,LCO,12,82
-21452.39496905216,2.334280673734382,0.0247712956198503,13847.10507501117,-0.5759553797354044,-4.224044620264607,-0.6290766952427009,0.2364587564148346,2.423233568519416e-05,5.400692828443436e-05,3.181701910723809e-05,0.0001352470599885,1.5789491532092698e-05,0.0662200371952392,1.7767215278908853e-05,8.364726581355425e-06,0.0069920275854142,0.0164306357194351,0.1517242636335939,0.1327684054042699,LCO,13,44
-261634.9325445763,2.139654210207444,0.0235627907664755,309939.3574210803,-0.4576014453444657,-4.342398554655546,-0.6022172756268195,0.4578661483787395,2.903381600903187e-05,5.954266442707428e-05,1.3612669101949964e-05,9.45667667330874e-05,2.742550215757692e-05,0.077629303592603,1.7774881973940614e-05,3.3718726980591575e-05,0.0236617448945162,0.0192485318059743,0.1474589925838645,0.1610751999833416,LFP,13,81
-18937.203577566408,2.5769112371337224,0.0447846907541257,8049.198555525993,-4.534150611916438,-0.2658493880835735,-0.6787395458651289,0.3453506094900478,1.5531170001386023e-05,9.25788128867864e-05,2.921914372432325e-05,0.0001034134383022,2.9264321090535084e-05,0.0507098367558342,1.997314569709614e-05,6.207769777926223e-06,0.0067701231592826,0.0212980489080097,0.1513658223181677,0.0785965829086936,LCO,12,38
-187399.4028739136,2.149161679273363,0.0310724291529405,52338.65686663279,-4.4693152279225785,-0.3306847720774328,-0.2975924444903248,0.2000725403587293,2.829073853818093e-05,4.374076978255563e-05,1.7246927687720598e-05,4.525977913829273e-05,1.6503048698456503e-05,0.070639633401289,1.815402082092554e-05,3.4572166838331155e-05,0.0169932484956482,0.0224000984028657,0.114805804015238,0.4952016530915714,LCO,12,37
-14332.56671528203,2.5235102272487437,0.0100287654334852,11295.692852241738,-4.3012309110578855,-0.4987690889421259,-0.7604699056043345,0.229382193603317,1.744403835397202e-05,0.000215204823996,1.413442118223964e-05,5.714898876341082e-05,2.500643952598524e-05,0.0602066444419007,2.5924449802576573e-06,4.129270750820828e-05,0.004728637890246,0.0152721916474103,0.0137742120939613,0.1404836906542939,LCO,12,87
-11319.286491089584,2.140573696383403,0.0114988126888268,15619.66112184286,-4.412548567556421,-0.3874514324435907,-0.4422640711044124,0.2858288774790224,1.866335955025822e-05,4.550681106400336e-05,1.096687209059912e-05,4.542281211610329e-05,2.444818201660967e-05,0.0773320519194436,3.131902830903199e-06,4.027641035430936e-05,0.0052575977750284,0.0951871886164339,0.1574438971405855,0.2351048431385681,LCO,12,98
-633190.7103675464,2.615141637790167,0.0479225051784341,176693.74084464714,-0.692641755858709,-4.107358244141302,-0.2229238544807338,0.4619272763151578,2.9079725303901937e-05,0.0002403902631453,2.8836953890470243e-05,5.081123779554188e-05,1.9969997206067892e-05,0.0813767332454925,1.559451283275182e-05,4.933735383964729e-05,0.0238155176300982,0.0418245611498985,0.0941550941498543,0.5710964902195134,LCO,13,45
-87522.64512864625,2.292489476911465,0.0125782886255617,59970.88947919785,-4.310628893518299,-0.4893711064817125,-0.2787011281075779,0.290150560326677,1.7754547577059653e-05,0.0001984384108768,1.4068322467681695e-05,0.0001477216314287,2.6482189559899724e-05,0.046267516844568,1.981426794632826e-05,4.085164999207627e-05,0.0134330941895184,0.1300811419261668,0.0482649890447526,0.4729527409215026,LCO,12,86
-18150.73167682697,2.499645352963732,0.0116626227634016,11910.809232022992,-0.3915715692873363,-4.408428430712675,-0.6176607033847259,0.2725376199198107,1.2674665013204996e-05,0.0001815741684937,1.4766638528097085e-05,6.208735183521681e-05,1.2954255449101887e-05,0.0527385146571251,1.6079830175008185e-05,4.917158728323757e-05,0.0052261590525609,0.0906077555221936,0.1247222178190046,0.0970093232740758,LCO,13,80
-15555.52951812525,2.5566475177827224,0.0099196493477941,10392.476646981322,-0.3784825415293866,-4.421517458470625,-0.3470331158879579,0.2238952196339918,1.3101939241505469e-05,0.0002282366034642,1.4247948477652097e-05,5.694179464062364e-05,2.5063226180261576e-05,0.0601873517277686,1.6528772579780903e-05,4.281840910968883e-05,0.0048248599065245,0.1191402145332923,0.0153912478689989,0.4484354217097507,LCO,13,80
-115362.76302473256,2.0839154296797693,0.0137537900246199,96286.73939779589,-4.304043008596629,-0.4959569914033821,-0.3058865914345967,0.3109939306492043,1.537881949308667e-05,5.266756077802736e-05,1.1303808298195517e-05,0.0001057274712811,2.879517677175765e-05,0.0811713415581955,1.997446129924324e-05,3.8409713595759256e-05,0.013386998487884,0.0522875682053243,0.0562864824570441,0.5155393579030348,LCO,12,85
-231641.01527897664,2.131319508513529,0.0194192937801335,62363.8861712503,-4.470263458201714,-0.3297365417982973,-0.336248892258036,0.3263179267796405,2.8474977535586432e-05,4.370840298464029e-05,1.7300332781510306e-05,4.363123954414503e-05,1.269388518558843e-05,0.0449043040154475,1.6149061344750295e-05,4.793928846477091e-05,0.0213322386500613,0.0308989376853941,0.1142548224756743,0.4485973475808955,LCO,12,43
-215713.2896369484,2.123013926376623,0.0140908945672366,205489.09042834147,-4.372539144353105,-0.4274608556469061,-0.5899557555683431,0.2001714351420636,2.5073580070052862e-05,4.538000038956158e-05,1.7201919604113175e-05,4.688417001940461e-05,1.3049056076592088e-05,0.0680507608163228,1.814779247103708e-05,3.454885958445663e-05,0.020056674041228,0.0750088591505165,0.1143371025590751,0.1506982827220652,LCO,12,94
-3987.5805902581255,2.338812984034608,0.0249626828656415,2231.647021975561,-0.6029386323757038,-4.197061367624308,-0.1187945658804695,0.2014770726381612,2.230505133291315e-05,5.054351180810701e-05,9.425175321469284e-05,8.795357145293169e-05,2.351755991596725e-05,0.0400716410004758,1.742649845239296e-05,4.442538466729935e-05,0.0040038055411389,0.3618558478351328,0.0579727541182803,0.3913768321661173,LCO,13,43
-106497.43017766456,2.4255113840918967,0.0096566612809187,67633.22386075863,-0.4079317295531623,-4.392068270446849,-0.0561119741485736,0.2259886621778857,2.650917998856283e-05,0.000150845631278,1.1920074661072109e-05,7.484027119159355e-05,1.6784064175362728e-05,0.0681194695600083,4.998723930064458e-06,3.942710517458745e-05,0.0123414804546343,0.1924968460717897,0.1113519572968034,0.5700392224828332,LCO,13,82
-12844.41605943403,2.553713232613018,0.0099892346672815,8655.19353046564,-0.3964453022559198,-4.403554697744092,-0.7702379440716386,0.2310091178077524,2.839064891008693e-05,0.0002152041234641,1.4133129362831575e-05,5.713758580998695e-05,2.509969652001198e-05,0.0452065958237576,2.5236945317956014e-06,3.904506349104743e-05,0.0047898848215976,0.0139055158647882,0.0155485552200881,0.1303079848434849,LCO,13,82
-60759.88112215985,2.475039222633497,0.0128323569549911,41537.662139526925,-4.302848432814812,-0.4971515671851989,-0.0009743467371018,0.2844054791976317,2.851682694554708e-05,0.0002225870030366,1.3512777851758808e-05,8.449825835315112e-05,2.842944018489851e-05,0.0689034047731776,1.9481826012599667e-05,3.827320551046077e-05,0.0099090972965879,0.1859831487940966,0.1650391056423729,0.5780033988264286,LCO,12,85
-81313.03126629887,2.083602119969121,0.010649671711866,57909.466121098136,-4.290207773901116,-0.5097922260988952,-0.2209251142932161,0.247499136194391,2.68969943474207e-05,5.118148184606072e-05,1.1264950146834631e-05,0.0001152474162509,1.301372994335603e-05,0.0684059732825485,1.5330738619785276e-05,3.844260534456072e-05,0.0114866173995403,0.0650321076295031,0.1296636623818296,0.5143791156954511,LCO,12,85
-41403.90825925171,2.192020855327506,0.0135843864640694,39455.27704713301,-4.408628042109385,-0.3913719578906267,-0.0099125917496454,0.3180153809869271,1.793259532472534e-05,9.328225317217226e-05,2.3239559254620213e-05,8.770895924459274e-05,2.417101641462283e-05,0.0880104141220508,1.9907756832966697e-05,4.414012090175112e-05,0.0081960471104794,0.0182196433509157,0.4304284596473926,0.4714393052520462,LFP,12,95
-21615.001214315565,2.5695016428065607,0.0137906180965532,10535.845905969083,-0.3566532273439904,-4.443346772656021,-0.3815884233192634,0.2378890548380571,1.6776291970939054e-05,0.000242685515236,1.4080400510917031e-05,5.713433242246216e-05,1.8306135072791467e-05,0.0432899615416296,7.040073427267072e-06,4.258289415429282e-05,0.0064239922920937,0.0478864693858019,0.0618174274489188,0.4387076798460158,LCO,13,63
-289238.0625345072,2.159731387041956,0.0126035869461343,318973.8250085043,-4.380033175040211,-0.4199668249598005,-0.7213096803999055,0.3038203047494634,2.73815691339094e-05,7.115566472009321e-05,1.2060158904440689e-05,0.0001064567870998,1.27713712920393e-05,0.0664103080551483,1.984959371419728e-05,3.818696810991013e-05,0.0239373372734523,0.0224017244434298,0.150224148931057,0.0360644462256076,LFP,12,93
-81769.79551956685,2.1851356125506727,0.0152698784535596,55406.48537539548,-4.276784991057177,-0.5232150089428345,-0.1544618217976073,0.3206642790112274,2.6549949174097792e-05,0.0001281462904817,1.415700074564337e-05,0.0001482505745036,2.652416075324102e-05,0.046230231754606,2.021481576463025e-06,4.08644124957534e-05,0.0138120028262813,0.1935054948142338,0.1119124684058289,0.4701202149823298,LCO,12,82
-202651.4028895802,2.267700910053379,0.011931024366692,184971.53898885925,-4.381393305271956,-0.4186066947280551,-0.6559016234325904,0.2437597439693359,2.3990296438066e-05,8.283352097786907e-05,1.1858209034561772e-05,4.671422156432834e-05,1.3053924328469122e-05,0.0680691978164847,1.7344733850752686e-05,3.286269604595352e-05,0.018330298714895,0.0752826247962928,0.163758466077361,0.0350572856937557,LCO,12,94
-212421.48113586064,2.279138284377667,0.0124494748646532,162810.4444701976,-4.286212169138274,-0.5137878308617374,-0.466359485101039,0.2425240049384743,2.9373197800394e-05,8.282102565260822e-05,1.1851403702871178e-05,4.610576100816392e-05,1.6827021753733932e-05,0.0680676224384507,1.7804389552833487e-05,3.828638857244442e-05,0.0190451513073656,0.0742808792821174,0.1650413164717896,0.2243183191450539,LCO,12,85
-326659.9910565797,2.6030407847187758,0.0376223562611096,80087.79971242095,-4.531264222850012,-0.2687357771499989,-0.6514840897206052,0.2937201916997684,1.5013903807669e-05,0.0002475756306464,2.213173058998725e-05,4.412546475623695e-05,2.9258576051848736e-05,0.0456022851320764,1.77629024294628e-05,4.543000832077504e-05,0.0225543554799216,0.0123986920298354,0.1370400486265542,0.1290771696230051,LFP,12,37
-13091.949365354394,2.605411419507737,0.0142730909577276,9700.864911908497,-0.5785493132226733,-4.221450686777338,-0.5228674736516427,0.3262283448590573,1.5843405931948754e-05,0.0002488870273407,1.515719897429222e-05,4.873167545869618e-05,1.5853667694704826e-05,0.0485099456254059,6.324727540116241e-06,2.8662571407546785e-05,0.0045706894381717,0.0101139580151582,0.2509582303123947,0.1460603380208044,LFP,13,97
-574123.6334264802,2.246170339914431,0.0090338274123875,554003.520667655,-0.5229086049567258,-4.277091395043286,-0.5631141145522903,0.2325791977615886,1.599008689493817e-05,0.0001019697919459,1.1511635159358174e-05,7.797898707208481e-05,1.2023340774575484e-05,0.0997902049675974,1.665859664967862e-05,3.717093872286556e-05,0.0249599703329206,0.0106027732122028,0.3338120296056196,0.0224710826298872,LFP,13,92
-739364.407619209,2.511737716424684,0.0164294452471561,497017.5272146225,-0.4812058666589323,-4.318794133341079,-0.6149012583646637,0.3510017628869288,1.6303285056796753e-05,0.0002159002248317,1.1252591525874818e-05,5.119741207323345e-05,1.5241383402994273e-05,0.0947757609242243,1.3649066265507077e-05,4.60399049347513e-05,0.0245553699450821,0.0143809594912658,0.1360175798329769,0.1647002023110936,LFP,13,86
-642224.0957334561,2.590033471204722,0.031738754694807,140625.95854567352,-4.566572567641735,-0.2334274323582761,-0.4196328230519934,0.2262991386250316,2.992852054828768e-05,0.0001658888143544,1.1633951374222383e-05,4.8809288753627074e-05,2.0275519562758168e-05,0.0891602852128038,1.015052117508962e-05,4.2526209624731465e-05,0.0249448546703075,0.0973970133813601,0.0571618259966435,0.3558083375700028,LCO,12,31
-374993.060765738,2.6304577083749985,0.0099725101312796,231409.3185629849,-0.4847579232590888,-4.3152420767409225,-0.744845719714136,0.2168241305612758,2.734983555564252e-05,0.0002286077613376,1.5165228480509507e-05,5.066298988083423e-05,1.2981227302595674e-05,0.0518359736028473,6.0828736487952106e-06,3.8456894571308135e-05,0.0219927582798293,0.0101033430215506,0.0924165329212987,0.0826344043430146,LCO,13,89
-345971.8425324203,2.3755033148858167,0.0136290994320011,287484.95051958953,-0.5452817469119395,-4.254718253088072,-0.5900430246966819,0.3127994091923752,2.8323743752878824e-05,0.0001903767459808,1.078578664516382e-05,9.95284279241644e-05,1.23065218731612e-05,0.0624932464665582,1.86317925044834e-05,4.176924144874261e-05,0.0224812486427425,0.0707853260980671,0.158368843141801,0.11080280606345,LCO,13,92
-265336.64106026466,2.2734537111542705,0.0092321244958993,196208.70302876644,-0.5248979144487791,-4.275102085551232,-0.6411523587036527,0.2276936941574653,2.888814016871096e-05,9.8159489345388e-05,1.3380192901455322e-05,4.676052019475949e-05,2.985653420889255e-05,0.0510856683486075,1.9552614181975333e-05,4.18569840987491e-05,0.0218211639370104,0.0211146102901943,0.1602030557662488,0.1075299752399041,LCO,13,92
-169504.08425719518,2.095016592650042,0.015672451543505,145323.45512568564,-4.379206932083946,-0.4207930679160654,-0.4036633567043826,0.2149038065445724,1.7175144190474682e-05,4.507129201278732e-05,1.8469430942363963e-05,6.496305551211084e-05,1.5461393753004133e-05,0.0599747841791156,1.8966305653680552e-05,4.2049099337538585e-05,0.0179844450661984,0.0652572055570205,0.2279068081032714,0.2331726296353255,LCO,12,94
-279544.0033422945,2.619143725494143,0.0183081715771675,147139.17040011878,-0.3861720827995896,-4.413827917200422,-0.2702701397011039,0.3531964989754182,1.901722189217212e-05,0.0002381973847675,1.3202766855352985e-05,4.6873940305275385e-05,1.823747671823051e-05,0.0553295587476002,1.90695104258205e-05,4.5442361986288346e-05,0.0203392168178554,0.0531175861030279,0.3085504358052726,0.2980618383905957,LFP,13,73
-357240.1788503391,2.4664126706388325,0.0116594067244704,265482.2125156886,-0.5693918320754676,-4.230608167924544,-0.3726925016768521,0.27656053842981,1.5936623857484116e-05,0.000200000141625,1.5159676750278125e-05,9.311307504972354e-05,1.2927057912663716e-05,0.0597489675822632,6.36269957265048e-06,2.8718969867475443e-05,0.0220991949451248,0.0117471681152935,0.192154988833773,0.3534053413740814,LFP,13,97
-273893.1026282472,2.5168114549066027,0.0210483869461344,128498.75127428048,-0.3960228149936853,-4.403977185006326,-0.50057061724876,0.3120519801378802,2.518554655939154e-05,0.0002033133559121,1.156563745390803e-05,5.154846836066315e-05,1.2168118358452192e-05,0.0635005077624173,1.9885464333408173e-05,4.2025681246554473e-05,0.0184048269213717,0.0100660218081684,0.120968647595307,0.2983947133477646,LFP,13,63
-146069.78475358355,2.07076751764193,0.00549992291927,152397.73008634718,-0.4277063685403561,-4.372293631459655,-0.5669334157264444,0.2038513437209235,2.703099756395073e-05,4.054660305028896e-05,1.1644929184898004e-05,4.716842575027799e-05,2.969877560124523e-05,0.0546891949269922,1.8690032425152104e-05,4.54828959890307e-05,0.0205237224767028,0.2038486125659435,0.0507760346156205,0.1084419370919915,LFP,13,85
-335335.0233853908,2.1802990669888214,0.0142912782669001,309088.0984558701,-0.3674499010088397,-4.432550098991172,-0.7674463252793834,0.2093268209518457,1.6297160980094292e-05,5.966279225675174e-05,1.3609888588986612e-05,5.100662568711741e-05,2.3544451578626472e-05,0.0844262920711473,1.9208903898600933e-05,3.907280643056194e-05,0.0220206508570587,0.022600686624572,0.015399203279802,0.1245537848162425,LFP,13,80
-182773.13141973564,2.622425538941345,0.0165147279756832,79803.5513213087,-0.4277732542893062,-4.372226745710705,-0.5071450065995222,0.2133670804540941,1.6861730676673314e-05,0.0002095570104408,1.205912410763693e-05,4.979715917738044e-05,1.8817726607592023e-05,0.0632671260890861,1.9951180647733916e-05,2.580550007716973e-05,0.0154167599691818,0.0232726448272432,0.1184725117301825,0.281109836843052,LCO,13,55
-412040.3508177128,2.494407270793558,0.0117004474531624,175558.46914261417,-0.3474504717860682,-4.452549528213943,-0.3692790498776287,0.2324867889788713,1.5267329620423548e-05,0.0002048425570708,1.0215011592448518e-05,7.525464293847315e-05,1.4509568841702906e-05,0.0934494903372449,1.735715099850644e-05,4.663382584981339e-05,0.0171131847433662,0.1225836978351588,0.4191662632926494,0.018970988994563,LFP,13,69
-9704.381982969457,2.23817376653392,0.0154217338964908,7848.559845599996,-0.4029923413386527,-4.397007658661359,-0.5662884605877717,0.3103933434656816,2.816948637698849e-05,8.097912715125566e-05,1.587070216704926e-05,4.993144874130719e-05,1.5785336609983927e-05,0.0485499816096495,1.3813907543226172e-05,4.616648476464043e-05,0.0047906476831775,0.1851069673172415,0.030512857521054,0.1480917145739327,LFP,13,80
-140395.3523631074,2.6500597252574325,0.0349523052959054,46438.94129803238,-0.6465345675587386,-4.153465432441273,-0.1608950652862576,0.4166504425558891,1.906336112589216e-05,0.0002094473846588,1.3728126111843853e-05,4.377558632008872e-05,1.8010412382356943e-05,0.0671159841435603,1.905670098762124e-05,1.6633619202035157e-05,0.0130889043709023,0.0666260759240258,0.3966268260201355,0.305852032769581,LCO,13,48
-366684.3637875146,2.546285999865576,0.0689687559407251,103228.0811175377,-0.9192236183155558,-3.880776381684456,-0.3690602486014939,0.421569020465151,2.1804933154566995e-05,0.0001292766922488,1.0490271984416164e-05,9.851014704525658e-05,1.2122840382586549e-05,0.0671559168203112,1.4840960645670606e-05,5.190389025829501e-06,0.024215364492833,0.0310449701225741,0.4039441313271004,0.1259506499488315,LCO,13,29
-126234.18944591272,2.3588356307485183,0.0102674113648154,94587.69577501752,-0.4350119293714982,-4.364988070628513,-0.2263413229514921,0.2306347516747894,2.6465564800070108e-05,9.587182802359005e-05,1.593653294640213e-05,5.045509251839937e-05,1.511207973985214e-05,0.0432455627776642,1.286119330057694e-05,3.255526070869224e-05,0.0180968854576449,0.2209493155606327,0.4376082770996746,0.0451010843882005,LFP,13,84
-190299.78857394092,2.1732148164177083,0.0768448777309441,66806.13869140929,-1.006748825884955,-3.793251174115056,-0.5184428825391408,0.5628493376987651,2.2680463986122326e-05,6.672895180477915e-05,1.0304320714224582e-05,8.374434998974747e-05,2.9508412897449205e-05,0.0697651757840571,1.490957670842376e-05,3.993055080802733e-05,0.0194832125528087,0.1211452566459783,0.2465928803728282,0.0438189804420526,LCO,13,29
-171563.51073243265,2.4395140319333857,0.0099074413183342,96996.77746598783,-0.3943880379997324,-4.405611962000279,-0.31949614373502,0.2354763581281038,2.647395939945365e-05,0.0001060368069496,1.2485136390948016e-05,5.070008792363646e-05,1.2617535524776306e-05,0.0432175489526499,1.9858255156242182e-05,2.607095038717037e-05,0.0183540347264647,0.0394697192669545,0.5609873761816642,0.0100467608163613,LFP,13,80
-249311.98798724264,2.3322286281482745,0.0113155802084491,152254.2651057652,-0.3718550440011015,-4.42814495599891,-0.316956810440819,0.2356793199923541,1.6376225750687062e-05,5.746169146033338e-05,1.5179869100634763e-05,4.9760102011513736e-05,1.3928028488847e-05,0.0800556278373282,1.6366456645143244e-05,7.059196055092704e-06,0.0170906118091806,0.0208680529230836,0.4214340501612356,0.1707410864748618,LCO,13,78
-327270.86335871706,2.3458848492955964,0.0180937284806094,183551.49904783044,-0.3995301700762397,-4.400469829923772,-0.169045693527739,0.3444167481776083,1.63893487989259e-05,0.0001291434054491,1.591256424877903e-05,5.227782962517655e-05,1.498892959734322e-05,0.0512117006558418,3.109424245204993e-06,4.859360744785896e-05,0.0235374751434294,0.251857248104622,0.4376603653743252,0.0714366929933138,LCO,13,76
-261703.87041066744,2.295987985898028,0.0092785424768876,163545.46760807678,-0.5582808294595836,-4.241719170540428,-0.0283358717460714,0.2306361919049275,2.890601535440883e-05,9.914197982065918e-05,1.2193854011630224e-05,4.506012520244599e-05,2.9888981399438352e-05,0.0512580347087796,1.9782363203598895e-05,4.624974902232668e-05,0.0218536596617969,0.223941055727266,0.5692424044719788,0.1084806680546836,LFP,13,96
-202640.22120008612,2.1002252011698728,0.0155364393829801,306030.57381544326,-0.5746573607236769,-4.225342639276335,-0.750823954095942,0.3388282369750218,2.7129222366106062e-05,4.331009956891549e-05,1.3387157535390644e-05,9.278274629414312e-05,2.4792675560047216e-05,0.056788774377619,1.9741530911228764e-05,3.861574369176894e-05,0.0248436766022889,0.0211359324808699,0.0495673686088578,0.1084727448143301,LCO,13,95
-128868.4681418611,2.37009282771796,0.0110117412402568,75179.03107459517,-0.3196976070216735,-4.480302392978338,-0.8152902268364581,0.2109038724924202,2.7438539646991807e-05,0.000128387008405,1.2479919664694803e-05,4.844811526981807e-05,1.2207934677998238e-05,0.0429942597798832,1.9741290978101094e-05,3.877562862880219e-05,0.0154110635218819,0.0125443902427645,0.0452808851841509,0.0568844977366264,LFP,13,73
-140761.7342243367,2.5402153961830303,0.246462055192781,10716.001800759845,-2.1894840127988147,-2.6105159872011967,-0.4503174311224887,0.2463948248674911,1.8127734526798734e-05,5.531840105344156e-05,1.2056570478898033e-05,4.725727013973184e-05,1.8950567932585712e-05,0.0464592196516666,1.0920370259654236e-05,1.6200985561391908e-05,0.0184908341901794,0.0153212994921936,0.1545125111454249,0.3098487582398928,LFP,13,8
-196258.44631418333,2.3071369753297866,0.0117910399158978,113920.503242395,-0.3263247515898797,-4.473675248410132,-0.7783008249907132,0.2097299746147262,1.2656153734718024e-05,0.0001088953796935,1.4274827225078589e-05,5.736959000536803e-05,1.2797690232328973e-05,0.0504647570683886,1.991040181137404e-05,3.269314307868853e-05,0.018034909026213,0.0259916006694828,0.0207032544920055,0.1050043198477985,LFP,13,66
-204767.3265998556,2.21279175636521,0.0100945285706238,187202.20373910668,-0.4794621226195943,-4.320537877380417,-0.7139981693934208,0.2163669618373058,2.7329912526719507e-05,6.701587829954237e-05,1.5887568886793527e-05,5.099216410870825e-05,1.579277563245565e-05,0.0469911772785981,1.381995714295997e-05,3.8250344072685567e-05,0.0221404534397126,0.0230454107641406,0.0186471692532335,0.1743092505892051,LFP,13,89
-16438.800281174783,2.246925424345017,0.011261237519579,17405.556379277677,-0.3867151507009936,-4.413284849299018,-0.6364876278491738,0.221402300615055,1.6265840495925148e-05,8.016798856382301e-05,1.1227078313273356e-05,4.942263928309218e-05,1.332154454909428e-05,0.0945751008471391,1.9743369695950137e-05,4.677634450215853e-05,0.0048753868636543,0.0141601378563931,0.1736751129550566,0.1056771213393764,LFP,13,81
-118654.84355283892,2.401871328259129,0.0088145444464158,80048.20754176383,-0.3779061491679201,-4.422093850832091,-0.8273247875348156,0.2108686198810246,2.7943039056039097e-05,0.0001281453549818,1.2496588041307722e-05,4.980304511221733e-05,2.183272456316119e-05,0.0420808555569645,1.9738271056101185e-05,3.890695578694917e-05,0.0154194505726586,0.023432128508302,0.0113585100382397,0.0678845739186425,LCO,13,81
-65074.47956994228,2.1060159795779407,0.0095942860631524,62425.582099307365,-0.4032050775202833,-4.396794922479728,-0.2395384468444757,0.2317639467553399,1.5232626817851524e-05,5.52416128006441e-05,1.1390601620010387e-05,8.569946620520384e-05,1.3340796941948512e-05,0.0932562687781911,1.7103375896815267e-05,4.6637429906512734e-05,0.0099358021655715,0.0423305853501992,0.5236261924799277,0.1245047753253973,LFP,13,81
-3884.4088503101207,2.086784350918949,0.0118584497022566,4437.340729508376,-0.340682281697795,-4.459317718302216,-0.2132683711050632,0.219508620849769,2.8671171375019336e-05,6.537168919127979e-05,9.450286035478196e-05,0.0001368786253897,2.750227546168633e-05,0.0474098888166512,1.2307334448431422e-06,3.5058551532631776e-05,0.0040076383197554,0.4848645605684683,0.1179368391407676,0.1139302291857007,LCO,13,69
-68342.53314465375,2.08746453965757,0.0095596499013876,66533.62516523522,-0.3901001951342877,-4.409899804865724,-0.257248630117902,0.2142924869102557,1.6277730094713737e-05,5.181615832652858e-05,1.2901746706260493e-05,9.261913085273474e-05,1.2737514762655684e-05,0.099457551622399,1.8199452888082728e-05,4.624190750844787e-05,0.0098519886169527,0.0568244609666474,0.1611728179004396,0.4547540910150109,LFP,13,81
-58393.66440188339,2.62485927216296,0.0187490776105251,27696.18123321423,-0.4608799015322447,-4.339120098467767,-0.4144402282737774,0.2429880152807841,1.686515770207365e-05,0.0002114746069,1.2039861200549207e-05,4.979471630359499e-05,1.3348060000154818e-05,0.0989509177060234,1.695365818724416e-05,2.5467178111897425e-05,0.0073550146343449,0.0536691137644342,0.1801090570801771,0.2817816008816111,LFP,13,55
-247332.98004497983,2.1274312765433416,0.0090619984280229,208599.29645066508,-4.316317393471309,-0.4836826065287027,-0.2841906574466494,0.2234712583338734,1.277537948826021e-05,6.302919478834298e-05,4.9403364932515096e-05,7.935359685740437e-05,1.5097457193742335e-05,0.0963412160969912,1.8931605966525515e-05,4.584266686342314e-05,0.0173732703156829,0.0526773250511054,0.1585197011823818,0.4346123163198633,LFP,12,88
-396656.5391997217,2.226212756782305,0.0141856469847702,341826.1050183473,-0.5103685848289103,-4.289631415171101,-0.7403723759288379,0.2073135510383405,1.6031065820934003e-05,8.865240518196638e-05,1.1364970856420822e-05,4.928318402289357e-05,1.3237212002881044e-05,0.0843521214579755,1.978472503625626e-05,3.914688266225005e-05,0.0209896222862021,0.0537296905911936,0.0132852730781128,0.1226126604018555,LFP,13,92
-180873.97362343225,2.239316707996489,0.0100795391019869,101739.90962404368,-0.4001278767755423,-4.399872123224469,-0.3980787126463216,0.2412073107851066,2.5829393732647637e-05,9.97316392395787e-05,1.355694677324169e-05,4.9072690189071294e-05,2.1979968589436183e-05,0.0635221464982667,1.975051887346689e-05,3.891117294204742e-05,0.0153883497713262,0.029635692994698,0.3522417272012741,0.1500438671577062,LFP,13,81
-16931.248475622608,2.387651022115774,0.0169266593559163,9338.323252443011,-4.212697989031071,-0.5873020109689406,-0.2735716399310884,0.3075943129228963,2.3940528781976747e-05,0.000233819683492,1.898641385990305e-05,0.000131904796714,1.835229544798143e-05,0.0434172447284855,1.8051591876439103e-05,3.311928203011246e-05,0.0059300189773375,0.0163481367682869,0.0465168637012083,0.5935633595994164,LFP,12,74
-217007.33254222485,2.3698097711971795,0.0086754563476102,157244.0596248615,-0.4796304398232465,-4.320369560176765,-0.7386493721277312,0.2017812020635238,1.4448993406112858e-05,9.916629003482408e-05,1.247445780928905e-05,4.340076028038853e-05,2.6336885750253237e-05,0.0782089121907702,1.887745901677346e-05,3.685915975075744e-05,0.0152575780989787,0.0279534616457081,0.0106930107589431,0.1527041554676175,LCO,13,89
-333380.77507157583,2.6480825947707145,0.0209800376058946,142045.66921468693,-0.4173388027739406,-4.382661197226071,-0.7244763781054796,0.201164457944327,1.7796518308109543e-05,0.0002405718640762,1.2037563534060736e-05,4.040396251991609e-05,1.673125627946416e-05,0.0689513504214237,1.9773298006389756e-05,2.5372407134525404e-05,0.0188926540464989,0.0172408272080221,0.0968094940224361,0.0914733006640621,LCO,13,55
-741364.7414545491,2.633580336802743,0.0241241949599177,120226.0341619198,-0.8476934049272131,-3.9523065950727982,-0.2100893919874591,0.2166062429717508,2.55326971681557e-05,0.0001653887851604,1.1175039121790731e-05,4.039369734693062e-05,2.3623777378415702e-05,0.0970236716100746,9.612748461164843e-06,4.665348446499856e-05,0.0238078041450506,0.1463196808812474,0.0964313920143149,0.4771595351169786,LFP,13,27
-243646.99268788617,2.178645351294535,0.0080209865313999,261457.14346890213,-4.363549354956859,-0.436450645043152,-0.3466607419224431,0.2156846435683622,2.904980730143542e-05,4.331472563979938e-05,5.2101321762355104e-05,4.0714232830896365e-05,1.631741451911487e-05,0.0971945656420934,1.961141922048071e-05,4.053646825707962e-05,0.0198128014549489,0.1023022003709874,0.0539443131718873,0.4270927445346821,LFP,12,93
-127214.76272625531,2.0842239803289964,0.0314975045899387,37268.77421081684,-4.544050383363313,-0.2559496166366983,-0.284952294362964,0.25585572167142,2.034650590901992e-05,4.676823668609674e-05,1.307881870278588e-05,0.0001371070151475,1.7389179037804448e-05,0.047888002107099,8.644540490411278e-06,4.161769096361544e-05,0.0167479292679215,0.0554787925776471,0.1500465280296849,0.439522385029704,LFP,12,35
-286745.26053620136,2.19147302104538,0.0268485207328246,176151.43376512622,-0.6103271050995005,-4.189672894900511,-0.2229417227549869,0.213672145172052,2.9656882344799735e-05,6.25635929072677e-05,4.696045813182772e-05,0.0001351452979334,1.3417586895515677e-05,0.0936728725991233,4.134460699210383e-06,2.1283941027425748e-05,0.0230848126320431,0.0616901243832474,0.1168984772058736,0.5284696756558921,LFP,13,42
-117632.01061792574,2.567458158977643,0.0585743420604975,24869.56606048269,-0.8544992451687605,-3.945500754831251,-0.2564170359577,0.2641421458464287,2.7569465922845732e-05,0.0001901078011299,1.0682649319383348e-05,0.0001259522084405,1.4401467413952212e-05,0.0603413057564908,1.9258983586476885e-05,1.6086442869092854e-05,0.0129708192441997,0.0707946281343819,0.497167783984571,0.1056205519233469,LCO,13,28
-12960.5882033339,2.110164990781888,0.0326603045140949,5347.850654954881,-4.485686151352603,-0.3143138486474086,-0.1105065359414836,0.2939690498205233,2.785855512332441e-05,4.599054292990321e-05,1.491549941249973e-05,0.0001487442459803,1.3878197779374816e-05,0.0451668740146936,1.6736374694953643e-05,4.369879202464114e-05,0.0062609146781806,0.0961997355390876,0.130462858419083,0.5928308701003457,LCO,12,41
-471361.0964564212,2.337709339816286,0.0133440471878424,289995.0404654058,-0.3369595961627212,-4.46304040383729,-0.293708272034711,0.2462280246001514,1.4350402570124602e-05,0.0002475758197851,1.0019988012062294e-05,0.0001257983411559,1.9178230232434746e-05,0.0825911767181038,1.1137155125606154e-05,4.924915375811707e-05,0.0231997946180442,0.0634628558019399,0.0218880332482461,0.5509408389151029,LFP,13,71
-31822.320802272305,2.5757017593654687,0.0653273209123655,8540.636071127037,-4.551212717293744,-0.2487872827062673,-0.6319914305098832,0.2664638243476242,1.8922676725517437e-05,0.000249002753413,1.355333893802558e-05,0.0001302075265313,2.880043971569084e-05,0.0826152566462958,1.884847434814921e-05,2.0640422840895733e-05,0.0056892684838187,0.0292355380408646,0.073224779135639,0.1955482523136132,LFP,12,34
-501604.32781198376,2.5212454546737924,0.0125962049136086,320021.9290650916,-0.3416306614997779,-4.458369338500233,-0.2164937476007211,0.2273543713700007,1.711866613331347e-05,0.0001659073188261,6.433704092744876e-05,5.163626293301058e-05,2.408551350442997e-05,0.0964068321601541,1.6432449940770366e-05,4.69901221569203e-05,0.0238738594050386,0.1469639893841845,0.1325230297442142,0.4340192332708801,LFP,13,68
-8871.756538228783,2.152973369907776,0.011040296438921,7715.288513738613,-4.309761657090249,-0.4902383429097625,-0.408693192093667,0.2119099025351913,2.8593666289615344e-05,5.053934513299303e-05,1.1097685832554636e-05,4.226623192834194e-05,1.62239506064646e-05,0.0568315404021656,1.7200378376890456e-05,3.701076566978302e-05,0.0046438458844423,0.2265381808456551,0.0825172698629043,0.2122513571977735,LFP,12,88
-706905.5911392143,2.605075845651885,0.031040667536027,136507.8684127632,-4.535952352870183,-0.2640476471298285,-0.0656694832137734,0.2071465287457687,2.9382551275643293e-05,0.0002009644374296,1.023243046858977e-05,4.004104351989523e-05,2.8108069335454827e-05,0.0965243250352627,1.5817611463083892e-05,4.600420832052163e-05,0.0243600340763847,0.0375932769430445,0.2467178795322476,0.5800193603109345,LFP,12,34
-292974.2660009745,2.2901755958876264,0.0093124598040293,168560.27139519324,-4.382409775384602,-0.4175902246154095,-0.6880525822913877,0.2038745917552303,2.7610006375939112e-05,0.0001149695423741,1.5222391757011696e-05,4.395416547109429e-05,1.3540358248899922e-05,0.0421241715042337,7.0037672454604414e-06,4.94949066201652e-05,0.0215501200998789,0.2014082607366932,0.016074079686404,0.0244650772855151,LFP,12,98
-90301.88964660368,2.0845566858088187,0.0106822833580948,73978.96078941462,-4.323680094110124,-0.4763199058898877,-0.2899800133076454,0.2539099274267248,2.701526743807763e-05,4.628621464362316e-05,1.304989373980626e-05,0.0001206984829553,1.3705573227895887e-05,0.0489601311576798,5.460723433179991e-06,4.593239323460918e-05,0.0149199092934159,0.0681424567794991,0.1655439989519696,0.4063335309608858,LFP,12,88
-350458.2579814495,2.595617282492145,0.0089179284784932,244672.22901601583,-0.4674028651589168,-4.332597134841095,-0.5055026589102765,0.2004571623106416,1.938460332263016e-05,0.0002452942987304,4.972708252542357e-05,5.592414443453683e-05,2.2058696589276344e-05,0.0914026014314303,1.900031955244753e-05,2.2691323024447465e-05,0.0176944157090411,0.0531938740776862,0.1579129168382741,0.2133905501737632,LFP,13,88
-279892.8522132852,2.1803185955274595,0.0114449181377874,242250.7196193685,-4.399350091662569,-0.4006499083374422,-0.2907611638095114,0.2392806651701153,2.805296378275695e-05,5.920344764910321e-05,4.400938686357754e-05,4.590614331560425e-05,1.541222212238611e-05,0.0966546387751157,2.096171938406714e-07,4.01760800551548e-05,0.0185104690250059,0.0164976870325268,0.0357498208440659,0.5869913283138958,LFP,12,99
-40685.915707567765,2.214985668194997,0.0127282354792859,29193.881649675623,-4.187677606596914,-0.6123223934030975,-0.1696147509967523,0.2407437049784419,2.904209976053143e-05,7.408672520810041e-05,1.2325132051449688e-05,5.354922452227196e-05,2.6439578213592036e-05,0.0627406278321392,1.5245929448960596e-05,4.714119122102701e-05,0.0097009188587662,0.2143606246037117,0.0466608083422958,0.4993638160572402,LCO,12,72
-252684.16062043165,2.621847033371071,0.0087524774496631,177317.1230492903,-0.4953194860686096,-4.304680513931402,-0.583378189192206,0.2078334124516267,1.928687282059228e-05,0.0002482784676996,1.6132981379569752e-05,4.0043860127428574e-05,2.5501605792175696e-05,0.0957179991010928,1.9018006581059448e-05,4.972926208717763e-05,0.0143979738035372,0.1014367534800162,0.0345264796581177,0.2106585776696601,LCO,13,90
-90496.97696851588,2.6171929474974656,0.1613022603159096,10206.13057211949,-1.806218246181146,-2.9937817538188654,-0.4713386448156665,0.2303177383297726,2.9874829078113328e-05,0.0002473697619379,1.891691408638176e-05,0.0001290611789863,2.454914746459759e-05,0.0463573490580613,1.970081756144789e-05,3.144058891952557e-05,0.0144502214065411,0.1344237531619011,0.0345099552220825,0.2897276468003499,LCO,13,11
-222291.676468707,2.9730452040338187,7.479975306692651,14327.771057920503,-2.9585779966059533,-1.841422003394058,-0.2621136666632807,0.2004115746805912,1.657969667281604e-05,0.0002191786005296,2.7139634561647056e-05,6.3322761297325e-05,2.1406385782493365e-05,0.0994592742858336,9.601235246131006e-06,4.2366109015068735e-05,0.0233215253048367,0.010828740333117,0.0697262874352188,0.5873313055683834,LFP,13,3
-14005.853922444165,2.3070727096746,0.0099225961493682,19214.92376104395,-4.403988990589021,-0.3960110094109907,-0.1563760326257433,0.2407523181367677,2.904379803799848e-05,7.422593579157603e-05,5.874958092091611e-05,4.527947555018501e-05,2.853399441160695e-05,0.0886350741053345,1.536114546066681e-05,3.708901803839843e-05,0.0055976728233623,0.2219613047524041,0.0466852661622589,0.5049773964595936,LCO,12,98
-139688.4227493031,2.652068467271854,0.0110952409993447,104092.09661440169,-0.3506557829737815,-4.44934421702623,-0.2360013239745363,0.2219646247250069,2.323625917600424e-05,0.0002490924513339,2.5944021996110893e-05,6.163850837967083e-05,2.20978226873126e-05,0.0504845834281159,1.0435400286859724e-05,1.7235637740159618e-05,0.0177103735936805,0.0951762989109455,0.1595933593740037,0.4392290177405144,LFP,13,76
-256299.557009508,2.2421918705501023,0.0178041049960596,191881.16734093556,-4.196951988953792,-0.6030480110462193,-0.2338837080041783,0.2678608811089322,1.3147715921950972e-05,4.462148824623626e-05,1.1007719180823328e-05,5.123136751005019e-05,1.4863689895969352e-05,0.0668250211400861,1.804940813786849e-05,6.920222576916599e-06,0.0236053088608458,0.0350323518008941,0.2444306198314589,0.4166533203634685,LCO,12,69
-28415.31662430028,2.599961866750049,0.0105925879390011,21963.32961840272,-0.4759087262362271,-4.324091273763784,-0.4782330964038256,0.2378392793655013,2.6756409934522785e-05,0.000245592316258,6.305191739937885e-05,5.534940388201547e-05,1.938211217101173e-05,0.0432710447974092,1.4265051063531468e-05,1.5096836953472569e-05,0.0077757232966312,0.1208067451442517,0.0680813989928049,0.2628787594591177,LFP,13,88
-84890.90367299021,2.1685269728735905,0.0569423834897052,26469.19004990057,-4.576263235604458,-0.2237367643955536,-0.2311318128465695,0.2360576754581811,2.3145378640635287e-05,7.285276940947922e-05,4.5287207853208497e-05,0.0001361686830458,1.7578978579695775e-05,0.0432502930740035,1.9646081020417183e-05,4.9542643046504406e-05,0.0155639936089753,0.1319106593832376,0.0426852504826731,0.5242722772875197,LFP,12,32
-262515.2312262386,2.8976119024223146,0.756715155372872,18814.27136449571,-2.6158851061314152,-2.184114893868596,-0.4467834915922736,0.2155576518330942,1.557252216655954e-05,0.000122452435659,6.063858121281377e-05,7.874238835676046e-05,1.34676692720488e-05,0.0972361609709096,1.983634033676458e-05,3.643223495459918e-05,0.0201249886466526,0.0343231667332626,0.0247282225968797,0.424165119077584,LFP,13,5
-146380.81942077476,2.1414391988940484,0.0147325884692359,102453.05844926066,-0.5639226063596467,-4.236077393640365,-0.2636723265722008,0.2350705795820322,1.3545201967503616e-05,4.639445360994644e-05,1.047515445838771e-05,4.015629527725345e-05,1.5020747121723358e-05,0.0655480229588855,1.808965424419761e-05,3.504066797614363e-05,0.0141084279386489,0.037126274370955,0.2071193710084466,0.4220820280483974,LFP,13,98
-146119.6677472706,2.6846535362650785,0.0518494611907768,54878.37290999981,-0.7515425066673913,-4.04845749333262,-0.2499493208842323,0.2351277513707199,2.2873007854601687e-05,0.0002284349592877,4.591364584184151e-05,5.303434861845662e-05,1.7818474172838426e-05,0.0505528447579707,1.967956138781675e-05,4.7082871761583705e-05,0.0196948340483372,0.1315770627013459,0.0237366023639432,0.5247370140504785,LFP,13,32
-357707.15398518805,2.257512456706498,0.0151313658612473,223840.3962937201,-4.287997006755518,-0.5120029932444936,-0.3965772683652079,0.2148980136702249,2.896269664222464e-05,7.039328016505142e-05,2.5123378169146974e-05,4.0654436550341206e-05,1.6999080993470585e-05,0.0806592867982972,1.961230012022973e-05,4.828245029159614e-05,0.0207555942001826,0.0674685886991415,0.0539340422598203,0.4120201006758302,LFP,12,86
-37686.27974579208,2.591933968502364,0.0090165261745925,24085.521189873,-0.4311493090715075,-4.368850690928504,-0.3420771746531729,0.2041933906433102,2.5705283703365693e-05,0.0001709701237388,2.47001250737831e-05,4.587672966106363e-05,1.5873837487360598e-05,0.0536266123484617,1.1828885136218092e-05,1.5048459452010602e-05,0.0077585554979002,0.1217972199468796,0.04899875829923,0.4171268471007174,LFP,13,85
-152049.1920788352,2.351208858703379,0.0117826854607892,159135.09032604206,-0.4843613351702629,-4.3156386648297484,-0.3418414060173042,0.2545547837086963,2.957802855783317e-05,9.75072837958628e-05,8.227669126058627e-05,4.664553179476965e-05,1.488768555944515e-05,0.0485951377555063,1.2175528002073473e-05,4.575216183225746e-05,0.0207558331975656,0.0176948631000257,0.1616903245876893,0.4087734062949807,LFP,13,88
-144812.18046928334,2.242874239525487,0.011535803853268,180732.02324720667,-0.4874746657102164,-4.312525334289795,-0.2957105799855225,0.2616008578670232,2.9593770666330383e-05,5.6164777759939066e-05,8.357158411996749e-05,4.588520369772767e-05,1.4859340687159385e-05,0.0810260224598792,5.792704099286546e-06,4.0166505484929896e-05,0.0174918067381559,0.0151267749287312,0.2147492338089029,0.4044134112768432,LFP,13,88
-136277.7678120169,2.2129691583745346,0.0085808770416834,134273.19643624936,-4.312148155474766,-0.4878518445252453,-0.4225601455696806,0.2194938249014821,2.5307847743667237e-05,4.20088383063464e-05,6.0564800788121657e-05,4.54120715279088e-05,1.321039818042745e-05,0.04888860190268,1.365865604701631e-05,4.421383003542373e-05,0.0198764386661313,0.0922046656284882,0.0612293944597596,0.3540057943420716,LFP,12,88
-361378.7203794745,2.5696110021288243,0.0108625476207427,345589.30298423464,-0.4618055946287143,-4.338194405371297,-0.5187954285150816,0.2688763285582157,1.2919056078555238e-05,0.0001209539809653,1.0304186307072622e-05,0.0001393599112886,1.2545154864460696e-05,0.0645174639622784,1.5031806781585483e-06,6.790806360604137e-06,0.0249853273653341,0.0232753861407852,0.0361110431335967,0.3518181422105364,LCO,13,86
-10842.119043721334,2.278132879030049,0.0113668367431652,5441.483930647307,-4.178514130954476,-0.6214858690455358,-0.2790139953039604,0.2290393287924222,1.876419776759644e-05,0.0001764482162492,1.187778965745384e-05,0.0001303657232765,2.989162938620757e-05,0.0538303210691213,1.3563386763301184e-05,4.7215522282693474e-05,0.0041536109032653,0.0220239810864808,0.0735014900508897,0.555460533558669,LCO,12,72
-508999.2930581098,2.59677617225663,0.0317508162826173,163660.06979146507,-0.6694979353481614,-4.13050206465185,-0.5684996580273325,0.3005965113727352,2.9820555269620745e-05,0.0002492601091514,1.8509802348869143e-05,4.714483525914644e-05,1.3147384864747986e-05,0.0679268095868814,5.703293480351646e-07,4.8995780895959225e-05,0.0248695230984448,0.0138611833774375,0.0392454890816178,0.3083936695136121,LFP,13,40
-460761.915035281,2.2386395469435585,0.0105768426654768,416072.5826676519,-0.5398828003538583,-4.260117199646153,-0.2447752200647456,0.2594445863012347,1.3697371656017544e-05,0.0001342405773011,1.0872469043095303e-05,0.0001261184289281,1.5004540515657523e-05,0.08251118635638,1.1125511296100767e-05,4.6602372291324666e-05,0.0246543727141611,0.0629528794744617,0.0690640152675381,0.5532078851932545,LFP,13,93
-487247.0609949626,2.6045580720647834,0.0101258907096911,354597.27667424624,-0.4882577724128651,-4.311742227587146,-0.4676907980702178,0.2359766482322601,2.9462410800665732e-05,0.0002493364153118,3.071390724225085e-05,4.6436810324488655e-05,1.3113450921036876e-05,0.067989060036032,1.2956535836084094e-05,4.94632447641533e-05,0.0249371390931414,0.0137307520179094,0.0382383995393971,0.4103400503724757,LFP,13,89
-207680.78960352304,2.2165953486867496,0.0171761877214644,125024.25045434311,-4.293615520555456,-0.5063844794445558,-0.34375595117944,0.2724516872178434,2.9600371335564797e-05,6.99544115459858e-05,2.4633963298001648e-05,4.9202013973860623e-05,1.800138500144411e-05,0.0462445149211927,1.982853535219712e-05,4.905244180056838e-05,0.0207555858073958,0.0166444794040122,0.1622439636253268,0.4073556057912209,LFP,12,85
-35547.45271889259,2.579747659199218,0.0093133946756264,24834.26710935706,-0.473486870833554,-4.326513129166457,-0.3119754054842583,0.218984498957151,2.6778629008061207e-05,0.0001355563991066,1.4289671922067056e-05,5.985639024179736e-05,1.4263354237760114e-05,0.0546219653884513,1.0714344765508208e-05,1.509729524069514e-05,0.0077761167885715,0.1203577499888672,0.0769434273420365,0.4207234171848379,LFP,13,88
-123995.07878435336,2.080068618784165,0.0095451667287609,92253.50504750498,-4.304661585312857,-0.4953384146871542,-0.2929399564775005,0.2231514238633652,2.3865215707968305e-05,4.657126543127832e-05,1.2059118921032356e-05,0.0001371268510279,1.8455579980478305e-05,0.0483551445935576,3.895347996773055e-06,4.160096774367458e-05,0.0167428803670192,0.0525042796962298,0.1500374570468339,0.4345183067794357,LFP,12,87
-746623.7393049141,2.6909144944659595,0.0486604020392849,139606.72497140366,-4.589250915362683,-0.2107490846373281,-0.1750351095370079,0.2572288798491752,2.9343889106058044e-05,0.0002029260230147,1.0823534411261844e-05,4.2210874143225446e-05,2.2512882656898587e-05,0.0961283048235665,1.7600150093597342e-05,4.545780721928767e-05,0.0248761236277565,0.1270234474191368,0.035476748830773,0.5924646942130822,LCO,12,31
-12877.32777931328,2.512001981491184,0.0096419609845242,9037.690579322903,-0.40263843778596,-4.397361562214051,-0.3886139397119731,0.2257954283206835,2.7666494118908088e-05,0.0002154237883278,1.4246604920961205e-05,7.486002227180106e-05,1.678365030186042e-05,0.0527642263771083,2.7449494060941164e-06,3.974132924971209e-05,0.0047893484896539,0.0183049739166545,0.1264649502504612,0.3966161361209112,LCO,13,82
-206146.38930517068,2.3336289611454992,0.0348621712334615,65269.18768398454,-4.656643178146616,-0.1433568218533949,-0.4317901860518608,0.2143849226868941,2.950695002886148e-05,0.0001114983941965,1.2354201725827864e-05,8.450131260807931e-05,1.5442358241790398e-05,0.0515385093617831,1.6054689653035288e-05,2.3196718510005785e-05,0.0240092450902757,0.0401727417770285,0.2280474508773307,0.2299896212937799,LFP,12,27
-47145.11991885477,2.2718045089472203,0.0167669165385426,33709.43002267912,-4.305364843303934,-0.4946351566960771,-0.7434163607935915,0.336657787944007,1.568784408131101e-05,0.0001427317786795,1.351628635602241e-05,0.0001120103467653,1.794640724720549e-05,0.0558336937592872,2.596273537296594e-06,3.570665476530774e-05,0.0085464904682991,0.0301225499468089,0.0866444764651007,0.0698166127944989,LCO,12,85
-3858.617705270289,2.545833484449664,0.0111455996522897,3726.0549124013824,-4.20961644206109,-0.5903835579389209,-0.2622954702873089,0.2026414455156768,2.837663738276205e-05,6.593839702716531e-05,9.203609056603048e-05,0.0001246889825153,2.473649771024292e-05,0.0474148378112114,8.828162310694303e-06,3.276704215921349e-06,0.0040028458570428,0.2586338469728012,0.038742412524301,0.3703282702155888,LCO,12,62
-256465.90862247135,2.26971826741217,0.0155116237448288,131592.1471966114,-4.205827036985113,-0.5941729630148984,-0.1472119140172277,0.2869643600479717,2.6355942709260888e-05,6.686007119598256e-05,2.965735508993132e-05,7.111555444961445e-05,1.332172569728648e-05,0.0647767333726478,1.894832794249752e-06,1.8630896702011305e-05,0.0198969920812182,0.0204927381943898,0.338677909779268,0.4236174380091144,LCO,12,71
-16209.098263387412,2.082068891084916,0.0086491421211276,12235.229755831842,-4.380219683654197,-0.4197803163458147,-0.6732433134196268,0.2143045607858084,2.856817744859412e-05,4.016638122043158e-05,1.1774342388375231e-05,7.456253615286666e-05,1.355275850235994e-05,0.0401241304723847,6.987207091503489e-06,4.344764754922262e-05,0.0062250026302107,0.1408060247168376,0.0391543672844777,0.0767962945790577,LCO,12,95
-83858.57131119727,2.277778526918696,0.0084221497298758,84661.83969346089,-4.39140531619092,-0.4085946838090919,-0.5134608335036835,0.20246367027525,2.897877252106095e-05,9.715419115157856e-05,1.022112183902614e-05,7.407170968920365e-05,1.6986611258388903e-05,0.0955098100312553,1.0793841837783092e-05,4.476854473043829e-05,0.0105102403301755,0.0995906724583328,0.0653278216669852,0.2516206723709984,LCO,12,97
-136753.5266284438,2.076280312944855,0.0096126095979738,168622.89419124954,-0.5719835246278322,-4.228016475372179,-0.2796661165691192,0.2359969238470256,2.9021336579979544e-05,4.103981672463815e-05,3.426640016784153e-05,9.026780715472229e-05,1.581042004448487e-05,0.0620114322610114,1.9522048434275437e-05,4.979621976811298e-05,0.0186180932482297,0.0222691064748947,0.4838634442919183,0.1442013326640678,LCO,13,97
-320092.545362412,2.250033284026807,0.0117377643103231,288659.2975386921,-4.337120417118776,-0.4628795828812357,-0.5435384998947012,0.2628326427089334,2.9495442003082834e-05,7.113735114476235e-05,1.017180321101434e-05,4.023770445837221e-05,1.2154016799901067e-05,0.0668665564979658,1.1082092363169862e-05,4.4344677091498464e-05,0.024883613989579,0.0281834628252373,0.1046489205234746,0.2536291167565869,LCO,12,89
-16514.159210716538,2.211072578715817,0.0374038211221482,5918.1475535773525,-0.7281607955416263,-4.071839204458385,-0.725926267278916,0.2888599336841703,2.43905483494496e-05,4.806801276824948e-05,2.319186338394176e-05,0.0001167361517153,1.272473893338188e-05,0.0709404190884068,1.028322823497269e-05,1.742985148626698e-05,0.0049780910944962,0.0304029172834622,0.1474994694590292,0.0261713459785925,LCO,13,34
-210940.1920041284,2.1047879391788755,0.0094094099958948,251209.0764742915,-4.358049165800722,-0.4419508341992895,-0.5938123502370805,0.236557616504575,2.785934741345546e-05,4.505205757980378e-05,1.84055399738541e-05,7.67542365931726e-05,1.5629226969884086e-05,0.059573529640168,1.7207874310041313e-05,4.194883854324272e-05,0.0237132664064751,0.042959783831482,0.1703748293234517,0.1228530366079857,LFP,12,92
-14263.730109508257,2.0788731955763824,0.0325006596686441,6071.815288226237,-0.7885418538141238,-4.011458146185888,-0.6264266428851073,0.2436842959637385,2.4517883228240903e-05,4.80740991821344e-05,2.1519632848698896e-05,0.0001485898692786,1.2648227076913523e-05,0.0843803752595497,6.15893299732273e-06,4.644587079594441e-05,0.0049647061799018,0.0223437318860045,0.2556488210797967,0.0255808041490914,LFP,13,30
-201529.76368917408,2.9394995281220417,0.2383364128845345,18380.30875010752,-2.04652929581723,-2.753470704182781,-0.5124546390822498,0.2339131438671098,1.617918154339153e-05,0.0002047293992032,1.2309596084242918e-05,5.154865185640191e-05,1.293134041036384e-05,0.0636260304040611,1.594591241314855e-05,3.265943785922016e-05,0.0181239251811442,0.0146865762803405,0.1251678749691369,0.2776909096682728,LFP,13,9
-62896.32290247013,2.0767804536587557,0.0087378840398522,36269.50555804578,-4.404123083237778,-0.3958769167622336,-0.1625545224675283,0.2227361423129634,2.7006397863185254e-05,4.931809019660051e-05,2.727371607648107e-05,9.786792662172345e-05,1.7056451832845482e-05,0.0466053235592935,9.191624756012404e-06,4.47768842928071e-05,0.010537364095719,0.0321174890581323,0.4825413000820502,0.2527866883922893,LCO,12,97
-20426.95919958458,2.1958079889195803,0.010083813905298,17942.090666436914,-0.3442789105365165,-4.455721089463495,-0.5872579263632417,0.2247354303480138,1.3651590540926103e-05,5.16198178505798e-05,9.017167089476092e-05,5.662242633181211e-05,2.9281854958314465e-05,0.0538684395044212,1.9147259492665618e-05,4.044803559907779e-05,0.0067831269721638,0.0297378788389834,0.2222129090593859,0.0907912857383889,LCO,13,76
-185662.00069668415,2.520457659375869,0.0090433382631449,130634.00536127816,-0.5727921536535732,-4.227207846346438,-0.241721453213167,0.2262732929798351,2.9363090112024687e-05,0.0002033523207038,1.944448612501506e-05,6.047853685161424e-05,2.254070787909696e-05,0.0470749436256663,1.6715055872855328e-05,4.99904285056194e-05,0.018341694918813,0.0475564303543697,0.4975426487071552,0.143179467725308,LCO,13,98
-288956.6333526865,2.265887089647633,0.0089940527718153,249350.22750687876,-0.5223501444764054,-4.277649855523606,-0.6008057141908091,0.2022520474049692,2.7780373360755037e-05,0.0001130453129903,1.414505803508735e-05,4.773606922962056e-05,1.389211858318625e-05,0.0824101113332612,4.44859614065032e-06,4.838983559923269e-05,0.0187833324489733,0.02547085985294,0.1155280250471266,0.1881954009091243,LFP,13,93
-22775.215912342428,2.270498250428928,0.0117922139459868,14332.689081298922,-4.414770674726114,-0.3852293252738974,-0.5119806787246827,0.2982683689340801,2.7551944025111183e-05,0.0001196333075555,1.2029282198916004e-05,7.711498662424195e-05,1.3557324275190148e-05,0.0407945757292703,7.362548769732592e-06,4.047954884991322e-05,0.0064865839454486,0.0421081149568137,0.0378106462784544,0.3381005600400492,LCO,12,98
-395394.51436530775,2.1608106213521414,0.0094357128247413,325749.3980545083,-4.224864141238733,-0.5751358587612785,-0.3571508554041872,0.2234317248924713,2.8148065683508707e-05,0.0001040573266077,1.4095835154513543e-05,0.0001426558145418,2.921895147135499e-05,0.0966629649877739,1.9490073348017257e-05,4.982500872126279e-05,0.0229026135416334,0.0283141852260682,0.0449843877583057,0.4995505716114388,LCO,12,80
-20222.800223122125,2.301855050240467,0.0086479504654325,15400.552769047968,-4.394727955444985,-0.4052720445550264,-0.1258907557887277,0.2234378539912804,2.8149490234679028e-05,0.000123474368603,2.74554165899407e-05,7.829031447257905e-05,1.2975385715512254e-05,0.0983903750052269,1.5897280010807005e-05,4.444787516430016e-05,0.0047216227925424,0.0265261482044043,0.5257312455140752,0.2518518504927926,LCO,12,95
-247826.4898240263,2.15657998372241,0.0115632290364999,227050.665508963,-4.312038377908365,-0.487961622091646,-0.5885484963481675,0.2207999027731605,2.7852970830300117e-05,6.472233893631175e-05,2.179054157746672e-05,5.594223237341348e-05,1.7266689080060783e-05,0.0565354636599365,7.167957348319152e-06,4.686277317788452e-05,0.0237151304232142,0.049505849002464,0.1714345203333331,0.1205111343160353,LFP,12,88
-290336.9042497073,2.068002073465497,0.0459722144681918,125895.06196074135,-4.703259666905346,-0.0967403330946652,-0.4618112452566723,0.2568639695785114,2.961306184687877e-05,5.8553154153252114e-05,2.572895636795197e-05,0.0001207956435125,1.5451333942278217e-05,0.0997074258225967,1.7708307579263692e-06,4.322361341115496e-05,0.0242908676970547,0.0221223356626773,0.2150391258339913,0.2310272932466591,LFP,12,26
-143067.1896201733,2.578133961331329,0.0111881997338143,94760.64561515291,-4.172388484724905,-0.6276115152751061,-0.7423896727510304,0.2086493258593122,1.563737742938891e-05,0.0001106089141492,1.574731622257991e-05,8.146114198978256e-05,1.3070686371917244e-05,0.0496992731637982,1.3595651054287907e-05,1.0871732902319622e-05,0.0164963344164138,0.0450304079806849,0.0503658176602171,0.0922141016080674,LFP,12,73
-13676.69632448511,2.163070475625081,0.0084646534046197,17179.997133649587,-0.5470080689936125,-4.252991931006399,-0.329960104102552,0.2013419309457138,2.9809864322357733e-05,6.023378665122274e-05,1.1741759427591235e-05,7.452854733398047e-05,1.3516461361553476e-05,0.0602396471524331,7.288342886982172e-06,4.054356024522133e-05,0.0060601904637189,0.1389312372064161,0.0441539857272571,0.4169546729637747,LCO,13,95
-137100.7369450033,2.0902546492991005,0.0153595827292826,129308.235073435,-4.359351887328323,-0.4406481126716883,-0.1012268651383715,0.3554957032693926,2.699035402526548e-05,4.949317077144525e-05,2.7361251143527887e-05,0.0001035917507825,1.807568714312292e-05,0.0594248469975534,1.5773982403601983e-05,4.476115692720521e-05,0.01870956841409,0.0322100568650121,0.5431404328511449,0.2534226451454714,LCO,12,88
-254796.00861616628,2.122580974461706,0.0118906214779846,136674.9649261408,-4.18615526790402,-0.6138447320959912,-0.3163128622522444,0.234628695799569,2.8155968535333437e-05,4.684386620255052e-05,3.069495819038095e-05,7.836262867988386e-05,1.281890741687957e-05,0.0638569554264675,1.7125300821815695e-06,4.445130744745965e-05,0.0199270846444659,0.0267163023218353,0.3383768668404567,0.2485939685854635,LCO,12,71
-17869.0528391208,2.2223564245089444,0.0115712025482271,15136.909779346155,-4.1828841919713255,-0.6171158080286858,-0.3500790601053682,0.2276837703017261,2.8135809444447956e-05,6.179682422353011e-05,1.0667514958029131e-05,4.23279079777037e-05,2.379970898711206e-05,0.0782916342325223,1.4678516066154964e-05,4.988046741647205e-05,0.0060971443843318,0.0392768106094488,0.040397170597583,0.5002469586875999,LCO,12,74
-262895.00159858074,2.302299556545619,0.0105703050911403,166172.37536653096,-0.4881688928336558,-4.311831107166356,-0.6005247981807438,0.2395078754481373,2.7620473604665803e-05,0.0001133525004498,1.4174345115732043e-05,4.786080277320437e-05,2.619447243949619e-05,0.0451766922007145,4.445218770591931e-06,4.838751983389908e-05,0.0215112537044656,0.0279622284683171,0.1132833233387924,0.1882296500121466,LFP,13,89
-303660.18187994126,2.2784986772046145,0.0144801961229742,228325.25730776627,-0.5517209016194897,-4.248279098380522,-0.5902245058857614,0.3259203911434304,2.7617183789508084e-05,0.0001133587923712,1.4145028583473388e-05,4.7863059887165647e-05,1.593000046084415e-05,0.0517636380787873,4.445093623109213e-06,4.839024134844518e-05,0.022772418652125,0.0290904469655906,0.1158003721166349,0.1948846750320132,LFP,13,93
-183523.7615224764,2.0816584431009,0.0101034995798118,188360.74091401303,-4.285984483327731,-0.5140155166722806,-0.741870751481946,0.2247696898705024,1.2832753417540383e-05,4.421015787576878e-05,3.171457910076466e-05,8.167603503964978e-05,1.632341955040927e-05,0.0529685817778717,1.043054030862838e-05,4.6447521198244974e-05,0.0210366902414662,0.0485866432789847,0.0473026334156233,0.0922399718234459,LFP,12,86
-246116.0798186992,2.4391591883733064,0.0163512629730328,128925.31843380418,-4.2220277848145,-0.5779722151855111,-0.4952475986629682,0.3427636579568524,2.861270867611445e-05,0.0002272763441993,1.0526701676802969e-05,9.61674290175473e-05,1.5691566717218607e-05,0.0709136413736456,1.4260671553526476e-05,4.960586022890991e-05,0.016703107359331,0.030289803439285,0.0873339248967435,0.3171286730010032,LFP,12,74
-20415.00317307838,2.401871328259129,0.0095980834788569,18547.723035019048,-0.5270723577819254,-4.272927642218086,-0.6186272937133801,0.2241185425946435,2.760349257747493e-05,0.0001274232828641,2.7731923623566192e-05,4.7533683348657086e-05,1.7268187081644526e-05,0.0984884043569632,1.923328635530184e-05,4.259357429789716e-05,0.0046392801057652,0.029122949788452,0.114123387858212,0.1681263686399557,LFP,13,93
-24379.59796542268,2.42817167122879,0.0057673612337081,15395.08167003431,-4.192179054296339,-0.6078209457036721,-0.6561958714975005,0.2045970482595711,1.5059113366614618e-05,0.0001107567302795,1.0133900337117114e-05,8.189299782308121e-05,1.30615649566449e-05,0.0639818005929397,1.3659699228416506e-05,1.6122788797712895e-06,0.0063667599597035,0.1397707507802453,0.0441211837504864,0.0899121939717679,LCO,12,63
-221754.355010895,2.5027615092669824,0.0180307550218339,94534.57152898231,-0.4478122852387969,-4.352187714761215,-0.4298981816609589,0.2345932619771766,2.24714322991766e-05,0.0002190784170446,3.629171095362274e-05,6.917118302827594e-05,1.71647817063499e-05,0.0559861511730237,2.934010702840084e-07,4.985077115042003e-05,0.0180769117578265,0.0217379847067946,0.0349300637999095,0.4434337698323369,LFP,13,55
-104096.4351254196,2.31644183279866,0.0169714548362326,88606.18654581314,-4.215820240321676,-0.5841797596783351,-0.343043761943154,0.2937495317317071,1.426635661702413e-05,7.472772807382878e-05,8.876265819611045e-05,4.438118416715752e-05,1.843672984811816e-05,0.0440125287847305,1.774768199566685e-05,4.9834036050077485e-05,0.0185868812945482,0.035172983774898,0.4701979986267034,0.0815852556552444,LFP,12,70
-292547.6149311169,2.285044546377306,0.0092744260189201,171282.29932671928,-4.391319097571106,-0.4086809024289053,-0.4810496805105575,0.2129323629061526,2.762048529905387e-05,0.0001120713063422,1.375824426870854e-05,4.2140699281415216e-05,1.3440111863917238e-05,0.0465864519692551,3.4476467156072472e-06,4.788221528023511e-05,0.0214935914706583,0.0245338512138019,0.1593211704449836,0.265095297830657,LFP,12,98
-181359.95788006223,2.0644361663783863,0.010941973212232,158237.1029829438,-4.3031419190187,-0.4968580809813119,-0.2912425553055087,0.2409610000250533,1.2302134128430085e-05,4.103945241304318e-05,3.168654634546541e-05,9.434636547832993e-05,1.6561845115201764e-05,0.0662024532614331,1.6791841986969173e-05,4.6410611442672926e-05,0.0186089881011117,0.0497101679956826,0.5210705057977918,0.0679767709010169,LFP,12,86
-556643.9266888493,2.3290147929769622,0.0115850539024322,302461.3896817601,-0.4969324939893624,-4.303067506010649,-0.5187147178182431,0.2706513505889728,2.6911844321917632e-05,0.0001133164509463,2.3682440988843117e-05,4.019708699910218e-05,1.4101069436123176e-05,0.0666074700430662,7.056968806753362e-06,4.9793583829671066e-05,0.023807736511631,0.0112419866417317,0.0808062558703345,0.3192370396696907,LFP,13,89
-170757.54308587237,2.2810273695517784,0.008407650592937,132793.78261901502,-0.5439061789979149,-4.256093821002096,-0.0303827684564557,0.2037300318528242,2.378860331944797e-05,0.0001414489485744,4.658106623356919e-05,9.160359345734e-05,1.4103146866302858e-05,0.0583784579008116,6.402912874356654e-06,4.934637686283471e-05,0.0173753471009363,0.2307338626286287,0.2269466833463421,0.4419366855685734,LFP,13,95
-535349.5866247106,2.265602782387222,0.0129189682231155,305226.86533235066,-0.3648920991645425,-4.435107900835469,-0.4304341390078832,0.2315655648206394,1.454967253289946e-05,9.973588393826132e-05,1.3214178301523684e-05,7.804132170514609e-05,1.2006541300159972e-05,0.0971395999653652,1.6658206775686104e-05,3.686742967704969e-05,0.0229885797235033,0.0277828412479848,0.3454176671567703,0.1263653525873616,LFP,13,64
-4048.111045582772,2.0970906163850467,0.0101127815424842,4859.331299408951,-0.3599781725478621,-4.440021827452149,-0.1881107390242765,0.2072394895150094,2.7925014010264548e-05,6.300817231860503e-05,9.456220180311895e-05,0.0001232106759943,2.7970964460894284e-05,0.0473978848939871,1.821903368956613e-05,4.606845428918242e-05,0.0040030822537517,0.298382489641327,0.0129711270285444,0.430535644305852,LFP,13,78
-4168.6642043487245,2.0944278043205387,0.0154791353218737,3612.346143005646,-0.3999238444751043,-4.400076155524907,-0.2842131645318412,0.2192261679610953,2.8709666355320375e-05,6.025129366923164e-05,9.583092052471838e-05,8.327364283654845e-05,2.453923114286272e-05,0.0440898480463415,1.705107466745181e-05,4.236246388621372e-05,0.0040070063362114,0.4778333825525236,0.0424855629577112,0.1254678899579239,LCO,13,60
-604690.7287050702,2.6941347469703447,0.0534243158630227,101989.26183691662,-4.76969579196269,-0.0303042080373217,-0.2080835593343684,0.235193259172726,2.939243617779893e-05,0.0001803794279473,1.2570490662474751e-05,4.640031053863269e-05,2.8351960741213893e-05,0.0996972292133223,1.561157741141163e-05,4.753951733632072e-05,0.0243713407788222,0.0919696125582837,0.0325284944872177,0.5974183336201301,LCO,12,23
-4198.898296269517,2.0724793572826816,0.0181018439551068,3637.224181095743,-0.4331216487073632,-4.366878351292648,-0.1904534440460957,0.2316546719956814,2.734712550666992e-05,4.449716745181963e-05,9.959243868445712e-05,0.0001390616571845,2.296622537317252e-05,0.0421309945652589,7.139171271827963e-06,4.230812408758145e-05,0.004204118273161,0.4520291617478458,0.1632166734718906,0.1243007207341679,LFP,13,59
-4137.650228559882,2.3703816067153527,0.0134335580881316,4686.854763571213,-0.3351946725295391,-4.464805327470472,-0.4015712837428695,0.2036789003197431,2.867499852908264e-05,5.892615821766822e-05,9.420667865882006e-05,0.0001358632915648,2.505602734503297e-05,0.0457223749898641,5.229180057076152e-07,6.861087073196024e-06,0.0041117264560404,0.4873695536916324,0.0130446630102904,0.0280144995552076,LCO,13,67
-4200.082286792688,2.072740459462782,0.0087470851327105,6745.5636275173565,-0.5566303688585137,-4.243369631141498,-0.1986203870238235,0.2072117301709927,2.4568953178630283e-05,4.848346713845595e-05,9.476833429872625e-05,8.783862468045262e-05,2.3570086826774943e-05,0.0524588617516691,2.3995951681313334e-07,4.440642332917904e-05,0.0040038421459882,0.3640973330119689,0.0621603983734274,0.3051218815907801,LCO,13,97
-706905.5911392143,2.651023269702821,0.0622870195652669,135082.73259599067,-4.588372995053305,-0.2116270049467061,-0.0355585701421093,0.2572245023715834,2.9273752292680406e-05,0.0002028310137899,1.0011420073801044e-05,4.483520738026738e-05,2.823087840215987e-05,0.0976594976806604,1.625227402073311e-05,4.631252027435584e-05,0.0247841836670377,0.0956619388360212,0.3213291692701536,0.4774503217517158,LCO,12,32
-650519.724764237,2.590033471204722,0.0465319619702852,118157.28595971272,-4.568982352074244,-0.2310176479257677,-0.188151736781221,0.2264807172652336,2.876977120108819e-05,0.0001702388744084,1.2877111759079212e-05,4.685448647419271e-05,2.810413872353409e-05,0.0917621954443398,1.2683303685210858e-05,4.627739682267205e-05,0.0236835144967835,0.0923288456780029,0.0554891613560043,0.5940302561847719,LCO,12,31
-598930.448063438,2.6909144944659595,0.044787320490477,106707.9326067214,-4.555964468136203,-0.2440355318638083,-0.1400349188857536,0.2036982264924047,2.919990434181905e-05,0.0002277955021748,1.172351867313994e-05,4.279623318912749e-05,2.953000916831288e-05,0.0977545710392104,1.2826683612434717e-05,4.441486616299738e-05,0.0218835775884758,0.0279939512821883,0.1629116970771125,0.5990594327549456,LCO,12,31
-3608.312721752488,2.05839684523136,0.0123319222662762,4361.684489371634,-0.3572017538141097,-4.442798246185902,-0.0746214651849066,0.25024498572465,2.8675873215570987e-05,4.579139009353967e-05,9.364395280437138e-05,0.0001381000404108,2.3021352534333376e-05,0.0466936797432605,6.8069048100527145e-06,3.9676051684481874e-05,0.0040094072732233,0.5744350798124792,0.1671430657992666,0.1138003892033475,LCO,13,73
-717340.1067548426,2.649371805064538,0.3313325103223916,128415.53282242852,-4.569052951233964,-0.2309470487660476,-0.1810142171002096,0.2262961255764274,2.969134619241364e-05,0.0001793597508767,1.200678272680018e-05,4.683564575002227e-05,2.2484189708338397e-05,0.0917975518184715,1.956763907634268e-05,4.532472349255821e-05,0.0245656256181054,0.092287663321178,0.0569779668276896,0.5997201527509227,LCO,12,31
-338720.8805212822,2.114126958584113,0.0151576413754971,421992.2734876438,-0.5808047288441998,-4.219195271155812,-0.435443642832058,0.3430714088404001,2.988593070927823e-05,4.503854352269039e-05,1.9722128760830003e-05,7.191974350109621e-05,1.4098093789659115e-05,0.0947681079005001,1.976061551064184e-05,4.97584075595288e-05,0.0237617671608296,0.0167834141697106,0.1595922318082835,0.3181807111899478,LCO,13,95
-3884.4088503101207,2.08169474247222,0.0125340555365429,4411.493184526738,-0.3453405166376981,-4.454659483362313,-0.193965416784404,0.2293495039968665,2.8682976304017896e-05,5.87280656572926e-05,9.41880346746581e-05,0.0001374664496285,2.9507256672929205e-05,0.0479130178394317,1.5230588862309349e-06,3.9637603486592974e-05,0.0040038611952144,0.4998606594616765,0.1221529320809883,0.114020991672931,LCO,13,69
-4198.784862261766,2.0628263686350548,0.0128780259135039,4780.301938542227,-0.354927166687446,-4.445072833312565,-0.1909951157871771,0.2374070863873643,2.8682628839365983e-05,4.388858699576805e-05,9.41584829055692e-05,0.000140061642902,2.121316870551147e-05,0.0474244632690709,9.828086976308254e-06,4.233924418670618e-05,0.0042051944528885,0.4403887927865812,0.1847879669741556,0.113828124452086,LFP,13,69
-4176.3645639298375,2.105997478169888,0.0233062629382082,2620.1681025708267,-0.615996720012923,-4.184003279987088,-0.0580062231964574,0.2317666396628366,2.048471437773515e-05,6.394990505617808e-05,9.163827846301092e-05,0.0001403370539906,2.2965571090828552e-05,0.0456117393527901,7.129072146776123e-06,4.106443675833296e-05,0.0040014133414348,0.4411163802927054,0.0610213906316702,0.369856005879167,LCO,13,44
-564118.162469676,2.616991072590774,0.0573634795110094,96837.64963582864,-4.7253656213267945,-0.0746343786732168,-0.2980347495077559,0.2265217695274755,2.876999546539925e-05,0.0002054884772199,1.028085559854885e-05,4.683494705237447e-05,2.810890278348012e-05,0.0917795375888765,1.3609513464474169e-05,4.634714251479318e-05,0.023719170986342,0.0403131910197739,0.0633939390820654,0.5282581203904049,LCO,12,24
-4106.333807887254,2.076490604228449,0.0429349331841186,3163.7827062383426,-0.5116844598827655,-4.288315540117246,-0.1048870361152286,0.2503734126669111,2.881027522463339e-05,4.427817560337892e-05,9.349917953506e-05,0.0001191021709739,2.5081951460971543e-05,0.0475976561012663,8.93824590018659e-06,4.899605783606273e-05,0.0040117596272974,0.2795514906890521,0.1740627732490578,0.3714986999466614,LCO,13,52
-3698.3461486769215,2.079729753885234,0.0214519654430679,2907.823633007895,-0.5285192668394814,-4.27148073316053,-0.1004650928305095,0.2039791438758176,2.8820384883340644e-05,4.34884335940068e-05,9.410247086166766e-05,0.0001181430356491,2.446530273596559e-05,0.0466722592021706,9.961820725074075e-06,3.926939092646628e-05,0.0040038109645668,0.2863479606647794,0.1728374361441877,0.3703495103605234,LCO,13,49
-752925.7434010146,2.657777499890416,0.044787320490477,134517.8483359542,-4.558879638872732,-0.2411203611272796,-0.224783409792416,0.2117047430810497,2.941243740204112e-05,0.0002113605662458,1.0518936309913664e-05,4.221700501534622e-05,2.067533597234995e-05,0.0960955853460517,1.842106863526458e-05,4.753759288036532e-05,0.0241554477184291,0.0922600662445804,0.0355624339077374,0.5773940900552661,LCO,12,31
-619131.4047456514,2.5558887020368037,0.033515634191527,122401.10619659549,-4.588424194805135,-0.2115758051948759,-0.2102393202618958,0.2365906624979549,2.9359805867845936e-05,0.0001547226086,1.0162411126861452e-05,4.652057162004396e-05,2.8223501037016527e-05,0.0889668873915294,1.5825863111230926e-05,4.703174924271993e-05,0.0246705005821021,0.0981269615121891,0.0350459529851737,0.5865877652407414,LFP,12,31
-750737.3276736187,2.656321708499457,0.0482035180064583,142936.73013697908,-4.578273978059436,-0.2217260219405759,-0.1727336897219477,0.2404658651722146,2.882015349000425e-05,0.0002193862141184,1.2012347238781936e-05,4.63542214612849e-05,2.0224200713136664e-05,0.0985918865139721,7.544450104620717e-06,4.614805552383192e-05,0.0247345139677983,0.0973963152067027,0.0653451330449123,0.5945248620264372,LCO,12,31
-705945.0744263172,2.5509349960524794,0.0622870195652669,148645.39090178558,-4.570566646593655,-0.2294333534063568,-0.2295033301528983,0.257512025885235,2.9494885242465485e-05,0.0002028019504493,1.0141247960559153e-05,6.498359916805656e-05,2.8226847957231508e-05,0.097659847338058,1.461738875021951e-05,4.6280071046844925e-05,0.0248302649444139,0.1016588268902713,0.0424064380939551,0.5564314048628752,LCO,12,32
-28361.886571640094,2.531766279343832,0.0118754749090359,14509.8426033359,-0.3371962110250592,-4.462803788974952,-0.2473960829139114,0.2354153384177801,2.9044386590068905e-05,0.0002282177942338,4.571306921215023e-05,5.342032986041968e-05,1.781672885178407e-05,0.0754437564480133,1.817447040366928e-05,4.712909710568705e-05,0.0055670421075986,0.154890736812001,0.0238335601677235,0.5038796201063639,LFP,13,72
-4044.440032635878,2.111439540072692,0.0843132397862059,2551.9972515280047,-0.6411163177971133,-4.158883682202898,-0.1378019465373677,0.2071295076185677,2.7380426816667115e-05,4.446697067128408e-05,9.259146279884351e-05,0.0001391646662816,2.2956330170341603e-05,0.0423408967687055,3.194546504417992e-06,4.139639468490308e-05,0.0042134721241768,0.4525868726446447,0.0334845974007074,0.30612658341728,LFP,13,42
-3887.626367921929,2.338812984034608,0.0285833143952718,2166.26281384505,-0.6039935328278645,-4.196006467172147,-0.105657148523224,0.2015369161041348,2.9580928088343903e-05,4.365075649436621e-05,9.426708633904736e-05,8.791854418555231e-05,2.455272659598512e-05,0.0401777075896123,1.732232412453566e-05,4.442531506258337e-05,0.0040084108262438,0.3625283400620794,0.0715053022978939,0.3903092091168025,LCO,13,43
-706905.5911392143,2.5810992838083755,0.058413938016459,147354.40441173455,-4.560201805127647,-0.2397981948723639,-0.2264672279463413,0.2134255005738186,2.9332818593969075e-05,0.0002073299206848,1.0374082571780643e-05,4.874219617507623e-05,2.820618640638703e-05,0.0976598610153236,1.812254722100766e-05,4.765910706621251e-05,0.0249564677954152,0.1008706314286213,0.0450575143975288,0.5576046262275086,LFP,12,32
-257754.443629199,2.4044947893737603,0.0341996964893918,90094.07084079093,-0.6766135127792126,-4.123386487220799,-0.1079703354577173,0.3276891775853808,2.9168493477607372e-05,0.0002229337850266,1.2035354261333994e-05,0.000103219906493,1.2665132229810936e-05,0.0462536434799896,1.6138125745747982e-05,4.707026441031391e-05,0.023486081177757,0.1917197888501112,0.1687878055331036,0.4615220701590678,LCO,13,42
-582179.6452280653,2.595602240779468,0.0319988265551192,124008.42763902235,-4.565707500716947,-0.2342924992830646,-0.2079842865929326,0.2217274032596527,2.875651451674429e-05,0.0001485034196923,1.2886811026834471e-05,4.636847689838957e-05,2.804903876983513e-05,0.0877729506749947,1.133982657670862e-05,4.47339156496377e-05,0.0248759356939432,0.100741616504695,0.0346920324879275,0.5865820644144448,LCO,12,31
-704717.1754118184,2.651023269702821,0.044787320490477,124245.849392723,-4.565325679690176,-0.2346743203098356,-0.041708373249788,0.2034258063933245,2.919792769272104e-05,0.0002434936694429,1.0786829585585192e-05,4.4836003348526144e-05,2.987608776457204e-05,0.0977595614481272,1.2815794456149355e-05,4.719381952282995e-05,0.0240664064167548,0.0186474696602891,0.321919380441604,0.5477247766483188,LCO,12,31
-4211.6467438189575,2.0928249030472394,0.0087501864705616,5238.696402719467,-4.391887022803573,-0.4081129771964384,-0.2031598684881287,0.2026238749035973,2.9956765245281197e-05,4.084398911362816e-05,9.484314765935592e-05,7.079301661205986e-05,2.3526733718904784e-05,0.0451153190713862,1.257269606679396e-05,4.446402839725224e-05,0.0040024373512735,0.4135209430050373,0.0379210249049653,0.2753981636018686,LCO,12,98
-3758.547153262888,2.0606015605490797,0.0142273596148376,4332.740884788036,-0.3646661113834852,-4.435333888616526,-0.0811726931705358,0.2720564343987396,2.888826331710488e-05,4.340198279725694e-05,9.41029416111312e-05,0.00011680999597,2.2332125329835545e-05,0.0466717466301694,1.0089695401308151e-05,3.986502989253958e-05,0.0040094422005059,0.5740595715210582,0.164448819211228,0.1103189160971779,LCO,13,73
-704717.1754118184,2.592353554582765,0.034824254180197,129786.5324379809,-4.580329990336367,-0.2196700096636448,-0.191392289019684,0.2373260801281905,2.939795640375021e-05,0.00014212139446,1.0692901310752936e-05,4.775039374735068e-05,2.9323313482677463e-05,0.0995355212465043,1.2863964976560223e-05,4.58795590770088e-05,0.0240672736545172,0.1230228095778555,0.0894399775097611,0.5261449238926993,LCO,12,31
-750737.3276736187,2.595193022074164,0.044787320490477,148248.0375264768,-4.560585497926439,-0.239414502073572,-0.2043711696619535,0.2093224373209969,2.957745884604057e-05,0.0002249821209467,1.2672105586383791e-05,4.522672880516588e-05,2.019583747029425e-05,0.0990275604869915,7.328885035191913e-06,4.611379929422022e-05,0.024963827180742,0.1025270104566893,0.0655116326102211,0.5575901872711361,LCO,12,31
-3625.908964975342,2.0706701289403973,0.0084322961064633,6505.809504232478,-0.5582443996768589,-4.2417556003231525,-0.2948945768841621,0.2004857233153084,2.698888216990936e-05,4.933813498173472e-05,9.44313208291396e-05,0.0001463644283492,2.347339589538477e-05,0.0474173994641046,1.242895937771226e-05,4.427973401467537e-05,0.0040030872461454,0.2968801656178877,0.0646059404376657,0.2736193170602845,LCO,13,98
-619131.4047456514,2.477162051668989,0.0220299213606267,132788.20469423913,-4.5077379763260055,-0.2922620236740059,-0.2585473452807135,0.2216777883465995,2.874733751370197e-05,0.0001232666593537,1.2921368624162062e-05,4.5696788921429165e-05,2.8048307513060283e-05,0.0831762046604928,1.6557682635313067e-05,4.472492908859287e-05,0.024907958956021,0.0984088420452196,0.0254782694583847,0.5475655432156821,LCO,12,35
-3820.3818589602256,2.1108035490332715,0.0106408946800069,4535.8707794248885,-0.3509520712193605,-4.449047928780651,-0.1215605479485896,0.2192515279631102,2.8889749643798e-05,7.488893698703186e-05,9.468144516041604e-05,0.000116798826197,2.994751374972832e-05,0.0463307079841499,3.3758383158566177e-06,3.993969043337104e-05,0.0040076252252092,0.5759631768567817,0.1169012805446879,0.1155749946499407,LCO,13,75
-748117.5129006117,2.573206087843015,0.0513456512557378,151119.90643085592,-4.540939499860059,-0.2590605001399524,-0.0075616990873302,0.27131307072102,2.8529667789543112e-05,0.0002066425461187,1.000912773588573e-05,4.687415686682909e-05,2.8055525004627694e-05,0.0995344139029015,1.630655038570102e-05,4.636250259944605e-05,0.0247250328238536,0.0154407158524295,0.4317795515461413,0.4752180335140988,LCO,12,36
-706905.5911392143,2.6156885355170507,0.0290050684823638,145888.90164173723,-4.527904299422261,-0.2720957005777507,-0.0287152970636044,0.2103311560632071,2.9336106894232417e-05,0.0002255418956973,1.2725744945590234e-05,4.125857663733005e-05,2.863752368786385e-05,0.0957218112530855,7.16346241584737e-06,4.6151210441354825e-05,0.0249841296499772,0.0127595744104047,0.3312023381671193,0.5573227903588716,LFP,12,35
-3407.4399639181584,2.065031083952774,0.0147557802887864,4238.717342468958,-0.3724462856016259,-4.427553714398385,-0.0776932391611063,0.2819463940539637,2.8672500838018728e-05,4.337734291973874e-05,9.362275410663874e-05,0.0001068249283122,2.231726025052249e-05,0.0466708770314482,5.322920521063448e-06,3.958932659299949e-05,0.0040094435183841,0.5746036741527728,0.1633667534656321,0.1143363332204888,LFP,13,73
