SpecificEnergy,SEIGrouth,TempIncrease,Price,UpperViolation,LowerViolation,VolFracViolation,C,la,lp,lo,ln,lz,Lh,Rp,Rn,Rcell,efp,efo,efn,mat,Ns,Np
-467690.48834748997,2.491013923729512,0.015198625227881356,28965.39381540572,-0.3504541381884394,-1.1495458618115606,-0.16882739279257875,0.23945995153071137,2.702762967343714e-05,0.00013134180375442704,3.422355822627746e-05,4.025529735946485e-05,1.843112254699023e-05,0.09719107303413083,1.7692857899408952e-05,3.556515269347412e-05,0.02074666877524404,0.08805957770890599,0.5106976614566638,0.16241536804185155,LCO,4,28
-48999.40670887148,2.2427763513804724,0.017328474097795525,2901.344410547487,-0.3088547649917075,-1.1911452350082925,-0.47192724402797415,0.20289975587081507,2.455120509297753e-05,5.3034968924377154e-05,4.096125153048688e-05,4.3809755240171224e-05,2.148798712821719e-05,0.054257484598058146,3.414240803688623e-06,4.920465019232087e-05,0.010362964973119136,0.20832993602639605,0.22651067963046737,0.023232140315162547,LCO,4,19
-22356.86178548833,2.3213972166777586,0.03299636192056173,830.1621288034471,-0.4352670201755071,-1.0647329798244929,-0.5327318157485152,0.3207163623652925,2.387144200363649e-05,8.284671949593013e-05,1.334218902541998e-05,4.005210550400073e-05,1.6485029572391223e-05,0.04548544312475271,1.68691429937328e-05,3.302526764174017e-05,0.006956440132474032,0.01879592438314273,0.03715458165759544,0.34131767821074666,LCO,4,14
-479832.2294332058,2.425430705693742,0.017488707319611687,33454.94312426904,-0.33229964333315465,-1.1677003566668454,-0.38594381931778754,0.49183435905585365,2.7929331530768607e-05,0.00019591665297412236,1.3227361734069494e-05,9.0848763190916e-05,2.5961566567630252e-05,0.0935216030734927,7.531742424234912e-06,3.6794086460255e-05,0.02017475319757405,0.1976862320456509,0.17564658284202472,0.17072336579453687,LFP,4,32
-447748.4955987207,2.1258236222845786,0.004964580262912907,89463.81687845191,-0.3110437088942799,-1.18895629110572,-0.4170222136710009,0.3760339384173703,1.3519009453485064e-05,9.089569223305308e-05,1.2690031773848223e-05,9.650206527726374e-05,2.0872993090523037e-05,0.09948249267174951,1.467555355541531e-05,3.957817253347158e-05,0.02054357016324289,0.036601015656882945,0.3266146612236125,0.14976210944850368,LFP,4,76
-29825.422822458855,2.5419613494385946,0.03920772361818567,728.9051002766118,-0.427696463134712,-1.072303536865288,-0.46134530255214956,0.3027400918047579,2.386985271293795e-05,0.00023346627923739882,1.3852727416878482e-05,5.1502372025956003e-05,1.2725488750965455e-05,0.09410339538292702,1.835996499519095e-05,4.3318497899506056e-05,0.004355440767117942,0.015852130198942133,0.014747667346333964,0.4380548999025744,LFP,4,14
-83770.61721264533,2.386541438680646,0.019276851629860012,3823.3098048133656,-0.3662578203742868,-1.1337421796257132,-0.5236018114718839,0.20847889711999287,2.974444967549679e-05,0.00011876400749491016,1.5390840765201973e-05,5.752763536786674e-05,2.7836266583546544e-05,0.044074862457700155,3.029453788947586e-06,3.114394599373462e-05,0.012662100381442408,0.07239789742203484,0.043737615470224755,0.2902626756358565,LCO,4,20
-12799.38826074378,3.098772155852357,2.779964660614249,104.35805719262177,-0.4863262460783009,-1.0136737539216991,-0.3907745886233931,1.108117962520952,2.351961117752615e-05,5.531452050800826e-05,2.775343730160868e-05,4.714148994329356e-05,1.498168349460952e-05,0.05210559573344503,1.7039753665598612e-05,3.425987686433441e-05,0.0044120703179772285,0.0965150495027705,0.42660769500871165,0.01610266686512485,LCO,4,4
-281321.7951429641,2.3130929667501987,0.010144826569639843,23171.173633934177,-0.43198231152388544,-1.0680176884761146,-0.6538752795461146,0.3170200657321556,2.4221134766968537e-05,7.638173725420892e-05,3.8298558068409855e-05,4.357692735759975e-05,2.1065395184219342e-05,0.08783547506196428,1.607867568842054e-05,4.7344905323080946e-05,0.01727037300629493,0.1250711799534535,0.10402578956692686,0.04702775093350514,LCO,4,31
-351683.3305540035,2.5592304569442943,0.00219587635635169,68032.86956958735,-0.3150123755671892,-1.1849876244328108,-0.408837078343943,0.2048107202329911,2.966898996258228e-05,0.00023466166561832347,1.5364459812773222e-05,5.161119677214463e-05,1.6078411480689238e-05,0.05518802534200818,1.8626602274257275e-05,3.6860106660245654e-05,0.022428374825534426,0.229655451749612,0.04684851425397891,0.24465895565246618,LCO,4,85
-583796.9016779229,2.5831638316414507,0.0037525629755106303,125780.87561251137,-0.4100551562918806,-1.0899448437081194,-0.6691193979300532,0.3409667840952718,2.7321993209702882e-05,0.00023067347707594733,1.5960990960960245e-05,4.0334890416129125e-05,2.982017971881913e-05,0.0896441649900215,1.90694550777977e-05,4.824100124570781e-05,0.02422912754075082,0.06657844689697785,0.04048285828032522,0.1538192968926439,LCO,4,79
-29538.62078820491,2.3901997209160246,0.04100252953534374,1407.9791677646465,-0.3441906064999962,-1.1558093935000038,-0.6563612550427496,0.5010978873590834,2.389577866887863e-05,7.851574769459842e-05,2.8520574720394964e-05,4.3440615330091775e-05,1.4926434281908297e-05,0.09120266966077753,1.6743556648428678e-05,2.775184943010532e-05,0.005799170477574571,0.01077025162518909,0.029171291291549783,0.23369720204051156,LCO,4,16
-45050.83044945889,2.1998609960783893,0.009969234405357042,4388.481388015583,-0.2919662589304721,-1.2080337410695279,-0.4813318405567431,0.2618524715148308,2.8293904756980465e-05,0.00010033020125895538,1.973324284573173e-05,7.863953254028127e-05,2.145680961758875e-05,0.052947048443234966,3.0159276941992692e-06,4.925933793565187e-05,0.010260161058759789,0.19954906030379801,0.22743462921336638,0.021684469926092596,LFP,4,29
-485333.77052972873,2.576933966982469,0.003802358520099476,105450.66820397579,-0.364525720667924,-1.135474279332076,-0.672400786685704,0.3629498608035697,2.2332658276757542e-05,0.00023266497940239756,4.8320501103015634e-05,4.115031896752165e-05,1.605691586243391e-05,0.08832532569269445,1.6584427520526534e-05,3.9870168680678464e-05,0.021453654012727637,0.1263288198906619,0.0717573270294514,0.059513066394182815,LCO,4,81
-276417.97715112317,2.602105578574268,0.0021290328834398468,56434.78018634869,-0.37055747743569256,-1.1294425225643074,-0.5674789863438958,0.26593520729088166,2.9212501542296878e-05,0.00022722579425474575,1.5340004624541617e-05,4.408097179219594e-05,1.6102268054885654e-05,0.041756826585607636,1.8636537690553356e-05,3.6784435101082705e-05,0.022864656883690472,0.2302133274579166,0.012591188986959028,0.11971649721122857,LCO,4,85
-21301.36459651805,2.208350833530809,0.022141742175532234,535.0899804237205,-0.33909452080588665,-1.1609054791941134,-0.41678983430520167,0.23602220008910058,2.376727797816853e-05,6.411060756713577e-05,1.3829264972046604e-05,4.876367171383074e-05,2.7240012970281865e-05,0.05869940448924228,1.860665444304732e-05,4.8666966625300634e-05,0.004296454287085037,0.02827459931045369,0.04507943887854447,0.4398561275058002,LFP,4,20
-326071.3129963163,2.2631521804861823,0.1148769443045014,5793.55014987364,-0.12193723597446038,-1.3780627640255396,-0.559245958131623,0.5206657951321804,2.3380635934243907e-05,7.085340778865361e-05,3.5071222020742926e-05,4.0128028725769125e-05,1.4137696970242176e-05,0.09378868962517425,6.692576133340145e-06,4.418324318393029e-05,0.02350270420558504,0.11800412514751987,0.05626513024176791,0.1964847864790892,LCO,4,4
-23716.39828393625,2.386066959263706,0.001526394560467889,5715.548437016906,-0.2933257875016011,-1.206674212498399,-0.38991321601876094,0.21159746403789145,2.8997708040981145e-05,0.00021320734362656037,1.5383938498058474e-05,5.1704733149429904e-05,1.4483288954130981e-05,0.047778116052632234,1.6067072809102203e-05,3.6530057170977653e-06,0.007024455558042279,0.22656711382962832,0.06548708095241258,0.24803258919919818,LCO,4,85
-701559.6350173537,2.3740995076675446,0.03720734455733707,23049.713648453584,-0.4144820153201145,-1.0855179846798855,-0.7360845788608261,0.24689096534188312,2.3878372578722984e-05,8.30461432703193e-05,3.5139179024581696e-05,4.012825639190906e-05,1.649038487205993e-05,0.09441409553468376,1.6900736463412794e-05,4.947676553197598e-05,0.02428916109298483,0.018404490812077248,0.03708859173692516,0.13842233859017158,LCO,4,14
-40679.84289851044,2.6468499288335914,0.031241280669061216,1088.4484535162176,-0.4477441267160085,-1.0522558732839915,-0.5010808445097311,0.2933503586405997,2.3860061693828484e-05,0.0001859815841216034,1.3568577742479584e-05,5.546726680231114e-05,2.362569650990424e-05,0.09428626271304379,9.143857748677013e-06,1.4075440207921584e-05,0.0053583565187439956,0.06511624813382594,0.16081399718394884,0.20298891017249418,LCO,4,14
-333655.58716735477,2.5736858628146413,0.0021204255792756413,90486.88856017709,-0.40989415083896574,-1.0901058491610343,-0.7524520320482093,0.26779389797341124,1.4128589422401188e-05,0.00023260108644266455,4.8760025039436176e-05,4.1129820274281854e-05,2.397676725438352e-05,0.05963795048121984,1.9204635277413375e-05,4.85198345497327e-05,0.02217105457945414,0.050180183158262226,0.06784197552971585,0.05952580926381259,LCO,4,94
-69053.29139178536,2.5266771799557977,0.003677458732472652,8363.313397189346,-0.3714349884497459,-1.1285650115502541,-0.5576089649804379,0.26020467315542184,2.8293721701174217e-05,0.00023288626684067398,1.5781869137366332e-05,4.870903654897239e-05,2.3513994230581e-05,0.05408984050755354,4.291933608093642e-06,4.2137130569577665e-05,0.008909042813419385,0.20150777754468602,0.14976207939945854,0.02112117807541766,LCO,4,65
-54859.20109701884,2.4720844524819507,0.00809296596889862,4781.247082270276,-0.44226387371499243,-1.0577361262850076,-0.6942806372117418,0.3202734990412059,2.7712900150236306e-05,5.12296898997757e-05,3.649666640804922e-05,4.2770137634043924e-05,2.9341906184005115e-05,0.05470658344664625,1.6897275514734028e-05,7.976700428522467e-06,0.009177376004529239,0.0590511518309185,0.03646568867923504,0.14020252227810467,LCO,4,39
-57969.38636342164,2.1477429701367665,0.03595152200161547,8116.222019113327,-0.2641830785915342,-1.2358169214084658,-0.663804637807554,0.8407174135966162,2.8303792377932352e-05,5.1499180121895544e-05,4.4146271873869114e-05,7.867294359668429e-05,2.756086890476122e-05,0.0944629253366765,1.2059260753024944e-05,3.5192129627972186e-05,0.01027950339595313,0.14122987156564204,0.11493953176444174,0.010025958862362225,LCO,4,29
-495464.78953792306,2.291271335633363,0.004247473438990417,119924.870135656,-0.3288907136829913,-1.1711092863170087,-0.6688883527311019,0.3636590275158986,2.231933145670638e-05,7.490360510873644e-05,4.9106010982512e-05,4.4677195136761987e-05,1.392993574324701e-05,0.08821126865096689,1.680430528844538e-05,4.950281461413644e-05,0.023442117144871745,0.12504774629139442,0.0714488913295493,0.0646150096479544,LCO,4,83
-132694.09686097578,2.563356043607444,0.00418091705761923,24219.3302821927,-0.4526102827854963,-1.0473897172145037,-0.5605475675336881,0.2670309682267719,2.4045905839502502e-05,0.00020747567519290662,5.471822472747574e-05,4.107616829415296e-05,1.3888497376428566e-05,0.0474021001632376,1.7343594878123615e-05,4.851540207465101e-05,0.016286129753005002,0.11545054860931102,0.13713775333154188,0.11686413052545905,LCO,4,63
-10564.845298992808,2.236478114294701,0.01301999487036996,1866.0834058676865,-0.34754222494520093,-1.152457775054799,-0.2919811235663017,0.47964998224464195,2.9602490025806007e-05,0.00014695432055102017,9.719269156870419e-05,0.00014980836105512175,1.443390350462827e-05,0.04559966639205358,1.9064808778888475e-05,3.148952413785535e-05,0.0057827036315867344,0.09198901996974013,0.026203491893641094,0.5198263645703172,LCO,4,44
-92676.04434614636,2.9621032814185746,2.4189766743125567,767.1864899866196,-0.8797520826073004,-0.6202479173926996,-0.6044383143787969,0.270598363194757,2.4020966010213675e-05,0.00017012117216262193,1.1364234835439655e-05,5.9957616676910534e-05,2.6282732783618815e-05,0.04360879835720748,1.734687870108019e-05,4.8532318733595475e-05,0.017270925588039155,0.09501011484763144,0.11512174319256746,0.11542982758100422,LCO,4,2
-216400.80049707717,2.6194842018794833,0.058364652146788015,7936.507008398699,-0.43629725522486673,-1.0637027447751333,-0.6666531228887599,0.3541419780635535,2.4114454585104947e-05,0.00018572050461176926,1.1570186918444545e-05,5.277648007244548e-05,2.4004168516753865e-05,0.09351985686110417,1.6881564271571637e-05,4.652375622902176e-05,0.014719585837405864,0.0809874719257646,0.04262481415800984,0.13973459102746572,LFP,4,13
-308253.06824947253,2.5340095637940467,0.004533076243062169,65289.99223943471,-0.39550570650060557,-1.1044942934993944,-0.5130915519146508,0.4285765177397205,1.8890492397938748e-05,0.00021237206000578065,1.4420249141729675e-05,4.2314871031931114e-05,1.4440154587709035e-05,0.05124198481858272,2.9289837005789385e-06,4.846826582281911e-05,0.021692094353891512,0.04327486801911232,0.03889349006186986,0.3347400900043671,LFP,4,91
-43434.48235855082,2.485856430249455,0.03930202779123941,1713.8718353665272,-0.4019123073903703,-1.0980876926096297,-0.5767782234115177,0.2584754782212109,2.2182626855639433e-05,0.0002497082541543695,2.108787502657239e-05,7.819173645438147e-05,1.7701089359408923e-05,0.09077356185623364,1.4058969852334242e-05,4.948244899834434e-05,0.006874280204391634,0.20200536133741803,0.13823869059270993,0.012977724658354277,LFP,4,13
-617224.8871415585,2.251650038176309,0.022040569510013493,24106.039055225243,-0.35522430105804936,-1.1447756989419506,-0.35436922700895745,0.21388217407842458,2.7050134336628542e-05,6.36655031727469e-05,4.070911187334396e-05,4.5459839237950096e-05,2.153359013778485e-05,0.08411621415606381,3.1780196516316004e-06,4.940612359779062e-05,0.024544630889182854,0.03070173748289383,0.5316107195655516,0.013318315942597192,LCO,4,19
-34571.11066014167,2.5196014804919904,0.014452002690248378,1783.7478177097246,-0.40570952259182924,-1.0942904774081708,-0.28864632506472854,0.20271539971347766,2.4739927427876912e-05,0.00019270513933965791,2.121464633578588e-05,5.283025349484306e-05,2.0333463354844165e-05,0.04396010215262952,1.6870618307036606e-05,4.9220173684056245e-05,0.008323983705670772,0.2687691742949042,0.2312505973790474,0.14133390326131984,LFP,4,22
-481159.82356961526,2.5958359132700335,0.014264980823765833,41077.8497870421,-0.4556639994273244,-1.0443360005726756,-0.44147876007157233,0.4722609035023534,2.2424042064739188e-05,0.00024846369038121897,3.493059816250205e-05,4.0095709580656726e-05,1.399495160517252e-05,0.09342433610407423,6.688893846425579e-06,4.423408695258108e-05,0.021055348376859063,0.08067583943694852,0.19472576489434162,0.2131196355971376,LFP,4,34
-151716.16371373757,2.277670900535663,1.2096708359152455,3363.128003691881,-0.3440090094074115,-1.1559909905925885,-0.6778183471267292,0.2585990208765788,2.8317370816240957e-05,4.116679784521323e-05,1.3479079282690694e-05,7.921064051419241e-05,1.6223851792305906e-05,0.04363747566821895,1.6731512916338376e-05,3.985791009164259e-05,0.02153379819202999,0.12154907571424314,0.07096025079504008,0.05967232636398762,LCO,4,6
-11534.07924821577,2.5246375729984,0.016180301916850763,735.8107055604785,-0.36854982512322465,-1.1314501748767753,-0.07837092990123429,0.2922514027697068,2.4748070263791392e-05,0.00023273873506930395,4.9052939543548814e-05,5.818134174513935e-05,2.420969074105155e-05,0.043620426925703976,1.684318437871136e-05,4.818528561605673e-05,0.005426953363482452,0.364420959517761,0.306844320645259,0.18036378993574576,LFP,4,23
-565481.5981310104,2.5846975732728326,0.007611813081688508,72381.09784210107,-0.33986681642120153,-1.1601331835787985,-0.7238562990646782,0.306353777261376,2.2418064332783717e-05,0.00019756533102374742,5.9287413035439547e-05,5.195074808365099e-05,1.4298320772018606e-05,0.09351509486972742,1.8811441675446078e-05,4.665977911558937e-05,0.023943946299000016,0.025914643094450476,0.04050839375216618,0.13972066408870515,LFP,4,42
-315850.33290722134,2.506293400162489,0.0034787395913056358,99031.04812001393,-0.3652257694218921,-1.134774230578108,-0.6258089386646227,0.36273579482143053,2.3533688752997496e-05,0.00023316235191742568,5.097874269993058e-05,5.820013260797789e-05,2.7734609776225718e-05,0.05566495085059343,1.989791999949562e-05,4.824191514278069e-05,0.024490805993205272,0.06625625712202096,0.09666182189027751,0.14127298232307883,LFP,4,97
-704373.563265086,2.5234091774905663,0.035288255575068955,29014.368632934114,-0.38982879424787953,-1.1101712057521205,-0.08531113106923227,0.40943721068628425,2.7256384744495054e-05,0.00018717272521040355,1.5721834806881714e-05,4.7940633788949435e-05,1.3292909507544279e-05,0.09371446364043101,5.433441619587119e-06,4.233775225856367e-05,0.02495954895298359,0.14095413284148267,0.1443984793441546,0.5593362567451305,LCO,4,20
-299737.99375265924,2.083170615543337,0.00265035388939843,126311.14143125166,-0.28501077086510307,-1.214989229134897,-0.49989399988987077,0.2374270299578307,1.4227391910887074e-05,4.134281802173464e-05,3.0117023345289375e-05,0.00014836900285736617,2.0975826405216053e-05,0.07607387055039021,3.9792390994948295e-06,3.1943661215046334e-05,0.023901871841086136,0.029039687925856306,0.02174903528641722,0.37931727689785577,LCO,4,99
-136876.90573411473,2.3974258272216966,-0.00045355791399630377,116840.6377677973,-0.06623214627439289,-1.433767853725607,-0.6281304250634693,0.2323978522493199,2.698896969978215e-05,0.00020536726596802378,9.744537264181903e-05,4.346218248497586e-05,2.428481888145945e-05,0.09261009686794151,4.631797567094216e-06,2.451616724734588e-06,0.02042368808004843,0.06840070064630593,0.022702728166373157,0.21076614612385167,LFP,4,99
-93971.24602475476,2.572805208674902,0.004582981486304296,25908.24816305693,-0.41310495773391764,-1.0868950422660824,-0.10522286247114854,0.24804874473950167,2.9177688838774228e-05,0.00018857854643416995,1.1597723162798901e-05,7.120204802271047e-05,1.5826137045036368e-05,0.058860880213614554,2.2256521645195796e-07,1.4755794802379148e-05,0.0163388087779177,0.5244786465115769,0.28164547543419816,0.01865301558307636,LCO,4,63
-177138.47658073105,2.7864259273332337,2.286967074355187,1901.0187527090322,-0.6757023312747883,-0.8242976687252117,-0.19049040736044343,0.216029813965405,2.9532761696286253e-05,6.543581469897857e-05,3.431437132458939e-05,7.624769811463892e-05,1.3513654928439884e-05,0.04984770097535309,1.6565991498097324e-05,2.789639618729032e-05,0.022863840746444018,0.05093433642344586,0.42671219130710014,0.2618630649090106,LFP,4,3
-684277.6897431223,2.491006129906673,0.0029541882443990053,148475.24295116376,-0.3485976526724297,-1.1514023473275703,-0.19054162074923253,0.2749183187395281,2.6609651190641363e-05,0.0002092189123370662,1.1471734589478031e-05,6.0391477309273626e-05,2.3538969018764437e-05,0.09528902277686319,3.219492996686752e-06,8.713798218928973e-06,0.024699354724313193,0.1402226247924996,0.3790779793686231,0.22015777508964487,LCO,4,99
-247098.40294120664,2.33486115894894,0.005436768115797261,86189.99697030066,-0.33060658338159143,-1.1693934166184086,-0.42851160748530703,0.49583795024762684,1.925800923969844e-05,0.00024592755326101486,8.560456497401217e-05,0.00012266321957014057,1.4252242744173502e-05,0.07029471376017127,3.091647502241553e-06,4.53385647817475e-05,0.02027278157889798,0.08068735384737112,0.3076048591149065,0.1131961795524154,LCO,4,99
-87390.67922196773,2.548844125317257,0.0020945347315643624,18747.3949415112,-0.319994916191666,-1.180005083808334,-0.4061742212147176,0.21325588486108743,2.966245093429924e-05,0.00021762067253465028,1.536993289213406e-05,5.160879139716538e-05,1.9595611864255203e-05,0.0458492610816237,3.2758153044452883e-06,1.4361435173450718e-05,0.012145641236178825,0.22936302239445674,0.048693441589475445,0.24576931480135025,LFP,4,100
-239875.498245365,2.2147634841754766,0.003954022999082274,54598.39370510035,-0.36300068961304177,-1.1369993103869582,-0.5440955856161392,0.2547726433096864,1.264418926491256e-05,0.00011675952258876635,2.0100222569415708e-05,9.499942436744349e-05,1.920711289799857e-05,0.08364880813387851,8.209700412906458e-06,4.1130756631959405e-05,0.017138481465995434,0.02452683414805335,0.31230680231282226,0.0490707779229852,LCO,4,74
-131438.0374787468,2.500413418924537,0.04848428363723982,8076.109304969856,-0.28951165497587183,-1.2104883450241282,-0.5622497660742474,0.32325982150417537,2.3154492816995195e-05,6.268290411087449e-05,1.2818716066511872e-05,4.20563717911116e-05,2.533678496424474e-05,0.09921234366886894,1.5688782581838694e-05,3.761518639216073e-06,0.016218431342423872,0.0270300733826962,0.13522746360189802,0.2054926969411584,LCO,4,12
-107654.1246919587,2.5308094198501534,0.05271811035142764,2779.8393568718784,-0.4310004338778075,-1.0689995661221925,-0.735226906756193,0.28305411669036257,2.8238184842628552e-05,0.00022034870621387122,3.1858845423281124e-05,6.77934861761059e-05,2.5250047188827163e-05,0.08392359795829185,8.507718433270684e-06,4.131694384754878e-05,0.010831844984059938,0.02456096476694583,0.05978951816843362,0.11042261030842761,LCO,4,9
-233357.84411734116,2.5504481993643138,0.00246032657622269,71118.15478168202,-0.31892222459914343,-1.1810777754008566,-0.7544807020887325,0.2547650821457474,1.2061907066865909e-05,0.00015066755649896507,1.4805487804163534e-05,0.00012307856596037017,1.9214703183637088e-05,0.08021291215876407,8.275000504935032e-06,1.2634850939276224e-05,0.017024716711158915,0.014048268901617304,0.11240112186294249,0.049069907146707746,LFP,4,93
-68429.80248039556,2.356085636959399,0.006576227248966533,13492.754318282487,-0.3306880477970253,-1.1693119522029747,-0.4796624271079263,0.41459718317314687,2.633562009874828e-05,0.0002177933695737801,2.4020011381137732e-05,0.00010988995725594272,1.7874655924894584e-05,0.09950508979635359,4.225353055017578e-06,3.782686800539721e-05,0.008599097483840842,0.09241721124572834,0.319064132459217,0.03885622918712847,LCO,4,62
-15307.151717639272,2.546028170725661,0.18803897725551202,431.7071533324322,-0.5682903592161885,-0.9317096407838115,-0.6155334848318863,0.5755883887648288,2.4243139717885222e-05,0.00021399887694554997,3.6391352364871735e-05,8.562254510168204e-05,2.769535957584646e-05,0.08614821003714548,1.9034578832481543e-05,4.590984743364864e-05,0.004823145773365425,0.13862679308283055,0.12652849471760236,0.0493112273676809,LCO,4,7
-47834.53850957836,2.162979474329254,0.146370526267421,1603.5968113172432,-0.2782656642627721,-1.221734335737228,-0.4576176254407887,1.3381020163832404,1.6665418331791192e-05,4.22841591834161e-05,1.564248431207884e-05,7.315582575234236e-05,2.0989335554835923e-05,0.07343336107331652,1.2042843899827918e-05,4.371031118158644e-05,0.008627142425743054,0.159599177621863,0.02052390958578698,0.29225928735156137,LFP,4,11
-11954.313629676268,2.451371314027926,0.07788946394650882,177.33661505894727,-0.19481814827846655,-1.3051818517215334,-0.30983118030793944,0.29339258860932965,2.9341101601757493e-05,7.19082007691933e-05,3.0500134920513817e-05,6.881431500445341e-05,2.322437308393755e-05,0.05436702930740191,2.7962482732603323e-06,4.91975376365782e-05,0.004335902326280414,0.03174419078918836,0.5182696103023141,0.0701550186005582,LCO,4,7
-95681.03699213004,3.2049035396810592,5.161070739888335,2518.0245407646435,-0.923399626982448,-0.576600373017552,-0.5630350926702001,0.6520522244379932,2.422230743492822e-05,0.00016932404186056454,8.589552248662306e-05,8.120145577530663e-05,2.4571409809116843e-05,0.08078716309904266,1.8368918920895107e-05,4.2085994064711223e-05,0.022733420817296845,0.07092434198903405,0.1461073578339016,0.14993320750686429,LCO,4,2
-22868.609777204903,2.4489844882589473,0.0032214808236325594,3223.9693486949805,-0.3072286416832348,-1.1927713583167652,-0.491103853223434,0.24688866206591517,2.346645366884772e-05,0.00011918476796995329,3.609153694853795e-05,4.71290198590612e-05,1.2287601145209657e-05,0.09041976233257712,2.8425883062023386e-07,3.3166210422366184e-05,0.004061239978305219,0.013995660724874744,0.1274116467640467,0.29748883928764464,LFP,4,76
-334802.40976635914,2.1841912260468144,0.010681163425538024,31075.886306634096,-0.38592445806500564,-1.1140755419349944,-0.40005609820395227,0.27243889991446,1.2146111113719037e-05,4.665435455097316e-05,1.051873981896808e-05,8.467522292734164e-05,2.8055433168937546e-05,0.08869498227444078,1.1973510511113576e-05,1.6582079439119076e-05,0.021646704994416507,0.21828629359160892,0.018838629509990608,0.2928189786944483,LCO,4,28
-136924.333911078,2.283154770110743,0.006885820962800937,30831.959832881854,-0.3435286632108525,-1.1564713367891475,-0.5766683025375218,0.4118902534986508,1.6797999649344268e-05,0.0001830559586172683,2.084146026891382e-05,0.00010712899157342582,1.5644901139215163e-05,0.05867862692725688,2.323594996546394e-07,4.697562356247523e-05,0.016414261645893963,0.021284718451336004,0.25177596005840114,0.08027101895274115,LCO,4,63
-153788.71917915164,2.375896053729403,0.001809220400475129,62720.71860722392,-0.13006293973577954,-1.3699370602642205,-0.6642316767014105,0.2774804434890084,1.5994347948647887e-05,0.00017671662182834865,2.7393285722921593e-05,0.00014151236484308738,2.0188750439141733e-05,0.047684579043832144,7.936648353027543e-06,2.3686923686681406e-06,0.024202786050124905,0.044420370116562476,0.06890045120440855,0.15244750197761853,LCO,4,70
-38275.32881844594,2.293678295859334,0.002877105072483483,15437.874122999636,-0.31294959055243154,-1.1870504094475685,-0.8330680697513844,0.24462392087683846,2.8944842261738835e-05,0.00021034254962754896,8.450081024296674e-05,0.00013672240264346873,2.515461186595489e-05,0.07967087057728771,8.159113172578423e-06,4.958553813415431e-05,0.008171735473966345,0.0372576642746597,0.013416260224328992,0.046258005749627004,LCO,4,87
-98406.3141807964,2.1367394545068064,0.009869569690383688,12892.812759196591,-0.3585055135667936,-1.1414944864332064,-0.7347049544886783,0.2791508822385127,1.3341757590688484e-05,6.292348132617726e-05,1.0838263959714577e-05,0.00010108377320785852,2.8651646671195966e-05,0.056936667039687326,1.5716694587922464e-05,3.750082956399346e-05,0.01634540770510192,0.05963504623416942,0.0972738563887286,0.03838614288842363,LCO,4,28
-465284.80138818326,2.335061245649667,0.011419931194270492,38327.14521940579,-0.29262541714009593,-1.207374582859904,-0.8330861318931745,0.2723507964726074,2.2619508465389044e-05,8.27013595262193e-05,1.8689075186250096e-05,8.955972322204958e-05,2.9801854938939747e-05,0.08893300502659773,2.7575116721218155e-06,1.5925617889399467e-05,0.022492486653845407,0.03131587522352679,0.016596664796643623,0.04900132808665518,LCO,4,28
-128895.8184148202,2.3799141306493214,0.002098737579706042,39751.74131228445,-0.3289459546989999,-1.171054045301,-0.7173577903967467,0.2188803632338472,1.5338036822414033e-05,0.00021816954953202524,1.5394236595950516e-05,9.553258720559e-05,2.8666496621161576e-05,0.04646997619578047,1.6363378199078072e-05,4.895129879264561e-05,0.016420538042998062,0.026575848961652163,0.11796362367131595,0.06810273697028525,LCO,4,99
-25327.009258680107,2.674763485944709,0.06781698919565873,340.36627359845636,-0.5225345294625576,-0.9774654705374424,-0.3900711616568423,0.3341813560850851,2.7192603358482635e-05,0.000234507880117403,1.9674389354802636e-05,5.6625841245946846e-05,2.5437265652157685e-05,0.08257997453755923,1.7694132571708877e-05,3.947081472224847e-05,0.004568422812216933,0.17171958139170296,0.30547193608395923,0.06273732086749559,LCO,4,7
-447236.65969807206,2.428763239778453,0.03146823051731668,18464.815818239087,-0.3638623261350684,-1.1361376738649316,-0.7860641330448348,0.2236077306099516,1.3406671420418765e-05,9.184745350777366e-05,1.1952170196037126e-05,8.46740604402939e-05,2.4593257001719642e-05,0.09803014426167742,5.784434509213388e-06,4.24010634043885e-05,0.022372341933741154,0.061347889139080194,0.0402074394810672,0.04238053833501783,LFP,4,12
-188524.41546076146,2.339346002993007,0.31434924864676217,6283.454967338967,-0.5851402516008193,-0.9148597483991807,-0.4057453299236463,0.5965782590811937,1.9372199451224606e-05,0.00012609270886354204,9.01187554285523e-05,0.00012625747274582684,2.8182569397741903e-05,0.09421534834021852,2.879230190143473e-06,4.0994407912433046e-05,0.01961897964520925,0.2152167845447431,0.014966728325764761,0.29407115720584587,LCO,4,6
-212291.17332420964,2.4047001632229654,0.0010973462314124258,131694.8019880302,-0.3096088848359848,-1.1903911151640152,-0.678759321148162,0.28375429727981216,2.7949643462174297e-05,0.0002382028561218047,4.3313319351441894e-05,4.290999561243748e-05,2.9089730245309235e-05,0.08719548293474504,1.565981360023574e-05,3.020820007623376e-06,0.024219387131703095,0.02686283445901821,0.16895093435843023,0.05542691003438971,LCO,4,84
-62140.25920437309,2.3406235193159426,0.005327702168742205,21322.998487323388,-0.3369316844502013,-1.1630683155497987,-0.4844119798442684,0.46062352091049297,1.6379307792706948e-05,0.00018769690940541233,8.593313846894369e-05,9.604287405342468e-05,1.2015966078454272e-05,0.09683776341122846,4.810900515430782e-06,4.0196970090645833e-05,0.009210889941657183,0.12782406296810186,0.2554850918858388,0.062278865301790956,LFP,4,85
-130677.49916366003,2.480741363861694,0.0034714282972315986,33342.405165799784,-0.31613409625729183,-1.1838659037427082,-0.8382155921190231,0.2979220858392811,2.7920986115793088e-05,7.769377609575274e-05,4.3379444180177644e-05,4.898418901621749e-05,2.828707700907856e-05,0.08885696551796415,1.875250435400702e-05,1.9387737624592563e-05,0.01263511467563852,0.02473992778787809,0.011680951653980292,0.05536352843911861,LCO,4,80
-52530.88123358441,2.684347087918931,4.528441487043252,936.1045189732592,-0.6874285807455571,-0.8125714192544429,-0.5953566844933451,0.22216269690590995,2.798974231345219e-05,6.668765983232515e-05,4.384843686084997e-05,8.958232724841566e-05,2.9837456625213832e-05,0.09436769453603346,1.4070072556260681e-05,4.637828994725194e-05,0.010876627608454877,0.12518320736200472,0.1716716141022146,0.037788494042435575,LCO,4,3
-11036.468644927394,2.227095372288371,0.002923873397081512,2712.127778899181,-0.32718393790559297,-1.172816062094407,-0.5937069418406445,0.27976886296747316,1.5584409019491025e-05,0.00017979638678292494,3.443834365751408e-05,0.00011927053375884337,1.684460142025742e-05,0.04693773048357753,4.7889657388452764e-06,4.719482008780832e-05,0.004645218994760291,0.0650704158493246,0.1176736096120441,0.15354903269798684,LCO,4,85
-123072.54997259364,2.325822259133523,0.05456276239618129,2940.6157787715388,-0.33892798219330267,-1.1610720178066973,-0.5741974304458692,0.29801702922526996,2.936832971814233e-05,8.0315109786532e-05,3.0438363091117992e-05,6.916212667207871e-05,2.8311713849573017e-05,0.09553508643961466,1.9360313577574766e-05,1.913566408254424e-05,0.012735185084389835,0.03179672567711497,0.24832710935862615,0.07567873451838973,LCO,4,7
-63036.37900335889,2.5406596540292776,0.014753670078748298,6027.211676658157,-0.36420718957084475,-1.1357928104291553,-0.610314814779291,0.26908308250139235,1.589366955295711e-05,0.00016089497604412125,4.0402430050455184e-05,0.00014180113039285956,2.9444329362785016e-05,0.05049263506989229,7.821748974838021e-06,1.784894856773607e-05,0.012379137622920547,0.1399175438494579,0.13073592368007161,0.049031717691179595,LCO,4,25
-37768.52896685696,2.549310207413389,0.051669971371615796,1432.3803874565024,-0.49872912448101303,-1.001270875518987,-0.7516394742704984,0.22690062719621137,2.894484947876408e-05,7.531557607655041e-05,8.470033657546975e-05,8.114591956417249e-05,2.3046633430107028e-05,0.07286291212590897,1.862997519917963e-05,4.451251460832618e-05,0.009590653072342218,0.010346269586480855,0.12689101636609773,0.04112323977692307,LCO,4,7
-126799.64191208934,2.7785886110570353,0.42427080649405,4895.517177984712,-0.6874939294974975,-0.8125060705025025,-0.6573449148226228,0.7517877783391893,1.4245277453680475e-05,0.00012544024404078166,8.918273347927607e-05,0.00014901576229390718,2.8149403330099887e-05,0.04942450039971574,5.890768462402322e-07,1.7140922421020787e-05,0.022703978343368854,0.21537137120779368,0.014142864887417818,0.043140849082165755,LCO,4,6
-141090.84801488728,2.544400570701451,0.011591547264934885,17068.37522642098,-0.3801931659223676,-1.1198068340776324,-0.6647617980012488,0.2579353189971524,1.7033731580169895e-05,0.0002158890754094556,1.52132311909067e-05,0.00014270260261128003,2.6826225287778996e-05,0.08406266020098982,1.4056634939083067e-05,1.5644227432459328e-05,0.014135647462151282,0.1313054352344057,0.04966151228897868,0.08427125447536686,LFP,4,32
-282856.28433315497,2.5808984808627957,0.006194330080812725,20558.47657505344,-0.3031966600673748,-1.1968033399326252,-0.3557801927431232,0.27225619226756115,2.9382549132129665e-05,8.783815933282416e-05,3.051967849828718e-05,5.899577187942004e-05,2.0984429638067122e-05,0.04195171916830972,2.7963417890323457e-06,1.540746396090144e-05,0.02249406967256437,0.03175508547123835,0.4622457205288655,0.08021900125677296,LCO,4,38
-19786.19313408417,2.6228850976116846,3.6234055344630396,53.27890721978522,-0.6536367603529669,-0.8463632396470331,-0.2797087442191505,0.2934875346002636,2.419517882528031e-05,5.784801462114759e-05,3.621226694134199e-05,6.75306245519435e-05,2.3260397540462264e-05,0.057103582264972724,5.7048212569928505e-06,4.629346090987709e-05,0.004331241287545064,0.07947790752709766,0.5310960786983917,0.03971726955536027,LCO,4,2
-85740.92331165992,2.4000312623789632,0.009457024933715976,7316.009970790786,-0.39599387505883143,-1.1040061249411686,-0.7556875283618196,0.2839328743822573,1.3241859575711368e-05,6.349984192470138e-05,1.076416332516065e-05,8.343036059881888e-05,2.944453763502023e-05,0.05709193536465182,1.5781821939028965e-05,8.64961941850202e-06,0.012366110674297518,0.02314438398332183,0.09712185689167473,0.05404623076318393,LCO,4,28
-63353.720428889814,2.7778607933000945,2.608978140730421,873.3508916939265,-0.738326579194398,-0.761673420805602,-0.704048530169046,0.20166321919912555,1.7616632302270488e-05,6.669542782690815e-05,5.863913991879929e-05,8.054078602070038e-05,2.943677929712008e-05,0.05689963407916571,1.4001370936208162e-05,4.647436609939192e-05,0.013041831897059753,0.016904307916608283,0.1717177165543345,0.037329445360011294,LCO,4,3
-99040.57616545315,2.366328187297933,0.0990262218949419,3602.4711984067853,-0.5171479814073514,-0.9828520185926486,-0.3205004555793417,0.49015163048635546,1.2422535204492499e-05,7.405121409119812e-05,1.367291879956901e-05,0.00013023570381694662,1.314509862975667e-05,0.053301626350813605,1.9802445381616927e-05,2.1005944047221242e-05,0.01850754062147298,0.013694532547576119,0.018661999954125055,0.5771430119189571,LFP,4,7
-149761.72523205384,2.5058302845622435,0.29793874453692587,2212.562001000292,-0.6757023312747883,-0.8242976687252117,-0.44817086016813557,0.22380921853119295,1.2976522976533823e-05,6.104188548389125e-05,2.9606931614648886e-05,7.455766042324781e-05,1.6262895669713128e-05,0.04978868041736899,1.984630727709226e-05,3.279361707328006e-05,0.022872871490406455,0.012292028904009045,0.2000865744213867,0.2694505365064688,LFP,4,3
-321342.9133857746,2.1802593329118265,0.11974083918419323,7516.664190913793,-0.2747809901183267,-1.2252190098816733,-0.5099161830125172,0.35832517523023877,2.7595095247303885e-05,4.283350074693846e-05,1.0992039317494963e-05,7.547025666669599e-05,2.762493924839889e-05,0.09290127975266155,5.457663584961774e-06,4.0059086025192555e-05,0.01798586590400887,0.14539784771008413,0.2433992246033677,0.03128674467403102,LFP,4,10
-691259.3428129537,2.6207916903072572,0.046028084339461525,22443.543449950717,-0.44106701616969346,-1.0589329838303065,-0.46050861911189434,0.40655203015930436,1.3500884659046688e-05,0.00023616818121517785,1.0348404699872169e-05,5.034384508991645e-05,1.650288090506282e-05,0.08637586124058626,2.263695714202055e-06,3.538066247270601e-05,0.02416002662382156,0.05092909224849844,0.3898096407132459,0.028752647926361327,LFP,4,15
-45723.07060076366,3.1084552289287695,7.6001978347661705,74.82825702395743,-1.2484978782553728,-0.25150212174462716,-0.48527663397449516,0.20714125915007603,2.7460032150677558e-05,0.00024282553819864175,1.4206262091002426e-05,0.00010039471898898424,1.2100154680513655e-05,0.05443362217682398,3.890801781121655e-06,4.317616096900608e-05,0.00677373090661971,0.09366307498086535,0.09567385194229217,0.2553864391023474,LCO,4,1
-48352.388396445574,2.2920441410612824,0.25095311634473855,683.3868489844975,-0.3082374410568214,-1.1917625589431786,-0.2357852713593407,0.5620792074273335,2.170439376091359e-05,5.718967947472591e-05,1.0012137304970546e-05,0.0001287739055893454,2.8521752752164397e-05,0.0616235636255351,3.7633758446558435e-06,4.204817880647302e-05,0.00946003828408657,0.06431944793714685,0.5974908501224641,0.03240443058104843,LFP,4,5
-505892.33817190566,2.178238314951583,0.17216496450998817,13733.408340990694,-0.34171419730159514,-1.1582858026984049,-0.2424238114425944,1.0077448962931603,2.2908191283380328e-05,4.406363868462301e-05,3.2022156500469694e-05,7.475618996876724e-05,2.411066456141378e-05,0.08547622954151551,1.9740501934697606e-05,4.373386754043019e-05,0.024537656990674866,0.050920694081943704,0.3446010801112739,0.292054414364188,LFP,4,11
-105228.14290310233,2.9470237512054007,1.1393944692165867,1150.5263794095845,-0.7737109801242124,-0.7262890198757876,-0.1807509431063492,0.45800201096098486,1.230222297314995e-05,0.00015156094083279223,4.386793682226034e-05,0.00011790150270714323,2.9106839179417462e-05,0.045772229272440325,1.6510081627178245e-05,3.546319643187376e-05,0.02181617053940532,0.1800563854919215,0.05822890722544917,0.5109637641762802,LFP,4,2
-180005.25645756436,2.121400514084832,0.030852820882806473,5841.13403405424,-0.38618632595120594,-1.113813674048794,-0.2077289868868375,0.21298373026516706,2.5678248796417862e-05,4.601835428045327e-05,1.3966362722197426e-05,4.942728454197823e-05,1.8906867288413644e-05,0.0533440812588751,1.5427245443501854e-05,3.966914344333138e-05,0.017397139238611768,0.1734855343500103,0.06539206393570766,0.4833934148274446,LFP,4,16
-23123.562941698758,2.3113983246955043,0.18080936793423968,226.23194878634132,-0.2556116806983848,-1.2443883193016152,-0.43619421785883766,0.3087335911596674,1.5816761889692983e-05,9.05377860364652e-05,1.000499870930878e-05,7.791195814289309e-05,1.7277026492030064e-05,0.044286821784796884,9.684088502146424e-07,4.2087665694624084e-05,0.006045598213482169,0.39581650095014553,0.06388726377130151,0.03410201741971537,LFP,4,5
-361259.3481423835,4.1968193919134755,9.335527897781292,1152.5872603821695,-1.0518059966579525,-0.4481940033420475,-0.005200792227036399,0.5923463432851614,1.576761327276587e-05,0.0001543833318934953,2.6879422469644586e-05,5.57057711598784e-05,2.251066733163006e-05,0.09884737500898717,1.4754786330078851e-05,1.4905610914024494e-05,0.022086959711339435,0.17947485085148604,0.23743508575863975,0.5078892711628379,LFP,4,1
-133287.89074312395,2.3500956556565042,0.15976096299302361,2720.248594433457,-0.30208985316346926,-1.1979101468365307,-0.25541617670500893,0.2713409180628821,1.5931483744774127e-05,5.209223417676119e-05,2.139364107739677e-05,0.00011829964518257825,2.9624423965711696e-05,0.04131578790183262,1.750292318833085e-05,1.9718618336038157e-05,0.02276149661939683,0.28465961352847857,0.3732421012135446,0.016682108552967922,LFP,4,5
-96852.71581066455,2.266897002309955,0.030252232751320867,1586.1205992525659,-0.14122727316439843,-1.3587727268356016,-0.5920740844192096,0.3728274532388316,2.2910389102270748e-05,4.4051207639377035e-05,2.2447728936891022e-05,5.609452913985591e-05,2.8924122528842957e-05,0.043987669031619464,1.9715761552587224e-05,1.4844536112245831e-05,0.014081062266499668,0.04925973097094228,0.0911869210884511,0.197479263521397,LFP,4,7
-668812.2732484511,2.2938684736357335,0.024810598063325133,33411.439569185066,-0.2965886926342023,-1.2034113073657977,-0.6899591609094176,0.5013817044744976,2.5850831736080398e-05,4.290862561613694e-05,1.0888274321817974e-05,5.450610271866497e-05,1.789960000473126e-05,0.0982781647625524,5.961904723713287e-06,1.1352342489449367e-05,0.024062722267945584,0.09538962650458815,0.09532520949655715,0.04932600308943713,LFP,4,22
-446650.1132513586,2.2314745019251827,0.24509607295808225,12205.21331237121,-0.28634079834275994,-1.21365920165724,-0.5949118727484958,0.5660880200955246,2.4308260368800652e-05,4.398808202182615e-05,3.6229120614742025e-05,7.535732541766812e-05,1.2557894101766374e-05,0.0854007961586128,1.975363696838602e-05,2.002148432395049e-05,0.022424248057182312,0.02569463636279789,0.17832909306864966,0.13106439782005674,LFP,4,10
-151243.082458058,2.613970375084319,0.03677818057185533,5770.479299281865,-0.43448984408515834,-1.0655101559148417,-0.47097813545610223,0.297348880208287,2.1069686856946815e-05,0.00021704745316676388,1.547094575572653e-05,5.75310851736616e-05,2.1671972438567448e-05,0.05832680257102853,9.582970305177335e-06,3.124054235511244e-05,0.015570593203840973,0.07538313825569683,0.21598847455718098,0.16765025173102,LCO,4,14
-195087.89645036272,2.3556017690663436,0.07637606521296382,3545.059181996927,-0.5119590882144909,-0.9880409117855091,-0.21840546614412426,0.47878256022418336,2.47254370308104e-05,9.565818414290019e-05,1.0438758945119709e-05,0.00010213930679036172,2.8226648487444462e-05,0.041750525567493514,1.8294242074008243e-05,2.1797864136770347e-05,0.02076889111480352,0.02735521863929488,0.5863641542951006,0.09787516092148033,LFP,4,8
-92183.78893580285,3.4848306271719283,5.125561849973608,766.2489930380639,-1.3846058986745682,-0.11539410132543182,-0.30594260808405804,0.4088155353880282,1.804585641244728e-05,0.00020928451531497468,5.8820645626744676e-05,4.816469708401368e-05,2.806020676103172e-05,0.048972532890820354,1.6359592731216425e-05,1.5214279147071088e-05,0.023596910214793227,0.25502574162608477,0.30626426668331164,0.06276738360654563,LCO,4,1
-398726.50892296457,2.1348140764901267,0.054566205212513395,11723.066805642062,-0.3662405100785797,-1.1337594899214203,-0.6084164900662539,0.2053764314133275,2.7478761312420413e-05,6.366455220173129e-05,1.1142679865555434e-05,7.369170009345803e-05,1.2773237732029239e-05,0.09187430098933538,4.231565566464784e-06,3.681002669567947e-05,0.0239282107573981,0.24565318441443262,0.04257123649288044,0.033359089026433204,LFP,4,8
-455077.01807657274,2.644881370101142,0.0663494654173229,10459.230180925564,-0.3623653795689137,-1.1376346204310863,-0.16539069988851285,0.4817114894088035,1.7322482633967562e-05,0.00023037542841367634,1.2470083872113005e-05,4.027950580227533e-05,2.8170942535964485e-05,0.0856784433104027,1.782781827639426e-05,4.535548150587834e-05,0.022996478598058666,0.33314441734181616,0.2574877960635722,0.17397708670609888,LFP,4,9
-480851.77467867255,2.1081242091510712,0.04229072423908756,16712.274764431062,-0.2347593546246145,-1.2652406453753855,-0.05470383797023348,0.46275627412765286,2.7664197393659687e-05,4.217386406831286e-05,1.0228033724710086e-05,7.568171917774125e-05,1.6815426564171136e-05,0.08325892290697884,2.2573704884902104e-06,4.244419551464313e-05,0.023859427701529153,0.33727593628475244,0.5127568473946015,0.025263378350412643,LCO,4,16
-36964.158442647,2.2200063215707875,0.12878457719191438,432.6488799216482,-0.4401114621663602,-1.0598885378336398,-0.008727085677496693,0.3058732062107297,1.8035384367223534e-05,5.722207088117621e-05,1.965199374010013e-05,0.00012942672780678915,2.0482820873556877e-05,0.0420699720712925,2.3340466823720734e-06,4.6579568361612076e-05,0.00932698420389852,0.07068713554554207,0.4875322780792559,0.36305350069770537,LFP,4,5
-43585.33589788094,2.0993171861624753,0.0251965276926733,1854.6184121997082,-0.4940100100082052,-1.0059899899917948,-0.1326095085240402,0.22137393457418467,2.0038575127213764e-05,4.797963178100866e-05,4.6085646207445664e-05,8.796141181578924e-05,2.4413149540363292e-05,0.09851559629128728,1.1875862810593226e-05,3.3670387338118266e-05,0.007726725952920038,0.055007706114272456,0.44880092013607714,0.29358186522561025,LCO,4,13
-279784.5003135936,2.2780535249371865,0.061981551771633996,6292.766262463518,-0.32717735330637154,-1.1728226466936285,-0.1391655373522197,0.5280035437283226,2.468959572552748e-05,4.0665589599162886e-05,1.960460062412541e-05,6.239379422733587e-05,2.9647866277611306e-05,0.043281070353610826,3.303374704807236e-06,1.5214562851827898e-05,0.023379588855999767,0.18035735528988953,0.10064811412994361,0.5098289932279473,LCO,4,12
-354563.34197806974,2.1184347094648093,0.023331479183870064,19838.519407558957,-0.1798202505453439,-1.320179749454656,-0.414389711788234,0.31761588309066907,1.6129863638562992e-05,4.2570695554743746e-05,1.0252830145325019e-05,8.37183936342043e-05,2.7462028391475947e-05,0.07510519997042261,2.5668779794812517e-07,3.9746771240967244e-05,0.02383963349686358,0.027270646706833032,0.40784739351183513,0.08049224799309784,LFP,4,18
-43004.92483319322,2.8628980420776133,3.7823348195610116,107.11636443190181,-0.6886301531492993,-0.8113698468507007,-0.48256638683981873,0.20667912266388888,2.3265330423606467e-05,0.00010492736605588739,1.4262115609832681e-05,0.00012214258078569246,1.203521390102294e-05,0.04381284232544317,3.898406674326947e-06,4.314916357214843e-05,0.00649129040067205,0.09840186377536622,0.0935473525016837,0.2554843968831314,LFP,4,2
-99382.42520585505,2.2814873412236216,0.024443403748085183,1957.0283214390151,-0.11975815645968524,-1.3802418435403148,-0.6339251617216517,0.23947301729821813,2.2981573310680755e-05,6.11584638126372e-05,2.9836591500894858e-05,4.809013906316503e-05,1.3475859835938817e-05,0.04983205164947384,1.984646176355442e-05,1.4757494531866478e-05,0.014063246804262807,0.05918952633795762,0.041019988897696966,0.19586532304269383,LFP,4,7
-173901.99855620772,2.306941203289813,0.6786855940308635,2534.749547618512,-0.5159754213926071,-0.9840245786073929,-0.10911692834226094,0.566957771155262,2.304172289548162e-05,7.062397093086219e-05,1.0706920788856341e-05,7.455068199164076e-05,2.7817148958850498e-05,0.08195516905515578,1.9889397897901828e-05,4.2379380136024596e-05,0.021273568550661048,0.3424196946131769,0.3640316023778818,0.11443177466668038,LFP,4,3
-195961.8939755995,2.4264101872498385,0.0022447348780244257,48578.70198009303,-0.33025696650530634,-1.1697430334946937,-0.42329443322963345,0.24524886344247357,2.9474235408299177e-05,0.00020970322768981478,4.717529755935185e-05,7.427107771236404e-05,2.1376068861718302e-05,0.05848877593616233,1.3238028058432963e-05,3.961592151392273e-05,0.017322460631349994,0.10875257590115615,0.281429387902359,0.11652360296685142,LCO,4,97
-259532.29519449998,2.6200882450542733,1.5164403054399018,2525.4946086512728,-0.6843502985792647,-0.8156497014207353,-0.20074169013273602,0.2503641039887364,1.3124935823036002e-05,7.202515585839946e-05,1.5224258340707988e-05,9.020977615916185e-05,2.7835401052796388e-05,0.08704109155252657,9.663393036619627e-06,4.83998290390096e-05,0.019667397458928527,0.09927266375616008,0.5734988779396124,0.05648676817149155,LFP,4,3
-367092.6249451994,2.4582552327934852,0.37436147426502253,3280.7545682137115,-0.6407138949115989,-0.8592861050884011,-0.07600675461368467,0.20886499961001406,2.662639052611894e-05,5.605042082004467e-05,1.9648918692096954e-05,7.463951193384253e-05,1.7025349974157565e-05,0.09853436452471331,1.7032022201288397e-06,4.8906951243272786e-05,0.022095239753132045,0.025406365930973424,0.4171468135405604,0.41144006591478155,LFP,4,3
-328359.2443346131,2.1701706249842467,0.018095939335374695,9703.791399622212,-0.34382728462526835,-1.1561727153747317,-0.36612558835633136,0.21018575301591538,2.1052711531315185e-05,4.575412525217534e-05,3.782049449109807e-05,4.805997639684013e-05,1.343280010555462e-05,0.08673626044538349,5.438012550398535e-06,4.823448262758985e-05,0.01982091196837329,0.058527797973970855,0.24586909726366593,0.2594775164060319,LFP,4,11
-234937.43736044347,2.5649525935610806,0.064460680867376,6038.867934686241,-0.4711953052119533,-1.0288046947880467,-0.41633574254056527,0.40474198083486446,2.9836193703935247e-05,8.912677170083884e-05,1.8983969029532446e-05,8.925426804310214e-05,1.2673299438977312e-05,0.05315273279809387,2.6386331055484485e-06,8.072467699762189e-06,0.022941965329858902,0.062947872320467,0.39589644501230387,0.05481994012666394,LCO,4,8
-615723.4529589002,2.246532842851943,0.04184497192441172,17530.274584217346,-0.36326074742872017,-1.1367392525712798,-0.05710763966605459,0.4620621564365128,1.5766566292962072e-05,4.190522217168782e-05,1.0058579333709363e-05,5.5250126168835126e-05,1.4150881778661806e-05,0.08322046881731932,1.942061667756773e-05,1.4578876161492996e-05,0.023863649074567887,0.17797039686919272,0.23380032978818044,0.46112163367657233,LCO,4,16
-229260.51362719527,3.4289067111318055,3.8342776252302904,1055.1610141887447,-1.0558507270575213,-0.44414927294247875,-0.07979948172764639,0.4395224381817562,1.5376452371404062e-05,0.0002164345689227651,3.186012764017375e-05,4.47670743262931e-05,2.7180958962335674e-05,0.07578201551187734,5.475396626930177e-07,1.4803948239294208e-05,0.023594522694506605,0.3527924953373175,0.4092356808431344,0.0881723420919017,LFP,4,1
-380117.58071588265,3.080360253555672,0.7739317248494123,4993.255470265022,-0.5624661572243497,-0.9375338427756503,-0.5822856686912506,0.5681647176763125,2.4235269557394652e-05,0.0002449012712974481,1.3072585323600216e-05,4.4674613508119984e-05,1.331030639044655e-05,0.08185852049798484,1.4383489112529457e-05,4.740130635247909e-05,0.02238877746359758,0.045723465539680805,0.18067654388914317,0.12131432187992541,LFP,4,4
-579028.0286803574,2.656986445098297,0.06790496202431313,14264.529051812257,-0.3411021959148801,-1.1588978040851199,-0.6071245547100066,0.4421910751318059,1.5359718672134553e-05,0.00021963038800728237,1.3288317783539292e-05,4.3812507849508174e-05,2.742679740736204e-05,0.08584150893797984,1.6812230356487975e-06,4.892363946213387e-05,0.024657294738887305,0.07658509419390663,0.1492076940003404,0.09708265709574647,LFP,4,9
-19041.68845470098,2.2353337857278177,0.08455426239007018,126.63334322570512,-0.28615144243707746,-1.2138485575629225,-0.32901127780508876,0.27170921251528946,2.215263019693235e-05,8.950971059566011e-05,1.1276360278814669e-05,0.0001455344159857423,2.4913058409593294e-05,0.041751323179827896,1.827126839013051e-05,4.333616928727826e-05,0.004030289325320069,0.15734376665822003,0.39989699360334385,0.043747961933347346,LFP,4,7
-359096.1901517942,3.9660824353779187,6.060881361442785,946.725998604671,-1.120637813260661,-0.3793621867393391,-0.012042217609817385,0.6010050199740068,1.5166495545307134e-05,0.00022092977414145534,1.229122766915866e-05,6.108982016463657e-05,2.0327403171222922e-05,0.07983492850362275,1.5931943750977195e-06,3.58378780255835e-05,0.021999742378464988,0.18052306386739622,0.2382454253173162,0.49918929320547023,LFP,4,1
-43378.01080731511,2.1847086736076267,0.03892966587627791,1346.7345801115785,-0.35309959583982575,-1.1469004041601742,-0.7252667967049649,0.372624801421038,2.2778966688931307e-05,5.310510952881974e-05,2.405831784863842e-05,0.00010486480912304262,1.2125782173590882e-05,0.0562772009824434,5.642786905534873e-06,1.4999515128236049e-05,0.009881373655561836,0.06877143608216148,0.08516780643090008,0.050793960781973596,LCO,4,8
-490779.3299841901,2.1238515908975675,0.056234445548181106,142575.0986752443,-0.031513399855580104,-1.46848660014442,-0.724032689083479,3.9609083578980404,2.4502418948080336e-05,5.825945558688251e-05,2.3175197531117257e-05,8.312902523201561e-05,2.5188041132666158e-05,0.09935268255328085,1.328272689595786e-05,4.199201454628613e-05,0.024033204113532856,0.08684264169576705,0.035492612069443985,0.08363205715130999,LCO,4,86
-249873.63917258242,2.2325835922866384,0.004882342119450575,41581.30987046363,-0.31597580600442576,-1.1840241939955742,-0.3711558266762409,0.20132328440790204,2.945805230792723e-05,0.0001437999609486666,2.4958316199841583e-05,0.0001287599271346309,1.4494744369021749e-05,0.057459830933891835,1.3849293662464054e-05,3.329063118732991e-05,0.0215611783191695,0.015406501113256041,0.12453015898264784,0.41890751322785524,LFP,4,56
-145934.79351756946,2.2312083727919294,0.003351380747579367,43416.97365829122,-0.31953365793856037,-1.1804663420614396,-0.19483720083364897,0.25005525043399285,2.991684400397608e-05,0.00010696221765906519,7.759052605035282e-05,0.00014925855108241807,1.4497310965108757e-05,0.05153503984759678,1.1050417570396857e-05,2.575473656245219e-05,0.02156458196841442,0.11431532458555871,0.04401025338810638,0.576837221192686,LFP,4,69
-225674.15931262603,2.4571550716768504,0.004639836435260907,35991.55931683452,-0.33835809970004505,-1.161641900299955,-0.4035201242678237,0.22863138795875732,2.409544691617919e-05,0.0001929831999177782,7.371605259836118e-05,6.709927468713617e-05,1.3699692153789889e-05,0.05735029589230972,2.9390575326797016e-07,4.13121828469574e-05,0.01959989535982678,0.15187917479900812,0.1784629720173751,0.1961377289157932,LCO,4,56
-253038.9297636693,2.5607693937778393,0.0035547640587440016,45779.11460937785,-0.3600988293398899,-1.13990117066011,-0.3350511328000838,0.3055550997428537,2.072537169956271e-05,0.0001563524321046048,1.2788374136847524e-05,4.1792967930658776e-05,1.908264238733055e-05,0.08052678847956281,1.084144698915669e-05,2.5185649269761453e-05,0.015709475948192053,0.17323840561543657,0.06671772532295508,0.3549927362615246,LFP,4,86
-125093.66895312986,2.3354652198983916,0.003937200327748925,28392.879648295195,-0.32274745461411136,-1.1772525453858886,-0.4113258963942221,0.3392523271274433,2.6723021384083287e-05,0.00023111507442695353,2.1460526619124323e-05,0.000133978620153319,1.3034802026524501e-05,0.05611242374879927,1.7117706532225024e-05,4.4265146237944975e-05,0.014941705431820442,0.017384921919316357,0.140692678556625,0.36059650312983654,LFP,4,78
-44832.692292743835,3.059236563467177,0.8393676061437625,965.9316187828897,-0.7505700977171479,-0.7494299022828521,-0.34527289066792666,0.2112764624242079,2.4523756753196845e-05,0.00023858744100393455,9.958037238039005e-05,0.00011043427503574668,2.3324200116672666e-05,0.04174107079670905,1.6924157098106336e-05,3.7182368460216925e-05,0.01987743093220919,0.3863736016645317,0.024256439793595357,0.1740970678739463,LCO,4,2
-9574.525065659866,2.21427622398445,0.02879680939308268,585.4552158632594,-0.3455223883825447,-1.1544776116174553,-0.8451443540291081,0.2912166923221159,2.7355540545701995e-05,7.344873221215517e-05,2.3756331369441517e-05,7.385049832007503e-05,1.856222893037697e-05,0.04152772422259707,1.6609807711676212e-05,3.981828809174064e-05,0.005390687817881688,0.034637507651259225,0.0317808006519544,0.018437337667678296,LFP,4,16
-249451.80530409268,2.5106256862669403,0.0023706547013837335,53398.4394132008,-0.3632480711181163,-1.1367519288818837,-0.594472168249034,0.2019260488109119,2.636638069182388e-05,0.00020727772312833072,1.1397336854261125e-05,6.21661349068557e-05,1.465288002342982e-05,0.05350655869456134,5.867416208726962e-06,3.343052218924499e-05,0.018969965209777263,0.13050298966994667,0.10452041750443293,0.10050442457658645,LFP,4,92
-288804.2168720322,3.246327507924367,0.8323533897017439,12747.89983142761,-0.6421544923818949,-0.8578455076181051,-0.4987852514722422,2.3057133230772564,2.3929086124724727e-05,0.0002052623577830808,8.379166216448696e-05,5.532187704272302e-05,1.5813980328630955e-05,0.08202365874496209,1.061146919046173e-06,3.559753713999404e-05,0.021519714081035392,0.26981905009433493,0.03296595517506728,0.12842974325835566,LCO,4,11
-486300.34628746286,2.194044470044963,0.008929348698768987,73869.88695685929,-0.3181731262529439,-1.181826873747056,-0.3658252734661632,0.49005517230230894,2.37720476843639e-05,0.00012624640078149317,1.2770936961595826e-05,0.00012986346767727503,1.4507565819816727e-05,0.09062532436968054,1.5541188557898867e-05,3.314957122273337e-05,0.022836227534081835,0.014000050610430623,0.12683306768495212,0.4233416082384541,LFP,4,56
-198303.64955816098,2.4389997146990243,0.005787167453189008,17539.70121933463,-0.34376656248135795,-1.156233437518642,-0.18349813058197062,0.22122572785214528,2.9310846891853214e-05,0.00020987324387867552,3.9644497014392806e-05,0.00010104846470422028,2.41733160340053e-05,0.04090466286020856,1.887237964482618e-05,3.4318386226091574e-05,0.019883205336062925,0.01681555334448598,0.15428607318497986,0.5754002428885636,LCO,4,42
-330887.4161374354,2.567310327170876,0.0024233953368750097,84521.31375498892,-0.3746006123148309,-1.1253993876851691,-0.4364397047280034,0.2201190724280987,2.71611370855142e-05,0.00023869166596560173,4.664102814159054e-05,6.10738386103794e-05,1.278931296021459e-05,0.05316898413873383,8.42486489093557e-06,3.1742655643531195e-05,0.024260997165198736,0.13165856065501735,0.057808874268272525,0.30409286034870675,LFP,4,93
-128211.84621535281,2.4293082533070223,0.00330491216670381,30500.277722939485,-0.3366788370445253,-1.1633211629554747,-0.6407682905952539,0.20353157607862615,2.8223355927265306e-05,0.00024588572143937893,1.2366836664198705e-05,9.021481334785947e-05,1.6955447974733476e-05,0.08046799502032037,2.3688755361981393e-06,3.1293303939174285e-05,0.012359236596601028,0.1455927794659494,0.09192078649666073,0.0517181434421361,LFP,4,80
-277599.9740951293,2.2815704167886417,0.00816652806368445,42284.73371414922,-0.2592364267995997,-1.2407635732004003,-0.3503254595509374,0.3156360370657966,2.313458787969991e-05,0.00023875988014488743,1.019375568401727e-05,0.0001104247602405888,2.32894381722157e-05,0.09706132331584658,1.7061182803040732e-05,3.710716429327558e-05,0.020367853282492594,0.38411027961310323,0.02295803810233002,0.17260622273362938,LCO,4,36
-230679.1349329863,2.3272839583949585,0.00240544503856164,54493.31756713146,-0.32065628652248357,-1.1793437134775164,-0.34003646897925244,0.2292673858692696,2.6556032720519153e-05,0.00023536823898159616,2.9692619259064694e-05,0.00012595147992769238,1.6352035290395408e-05,0.056916076971624124,1.0583413371622493e-05,4.440888442622073e-05,0.020230469990942048,0.10669130558183948,0.12275387763174397,0.3605183478071642,LFP,4,83
-109808.79501012778,2.3068744434238084,0.0026897904432333555,29625.140321509185,-0.31411367618501984,-1.1858863238149802,-0.3375491581578215,0.2486545814359953,2.3472625894107004e-05,0.00023559689675788588,3.895379199812886e-05,0.00014347857114588997,1.816463488657769e-05,0.08789910544028257,3.5024950067615934e-07,4.841939115947837e-05,0.011609717313964478,0.108720086031969,0.12284151943930362,0.36088923637090586,LFP,4,88
-360037.8904454602,2.1287768671270744,0.0028442173429989066,70440.50767207812,-0.3138303661280766,-1.1861696338719234,-0.37778282995219115,0.24108005151993026,2.9483860035748776e-05,4.863591012405682e-05,3.0169867939389758e-05,6.538457619709932e-05,2.3039835110127942e-05,0.06231880761116385,1.6819600717985154e-05,4.377121459555033e-05,0.02350212978353297,0.027140098997631937,0.12273390275429272,0.4023431682958842,LFP,4,83
-210551.85252688345,2.569224132792727,0.0024269077068242158,45807.95474517153,-0.3643772287802385,-1.1356227712197615,-0.6226473582865045,0.29502565401788844,2.7387209423671046e-05,0.00023206337333580066,2.3776493993637487e-05,6.216388329078701e-05,1.4621485814186166e-05,0.04419134428923872,1.8441735807499235e-05,3.0389439091673167e-05,0.018918548897616818,0.13178824536454345,0.13802751761106388,0.03753687873788819,LCO,4,93
-327761.41893302207,2.2678430267005614,0.002381830729172995,71577.17212170179,-0.3045476479747471,-1.195452352025253,-0.14585599665413185,0.20163599840871457,1.2936948248780107e-05,0.00010848006593201178,1.2301069165083274e-05,8.308474053324863e-05,2.4207802782334878e-05,0.0785923956208779,1.3902091504746485e-05,3.0685425992741226e-05,0.019576660021794437,0.1421891557212437,0.1256407477259534,0.516314099898671,LCO,4,93
-450195.3027139672,2.4659696058393883,0.053537409155836505,14752.05837740154,-0.285397180967891,-1.214602819032109,-0.29081694803916147,0.21047128296268458,1.8767684598207552e-05,0.00010621093444649341,1.1995974902366444e-05,8.280369666959205e-05,2.9780154385407466e-05,0.09562664540243977,3.225685906084579e-06,2.3615680318436392e-05,0.02330684934438372,0.055861569297574354,0.06190576637325046,0.5214157162900137,LFP,4,11
-35739.19758385918,2.6046691192717457,0.028562063455266375,800.2430911770641,-0.6427453622290678,-0.8572546377709322,-0.4315982285275453,0.2231489193170305,2.995202502074457e-05,8.983049265286062e-05,4.59675796947423e-05,4.5511269911153776e-05,1.3294525857932697e-05,0.05548110860932146,7.863361106559507e-07,8.099250190539081e-06,0.007330757937423049,0.05463679711772261,0.27817451785199354,0.16559045650273857,LCO,4,10
-64333.15072005463,2.2468372297101222,0.004640195178432378,19427.714838198382,-0.2458626890850617,-1.2541373109149383,-0.3446104731153097,0.3965393015167106,2.3771611621305844e-05,9.986458633398296e-05,6.530998216817538e-05,8.93772081444749e-05,1.5254203510279685e-05,0.09052544755711009,1.553401946932768e-05,2.9651649155959426e-05,0.009643048548551476,0.04179372109414265,0.11960850348916882,0.4239873023013789,LFP,4,84
-94718.89467926524,2.3521904153816746,0.05140149475017526,1951.3710559333397,-0.548814677014084,-0.951185322985916,-0.5788798626851083,0.3324980542861741,2.6412790593750728e-05,7.757416274913681e-05,1.2465189985975369e-05,4.177024580324373e-05,1.738218775816003e-05,0.05082744082030116,1.0171329217385554e-05,1.7363268436129417e-05,0.011982059049901338,0.05004576234759365,0.08978376329459607,0.21129061167270208,LFP,4,10
-413022.69304834533,2.2111962866704653,0.03336998700873987,14328.661265477287,-0.39181994552556354,-1.1081800544744365,-0.32780785293451875,0.2176164371871567,2.7161150566305822e-05,8.505480725510147e-05,1.1671013840476212e-05,0.00013637530372252694,2.4254114460743267e-05,0.09202834433508697,4.749847358743571e-06,4.919773606287497e-05,0.024418721747430785,0.03608105990401941,0.5511256367109392,0.014985450450522658,LCO,4,10
-29272.73042328515,2.2312109787237926,0.007031435296116928,4541.473922139501,-0.31045353027047895,-1.189546469729521,-0.6930922356764405,0.20362464641839462,1.6782189143313435e-05,0.00012794876998283413,1.041979339450453e-05,9.999668726127167e-05,2.091265896781799e-05,0.09833693379159117,1.5696454715667958e-05,3.974551898667318e-05,0.00509149010076692,0.029010125685156735,0.023235681205717673,0.18466195743268513,LCO,4,57
-477517.59003967897,2.5808609363973587,0.002367619268775805,106814.76296961229,-0.40600399687250466,-1.0939960031274953,-0.5446757952761974,0.21876620924634135,1.739778678200712e-05,0.000154733805148855,3.976022731678801e-05,4.139557411014399e-05,1.7031805781832182e-05,0.09702491750443126,1.0737450375569953e-05,2.0872119283212125e-05,0.01995870912432554,0.015225452341442028,0.0272732473463239,0.34282550503603676,LFP,4,93
-151847.65199972875,2.6451425409061766,0.1544325102033136,3681.386920103263,-0.5722882998056154,-0.9277117001943846,-0.7794128961403556,0.227431946114609,2.5816215858617647e-05,0.00021069799753236496,3.0259238366498292e-05,0.00012323845070775894,1.5330365497007464e-05,0.09129443109821742,1.0588035158341154e-05,4.9806474554638374e-05,0.01750442589781479,0.08986940039203828,0.017116514138663618,0.04360118932894255,LFP,4,4
-80481.62958121838,2.4461728958589126,0.004447379096961074,12702.839392834425,-0.3441929130356165,-1.1558070869643835,-0.1212704712272904,0.2510662802395007,2.821896042009927e-05,0.0002484432015068205,3.85500143402271e-05,8.989685237644752e-05,1.696630680863338e-05,0.0511470632643134,1.2272038389472006e-06,3.3936619016195875e-05,0.012317541190425779,0.1141808144557719,0.11384077584738109,0.5807079384695566,LFP,4,64
-365268.69940324244,2.4101658828066674,0.015276890388582418,38437.12934160361,-0.364362804758418,-1.135637195241582,-0.33042542016431853,0.4877023888525484,2.242987675612888e-05,0.0001974104625726558,4.55226383048438e-05,9.145998796119531e-05,1.4440696286935604e-05,0.09352984227166838,7.367049854677216e-06,3.289720610004189e-05,0.02106204498378171,0.1996161670488664,0.1921705035999702,0.20778790918684487,LFP,4,33
-74004.93944765345,2.4010182679978045,0.0038606274442866584,10569.964224532907,-0.343388160431207,-1.156611839568793,-0.22057326761874496,0.25042231604861825,2.178417775123863e-05,0.00018158785336845057,2.9904874444837727e-05,8.961041414225966e-05,1.2879721089266472e-05,0.0849422722079182,1.1773632750470855e-06,3.076563801612082e-05,0.008520495935966883,0.16984606233570598,0.12241326737546444,0.4171674026700846,LFP,4,64
-326096.939983999,2.5200219936617785,0.0055159217612125305,23782.561927593193,-0.3392526348236977,-1.1607473651763023,-0.14745766222033274,0.22983583678650493,2.526872079704431e-05,0.00021035337237801916,1.2185580993180501e-05,6.507925823475017e-05,2.73290613558976e-05,0.04087175264841835,1.7296955306481942e-05,4.16716998200376e-05,0.023564967678313196,0.050241982811445214,0.15516409591444702,0.5771362590537751,LFP,4,42
-292826.5751761084,2.425083979272179,0.006473867213264496,40100.05161787371,-0.3593228970618334,-1.1406771029381666,-0.566862869902918,0.2488213953084979,2.4573538503110223e-05,0.0002341693944982883,3.8590891215365464e-05,9.631708280603145e-05,1.8115751814778694e-05,0.059682187363237535,6.8067457188242414e-06,3.216054423843067e-05,0.023635920771773976,0.10767832140660663,0.16933704849754674,0.08612176019292869,LCO,4,39
-99282.13738692051,2.4536636999092774,0.02468497458846115,4989.1522465584585,-0.3677205296359496,-1.1322794703640504,-0.129967095797772,0.46746116123310644,2.457833877391978e-05,0.00024078498805512742,2.6912622873849198e-05,8.714723749366091e-05,1.2769022243974101e-05,0.08829088488201388,6.652347876941034e-06,4.1087364317398435e-05,0.009680498898816298,0.10760272176394547,0.12581185865731082,0.5666183237809718,LCO,4,23
-457103.3551758875,2.519910469840011,0.0034774193177069747,69551.91524053711,-0.3324720189952153,-1.1675279810047847,-0.501402158106395,0.28529617360618287,2.6971066855296896e-05,0.0002321408168019294,1.2211005128662115e-05,5.884141959264919e-05,2.9327412682487296e-05,0.0786929341150603,1.632170154072953e-05,4.427071762343654e-05,0.020886532402770133,0.014226718245044179,0.12492972893387166,0.28944139471468927,LFP,4,71
-30270.12415440734,2.367655883559838,0.007099889779945328,6280.700210928087,-0.3317946119917252,-1.1682053880082748,-0.37624127777317307,0.4622648559268423,2.943443547370628e-05,0.00022385097697292643,6.393854234361583e-05,8.997660871839043e-05,1.2867842468708279e-05,0.0475717936515801,1.1663429032503182e-06,4.402560237155652e-05,0.008513234269989858,0.09615930324796375,0.11106253822657525,0.346536880752288,LFP,4,64
-381270.0807116012,2.5027817291340915,0.002895614005808764,93176.64042507365,-0.33804926185048245,-1.1619507381495175,-0.312336301090812,0.2075722571585766,2.944084006886642e-05,0.00024565964769264926,2.0605799520212405e-05,8.283399834625857e-05,2.420842274713483e-05,0.09557858890944887,1.903815779339323e-05,3.066703421755712e-05,0.019450779033157395,0.01670453617077483,0.11213515424993614,0.48882400848847707,LCO,4,95
-437796.98763535573,2.2085544624315077,0.008756870218959387,45142.073500786864,-0.32582722826427357,-1.1741727717357264,-0.6267043828462999,0.2612560576287724,2.340090909448869e-05,0.00012550052638646674,1.2070356128637528e-05,0.00013026369153854836,1.8195394266127122e-05,0.09467864870968884,6.592110607275168e-06,3.358840766826784e-05,0.022508587228523048,0.049949452059047675,0.16991897305878453,0.08342719203586789,LFP,4,31
-16021.330389797522,2.3681816882695506,0.00544935778350995,5350.261990292584,-0.3450039114118333,-1.1549960885881667,-0.1847391587157753,0.46115137905140724,2.5965044246134435e-05,9.89727076133344e-05,6.622685931462294e-05,6.478454811696635e-05,1.3377358558976964e-05,0.09118888234716724,1.731363128285768e-05,2.434448315427172e-05,0.004894862432395541,0.05028721058658944,0.11697458717986411,0.5779990435177712,LCO,4,96
-359917.64528048516,2.2446419739936747,0.007019265726196999,61978.5508542233,-0.32605444787373017,-1.1739455521262698,-0.3698450033747548,0.3334329290855437,2.9475991340679696e-05,0.0001444758355262903,1.2880227837046332e-05,0.00012872439953860764,1.4512987903267554e-05,0.09104342743194924,1.6251861945544057e-05,3.335725784474737e-05,0.02096005224009137,0.013354424366846005,0.12343197619108988,0.4233685960673094,LFP,4,56
-237761.72281418447,2.5709957086372146,0.0020148432793971995,74449.60628108412,-0.35618696827669183,-1.1438130317233082,-0.4891099865224504,0.2676371993605559,2.8034157169139644e-05,0.00022841004494252322,4.75408803512639e-05,5.535764789469588e-05,2.881043245469963e-05,0.056132677723839154,3.1270271759363067e-06,2.0663406992690734e-05,0.02160879317147377,0.29544873618943784,0.10049784421515744,0.04494343307295432,LCO,4,96
-65727.86130556141,2.821088530202973,5.579107941651112,697.5387897034374,-0.4751492485081368,-1.0248507514918632,-0.7153207447006813,0.6724792452847703,2.1872722633762623e-05,6.494896959063346e-05,1.9854513292257165e-05,7.136441476052106e-05,1.2470940235937337e-05,0.061475276325718316,4.9996705844996035e-06,1.358059464706915e-05,0.013754502040956094,0.0431050019017067,0.09290826541652165,0.07866598798109038,LCO,4,2
-257455.75336507792,2.182518435261235,0.003102295702219381,82926.52897102102,-0.24823262121392453,-1.2517673787860755,-0.3472109246236408,0.26509067692273847,1.5219967559815242e-05,5.724113501735868e-05,8.514906980104916e-05,5.163594565231171e-05,2.0574498026873705e-05,0.09724257943528275,1.106561646308275e-05,4.709864281407826e-05,0.017734192446713315,0.05221672200055738,0.5165837097027186,0.013988643673083237,LFP,4,99
-540379.0051875979,2.0936903330020566,0.040140096001777155,150011.97738988957,-0.1594515380510817,-1.3405484619489183,-0.7935399577062988,2.8135969649778225,2.4850601597303394e-05,5.841391756504662e-05,1.1275337938353499e-05,8.170423424473541e-05,1.251469476175087e-05,0.09930389660726713,1.9179211339966917e-05,4.88567782707257e-05,0.024153458997447558,0.08374878013261912,0.03563828081150536,0.01707298134957678,LFP,4,86
-61507.203154794755,2.0536370947468296,0.010832721760950998,18022.84328024487,-0.2102017684430031,-1.289798231556997,-0.38170210207573496,0.7192015541396388,1.4997909923589759e-05,4.075950463994017e-05,1.261761720122624e-05,0.00014774990380683772,1.3100068184439941e-05,0.0529222772769011,4.667647468048991e-07,4.212179636467156e-05,0.012645864110343092,0.07120819681010067,0.4429038579070464,0.03418584320711803,LFP,4,76
-433359.1621976113,2.1082084877949447,0.2928405332799586,27595.624223495477,-0.39052162181695316,-1.1094783781830468,-0.8467055088097575,2.862944305391224,2.52782061920146e-05,4.470814711485527e-05,1.1192585775764541e-05,0.00011924155187290861,2.8757651377465525e-05,0.07942032625063342,4.383087702039577e-06,3.3325080325563716e-05,0.024131734854907178,0.018987428487582628,0.047157319490944136,0.017149743211715848,LFP,4,20
-46541.3497841974,2.1512826639053086,0.032026379551265166,4848.8047293182435,-0.18669591363992666,-1.3133040863600733,-0.4893837420889306,0.9226734922162463,2.4716285639940244e-05,6.397531691754423e-05,3.3961182900318706e-05,5.4817102124163036e-05,1.3434245782476398e-05,0.06428715800724101,1.4380528918258804e-06,4.014584821776623e-05,0.009267152032846716,0.17871452577100905,0.09405111297524288,0.16785061916481753,LCO,4,32
-52097.60643599857,2.409205865792069,0.0031848589447753812,14945.975178432553,-0.3356032873050765,-1.1643967126949235,-0.2860985113582897,0.2671342804510804,1.2035405663716107e-05,0.000249314184174276,8.093720103826278e-05,5.799871103412537e-05,1.804713351108512e-05,0.07562373230283505,2.307550325227721e-06,6.28834167192133e-06,0.009565454032455381,0.4056280642246117,0.22054988421214614,0.017723540204952558,LCO,4,73
-544181.3136098583,2.402393088677243,0.022900655701899718,29707.48150915544,-0.370684551881336,-1.129315448118664,-0.3556237438947444,0.2979454148451294,2.7520808529101622e-05,0.00014768070590999582,1.149665010021173e-05,6.426799740856138e-05,1.4592648672554678e-05,0.0931797809835499,4.585434471383882e-06,4.172541113096639e-05,0.024382405958783628,0.2491950572372641,0.28366667080334734,0.04151452806464434,LFP,4,20
-315056.81302026677,2.361544492020973,0.031269441968234946,5496.7580616617,-0.19087258778960425,-1.3091274122103957,-0.5262391048565536,0.28207089160501775,2.4391546147458374e-05,6.373806848668409e-05,3.570535253077779e-05,5.282403837731805e-05,1.4037074706294991e-05,0.093436285074856,1.888345781307826e-05,4.759895804892486e-05,0.023128567957319008,0.11870897508798221,0.062207845494434,0.22284407456103023,LFP,4,4
-83238.4245014664,2.589264556052261,0.00706603099480082,6328.641635755177,-0.4409038094228972,-1.0590961905771028,-0.3738120879705117,0.32491483702139423,2.8209989179234224e-05,0.00021929402737777337,1.1683758717187245e-05,5.3200657179916035e-05,1.637683035613296e-05,0.04372879687628356,1.631861427734452e-06,1.2799450357850236e-05,0.0107706228674813,0.06852812674614289,0.4645630846557717,0.023096700627573796,LCO,4,45
-296553.9959943444,2.1273555482243927,0.00706081068222004,35311.72691326707,-0.32606757037556733,-1.1739324296244327,-0.7379833697277496,0.20991578956707507,1.3041793002745717e-05,8.770804763866274e-05,3.168149013569043e-05,0.00013120597610720924,2.8087258846154767e-05,0.0549485257366789,8.417103437552237e-07,4.6861725510453415e-05,0.023432369085227042,0.07946063579786047,0.07452964241531043,0.038026352059079505,LFP,4,37
-600700.0079649773,2.2331654127285026,0.003167871804060298,96177.97113598164,-0.3631403642561679,-1.136859635743832,-0.2822797010497432,0.23956534084681055,1.3207065253889297e-05,7.923132096883196e-05,1.2002642795245808e-05,4.137024091720548e-05,1.3321713564154464e-05,0.0870155910818537,1.3846563377203505e-05,4.238563227430399e-05,0.023047849395827925,0.03304874878174326,0.5723396401260465,0.04233191004246701,LFP,4,80
-29195.611314884252,2.2741370458215684,1.222175896891985,429.5813994870566,-0.6486995810191161,-0.8513004189808839,-0.43063388067205677,0.24295491713131767,2.766445568529263e-05,4.003509748018108e-05,1.021404156211647e-05,0.00011332531646218025,1.6253122530386064e-05,0.0990666280817196,1.1979005555004144e-05,3.88819276646383e-05,0.0064081067891905395,0.037544152494321414,0.18271512130245351,0.2791068455311684,LFP,4,4
-164877.80258543734,2.0913396198498284,0.03615104761549273,23466.474305191798,-0.25159214196254354,-1.2484078580374565,-0.19026455148734445,1.1473115794778175,1.2233192476133017e-05,4.252684210996704e-05,1.1177123868080191e-05,7.325183636340016e-05,2.293335286532659e-05,0.09259640933273114,1.8633537801650262e-05,4.676106320272023e-05,0.017028801749139434,0.4331687521918637,0.28957179725767057,0.01699489906312136,LFP,4,36
-205253.6488038164,2.5738491135325843,0.06072164528747653,3394.1814044384223,-0.6405920692863187,-0.8594079307136813,-0.5669018793591802,0.21136871907436303,2.936276628931846e-05,0.00024801415264673706,1.3096060301862734e-05,4.042391528450435e-05,2.919812799464701e-05,0.04664814888703714,1.5403922036500507e-05,4.902695028109334e-05,0.017702218957234624,0.06593931901637186,0.285206707531991,0.011952094092456969,LFP,4,8
-379891.6343663252,2.1278867076877597,0.002888834343797227,90774.37744339324,-0.3419324677246358,-1.1580675322753642,-0.4537253886838012,0.2083793771739241,1.3746112091961342e-05,8.745861307170029e-05,2.2372933813594727e-05,0.00012011933051589833,1.3218947304027648e-05,0.08202694889023598,5.973874519764114e-07,4.4014163763351176e-05,0.022998787716818167,0.09674325866028081,0.31441457929505057,0.06511677336086745,LCO,4,71
-233859.64298140228,2.220213856480582,0.013234746331974035,18579.135468845692,-0.266159597965828,-1.233840402034172,-0.5451843396601324,0.3328353876686525,2.95496391741517e-05,0.00012047569402190608,1.7543735114061408e-05,0.00011430728896193507,2.69386410855882e-05,0.04065107212063706,1.99048819517756e-05,3.514429558744139e-05,0.022800853295964856,0.02140177873258514,0.08498215291255706,0.27843172869472554,LFP,4,31
-139889.62914752885,2.4766771476488363,0.006224992454222032,17631.246817567804,-0.375311031493732,-1.124688968506268,-0.28545002488345006,0.21194271960880617,2.4613210076907316e-05,0.00020983520300936964,1.987142558506907e-05,5.140958217032044e-05,1.7167855768981994e-05,0.08693189782813854,1.1087184475231595e-06,4.231818870362337e-05,0.014265469032759527,0.3944838811030549,0.22792086239725415,0.02214523161624089,LFP,4,37
-203861.81377806753,2.152184008174726,0.005325432067832847,30682.426622504343,-0.2950878879065293,-1.2049121120934707,-0.49672448888965237,0.3586085077345301,2.936059817660021e-05,6.79955422840717e-05,1.3072214935159287e-05,7.398515448317226e-05,1.4871362798503449e-05,0.05883287120071913,1.4034777227778442e-05,3.959130661878282e-05,0.01738088656297649,0.09643187841940618,0.28146929910943147,0.05537433358151003,LFP,4,65
-343353.25484136736,2.3683661861787226,0.002462815181709449,81580.81833429272,-0.3355620496015721,-1.164437950398428,-0.6926575882832455,0.21005974138605094,1.31230611854017e-05,0.00020654761372593776,3.139623896603029e-05,8.68001478373249e-05,2.8900049532274032e-05,0.06031807553743707,2.3110079126844537e-06,4.673450564240714e-05,0.023047710791180218,0.021423847802879974,0.1740643345676652,0.041854229346209394,LFP,4,80
-185305.29463447048,2.289722893600723,0.01629299730296928,12554.845643695386,-0.4513347543759245,-1.0486652456240755,-0.6526502267009404,0.22059663435620513,2.9029973161053338e-05,9.728737301137312e-05,1.580071440777328e-05,4.1692840215887723e-05,1.906235097341316e-05,0.06335965042291301,5.746245633323635e-06,4.282673512280673e-05,0.017248685927953936,0.01159784848761991,0.2035473917049399,0.0622045331064998,LCO,4,24
-348297.11867921095,2.1757781264603806,0.009900521972583776,46323.413475168316,-0.199081764758688,-1.300918235241312,-0.7019852607697827,0.6408751276153433,1.5318832377906667e-05,6.319047553852382e-05,1.703553820349024e-05,5.4628441172402354e-05,2.6934596534805263e-05,0.08218021894215127,9.501622320895587e-06,4.727651573453493e-05,0.01782776025899115,0.052252364772642515,0.1607806449353635,0.014981729522211256,LFP,4,62
-303074.8237192466,2.3194212949737323,0.002932816748279223,72326.28473360628,-0.32144452150519065,-1.1785554784948093,-0.15426948790259964,0.20823259962122304,2.8934107607359856e-05,0.00024882000409920727,2.8648213488346576e-05,0.0001433182619828533,1.9257960848733926e-05,0.06258159979287228,1.8121166211463705e-05,4.431702968250458e-05,0.021854307401145228,0.014849498133539352,0.3782632078272238,0.38261780613663726,LFP,4,93
-116173.53288388878,2.362128844851427,0.00251981066378124,29543.23394079263,-0.3300204144402805,-1.1699795855597195,-0.5081866249294625,0.20871784577256938,2.3026265513901053e-05,0.00021117043872158586,5.4382100649724465e-05,8.739806979109932e-05,2.7619994407987744e-05,0.05764099905414434,1.7237519619108376e-05,4.9789710675108904e-05,0.014733487145244433,0.021242856122367107,0.28385073520957615,0.11671978373859423,LCO,4,80
-31449.5008712383,2.388537856905983,0.0024312166521992954,8410.426640594087,-0.37449356550545687,-1.1255064344945431,-0.28033102789865927,0.24024144096957034,2.8636605281645648e-05,0.000218844486832575,2.5825375034053875e-05,5.319652629734095e-05,1.5617866235773547e-05,0.04350542711188083,2.5932952316568723e-06,6.226164231961671e-06,0.008998550852159507,0.4089973555935902,0.21712264120531793,0.02354897530243261,LCO,4,85
-135236.34834697464,2.3934791677520986,0.016482661359174342,8845.717978340661,-0.3001775204658088,-1.1998224795341912,-0.45956255734042756,0.24865544987252322,2.2212334944138766e-05,0.0002356336033982802,3.594386493302698e-05,0.00014436450900794236,1.2219295079947296e-05,0.09879899020617539,3.525426974808002e-07,2.916205682099976e-05,0.01163188380781386,0.030614414903150405,0.04961767548011481,0.39020535227630726,LFP,4,22
-211396.9949407395,2.076259802899307,0.00567367950071243,67728.88685716307,-0.2984323017713333,-1.2015676982286667,-0.37630199311808843,0.4286111890197004,2.9355672268888035e-05,6.329991738468847e-05,3.138489939367271e-05,0.00014319947621328272,1.555573579450181e-05,0.05894213086065972,2.827126409711304e-06,3.9581774856276025e-05,0.023350156841145026,0.1301173045685554,0.3684886158661262,0.05509208644723009,LFP,4,78
-292897.4414208707,2.1612721693428774,0.029432437024538276,7013.979875537482,-0.2616412087939519,-1.238358791206048,-0.7200762082159131,0.8381005333099476,1.5245637527553732e-05,5.347443792706062e-05,1.1648942847272029e-05,5.311714476897513e-05,2.4232629355019476e-05,0.07776495578307768,2.509067816643887e-06,4.636519292487225e-05,0.01780145331130298,0.03602610982235523,0.15891596459705928,0.01498171736467244,LCO,4,10
-351951.08308446297,2.594096548478803,0.05304175857697691,11221.107168081124,-0.4251722328015006,-1.0748277671984994,-0.39029457087658714,0.2166475029112409,1.302528403074183e-05,5.340323940413338e-05,3.008445204341154e-05,0.00013066764789466034,1.7680455016981816e-05,0.08611585312604232,3.979636602496104e-06,4.6282758089568315e-05,0.02390503426723527,0.0795111269924795,0.07574870233648648,0.3844455997944469,LCO,4,8
-548401.7729707498,2.106938555285892,0.002921886652329592,97823.83100505333,-0.32338542854897767,-1.1766145714510223,-0.5860183159284945,0.20172107330471606,2.329524950516062e-05,4.1333104002594126e-05,1.1335965831914086e-05,7.187345000361163e-05,2.249642134953631e-05,0.08532050640924137,1.993594932685546e-05,4.219753033546307e-05,0.023264302827551615,0.037399994922185285,0.28455283158441064,0.022028857564909646,LCO,4,80
-152094.76635380887,2.363923572722946,0.021647811398403802,4906.262038029944,-0.6292424483430352,-0.8707575516569648,-0.6120838949791865,0.22054600432532712,2.43935792893419e-05,9.745130414613078e-05,1.5391886943336818e-05,4.097628324429223e-05,2.127355717311698e-05,0.06151563263736799,1.3470874369512549e-05,4.1119462884550884e-05,0.016930887878810096,0.05228556939760565,0.20284612928604714,0.0627844063371608,LCO,4,10
-324604.3995259567,2.7422935010680254,1.0546863028138462,2726.0002106102625,-0.5977889002738213,-0.9022110997261787,-0.7207372900180442,0.27181886480082895,2.347302555370498e-05,6.115499545243822e-05,3.948283288829476e-05,4.1211601247840464e-05,1.5452682665175427e-05,0.09994301870869814,1.8855210602687763e-05,2.8654764692256877e-05,0.021670706085963713,0.02434944115956788,0.171019914277028,0.013893354545359893,LFP,4,2
-144587.04017564468,2.4287044728657357,0.002814696128461975,46222.97230926709,-0.3441850369089501,-1.15581496309105,-0.26931555341271274,0.3356079499230527,2.903037243601518e-05,0.00022430002966141984,1.102513044257996e-05,5.3317640507793604e-05,1.912118817213324e-05,0.06386685978959637,2.561417858687506e-06,4.283990281244472e-05,0.017507610898520667,0.42056991615529704,0.21717951146158773,0.022935018970402548,LCO,4,85
-76091.04222435119,2.1418943219550775,0.004074157102022023,23723.69855272245,-0.28078593055283463,-1.2192140694471654,-0.7308525935150674,0.33114545508320464,1.3282313511820231e-05,0.000115638865823929,3.8122675385453346e-05,0.0001499886334559561,1.807115392147878e-05,0.052489953793906335,7.176408913701101e-07,4.243360883295334e-05,0.01382687695669999,0.06333553393077829,0.11817853126185587,0.017633341292298557,LCO,4,72
-636011.4713802144,2.325274457900424,0.004049350530956102,85590.28208703503,-0.3076892473361177,-1.1923107526638823,-0.5342960611529987,0.24454695822281383,1.5239043588274892e-05,0.00010018453907370396,2.105563140980223e-05,5.1341814398343226e-05,2.3574206337369173e-05,0.09728215297055443,1.1969772795969551e-05,4.7110044522103806e-05,0.023126364475536638,0.11235959773153911,0.21813474406595748,0.06520959704950478,LFP,4,58
-330928.9656472497,2.4392141484366974,0.060795481288601724,8490.910601885733,-0.29585726809766655,-1.2041427319023335,-0.7074158867965945,0.21616278244765064,1.3355202406891373e-05,9.200212206756849e-05,1.1948263807893063e-05,5.6838139430890696e-05,2.4613070931604015e-05,0.041673565711461504,2.791457483417816e-06,4.3743275185625546e-05,0.02380571441467228,0.13145923848414526,0.03572994667404031,0.055394928045220004,LFP,4,12
-110854.69649914201,2.1470819053016164,0.04374224180409907,4436.2550238747535,-0.37488880071930986,-1.1251111992806901,-0.49644833798920274,0.36044159961396516,2.2113252183593388e-05,5.502737450496487e-05,1.2112986700513866e-05,5.43330594261321e-05,1.464103854432969e-05,0.05871761876192575,1.403877097938715e-05,3.887395600036212e-05,0.016914773084024802,0.08506891879030773,0.28237137933959844,0.06611136388089112,LFP,4,10
-14125.77249299827,2.391521840745276,0.004744408539865186,3644.06250986498,-0.1703507881612154,-1.3296492118387846,-0.7038221264023565,0.37706083303196325,2.9564353438704736e-05,0.0002198729506976756,1.3782735374455605e-05,5.5674242005996e-05,1.5569997050575822e-05,0.04064182852505335,4.76525626724132e-06,5.517663685732545e-06,0.005569721017880768,0.01237101033619925,0.19165724639357135,0.02214961686787295,LCO,4,93
-403758.33878478484,2.16672048742212,0.014546504275099868,32051.196001569202,-0.32483095792158245,-1.1751690420784175,-0.34232206801602905,0.20565002148239134,2.7190279111264044e-05,8.63330489399738e-05,1.1321151289442961e-05,0.00013434189961669457,2.4283904671918803e-05,0.08248843083876113,2.8895305056003893e-06,4.9332353571673446e-05,0.02486208382946196,0.03793047093588389,0.5276891301437248,0.022058330904362402,LFP,4,24
