SpecificEnergy,SEIGrouth,TempIncrease,Price,UpperViolation,LowerViolation,VolFracViolation,C,la,lp,lo,ln,lz,Lh,Rp,Rn,Rcell,efp,efo,efn,mat,Ns,Np
-196776.9590180909,2.309034697300054,0.0145352043496666,108045.52937963443,-0.3655750902400712,-4.43442490975994,-0.0133508831964566,0.2555437972566983,1.4840011205464506e-05,0.0002192526918865,1.6443744057559867e-05,0.0001366672639658,2.9961499593858098e-05,0.064559888482306,1.4177225359374218e-05,4.849381081007579e-05,0.0174372080097563,0.078373178244128,0.5833284254922666,0.2549475130671488,LFP,13,69
-227595.4766024784,2.2414280281413888,0.0060178592826302,144736.03629953697,-4.2569617870324095,-0.5430382129676019,-0.1865065222996184,0.2203314625491338,2.765138267755621e-05,6.301620860770627e-05,1.4960408930650077e-05,5.110853544774222e-05,2.379078315219117e-05,0.0644329438630485,1.4694941980171117e-05,1.82579265773302e-05,0.02015576395219,0.106085394994197,0.5625727456147128,0.0748353370914718,LFP,12,82
-7513.303330198823,2.1088978710822586,0.0246007290144425,1620.942397900409,-0.7790284975527797,-4.020971502447232,-0.3324956210808817,0.2552145740278208,2.996084036255321e-05,4.065358914802214e-05,1.0230750914463518e-05,5.146273521579424e-05,2.535500986551736e-05,0.0403522480540719,4.68142684662772e-07,4.617472472755566e-05,0.0042324289217396,0.035815396035262,0.4376417168449352,0.124047266038921,LCO,13,31
-176951.45468178205,2.7834273053022547,0.604249447003534,36439.49982301538,-0.9150359786265838,-3.884964021373428,-0.2899029807670171,0.3024882487174808,1.40269806967718e-05,0.0002487295988923,1.4836094977861682e-05,4.031885435713376e-05,2.957446050739477e-05,0.0501346890500889,4.830272307431593e-06,4.599966770199164e-05,0.017460730773763,0.0779693395508054,0.4353367716935532,0.1267909079886243,LFP,13,27
-73346.74220696944,2.4741086245101385,0.0835560083441023,13631.850807073328,-4.772905705645066,-0.0270942943549457,-0.3033797694652241,0.2365275534617738,1.4606822461945966e-05,0.0002186579756893,1.763553034987952e-05,0.0001178969000531,2.963581892368197e-05,0.0524266568301686,1.9689705120495108e-05,4.9176320884943086e-05,0.0114434645948575,0.0148269807710777,0.584125647977582,0.027667601786116,LFP,12,24
-127465.20589811486,2.6138007268884897,0.0163527173425943,82599.94749124063,-0.4899919605111336,-4.310008039488878,-0.2900695869026336,0.3443993470195745,2.557549995385108e-05,0.0002435181283155,1.7145297720358636e-05,5.772630722801886e-05,1.3076568855912248e-05,0.0427507366378109,1.944360246053815e-05,4.8757208745345446e-05,0.0159298469268927,0.0693194716263551,0.4998099383944672,0.070801003076544,LFP,13,86
-64909.96238056,2.5241105665232606,0.0122777917818989,44016.50105436187,-0.5795764797728182,-4.220423520227193,-0.4004378179197929,0.304747591149571,2.1916319009407935e-05,0.0001611244768418,2.0115008238476585e-05,4.347707665009719e-05,2.320390469710765e-05,0.0618737471990979,3.84012897260597e-06,3.3179328783675275e-05,0.0089856671412112,0.2257960803342667,0.2923801493688263,0.0113859523771141,LCO,13,97
-12862.162085295333,2.478971261391629,0.0092267557469599,11197.14244901963,-0.5215154597460767,-4.278484540253935,-0.6987556076179401,0.2666061005058558,1.4963676236543484e-05,0.0001695701926155,3.332353741359062e-05,6.108667265145636e-05,1.5383705695288757e-05,0.074860007570274,1.8506030234798665e-05,2.407212931844625e-06,0.0053027647369673,0.106395922687928,0.0980468532450163,0.0268016164491155,LFP,13,51
-442574.475102933,2.230327421991705,0.0101602237225108,442829.205419801,-4.404597481236465,-0.3954025187635466,-0.1409128593306865,0.2555527662738063,2.2480549776148616e-05,0.0001508227508376,1.0691783190196891e-05,0.000118766687363,1.5364516678242746e-05,0.0977125129567049,1.9729361451069183e-05,3.584788272033286e-05,0.0243767742693247,0.3046386642842132,0.3674290830550172,0.117019393330083,LCO,12,97
-29682.806553728307,2.3537914924692385,0.0087904291525478,26916.85854589077,-4.347146554737222,-0.4528534452627895,-0.1599052763695382,0.2031513690504047,1.2788492281383475e-05,0.0002185234106753,6.702133918377791e-05,0.0001370704029241,2.3868484527932685e-05,0.0435336354929676,1.977212651448976e-05,4.919908063507764e-05,0.009188896176708,0.1019477552899634,0.2991867790580815,0.3689601892824168,LFP,12,91
-24257.98062224789,2.534371529470339,0.0093674272727832,20986.15264244384,-0.5596908516205801,-4.240309148379431,-0.464735233904636,0.2179764529519139,1.4067938947505866e-05,0.0002421267809965,2.85924282465905e-05,7.46067068114866e-05,1.6754597827591338e-05,0.0544343779566075,3.4550753508103817e-06,3.867080773210616e-05,0.0063195851416537,0.0167659115575641,0.3876300734440124,0.0608687810937874,LFP,13,99
-24294.287174574063,2.640069890225714,0.0300739626249889,8397.028077325258,-4.488003041914837,-0.3119969580851744,-0.6964588031167631,0.2666779614328556,1.3373696559745444e-05,0.0001673523833552,2.5482476952793792e-05,6.067518787704259e-05,2.7549195769680835e-05,0.077222947897876,1.8463487735613096e-05,1.4901003346107793e-05,0.005384110719657,0.1056098399122097,0.0870613573848139,0.0408699995862132,LFP,12,40
-23236.54023807956,2.440221702871406,0.0221492976226594,7812.610766435911,-4.401960440012303,-0.3980395599877084,-0.2457915795543984,0.2719733221021174,1.5681570680686722e-05,0.0001463311381049,1.6294222309042526e-05,6.105497094335198e-05,1.20651291927042e-05,0.0743032108588294,1.5494901453820609e-06,4.1939425475984326e-05,0.0051110330656347,0.1300078280970164,0.5286266219116694,0.0255739704369156,LFP,12,50
-26459.69877259902,2.552552543672202,0.011972278235331,17755.660699212018,-4.209710585292861,-0.5902894147071507,-0.2377416990601213,0.2519861430806511,1.2915850982228356e-05,0.0002308761970792,1.2505250853367416e-05,7.32110453082178e-05,1.2176203758685692e-05,0.0966734939174436,1.2206674280091022e-05,3.233863706866262e-05,0.0054012934771688,0.0223111762191678,0.2472245914117082,0.4227225333090026,LFP,12,76
-149658.73684329443,2.5921332164505,0.0165075455973909,76131.65581649035,-0.4591181344853083,-4.340881865514703,-0.241542220497411,0.346008905488759,2.665775152422488e-05,0.000207929692977,2.011969692100272e-05,4.4189518430384464e-05,1.552453680692764e-05,0.0425046262703735,1.0469230844444293e-05,4.892394746000395e-05,0.0159387098586982,0.0301675756885368,0.5830685476346525,0.0752216561793995,LFP,13,83
-57026.02323207203,2.4376102866247797,0.0087882185337938,60808.64991568099,-0.5645135445012812,-4.23548645549873,-0.0266799019648129,0.2205629704511689,1.3410778704936576e-05,0.0002082330476234,2.535969739464766e-05,5.922424012850596e-05,2.878736719800591e-05,0.0670803167502088,6.513353497406132e-07,4.753173753278093e-05,0.0106206720411631,0.3408321896582829,0.3956424454607261,0.166845462916178,LCO,13,97
-38583.66897875244,2.5229171990219283,0.0156518033115885,25156.111519412327,-0.5351944198691072,-4.264805580130904,-0.1948332816455648,0.2120257815465846,1.4528415973557492e-05,0.0001220040470266,3.067124835611831e-05,0.000138166419598,2.55822371206142e-05,0.050613404504313,1.588853163966141e-05,4.151169762315217e-06,0.0107855734353293,0.120347338011146,0.4797673792470344,0.1350520010962547,LFP,13,50
-24370.418452763603,2.16670915196225,0.0108587739624322,23607.01015291329,-4.18095323533057,-0.6190467646694415,-0.4098414402778332,0.2090066045920172,1.780253598806959e-05,9.887393523972825e-05,2.549265585496824e-05,0.0001230501094674,1.266764559740953e-05,0.0952435029004355,1.9055962603975587e-05,4.7007118861780464e-05,0.0063266386120418,0.0181063746939969,0.4628416482903877,0.0392105367377821,LCO,12,72
-52739.9249244244,2.3491221250518706,0.0111298656991048,50351.23876607534,-0.559074151952629,-4.240925848047382,-0.271250166794598,0.2666587841984678,2.7874905198325805e-05,0.0002206584407602,1.2717847167557988e-05,0.0001334939143681,2.4578222593425253e-05,0.0459429746463123,1.755016422712886e-05,4.199942314759886e-05,0.0115151728157766,0.0999975113870955,0.4103900221627156,0.1483622996555909,LCO,13,94
-48036.835057774544,2.155517920229454,0.0314964758538315,22330.3050039324,-4.4485521122528695,-0.3514478877471418,-0.2660577291312639,0.2031819573296967,2.767701187407445e-05,8.601731099222954e-05,1.5253829187193552e-05,0.0001471920574174,2.555320686372757e-05,0.0948386460865866,4.385292699259462e-06,3.747288957524545e-05,0.0084470223511215,0.0706192722790368,0.5500971890261663,0.0432258095635329,LFP,12,43
-250221.2272802633,2.1825142853186152,0.0117811166671797,209760.73188541597,-0.5593305761093958,-4.240669423890616,-0.0911574480625494,0.271513073656303,2.79300128096514e-05,0.0001487195447547,1.3663121908009066e-05,0.000140125666783,2.889303481972108e-05,0.0457926678219901,1.6527016420182674e-05,4.4822599700900496e-05,0.0245486969553047,0.3060382286528582,0.4296125810784549,0.1031917422061373,LCO,13,94
-35580.32964972168,2.476017610145985,0.0089811905234011,26339.3940337938,-0.5701662965576801,-4.229833703442331,-0.1414006565429032,0.2058060544136698,2.9534639525186977e-05,0.0001715398315457,1.68377320060621e-05,9.7860213299688e-05,1.8687224975930083e-05,0.0991128716376227,2.937577201302495e-06,2.168069725713937e-05,0.005736512939953,0.0704868444280545,0.5299227464716156,0.1881897525574266,LCO,13,99
-56926.64571710451,2.6004361405195024,0.0156725323259432,29151.148361750533,-0.3829496712121099,-4.4170503287879015,-0.2281057699028752,0.3106541114175002,2.3354113111946137e-05,0.0002473612290487,1.9874444059877583e-05,4.734340470836776e-05,1.5283008080691016e-05,0.0562232061195469,1.627359456764198e-05,4.175176827127351e-05,0.0090026396759979,0.0892483120463713,0.5752709007081234,0.03737501734263,LFP,13,74
-59063.52375402313,2.4522415630759253,0.0026013567923095,62067.180377426885,-4.249101752402957,-0.5508982475970541,-0.1964685957636499,0.3107741152988262,1.5294802288795226e-05,0.0002488118312541,1.730709532325102e-05,0.000141282023759,1.5246962675535864e-05,0.0862398724601734,1.1842878748063916e-05,1.6232578239180384e-06,0.0106398429521127,0.1218456140983938,0.5756096652945819,0.0360761248433744,LFP,12,78
-388318.3574626299,2.433762265751853,0.0087288357157168,385218.62134967366,-0.5541697877085454,-4.245830212291466,-0.0173151709760788,0.2038190828294877,2.7685098948864734e-05,0.0001514630110167,1.4965622239107772e-05,0.0001201014667368,2.398655298906036e-05,0.0871175215250464,1.4622161089138868e-05,1.805594534434719e-05,0.0244101915097283,0.3099054587129741,0.5472732385206558,0.0555061317902913,LFP,13,97
-345028.0628179073,2.3148738159416653,0.0679702601017373,113748.3736493804,-0.9182084086271018,-3.8817915913729095,-0.788157969558548,0.3545631872979766,2.080987270989274e-05,0.0001531535009916,1.5889999586257276e-05,0.0001308575840215,1.3246190857548238e-05,0.071463139333756,1.976223576325557e-05,4.143399455870496e-05,0.0234497268438516,0.106769818882573,0.0201982758691613,0.0148739356897176,LFP,13,27
-13183.36943398054,3.1457454635042983,1.433119773778959,880.2009582991124,-2.8391542091613715,-1.96084579083864,-0.3507837449548932,0.217913689095917,1.550674921270513e-05,0.0002195551441734,2.990075772645133e-05,8.613416601458883e-05,2.640806660285753e-05,0.0893319479056243,1.661954247598048e-05,4.309608969544804e-05,0.0051795395528631,0.3433816376031611,0.2131643757940811,0.0226702416478645,LFP,13,4
-321557.138645858,2.558937622548128,0.0091617562959312,228099.9810689808,-0.5589783967145863,-4.241021603285425,-0.3788475374565341,0.217908218536375,1.405525493461512e-05,0.0002415424190604,1.22674799952452e-05,5.762202671519668e-05,1.8504377034712253e-05,0.0597374811977652,1.9610966831113776e-05,3.4027971227557327e-05,0.0203217682399775,0.0932410268532631,0.3868321722765669,0.0710792634136359,LFP,13,99
-125643.84312860249,2.528786121079709,0.0095763377200346,61820.38552541208,-0.4613111798433564,-4.338688820156655,-0.1064965232446709,0.2155864973983569,1.5953971901008696e-05,0.0002445065566479,1.3377440623606745e-05,5.922645505458382e-05,1.2744947373453483e-05,0.0764547267484955,8.582396062156853e-06,4.933303018642725e-05,0.010538103090379,0.0666359772725069,0.5475894889186044,0.2092780105642177,LCO,13,86
-128042.6335673354,2.527783538513835,0.0102707197431245,83883.23679757267,-0.5777453756836479,-4.2222546243163634,-0.1463232626747288,0.2550872397142209,1.50868790691819e-05,0.0002081874762739,1.6444559333268308e-05,5.741793266645448e-05,2.0632028112084907e-05,0.0948809193988123,1.4005916745554088e-05,4.504282008897352e-05,0.0103966648047837,0.0517046996304354,0.5653406244388837,0.1666314132559521,LCO,13,97
-7293.535460449525,2.057448214191092,0.0542186134356121,1866.6256296038912,-4.646942124064267,-0.1530578759357439,-0.7555440515966682,0.3547114186044329,2.61389439970073e-05,4.002476425173913e-05,1.0309640573118343e-05,0.0001344740213361,1.905944886812738e-05,0.0412089910768719,2.021599756291868e-07,4.716848753027093e-05,0.004034094745598,0.0451725216920428,0.0906039288051416,0.0386794979061474,LFP,12,31
-18915.94883496749,2.318529543182467,0.0093057300674261,12187.813848314565,-4.257871020406142,-0.5421289795938691,-0.4130892588273882,0.2046730268660058,2.764449621302733e-05,0.0002190080550164,3.043054888734744e-05,0.0001417850772172,2.87550358228858e-05,0.0954098403178492,2.472191047666917e-06,4.706582822533572e-05,0.0042528340847375,0.0181969217441157,0.4620772531913494,0.0366365662371466,LFP,12,83
-81111.73132111141,2.570977144388091,0.014339393244825,37843.94411647908,-0.3783376091667989,-4.421662390833212,-0.1279050695042168,0.2467763062973836,2.7940894837655854e-05,0.000208045049333,2.0369766407822847e-05,4.720474326233047e-05,2.4592983823516744e-05,0.0457394817508551,1.6223905428725648e-05,4.174565698481515e-05,0.0126523810172802,0.1050983561940355,0.5478320211712877,0.1491645531304599,LCO,13,64
-252906.98494245595,2.545473503728163,0.0087187495628536,226355.58955279947,-0.5552834852059974,-4.244716514794014,-0.3619613224517396,0.203380681708479,1.3893957375803364e-05,0.0001509678077838,2.861168682551948e-05,7.381462562076398e-05,1.3488918257529934e-05,0.0410965969031026,1.5794553450049943e-06,8.685615299821065e-06,0.0245111782106592,0.1314566765891099,0.3815904949118537,0.0549915060472967,LFP,13,99
-93480.5017288834,2.33322850476941,0.017148315313649,61227.91275816843,-4.218648767398378,-0.5813512326016337,-0.2921852198778174,0.2844220835746691,1.4155187274200182e-05,0.0002357610361147,3.5691887634516325e-05,0.000127955305537,2.9768733325699397e-05,0.0523709135917524,1.854250569839264e-05,4.937404737209495e-05,0.0144597242713718,0.0207958493008311,0.5889782959267351,0.0280406348946162,LCO,12,67
-113366.18050052476,2.33359945869645,0.0196653696954805,63766.447044339,-0.481122016709584,-4.318877983290427,-0.3843110982228734,0.2029748207610158,1.4000871903998916e-05,6.936373440146181e-05,1.1616851557809371e-05,0.0001378898999375,2.555277816796903e-05,0.0951954388027605,1.865839216720598e-05,1.2675803886449391e-05,0.0118849480377392,0.0487733824202419,0.4564745777931477,0.0404409415637369,LFP,13,53
-10225.363484997806,2.425144232897506,-0.0039514988726344,11671.09830219699,-0.4558050771114921,-4.344194922888519,-0.0140228142490678,0.2011163363119656,2.8762920425658878e-05,0.0002031104201807,1.2670299183469934e-05,5.869129100129851e-05,1.3066190301059128e-05,0.0459035649903355,1.370256535152889e-05,8.089263328987329e-07,0.0061943131284651,0.0678497998468299,0.541890819716196,0.3062365661879063,LFP,13,86
-144229.91788950664,2.5549517333623477,0.0208564420808146,61182.36451186009,-4.2567337557736025,-0.5432662442264089,-0.072519912464928,0.302046720878053,2.8022284056089103e-05,0.000248443573045,3.575809050168588e-05,6.972483219884828e-05,2.211967223804153e-05,0.0552626705517869,1.617621652556466e-05,3.818585309643781e-05,0.0152675401619494,0.145017588318334,0.5478100973057535,0.1646524019109844,LCO,12,63
-84957.62761252941,2.593861895641972,0.0099056785629071,49022.08167010365,-4.342239154806805,-0.4577608451932065,-0.0731143517122426,0.2366628441001911,1.595777371787207e-05,0.0002181478238277,1.1724684929064711e-05,4.635431096557743e-05,2.2520770042771e-05,0.0519777081384048,1.5292647114719983e-05,4.940714074604836e-05,0.01186377550629,0.0910346785474319,0.5474319148444297,0.2184190548958957,LCO,12,89
-179847.86603200145,3.034356129656262,0.2805911055125053,17687.72493636182,-2.0510777485683604,-2.748922251431651,-0.2772874656399566,0.2068327916373862,2.8933514614481043e-05,0.0002487823174168,1.4890026020898037e-05,5.614410963016431e-05,2.960691440135825e-05,0.0947028727798977,7.881254214769286e-07,4.4468168974688125e-05,0.015533170639827,0.0797391800288163,0.4423421384387569,0.1306312158924702,LCO,13,9
-463284.8405782617,2.224385990013856,0.0117467149729469,547050.0189273695,-0.5468362882101516,-4.25316371178986,-0.5621460603094439,0.2990672290387725,2.403491464914005e-05,0.0001256849690237,1.0597422492471355e-05,0.0001374834494875,2.2574274141514283e-05,0.0992188777238289,1.6624154636181912e-06,3.744000975356487e-05,0.0248898452276993,0.0118385269091266,0.214956669267323,0.1410587435141064,LFP,13,93
-23071.20855092869,2.499487551542853,0.0360171866454692,8384.60301518535,-0.6929080649345636,-4.107091935065448,-0.214125689222725,0.3815982485833478,1.5451576495919475e-05,0.0001708732157689,1.5678571974190577e-05,4.771029647924035e-05,2.7664462219712813e-05,0.0950035872514457,1.6874238453560352e-05,4.776039330215971e-05,0.0048416314471505,0.1085788110900558,0.5035160044994897,0.1037794951877294,LFP,13,45
-11016.37275361169,2.115737479297749,0.0069392012452717,7175.227687281532,-4.39749097498504,-0.4025090250149716,-0.7286229364116514,0.2662626592373374,2.571366801928431e-05,4.075990401909248e-05,1.9214273319132232e-05,4.476955771997497e-05,1.829999145952516e-05,0.0556669034277336,1.6115177121701262e-05,4.91435164801449e-05,0.0040020372879181,0.0525432437759831,0.0719120282866095,0.0769217915257559,LFP,12,100
-23439.293004537863,2.3459682612824486,0.0091699302102866,18394.90539060911,-0.5053955818861198,-4.294604418113892,-0.3183477139136491,0.2075477247738304,1.6966784459138696e-05,0.0001711822804054,1.0144877476276805e-05,9.871041453743126e-05,2.7477373872575e-05,0.0950589180834858,2.3761621916893827e-06,4.827802004481547e-05,0.0049255365810346,0.0440900159767024,0.4964396253473944,0.0711226447622539,LCO,13,90
-145073.20851997373,2.211916544544814,0.0105890827846572,89286.64048437658,-0.4264809801233511,-4.37351901987666,-0.143086855706502,0.2409678853141659,2.676158411645697e-05,8.004075525244949e-05,1.0171544047303154e-05,4.01221685361149e-05,1.4499154415218606e-05,0.099207560633421,1.6795741768704556e-05,4.4914431018515845e-05,0.0142211990934428,0.2230589331516569,0.476716792161353,0.087137418980488,LFP,13,60
-313844.48832851887,2.1533731510186565,0.0142514877541657,188925.8520370738,-0.4678832721421884,-4.332116727857823,-0.2472241224643931,0.2016910674329853,2.753030524007257e-05,4.569172062740243e-05,2.7337665852119897e-05,4.176680583397956e-05,1.3671076158805972e-05,0.0941214287616102,1.987554290662745e-05,3.6845793805558216e-05,0.0174379130089789,0.0178998867304983,0.5051918661388325,0.159684124666276,LCO,13,87
-22281.51042432696,2.7215658289829125,0.0795834506922595,6345.14798174208,-1.058139195158816,-3.741860804841195,-0.6949987703982237,0.2550818807528596,2.9846670263530074e-05,0.0002197863558664,1.876658209073247e-05,6.119918382102799e-05,2.9936093125470144e-05,0.0903828504622504,1.8522520566381485e-05,1.415995624627443e-06,0.0057963938565759,0.1066085913402818,0.0910593523631015,0.0373332858983928,LCO,13,21
-361687.05728518014,2.564441743703237,0.0156882533263301,231374.9952798625,-0.5927525053745768,-4.207247494625435,-0.2826972404752489,0.342340474795381,1.3447156305073148e-05,0.0002188889161665,3.123498294487404e-05,4.759585117977054e-05,1.756692181441183e-05,0.0880007444675379,1.5541968056202713e-05,4.129324741055275e-05,0.017224444604356,0.1187487811869047,0.4582608834222921,0.0702930949155543,LCO,13,97
-262641.60177409986,2.457824646473622,0.0085665809058325,171936.44733153802,-0.509034122118436,-4.290965877881575,-0.3993944342964559,0.204900568916436,1.5802773624935498e-05,0.0001486218317146,2.678135502773992e-05,5.268693173456752e-05,2.482601000026593e-05,0.0941810261755071,1.4894121271546136e-05,4.917937353231575e-05,0.0149166244365022,0.0545330691995948,0.4628359741441002,0.013236522359849,LFP,13,91
-128925.01064433294,2.09476774546026,0.0065540349886689,46590.52996517777,-4.20821448460498,-0.5917855153950313,-0.1555973135554614,0.2043070786644372,2.983756746996836e-05,4.040165422521897e-05,1.4583717580687835e-05,4.048134491176498e-05,1.3523890272442568e-05,0.0543402691417587,1.1214950162811856e-06,4.4118078458092365e-05,0.0143636977884293,0.0512292463631356,0.5403784490497219,0.182794991031681,LFP,12,65
-567441.7057247361,2.474752544410274,0.0166659774941027,323519.9132368167,-0.3601789887791113,-4.4398210112209,-0.4147262666212087,0.2704255781055477,1.5964239502457822e-05,0.0002366717849288,1.0125041884886203e-05,8.267530285502992e-05,1.8608500734122744e-05,0.0989484434871893,1.4193277112437184e-06,4.729318372911469e-05,0.0229586577890019,0.0665406650848152,0.1611149364301359,0.2876181318638401,LCO,13,65
-280781.03006364184,2.3384687295875897,0.0099510671761488,148557.0378667106,-0.389415563214051,-4.41058443678596,-0.260295828645204,0.2232035715659566,2.777551292981239e-05,0.0001027102916792,2.7377556413370272e-05,4.960877296493486e-05,1.3660586163916833e-05,0.0941306178178503,1.1879226194201975e-05,3.563873536674097e-05,0.0155242793953778,0.0173379626972321,0.505529339763894,0.1468368688936698,LCO,13,80
-521506.7200823249,2.522828972191645,0.0085668252764811,380159.2060988052,-4.402247046411716,-0.3977529535882951,-0.3693461750658783,0.2100533744553459,2.9586213299727955e-05,0.0001589241167081,4.8609018056022e-05,4.53285179451186e-05,1.4113029271924672e-05,0.0959385082582745,1.3404570765212883e-05,4.953789938279732e-05,0.0220651535596354,0.0580338793639877,0.4625905806032394,0.0400293649668946,LCO,12,99
-274968.9273277846,2.134368854140687,0.0101645101854847,164801.09594946972,-0.3341479375579723,-4.465852062442039,-0.2431495591404004,0.2016405977429778,2.8898578012564627e-05,5.049109596437498e-05,4.930850702870242e-05,5.768978020789874e-05,2.479632291653452e-05,0.0966969351118012,1.1017775624555611e-06,4.944028136698655e-05,0.0174640009807229,0.0174123031096932,0.5960034189681538,0.0734347187817524,LCO,13,72
-666797.3892270513,2.6574091650040472,0.0097201437495458,375879.70131465327,-0.395914556050144,-4.404085443949867,-0.489903404558558,0.2017047586282025,2.755130052187284e-05,0.0002473718880364,2.7229431461649963e-05,4.1642852037823934e-05,1.5016832385572512e-05,0.0880677489352376,1.9926527740185986e-05,3.67571089160793e-05,0.0233261491332449,0.0668781890994742,0.2135248832519929,0.1596935230899748,LCO,13,82
-10021.565624355317,2.509834245635312,0.0641907653286057,3286.328323670945,-0.7729932664096708,-4.027006733590341,-0.4737926485776507,0.3543951649438618,2.62126312808947e-05,0.0002331940889435,1.0455821283645455e-05,0.0001481471922937,2.178085841783997e-05,0.0560924103883711,3.682116909119365e-06,3.0418179527135676e-05,0.0041791847913585,0.0481087560350964,0.1067567878543571,0.3013418075328957,LFP,13,35
-50308.30425499486,2.126980125441378,0.0051763291811955,53529.98465271414,-0.4551195498998694,-4.344880450100142,-0.3242970671640927,0.207551696055659,1.2487767802354084e-05,4.506469300617194e-05,2.7389193327144e-05,4.046198231352855e-05,1.3667684809107189e-05,0.0937138347846041,1.985776426551244e-05,4.6598882980997845e-05,0.0088300123315741,0.044308404774092,0.4922865968529574,0.0691079312088578,LCO,13,86
-301928.87935694586,2.183239077276679,0.0120153295519458,185198.469531308,-0.3804885344069575,-4.419511465593054,-0.2060346034406228,0.328885784096351,1.5310110355105487e-05,6.377689743047835e-05,1.0369408374503686e-05,4.264811964955704e-05,1.694625500114685e-05,0.0991977972285463,6.256876251905756e-06,4.860004471595853e-05,0.0181026271758415,0.062161869785826,0.5686846846670769,0.0931188421064742,LCO,13,72
-14059.329321638088,2.130543351109576,0.0117084839415783,7803.099612644258,-0.3641603390281318,-4.43583966097188,-0.2999244099761901,0.2034872140778587,2.5326619338515475e-05,6.776201154097501e-05,1.418185111706898e-05,0.0001370026864016,1.612384267008381e-05,0.0872671064675588,1.915342993055673e-05,4.816927771081863e-05,0.0040501716147032,0.0389610159151142,0.5615001179078489,0.0296144562008468,LFP,13,64
-8375.012410976706,2.101940121691838,0.030071026869229,2647.7328072460614,-4.66269711075104,-0.1373028892489713,-0.7614081205982897,0.3798354944632323,2.683882130212025e-05,4.008271583358768e-05,1.1083388507589008e-05,6.591216141671809e-05,1.3724987948528747e-05,0.0634257611317387,7.470728259043945e-06,4.886025791954692e-05,0.004000126890264,0.0772345412148258,0.0583152597042869,0.0330420784825976,LFP,12,31
-446592.7633591485,2.502003032558968,0.0087781934729415,349101.48500169994,-0.5662593601724595,-4.233740639827552,-0.0877823522604659,0.2109107114861379,2.36846237400551e-05,0.0001712538169783,5.0375056621459e-05,4.661688818436132e-05,1.625177751023682e-05,0.0980909221462083,8.032800162948612e-06,4.6323240602230735e-05,0.0209035580920179,0.2745838582796657,0.5122361165417337,0.0553976729181347,LCO,13,98
-49147.25344337436,2.263014155148759,0.0092698434475794,35924.723031799185,-4.365903315504426,-0.4340966844955858,-0.2730517227464539,0.2085461890993297,1.202346927342454e-05,0.0001099169040433,1.5084354724032986e-05,4.378138516758184e-05,2.5027945529589066e-05,0.0999704566178091,8.111252422881671e-07,4.989282318236638e-05,0.0070905658714587,0.0145277583015895,0.5843230853453396,0.0580974336066169,LCO,12,92
-80826.89315812415,2.1863794218124752,0.0227154322053729,23791.750681606965,-4.373768527102953,-0.426231472897058,-0.0733959298848255,0.2043082454736605,2.989088574600372e-05,0.0001117037983103,1.253825492109349e-05,0.0001360536718059,1.6712718134536292e-05,0.0582255157195572,1.0974276065112492e-06,4.154554509781942e-05,0.0107317805127828,0.0512766568395774,0.4287613536311472,0.3765660596444497,LFP,12,49
-346731.2823556657,2.5607762692692138,0.0095678557832921,210622.62915154945,-0.5669160347634588,-4.233083965236553,-0.2589666575866561,0.2371766294505504,2.750370875931393e-05,0.0001689122307506,3.1667516839346745e-05,4.669834197453821e-05,1.377421784304787e-05,0.0853479470728251,6.3392932779156855e-06,3.686633657326749e-05,0.0171290417495673,0.0178910965921948,0.4865280703239029,0.166614175497246,LFP,13,99
-453320.2136062004,2.4571961541883818,0.0237780548643076,143898.33220883823,-0.6276294825482793,-4.172370517451732,-0.0717926141352168,0.2407609374674639,2.7775956065664656e-05,0.0001419897591259,1.0161700650145832e-05,4.045421969036125e-05,1.445920059157613e-05,0.0992236149887823,1.7150492123667297e-05,3.71816142865164e-05,0.0205827211674785,0.2246441602985323,0.4922928522937654,0.1412703732724854,LFP,13,45
-248226.0443977985,2.221709582856273,0.0055074524258698,168040.1478765124,-0.4992824117737058,-4.300717588226306,-0.3408069970883716,0.2305172317364833,2.5904757223198076e-05,6.072810901296321e-05,2.7377183794120496e-05,4.288359833666513e-05,1.366770460118099e-05,0.0943211958418137,1.9784741454470736e-05,3.05081745587345e-05,0.0157084837758753,0.0172514767468796,0.5056287034206356,0.0663128227441132,LCO,13,89
-627064.9127649852,2.6238418232737635,0.0247005140364626,286255.1041079574,-0.4035463152898941,-4.396453684710117,-0.1806558605777574,0.3898961182929669,2.7732431592572964e-05,0.0002487694617951,1.015291445744102e-05,4.648887898151128e-05,1.4512838959192917e-05,0.0882868531406612,3.322223662001873e-06,4.450254628104861e-05,0.023122696904654,0.0615466153618017,0.5954139429596546,0.0923835811007863,LCO,13,72
-38046.550416394064,2.6341843081215166,0.0158555438092435,22756.42805049543,-0.5954551358158469,-4.2045448641841645,-0.3033920218432632,0.3424188088380069,1.2653618493052128e-05,0.0002299530029959,3.1540915624404306e-05,4.376420244055697e-05,1.4896464512065432e-05,0.0825174455541913,1.5714514443017224e-05,4.99790451788181e-05,0.005568054903302,0.0140864510420633,0.556474571672796,0.0560469554418774,LCO,13,97
-396897.7563323747,2.22523017789685,0.0047033532352818,259990.31357911197,-0.5669929851899411,-4.23300701481007,-0.2851369976135723,0.201850218118393,2.206677877875528e-05,9.09744152371405e-05,2.699737532076521e-05,4.621635307619018e-05,2.888103175089329e-05,0.0946491553868524,1.1107399891881038e-05,3.871569083417083e-05,0.0185406555812826,0.0814560439920504,0.4973514262529812,0.066055532141396,LCO,13,99
-587421.2669839362,2.4774739838923785,0.0096496866124248,392469.818091891,-0.4684308955264598,-4.331569104473552,-0.2736109611619867,0.2058561512569589,2.7527107870476344e-05,0.0001759074282273,2.637311451513012e-05,6.437661742649735e-05,1.36305944911307e-05,0.0992398273957149,1.995530793424073e-05,4.408056484336029e-05,0.0229576105341254,0.016787620766546,0.4934289958096627,0.1461724222618046,LCO,13,87
-409662.9960944307,2.4981880346959304,0.0088402108928335,242680.94383942263,-0.5365996439217255,-4.263400356078286,-0.4201907778535929,0.2080522484870335,1.6857248746672984e-05,0.0001679922650297,3.8644597591664e-05,4.69075496357586e-05,2.712368606378854e-05,0.096165263121526,9.017464725769863e-06,3.949861546996387e-05,0.0172357674631231,0.0141884681014588,0.4818259074378294,0.0137948466071188,LCO,13,93
-261179.6136722617,2.1761485072620927,0.0094972619081542,201833.6623647913,-4.226271970682362,-0.5737280293176497,-0.0174389188610977,0.2050047369035821,2.9690103124667075e-05,7.626078117941753e-05,2.410729029015579e-05,9.267899253846164e-05,2.070348446881657e-05,0.0999576687775452,3.22790461634515e-06,4.688389702752383e-05,0.0193983956284525,0.084326221323127,0.5584135990983577,0.2698212607174175,LCO,12,79
-262940.59372434515,2.507704854082573,0.0085710579417245,169149.81161780722,-4.401180671910687,-0.3988193280893242,-0.3760678783835393,0.2091519175107129,2.933215396826824e-05,0.0002113476992618,4.86527926771695e-05,7.031950277645872e-05,1.3547385819317366e-05,0.0417438076054952,1.3450837513532196e-05,4.794672944653078e-05,0.0220989290666143,0.049870223742636,0.4640911835277314,0.0399707143460933,LCO,12,98
-22511.824769940617,2.292674332526457,0.0095854913200393,17849.894555746276,-0.451257078742671,-4.34874292125734,-0.3601969523399085,0.2068492477480854,2.756402314939637e-05,0.0001711854931729,1.869721616755079e-05,0.000119662600421,2.7795067355439813e-05,0.0992589620115339,5.176557685761186e-07,4.7049055512473805e-05,0.0048674841195311,0.0565929771304899,0.483476690603262,0.0297333799263395,LFP,13,86
-687506.00150215,2.528597241753313,0.0096697497401674,401890.74306652177,-0.4447827367899464,-4.355217263210065,-0.6115623730111572,0.201599080570064,2.7880023347185653e-05,0.0001617565681895,2.7228633287264447e-05,4.001645251753944e-05,1.5631662360987967e-05,0.0855945705875884,1.9927873678334026e-05,4.662058206875622e-05,0.0238040907888973,0.0770691583915744,0.2130696493750897,0.0282988192221787,LCO,13,86
-362306.99532940646,2.6499417174081863,0.0178378443858646,179248.0526347542,-4.382963779107023,-0.4170362208929887,-0.4492822154814289,0.3931236285106831,2.933974916082733e-05,0.0002493495196896,1.0020019420185231e-05,4.643039154321315e-05,1.4965219098790582e-05,0.0415418271885101,1.8151131005026457e-05,4.7977014365449184e-05,0.0235907000989568,0.0616487054408987,0.4023948886044097,0.0166741904732626,LCO,12,90
-205277.81207954843,2.1730511288434027,0.0093941345178908,156070.37870122993,-0.3928057366962179,-4.4071942633037935,-0.182494743791156,0.2235930431689784,2.4225172949648166e-05,0.0001032759937826,1.3984363897949128e-05,0.0001281629837425,1.2523452288201146e-05,0.0970757487315824,8.621687413104325e-06,4.6014006402790655e-05,0.0155386286522393,0.0122049948021096,0.5855314376233446,0.1497688237833896,LFP,13,80
-235703.17034483087,2.138944220544744,0.0101586723583738,291674.5648361241,-0.5545694952500355,-4.245430504749976,-0.5683382500749757,0.2595877978722085,2.602921088230798e-05,8.295308885920682e-05,1.22680372476275e-05,0.0001278018401574,1.2612144896246664e-05,0.0565208135506085,4.436293110001603e-06,4.214813690278208e-05,0.0237391778628777,0.1559560656711674,0.0200552957767102,0.1856503884771466,LFP,13,96
-360691.14507932926,2.53866240134138,0.0089690368648865,237981.56648176804,-0.4576628358519414,-4.34233716414807,-0.5630190428039554,0.2006461663735004,2.7820098112026283e-05,0.0001749588841004,2.7348624572964748e-05,4.122858983962021e-05,1.3605898028597556e-05,0.0940010846236872,1.074599322264695e-06,4.7900708623636405e-05,0.0174100377909845,0.0885988756762161,0.1790202482207442,0.0993618332990843,LCO,13,87
-318115.563998527,2.2077878306508176,0.0089543487590325,294579.0191200767,-0.5170536815888696,-4.282946318411142,-0.2363574211895805,0.2294431162721256,2.4043025817695404e-05,0.0001244982423161,2.640065764092104e-05,0.0001377049795144,1.6178633354343367e-05,0.099221683491007,1.1018736652414488e-05,3.732446473462116e-05,0.0194855744613408,0.1246879131385676,0.5153479333027973,0.0536067323690545,LFP,13,91
-509135.4855334311,2.69812622947684,0.2991739414934914,44289.14970607648,-2.0255023912764685,-2.774497608723543,-0.0866343787309428,0.3329285339117272,1.689269726175642e-05,0.0002070483629364,1.2206358630019266e-05,0.0001145484838919,2.5387959639770388e-05,0.0947011320032978,1.534458143224444e-05,3.949086830988649e-05,0.0239115137488743,0.0544199498421424,0.5575451938392824,0.2314004775876325,LFP,13,10
-284637.0679126445,2.1426053934076363,0.0175238837395627,341117.4921337067,-0.5937656937851372,-4.206234306214874,-0.6662634271732445,0.4105869349971323,1.2860661808370849e-05,4.696639346513569e-05,1.7117682969143932e-05,4.87560184105127e-05,1.3308413460755642e-05,0.0887339433716956,1.632451389708659e-06,3.661894729616146e-05,0.0201561135549872,0.1073436847561142,0.1205688302587319,0.0358240578119094,LFP,13,99
-99315.9252898402,2.0945435163026844,0.0328882942340672,72063.20409151241,-0.624651206558454,-4.175348793441557,-0.6279326289060954,0.3537577403974603,1.4196598068359725e-05,4.644841144951491e-05,1.4394722052753317e-05,0.0001280183423976,2.6143024136434656e-05,0.0961668854793169,4.750783144666959e-07,4.09873588795509e-05,0.012887807780335,0.1062292608146133,0.1427961103434075,0.0530419999358837,LFP,13,47
-95363.23901317808,2.498410207762991,0.0086623838752431,69562.11320703478,-0.5579515400621773,-4.242048459937834,-0.1513660590436381,0.2134134016871245,1.2629629072139614e-05,0.0002073636215032,1.0591766417701151e-05,5.752727227603368e-05,2.5472362088866956e-05,0.0947386184214348,1.5329305829862616e-05,3.9487459738382166e-05,0.0095074848252537,0.1087566390538342,0.4373969715371508,0.2324803303653769,LFP,13,97
-240608.4526190269,2.34585175244776,0.0130144486832023,155443.81951064928,-0.3595741091296887,-4.440425890870323,-0.3470502769174397,0.2707127336805948,1.385287131071466e-05,0.0002352154085906,2.4217603499766425e-05,0.0001374631880069,1.3873733749823024e-05,0.0418079921425643,1.4201724159022531e-06,4.73001155853792e-05,0.022655297229325,0.0612472365329295,0.0659352002082765,0.4557672863413542,LCO,13,76
-70642.06246495669,2.0629624330589595,0.0090743361084012,73581.50266688407,-0.5496291405595599,-4.250370859440452,-0.7206162077500096,0.202520096421736,1.9073071817591864e-05,4.117276006629162e-05,2.2666917287868905e-05,0.0001334830667525,1.2723862567339742e-05,0.0458350365626013,1.6784652875652013e-05,4.28369168896537e-05,0.0125796147372186,0.051472320222112,0.0967623378800591,0.0611491341478193,LFP,13,100
-54787.08839081606,2.206146049023401,0.0087550293599704,44554.47306193662,-0.5543172750171266,-4.245682724982885,-0.6682621968647505,0.2148811278321871,1.320448795117299e-05,0.0001300557921175,2.6171849776066636e-05,0.0001466323156431,1.355302834886348e-05,0.0579704639249574,1.933226071808404e-06,4.498733775059084e-05,0.0086402863079095,0.0191872830154116,0.1820923044499818,0.060458215669856,LFP,13,98
-17954.587888380127,2.3696356113803683,0.0107402870029043,15103.8762816123,-4.280386554613074,-0.5196134453869377,-0.8188776139197825,0.2449716042209932,2.8235578468397095e-05,0.0002264348062521,1.4474463321138671e-05,0.0001103664987876,2.4437953641742946e-05,0.0961768445816106,9.831050334925187e-06,3.987213116007003e-05,0.0043429915016472,0.0295453972390605,0.0542588166641944,0.0273181721769624,LCO,12,85
-80851.92203877628,2.504490700807211,0.0683228157319748,17087.688818098028,-0.989107146248216,-3.810892853751795,-0.1308109052127131,0.3539778802194465,1.4349434441312006e-05,0.0001784986474585,1.37411952508715e-05,7.490961555775238e-05,1.3342172017166164e-05,0.0966431578011853,3.194368602562862e-06,4.100799056796844e-05,0.008983061200209,0.1065064152258906,0.5688609607632472,0.1238217187981491,LFP,13,26
-31245.406894688123,2.1143507162358963,0.1642880261488462,10061.817085891968,-0.9374139684771235,-3.862586031522888,-0.0692750583426579,0.2672849816076844,1.6219298197378413e-05,4.060849160708488e-05,2.213764771984393e-05,0.0001125532045606,2.4254607346953124e-05,0.0966669043009137,3.987491934402475e-06,3.557876619233016e-05,0.0072122329974271,0.129238207744347,0.5717558442169743,0.1597308896960207,LFP,13,26
-417837.0466440864,2.605009693735037,0.1612648085353639,39239.579192571895,-1.8507341167967724,-2.949265883203239,-0.2214526708778262,0.2589819403614973,1.2528443563842756e-05,0.0001764871758309,1.2907232608660435e-05,0.0001132713875671,1.4549703324457087e-05,0.08921871747654,1.6617137353595427e-05,2.8667844435880035e-05,0.0212377843357742,0.0334196520254682,0.593666369894129,0.0814613072025765,LCO,13,11
-102915.64047422571,2.386645592606176,0.0132876571859045,83395.54133468476,-0.5057739716065157,-4.294226028393496,-0.6486563731864944,0.319762982196579,2.7797397299217324e-05,0.0001226598977721,1.8000482899237264e-05,4.34134353555011e-05,1.534966059908369e-05,0.0659710720392945,1.875546209539433e-05,4.647578594145001e-05,0.0122813122030448,0.1074451209819318,0.0134757491445755,0.1604227566869983,LFP,13,89
-87625.30690692563,2.325582123143512,0.016553901315859,75092.54705091493,-0.5676044052753326,-4.232395594724679,-0.3349111296588026,0.3808144684019071,2.532665086104181e-05,0.0002377893137423,2.4344208308148945e-05,0.0001384401695,1.3876351124855473e-05,0.0564001627464499,1.3871768327612162e-05,4.731163667783583e-05,0.0124561735089101,0.0172724643900689,0.0239361165705223,0.5538802893806061,LFP,13,93
-15249.197637883037,2.12149094454094,0.0118870590396184,18840.172619273973,-0.5544765849252684,-4.245523415074743,-0.8309218945201347,0.2377276151806095,1.317954500323859e-05,4.6127231987365327e-05,1.636726761580027e-05,5.6937395428152496e-05,2.7921189449221392e-05,0.0549797386936868,3.730735533732639e-06,3.671294533899765e-05,0.0059880907703232,0.072181189449277,0.01016266000372,0.0167342560268682,LFP,13,100
-66167.98411525838,2.5504599132807777,0.0215937171507093,50180.52959548469,-4.382805575268684,-0.4171944247313277,-0.5621527050354136,0.4785321817835013,1.277537985304048e-05,0.0002256361075486,1.2547916909630413e-05,6.324415637765577e-05,1.3204112368719326e-05,0.0489655304694788,1.5943300300348785e-06,4.903344603648904e-05,0.0110934279633417,0.109652352944932,0.1037540883386368,0.1544408536810175,LFP,12,89
-244596.58896763143,2.1113868758961933,0.0538702353374979,124984.8627676147,-0.9028594892146417,-3.89714051078537,-0.6279535565728973,0.3536931214560462,1.2828299727757204e-05,4.644547238017132e-05,1.334907253112948e-05,0.0001290418996293,2.952734319637836e-05,0.0885094884619387,1.6346830716487954e-06,3.4639889664090124e-05,0.0229661844781302,0.1057822674205946,0.1431880244361537,0.0530761515703543,LFP,13,28
-276061.66040643473,2.7110541943100346,0.0939220030590402,64514.7035209633,-4.723502439507627,-0.0764975604923847,-0.3040084533745208,0.2058166511347441,2.208725922084253e-05,0.0002268334132715,2.429839584339186e-05,4.826399717498958e-05,1.3471769929464444e-05,0.0558103037065914,1.2371916097804114e-06,4.532005693410375e-05,0.0241555814493011,0.0361414091517885,0.0226354386961542,0.5672146987775364,LFP,12,24
-40782.04149749772,2.393526725368793,0.4569243319211017,16797.08082667939,-0.7503239585857528,-4.0496760414142585,-0.440467667457232,0.2558398755762046,1.7088002608911937e-05,0.0001886081735326,1.2105727814820046e-05,0.0001411946769265,2.5330925891549702e-05,0.0987407565073073,6.690816756840819e-06,4.013619285688107e-05,0.0073768234297746,0.0543626978519289,0.2334543687860148,0.2017152659048242,LFP,13,33
-232793.74612370244,2.123297863876104,0.0108843956258988,245267.75125456255,-4.391461847966255,-0.4085381520337563,-0.3129031632479725,0.2095443431903302,2.8717793301779268e-05,5.716909199977012e-05,1.1267607366231631e-05,4.74792591691947e-05,1.2213587698146272e-05,0.0944444671817512,7.848781003457581e-07,4.436471139124018e-05,0.0191726589288455,0.1782808595649592,0.4203581755579308,0.0184578016291374,LFP,12,99
-517766.3386771516,2.520364540164441,0.0166167930166276,382412.3195571436,-0.5618672268741918,-4.23813277312582,-0.7401691982661759,0.3809254448895302,2.544446290590081e-05,0.000240145637938,1.582620527631503e-05,6.839653841523443e-05,1.388026854967387e-05,0.0766317972020912,1.9802351122174018e-05,4.733437441346543e-05,0.0226317473255052,0.0112588817013587,0.0210373305309532,0.1575345895015122,LFP,13,93
-337885.1024388692,2.381306770872958,0.0204672993086738,208667.68786829492,-4.416594237689097,-0.3834057623109146,-0.5989546714368749,0.4794418367687759,1.38404548717569e-05,0.0001213291159589,1.2504813862067048e-05,5.1180263866830513e-05,1.3160937368223876e-05,0.0440312879524163,7.410954498497178e-06,3.491766522779576e-05,0.0236561697472336,0.1559273883315338,0.0206776000517503,0.154440340179841,LFP,12,93
-350939.92185661214,2.438884346672852,0.0140789799554618,154390.39420623187,-0.3868573148095962,-4.413142685190415,-0.318829923783311,0.2016179973644478,2.9910785846966978e-05,0.000160910620634,4.858795878049262e-05,6.350775745472768e-05,1.4941909129964886e-05,0.0959263176623987,1.905497018398699e-05,4.958240308335524e-05,0.0174620413402041,0.076235344748065,0.4614085361327391,0.073526195335885,LCO,13,60
-15542.020061459038,2.4679461151447386,0.0044385226018308,23950.26153662519,-0.5507263286456663,-4.249273671354345,-0.5808227282350482,0.2079583213309702,2.710713976608804e-05,8.186719403429409e-05,3.658059799568183e-05,5.526564760442269e-05,1.5142383729217426e-05,0.0538840512790767,1.6098621235314767e-06,1.641228203438154e-06,0.007003477521072,0.1732244808206127,0.0956342372110409,0.0803185537332981,LFP,13,99
-313266.70808886754,2.385771103776689,0.0253024747929044,198127.0776723012,-0.6111372325253726,-4.188862767474639,-0.305231915280668,0.5204017154774776,1.640424682357738e-05,0.0001213050151413,1.2548716068012473e-05,5.11704401649483e-05,1.9735543960798612e-05,0.0438722185675154,1.894353986339042e-05,3.493203761935142e-05,0.0236744211494741,0.0865776853728957,0.4838128760036904,0.0543775233427457,LFP,13,94
-333813.73954597313,2.0881509853428097,0.0087981540078232,410953.0741133021,-0.5502209057056007,-4.249779094294411,-0.5409531884850403,0.2255989196029175,1.7631763837968995e-05,6.417736424913436e-05,1.7589720767394713e-05,0.0001284106227835,1.2596293404904028e-05,0.0764596682833618,1.974252280978493e-05,4.3375852201490417e-05,0.0239458243090489,0.218547743272804,0.0124706252332334,0.1580284430089222,LFP,13,97
-339425.669728719,2.3532295297583063,0.0183451149072071,324158.9908194327,-0.3545710868238103,-4.445428913176201,-0.5811696158570339,0.2724630019926706,2.5464131101084316e-05,7.419063388618194e-05,3.2850213974723044e-05,5.4932347554588254e-05,1.816357359095259e-05,0.0852833167321673,1.9820467448827266e-05,1.7578544547423294e-05,0.0236795301957842,0.1722693642840593,0.0175973849098276,0.1589636349490791,LFP,13,75
-67988.97718455977,2.083536175397106,0.009234220704282,73109.96039838203,-0.5500411498661038,-4.249958850133908,-0.7632374740360084,0.202427628476291,1.902234607064125e-05,4.096093536539841e-05,3.2981639855722336e-05,0.0001351876535266,1.2599770899447675e-05,0.0457884243442173,1.875203736932689e-05,4.733386698445319e-05,0.0124170484129618,0.0179229926520772,0.1301334689985241,0.0187060643133901,LFP,13,100
-384684.507935419,2.1448404791268603,0.0736389758273287,107297.55639885916,-1.140222893219665,-3.6597771067803455,-0.6271744781898293,0.3537882931523899,1.4826444656570614e-05,4.644977482293295e-05,1.4422566334895813e-05,0.0001275572960646,2.9542649170920893e-05,0.0996575198754233,2.1615110949476064e-06,3.178141903292369e-05,0.0232507341792505,0.1064418293657548,0.1433567088972006,0.0530269835472153,LFP,13,21
-259212.75536219197,2.61258152650871,0.0505645316362913,61265.111549352114,-0.8077503752510466,-3.9922496247489647,-0.1180778007326884,0.2024223002716325,1.9068471408507303e-05,0.0002422367038445,2.7635199634644623e-05,6.723820564488974e-05,2.8135555279991883e-05,0.0408949080283089,1.678534493590364e-05,4.29318460508186e-05,0.0246118634133596,0.1964116313468504,0.5319911686000419,0.0835193993204192,LFP,13,30
-143735.90366503914,2.0790092649443976,0.0129157234288065,157999.57100373972,-0.3482828324946965,-4.451717167505315,-0.7139177865332884,0.2597649159207978,2.7633671979048043e-05,6.463319205783681e-05,1.0529731321396325e-05,0.0001394931704065,1.770828942253372e-05,0.0484421912406803,1.448351227919374e-05,4.233977684685702e-05,0.0210849950530023,0.1579506838606851,0.0186657782922615,0.0394657513137649,LFP,13,75
-47161.82563895915,2.183122505735119,0.0117189429789545,34537.62104467116,-4.4003139814431975,-0.3996860185568138,-0.4971527614696428,0.2849272744125857,2.661131832062782e-05,6.974175068050714e-05,1.2348215900205316e-05,5.123780479206904e-05,1.3115891114211905e-05,0.0421874182083697,1.0775154412500496e-05,4.984704495452681e-05,0.0102658997344657,0.2243875752322756,0.0294957432403636,0.1789639200577179,LFP,12,98
-134940.5888144692,2.1578126228878016,0.0124380827573417,69484.40281472672,-4.231045811325679,-0.5689541886743328,-0.0362962525405731,0.2691877766787942,2.8950203837841028e-05,8.379874254908338e-05,1.700697005059432e-05,0.0001391057061898,1.2721824218146518e-05,0.088006154419655,1.7003597900330664e-06,3.620846284236879e-05,0.0118758397366263,0.0120418529079641,0.3472635492049644,0.5343983453464983,LCO,12,78
-43583.24805321662,2.073903039610706,0.0107086097878549,37657.900289052144,-0.5672109254014543,-4.232789074598557,-0.3789402061637107,0.2735404168630609,2.805317252912369e-05,4.001158015516465e-05,3.314352689356897e-05,8.104394663754056e-05,1.2279098206486138e-05,0.0789465650094587,6.400464300223478e-06,4.409693341392202e-05,0.0075744966807889,0.1910373386066138,0.1995221174852448,0.1605003377444306,LFP,13,99
-89298.33684808781,2.5963948666196903,0.014872581655828,69027.25281121177,-0.4591723405107046,-4.340827659489307,-0.6762261540998127,0.3197501113600187,1.789788141106292e-05,0.0002272736222296,3.694647666908143e-05,6.339365720165373e-05,1.5917488050803168e-05,0.0467758285550666,1.5942517093625026e-06,2.9602870338117902e-05,0.0129084480813813,0.079748611815206,0.0958116230478239,0.0782136110371573,LFP,13,85
-77042.02887577454,2.363373182282346,0.0153610471679378,56146.91707125686,-0.5956053319955785,-4.204394668004433,-0.2446494529445279,0.3814646514209773,1.202658598574154e-05,0.0002497033254807,3.08444990210864e-05,0.0001397325847475,1.357970974207728e-05,0.0407911914284169,1.318803771785634e-05,4.768218399319169e-05,0.0124718601280301,0.016670310135064,0.4409891048146216,0.2276911321057864,LFP,13,97
-509135.4855334311,2.6797796173362705,0.6967068721503604,46634.838978929394,-1.989349660381976,-2.810650339618036,-0.1728289276378002,0.2575341271152481,1.592231845993743e-05,0.0002096604353127,1.052348566631426e-05,0.0001320422249248,2.5426532685673027e-05,0.0947593707509941,1.8657674941863684e-05,3.7535252162022246e-05,0.0240194680826856,0.1678316075430989,0.5498526861843686,0.0394867786347323,LFP,13,10
-415860.2699592577,2.50195682252397,0.0128396165550986,172628.53899453016,-4.192710597766279,-0.6072894022337323,-0.225956323888458,0.2093395980789316,1.502196582826856e-05,0.0001892080137259,1.6239036301755538e-05,5.726328332795894e-05,1.7025780825676774e-05,0.0561964925026022,2.1799535467202766e-07,4.942524893434885e-05,0.0242467573230582,0.0883655607590596,0.0283182545278124,0.58735986082467,LFP,12,65
-29749.339196090958,2.564336350930537,0.5531968821404069,759.7906856459293,-2.5005167010103406,-2.2994832989896707,-0.2196501122487553,0.211928589170331,1.516025211145771e-05,0.000133227846781,1.0590851074033735e-05,0.0001324587557148,1.3213992870544902e-05,0.063270437577429,1.841108956610876e-05,3.8626861134490456e-05,0.0047861857883364,0.1067681359109607,0.5918424100407478,0.0117393417995362,LFP,13,6
-584039.4056530838,2.3064297847046342,0.0220250591233533,347865.3317017741,-0.405480268400467,-4.394519731599544,-0.6615767156427169,0.354747488863967,1.3605189321684482e-05,9.841143728660924e-05,1.4402257279360689e-05,5.5380136502270494e-05,1.5742323621356763e-05,0.0991917679608728,2.165307957122429e-06,3.208008061275562e-05,0.0235211104532227,0.103660161352001,0.0741695484846375,0.0905935745206445,LFP,13,64
-264886.1268323186,2.089336073928503,0.0086543859709111,445473.494718466,-0.519582489558438,-4.280417510441573,-0.7372655015941032,0.2016574519619413,1.6364757570120084e-05,4.07268432764836e-05,1.2339033292410378e-05,0.0001331676910381,1.4489446078916852e-05,0.0894034030533879,1.9767780228675517e-05,4.733459820663558e-05,0.0228949295480903,0.0118856345466417,0.0186321826205974,0.1622166812386576,LFP,13,93
-619131.4047456514,2.4959345549736662,0.0593374521128443,136472.2150444383,-4.664646152246355,-0.135353847753656,-0.6192553493080585,0.3824892885043334,2.2698896244005828e-05,0.0001305228134629,1.0191592469142424e-05,5.307175022831028e-05,2.6499164407710426e-05,0.0857464912517222,1.7298540598940368e-05,3.069858741692258e-05,0.0244677474911775,0.0186893700943379,0.1423814947239199,0.1496737858736836,LFP,12,31
-393763.7473626015,2.499889123082886,0.0120307671341085,187522.08440302435,-4.199537569046825,-0.6004624309531863,-0.2102035664504506,0.2492560687391889,2.228617952199554e-05,0.0001742273043957,1.1786048621041016e-05,6.678641095589894e-05,2.9682236074630708e-05,0.0570301435643801,1.9241313936075108e-05,3.39483025371827e-05,0.0243572167836004,0.0379725915613475,0.3097218903259007,0.372101951662301,LFP,12,73
-582939.8905168802,2.436574070879314,0.0098768919794145,414887.9765381927,-0.3578880182409776,-4.442111981759034,-0.6999073104227849,0.205458179436738,2.9274966434974207e-05,0.0002287940607314,1.3457778240033852e-05,9.217519645694176e-05,1.814991714880177e-05,0.0921191925473504,3.374904711295838e-06,4.98235973844076e-05,0.0235852212066835,0.0555828718442113,0.0648780574369501,0.1096317602960536,LCO,13,79
-154188.50590894208,2.5638866119212045,0.0625870587747669,38249.02495584684,-0.9153253308702888,-3.8846746691297223,-0.3110916681411356,0.2178568594562402,2.329869853565601e-05,0.0002471058757942,2.973533626132212e-05,7.415065896104532e-05,2.6336454824340347e-05,0.0562935994687283,5.833698946168685e-06,4.527103736806763e-05,0.0175029299657531,0.0159132383817594,0.5204598905182221,0.0825352029588829,LFP,13,25
-51755.047191409816,2.12299454432673,0.0102559556385391,49719.01672560816,-4.227536281102687,-0.5724637188973247,-0.1169385305101672,0.2586954757378664,2.60141493045213e-05,5.695130107270987e-05,1.6738767008287238e-05,6.507965745148871e-05,1.2648211696611878e-05,0.0848432580792577,1.6841339898750338e-06,3.597945856682311e-05,0.0103960646501885,0.0137230683020703,0.3757418220347557,0.4235965791530068,LCO,12,78
-46265.05192159751,2.114671939318022,0.009437874639548,25151.22383146601,-4.220104346343625,-0.5798956536563864,-0.0732671095772473,0.2123097316995054,2.603681465023007e-05,6.136956458785702e-05,2.3544023035649828e-05,8.353378563383352e-05,1.5091908074090111e-05,0.0825249725234814,9.886127663942213e-06,4.34039080401338e-05,0.0074041878189481,0.0826696845510378,0.2105786288350575,0.5634845770366574,LCO,12,79
-312348.29317648464,2.5297784527727307,0.0128578466638585,130842.2849275489,-4.257464732868051,-0.5425352671319601,-0.1332809733775188,0.2621230919523868,2.694808931156328e-05,0.0002143628826856,1.0264111162592376e-05,5.29523444870633e-05,1.5484623945849156e-05,0.0432314897998631,8.154272416082974e-06,4.114380457477628e-05,0.0220825264521506,0.1538709307137041,0.4460939264199291,0.1967541694888479,LCO,12,81
-40024.4797476573,2.445633284171544,0.0366097426539735,13063.452723922896,-4.558743169172061,-0.2412568308279503,-0.6562315126834267,0.2440261654065759,2.6456214122624757e-05,6.851663082181012e-05,1.7955713616352818e-05,0.0001306794768192,1.618644327247397e-05,0.040811135292291,1.6895190783998246e-06,1.075011705286814e-06,0.0105721509484532,0.0364435898055974,0.1785423281371789,0.0587825693737969,LCO,12,32
-308959.62219357287,2.164487872557264,0.0230017359205122,221864.4668513689,-4.30034275258501,-0.4996572474150014,-0.3977346254376209,0.4596693173652046,2.37585627701118e-05,6.245182112704166e-05,3.0256771648752643e-05,8.430515456805639e-05,1.772967051791189e-05,0.0780796679517531,1.7675574542082685e-05,4.31907170434741e-05,0.0209194946114815,0.0181509366824422,0.0838719227924515,0.4302425150874853,LFP,12,81
-328792.53319697327,2.1283905048222254,0.0149835866429166,340744.92176914035,-4.22741567849846,-0.5725843215015516,-0.3055460021343202,0.3185816353674632,1.771114591745033e-05,6.830798849005964e-05,1.1658691637443333e-05,0.000132033704997,1.2174112614970887e-05,0.0959839314419459,5.866514919055746e-06,4.79541369997188e-05,0.0238400685600322,0.0176144234871821,0.1807129867082108,0.4261265876702867,LFP,12,76
-90244.1810165434,2.3039411778700463,0.0099305654057377,49632.6447733005,-4.2492975415174925,-0.5507024584825189,-0.306771246794886,0.2333653216432245,2.900596168552719e-05,0.0001182618590201,1.0014326899292625e-05,6.146744252573462e-05,1.2760940004393503e-05,0.0825775073234623,1.75157984678682e-05,4.350338106890642e-05,0.0098175795001561,0.0186880400133048,0.5922928311339484,0.0122478820578608,LCO,12,81
-229747.25369374375,2.413412013544977,0.0109115980922463,92933.26823924386,-4.205297234920913,-0.5947027650790986,-0.0634650671834838,0.2356794516651204,2.851428063453139e-05,0.0002098498139749,1.013263442957945e-05,9.244501852235155e-05,2.538576412381127e-05,0.0569805093559146,1.6129765358225534e-05,4.891434789962911e-05,0.0174602471913887,0.0105102423014797,0.5269460991688317,0.3290785913462047,LFP,12,74
-28039.59464758134,2.420138548580828,0.0120660551178889,17929.942789087036,-4.204951686213029,-0.5950483137869824,-0.4899926627277666,0.2505266100291026,2.3677105125825543e-05,0.0002209348191048,1.0588775459632643e-05,9.78309214107408e-05,1.7899403679667682e-05,0.0906555367484708,1.5294096511314812e-05,4.7780236985850885e-05,0.0054251560525509,0.0218550996249665,0.2091276107778495,0.2090246268694173,LFP,12,76
-315324.9907023588,2.13382774627582,0.0179210930762627,262411.0554700984,-4.454370158403201,-0.3456298415968106,-0.4032647989671302,0.5179097057421337,2.268121302407578e-05,5.679656323144633e-05,1.6825446876662657e-05,5.2787621333612566e-05,1.2038943545030172e-05,0.0844203338001478,1.5072476820246966e-06,3.833768529815889e-05,0.0202199672492451,0.0135261998797216,0.4829172119420746,0.0302917892110736,LFP,12,98
-184543.4661230193,2.092364202974745,0.0116123070802145,198698.00433627053,-0.3482138800338532,-4.451786119966158,-0.2044049164712699,0.2179252804356286,1.3872893095227904e-05,4.828624906903384e-05,2.3083643067268227e-05,9.339001039982384e-05,2.155026159717004e-05,0.0610965480445379,5.147694803591077e-06,4.72699691184822e-05,0.0229323189325369,0.0723261355750145,0.440729617385675,0.2125393305680405,LCO,13,75
-160123.46939372216,2.3883575267093518,0.0140470365817759,99097.18710155431,-4.194814457802863,-0.6051855421971482,-0.4879099849584374,0.2614022058947651,2.7292686322904117e-05,0.0002143779419873,2.4707642989768104e-05,9.325685977576284e-05,1.443125556937265e-05,0.0948086874841492,9.65709333313113e-06,4.953452858147877e-05,0.0128294963359995,0.0190574533165081,0.3805406133801759,0.0424919483448785,LCO,12,72
-388852.2496147383,2.2237654217379625,0.0138872734483366,279794.3181354468,-0.3479112467338581,-4.452088753266153,-0.5311174863582773,0.2590178854489275,2.6149120281126764e-05,7.31051521562846e-05,1.516613456569698e-05,4.713793665766257e-05,2.5268480192452695e-05,0.0850736233424978,1.6305934429471832e-05,4.698533528826225e-05,0.0230153064709791,0.0108638037642646,0.3196920002805388,0.0683267095969193,LCO,13,74
-75215.95128320159,2.517662986230063,0.0130343415222882,38785.72114842639,-4.310773378520956,-0.4892266214790552,-0.2573499599759342,0.2645197548973,2.8594295511367276e-05,8.004890786691156e-05,1.0832432857599244e-05,5.192842187411487e-05,1.2652030407386162e-05,0.0538683090331034,8.568074341550577e-06,1.265003454751888e-05,0.0107178219708504,0.0585653283618203,0.4457416709124959,0.1683430407497495,LCO,12,86
-194541.40415106455,2.4857557287463914,0.0093239546527934,178525.1863863417,-0.3883266701669541,-4.411673329833057,-0.8242650425787842,0.204811980618987,2.9531168079753795e-05,0.0002322300961064,2.2752047183123668e-05,0.0001151828848749,1.3147701063139126e-05,0.0873751679076568,1.0348111522997066e-06,2.6850402757953923e-05,0.015161132303405,0.0317427678554013,0.0363895418265597,0.0376026477392547,LCO,13,82
-37204.41351702868,2.193827631662137,0.0089954138129253,23749.821509288784,-4.296826426371823,-0.5031735736281888,-0.1394820971944445,0.2019735511195408,2.910257919891474e-05,0.0001191959302632,1.3574553794115394e-05,0.0001088455855188,1.5226893283174531e-05,0.0425785308135009,2.543628111314885e-06,4.69575300103339e-05,0.0093297905217821,0.0875653079737487,0.4559593506463916,0.2469932441854152,LCO,12,86
-62682.23849623811,2.1936219997072177,0.0128119287456386,48078.31678141397,-4.194964826274067,-0.6050351737259447,-0.2528584582776271,0.2528249692180003,2.55923042127759e-05,4.410846691158027e-05,2.2845834602621137e-05,7.419425770394412e-05,1.6396699719318355e-05,0.0842470889799117,1.391521100039862e-05,1.963310526078121e-05,0.0102359647339558,0.1612164343164968,0.0571229937387453,0.4588021136671308,LCO,12,74
-550577.8357949283,2.3781130518431985,0.009914249230402,318737.44975135906,-4.224490372609175,-0.5755096273908364,-0.0494000901785317,0.2050628849846173,2.968684142601764e-05,0.0002077382374455,1.0159144739631002e-05,9.249471247183762e-05,1.938241947423647e-05,0.0925353177399083,3.2360172597013086e-06,4.604448285471809e-05,0.0242655759885027,0.1967079602827807,0.4461112626682328,0.2377806868704547,LCO,12,79
-426119.42514824,2.285213131806432,0.0120305772498266,366668.9439526121,-0.3487760647229407,-4.451223935277071,-0.5192139942897853,0.2595030143275039,2.6538212040752208e-05,0.000161949382479,2.01158517773559e-05,0.0001254037427435,2.4390819695488093e-05,0.0979392977657392,9.76796294468369e-06,4.641572978093445e-05,0.023121091059025,0.0385990784400118,0.3189158414995258,0.0532710857706769,LCO,13,74
-184118.1716809108,2.170666954830464,0.0123133664081426,129168.44863823206,-4.201378631404481,-0.5986213685955306,-0.0947169339754397,0.2511606838800858,1.2592244526598782e-05,5.053856751629522e-05,1.170556635832013e-05,9.60520034259284e-05,2.5361293885378157e-05,0.0442360552144903,6.107796465293273e-06,2.8675414910918027e-05,0.0238878829539558,0.0264948044268532,0.3883844246416134,0.4204038369560936,LFP,12,71
-82308.23761702135,2.306035985658541,0.0098577682655007,81715.10914956829,-0.4911930184999846,-4.308806981500027,-0.3749430200007307,0.2190783128182333,2.9123148584354556e-05,0.0001187046392751,2.3733546498967937e-05,4.679898466326344e-05,1.657653659220532e-05,0.0994399525937901,1.0590299429995766e-05,4.66129144909518e-05,0.0103815246545852,0.0847351635492644,0.2106370588662413,0.2596847575837636,LCO,13,89
-363132.02581012767,2.400802237955056,0.011153406187963,199894.9200646291,-4.199040739534517,-0.6009592604654941,-0.2529595029814013,0.2350784836062177,2.6872226897055323e-05,0.0002144435948602,1.0129389417726636e-05,9.484821868982944e-05,1.292388798465347e-05,0.0574939629185666,7.769222305152588e-06,4.097591034995207e-05,0.0241901656835509,0.0115934804587478,0.5289276348459654,0.1365193817138854,LCO,12,74
-64452.74691264125,2.0783157550089824,0.0133357763213829,77581.6133374117,-0.5104079783239257,-4.289592021676086,-0.4511011276017468,0.3190786842336128,1.762636282621601e-05,4.444500808785177e-05,1.3710438400869327e-05,0.0001286219758345,1.666940479736158e-05,0.0943887371628449,1.0718159243267129e-05,4.599898759764762e-05,0.0100517116462339,0.1140653231307001,0.1806055044267082,0.1842280448408449,LFP,13,89
-517663.5367794521,2.4500904889625508,0.0098140244476183,318361.6435423958,-0.3550606365060602,-4.444939363493951,-0.2299565129407857,0.2047428185125424,2.8888154588252903e-05,0.0002270026053787,1.340971477196178e-05,8.868212004233285e-05,1.3582651896259431e-05,0.099298673798891,4.200758589720315e-06,4.64326987464973e-05,0.0217646577666822,0.0511461517113841,0.0643458132248536,0.5845515221229765,LCO,13,78
-280340.8687021109,2.4987696625214237,0.0130032997550848,145339.1783639589,-4.196764059240884,-0.6032359407591272,-0.50449500034122,0.2635532049901661,2.804661966632183e-05,0.0002149324130426,1.056193370457514e-05,6.365229937668506e-05,1.542334610254199e-05,0.0997965581828004,1.7900524418081793e-05,4.984756771857872e-05,0.0150231028079201,0.0127437665057779,0.2392186393563119,0.1735425937966902,LCO,12,74
-14021.096277892328,2.119221231072772,0.0164801947816,11785.000437391149,-4.395424879388337,-0.4045751206116748,-0.0698754684076329,0.3724474959512859,1.239493375422563e-05,6.598725234288338e-05,1.1624076326727923e-05,0.0001410279090148,1.2152523544313035e-05,0.0609035151952915,7.225078096492194e-06,4.694446095057764e-05,0.0052950431556008,0.0310111941181727,0.5835488489997889,0.2455644884744055,LCO,12,91
-49723.78818466051,2.478882384138097,0.0113301846925254,31457.10023826404,-4.313508002301916,-0.4864919976980957,-0.1319013825936329,0.2631644155869574,2.804661334219009e-05,0.000216910745685,1.056014800370511e-05,6.900977996990335e-05,1.5446968652705306e-05,0.0536932380256111,1.802415644044525e-05,4.94753231193404e-05,0.0094679699056317,0.079990818486764,0.5420828903988251,0.176024908520778,LCO,12,86
-93633.55492826612,2.4816966616692984,0.0117575450936233,65591.85556138704,-0.3935975055542684,-4.406402494445743,-0.5144071721111843,0.2631867855949164,2.8170990855913083e-05,0.0002169668771266,2.377971861975072e-05,6.344030172066931e-05,1.5640825150658087e-05,0.0956444878001688,1.8598759839682077e-05,4.9388523732152206e-05,0.0094461392684598,0.0866253191424254,0.2866862859057283,0.0422812228406619,LCO,13,80
-479125.1046656796,2.670802007421358,0.490439712566136,28163.99295199045,-2.5302907126981893,-2.269709287301822,-0.1998551196778017,0.2741895864240037,1.575148214198082e-05,0.0001305622780743,1.196893100595695e-05,0.0001440794055925,2.8268216129364515e-05,0.0999406112279701,1.4159466365042766e-05,4.3363786016061e-05,0.0235732446695016,0.0240785921617476,0.591196439411219,0.1148698487492315,LFP,13,6
-84487.55972183554,2.461220621547739,2.0543251458334035,4950.0026546420495,-2.823336444435484,-1.976663555564528,-0.0540385837012594,0.2191649523741121,2.9122962951056947e-05,4.05050974569713e-05,2.6003161754696936e-05,7.776110873595893e-05,1.6410700800062723e-05,0.0978845531993375,1.4793767740635994e-05,4.659481807007111e-05,0.0132378139046253,0.0604361331417042,0.4667829866031712,0.3487422965538651,LFP,13,4
-164351.37259734093,2.588075530310255,0.0606644121021754,49614.20135640646,-0.7155252107496395,-4.084474789250372,-0.2562775527208554,0.4305274450023266,1.6173682483513215e-05,0.000237172877505,1.3814331242064156e-05,4.758146914527912e-05,1.4633826779695388e-05,0.0989680909929887,6.559141695415825e-06,4.776321711156425e-05,0.0112043783750325,0.0664016496852175,0.5071440773559094,0.1001767202380176,LFP,13,45
-123046.15555877032,2.1578126228878016,0.0100882835203807,72634.78530984627,-4.275538610072708,-0.5244613899273034,-0.0332487052340065,0.2560420113539159,2.952812476677949e-05,8.500779939886875e-05,1.0609640052660088e-05,0.000122605372136,1.2500979819637852e-05,0.0877687558662933,1.1183077926046734e-06,3.286076687566535e-05,0.0118753913760432,0.011970811644975,0.3501475843812376,0.5346328987397808,LCO,12,83
-243203.69024669225,2.1005878705677405,0.0110161082302612,191744.71364402093,-4.188866887796372,-0.611133112203639,-0.2688580838048967,0.2011957124163144,2.9333642500665703e-05,6.388285382958994e-05,1.680542182402158e-05,0.0001184925238607,1.6964220833431093e-05,0.0858630987420411,1.1473772293167197e-06,4.999617714185346e-05,0.0205505200738237,0.0658662833823651,0.5652565228164489,0.0300191099962892,LFP,12,70
-47932.533447094,2.388269864945455,0.0093256271579773,31711.790234945143,-0.3723998929708969,-4.427600107029114,-0.0997829185459873,0.2129473183178517,2.9178460033661675e-05,0.0001935126548066,1.116267229325162e-05,9.60914664491902e-05,1.8214784366793903e-05,0.0921835005336288,3.195889511722128e-06,4.984564385563339e-05,0.0073416389019771,0.0433809223786543,0.2190208980344047,0.5678152610409537,LCO,13,79
-11614.150386989812,2.5755998530903623,0.0115742231743896,5892.607959495577,-4.238316780279725,-0.5616832197202868,-0.1935993455035065,0.2623863164911768,2.992104024203953e-05,0.0002450594329983,1.0258196664247058e-05,5.355280028474759e-05,1.510599705955706e-05,0.0422786159601423,2.7042743901544575e-07,4.970055357725632e-05,0.0047513473703179,0.0861772140544277,0.4560334574487571,0.1941899829933087,LCO,12,79
-41079.81884771427,2.516995052113725,0.0115031702967862,19221.21163745912,-4.236196522155737,-0.5638034778442744,-0.0983269048418077,0.2589576250581122,2.5830389426543684e-05,0.0001962941975777,1.913369256444181e-05,5.1885847076584754e-05,2.134736363284984e-05,0.0950461301833309,1.7099037359891573e-06,4.9902304394274846e-05,0.0058994892264416,0.0341447368330862,0.3768310458632616,0.4206973124618444,LCO,12,79
-7466.708614265239,2.0668539485406123,0.0417807587148066,1691.1297375487975,-0.799121171502108,-4.000878828497903,-0.0222180987713509,0.2562220616853193,2.422424212577936e-05,4.1457723070161424e-05,1.1570228896806604e-05,0.0001463592479317,1.3065912108145485e-05,0.0411509999695246,1.2996419317417284e-05,3.898969380145907e-05,0.0041552561190056,0.0113889488971734,0.4740177026450793,0.4223752496863963,LFP,13,31
-509135.4855334311,2.4455288902472527,0.3938394573908526,46756.22062476784,-2.1199210849721557,-2.680078915027856,-0.0295004268225428,0.4694743822590927,1.5701333805419108e-05,0.0001129096265097,1.150423402499474e-05,9.214358018835695e-05,2.5417179850168765e-05,0.0983169890927018,1.518157512288154e-05,3.939465090713934e-05,0.0248299448786551,0.0729647515009858,0.5944785355253522,0.2330562861511192,LFP,13,10
-7466.708614265239,2.0683489142116005,0.0371519203734775,1903.8231019311488,-0.7570416651525917,-4.04295833484742,-0.3307508756913569,0.208470899571186,2.7049117486308667e-05,4.044682561273464e-05,1.0386186176122206e-05,0.0001475711102968,1.285517048386274e-05,0.0406627797103758,6.038589686478597e-06,3.5808357400349936e-05,0.004189692471398,0.0844601620375651,0.2133973277927373,0.3013916344783405,LFP,13,31
-430820.6712280361,2.867959173594217,0.1873136931025353,46502.23842169595,-1.3690056332970215,-3.43099436670299,-0.1489600282862652,0.333645660187176,1.6959862598776003e-05,0.0002392435403051,1.2086674993572438e-05,5.225530357289234e-05,2.8035691529895608e-05,0.0747692172909363,1.6527511772761504e-05,3.410566063094058e-05,0.0209758445557825,0.0323773427970633,0.5933834348313092,0.1552791940853622,LCO,13,17
-471532.9469605245,2.4163591373125124,0.2293444273458186,37812.786533980194,-2.161165976042845,-2.638834023957166,-0.029765890629993,0.3278866958446331,1.4632293020749278e-05,0.00012870984285,1.064901305533404e-05,5.661389878202063e-05,2.957357886740618e-05,0.0988304250689905,8.345210727488968e-06,2.479341578594037e-05,0.0236742448489229,0.1539773180840698,0.5968778870050296,0.1493789042809074,LFP,13,9
-7466.708614265239,2.0727888557079788,0.0346525641289596,1720.502436457787,-0.751052259240879,-4.048947740759132,-0.2659305902412628,0.2054793679022208,2.6758690329433263e-05,4.151371232952037e-05,1.099640373733102e-05,0.000101514943235,1.671875609212139e-05,0.0405385957517117,1.4319693455580962e-05,4.660587660524892e-05,0.0040806459620456,0.0174112092190492,0.5177396027603455,0.1289185977793424,LFP,13,32
-427985.1090271535,2.220071796933345,0.1954970095926788,40148.83751868205,-2.0390794498845963,-2.760920550115415,-0.0523403066496165,0.3335801951555517,1.4626857878290956e-05,6.57562485286449e-05,1.280804822326891e-05,5.778555412718616e-05,2.9727772941465405e-05,0.0979225822955119,1.5139992159715723e-05,1.8262669830020432e-05,0.0236831400860007,0.1366693875357819,0.5920323652840846,0.1489579405305169,LFP,13,10
-163711.98250186277,2.087439340353308,0.0089482066303411,94693.61139396323,-0.5592250390715563,-4.240774960928455,-0.1191438216558212,0.20240142278243,1.908645270019573e-05,4.005264684303622e-05,1.0296821738107074e-05,7.280264180923088e-05,1.2458004071737676e-05,0.0790888550047163,2.275371938537208e-06,4.370294466500545e-05,0.0125989749437557,0.1320344414603749,0.578037204302638,0.1007845325811657,LFP,13,99
-509135.4855334311,2.495072813437409,0.3469083196914662,48260.96696890915,-2.032216298514051,-2.7677837014859605,-0.0188977010082961,0.3489979255555155,1.5253504024171228e-05,0.0001317953303012,1.0502670323737076e-05,0.0001444672781392,2.5417492800857312e-05,0.0983802020201321,1.4888383296861156e-05,4.071941451712725e-05,0.024859957169777,0.0730900100517903,0.5961758949001106,0.2418363940398029,LCO,13,10
-7466.708614265239,2.0723686182369216,0.0362686192254484,1875.721830017442,-0.7988643298582119,-4.0011356701418,-0.1642437783295233,0.2107432346242565,2.642871751888593e-05,4.086255505152131e-05,1.3998639902374907e-05,0.0001473100394122,1.4114872231011288e-05,0.044643499700612,4.992095879584531e-06,4.429686762476399e-05,0.0041812067182525,0.0472779320206939,0.594654433320688,0.1238238563290947,LFP,13,30
-446656.43906290847,2.554816523358512,0.6990482386470561,27091.81977219385,-2.4427995584463176,-2.357200441553694,-0.052347788978404,0.3620171463375657,2.246960361562228e-05,0.0001254400616331,1.4014307722429716e-05,6.754641481171415e-05,2.539294674206905e-05,0.0933095839250395,1.3090038050550708e-05,4.642445048092704e-05,0.0234015809723354,0.0628341689691446,0.5794472035882969,0.2353708384641543,LFP,13,7
-7293.535460449525,2.060279885157445,0.0349816181188922,1942.017037625904,-0.7364756239112609,-4.063524376088751,-0.7679819525622764,0.20664495968086,2.77673040553873e-05,4.002692830167168e-05,1.1294016864272642e-05,0.0001093320799647,1.8993024694557928e-05,0.0412089814462125,2.84044259724633e-07,4.7164478470518574e-05,0.0040036049777498,0.0346792035316354,0.0905826065585073,0.0367562373475807,LFP,13,31
-7686.476484014538,2.120955441400312,0.0229190988906231,1523.5580007073995,-0.7714388145026447,-4.028561185497367,-0.2579933632230813,0.2042451805827509,1.2316409459154029e-05,4.00544657626963e-05,1.2505676279229524e-05,5.485682551952807e-05,2.4868914176671625e-05,0.0402365645984168,7.5573550310664835e-06,4.603010738925585e-05,0.0040059063701342,0.0272978408138556,0.5296681149205508,0.1150406810425122,LCO,13,30
-7293.535460449525,2.066834439705219,0.0334562950103648,1782.845251044872,-0.8263944712948259,-3.9736055287051855,-0.472751654879901,0.2548487722327178,2.9418767443266365e-05,4.0921575641850576e-05,1.0233973363731374e-05,0.0001314242927934,1.6037662087752298e-05,0.0411140423460829,5.634783883827032e-07,4.602866042439381e-05,0.0041304975607977,0.0777170041309302,0.2891200794752016,0.0904112615139671,LFP,13,29
-424610.3821976216,2.261233498156046,0.194114397743139,34786.88776610524,-2.1112636520804315,-2.68873634791958,-0.0449459158732358,0.2484032132252717,1.6473645982813173e-05,4.00143130775099e-05,1.0640381684197482e-05,6.871532643437262e-05,2.543606449101028e-05,0.0990895454290051,7.575114301627407e-06,3.682101798006951e-05,0.0233420549858224,0.1752010486414321,0.585299885740521,0.124553149744811,LFP,13,9
-415191.5067075313,2.2223250992140486,0.1842026983249691,38381.23270724207,-2.0420947222454373,-2.757905277754574,-0.0443503543427719,0.3217448933467429,1.7853860636031557e-05,4.0119793359610944e-05,1.0604813573977409e-05,6.86699426390266e-05,2.513093795102681e-05,0.0985441859419283,1.4489925296910778e-05,3.8371077327271325e-05,0.0234134544546906,0.2175233458640674,0.5961519632546995,0.0719743365384612,LFP,13,10
-502451.4493772449,2.4929513933903182,0.2085026676440131,44126.63558147776,-2.055467312910629,-2.7445326870893823,-0.1786911420581562,0.3769030887729601,2.258000044577481e-05,0.0001265872922182,1.0775098740445397e-05,6.772509664141459e-05,2.849572647661755e-05,0.0986059717144494,6.093845935030372e-06,4.34494427619482e-05,0.0237923792356387,0.0626797015061504,0.5792082646932336,0.1094208917424597,LFP,13,10
-46035.66067235953,2.5431245874215143,0.0101775869613545,31323.621466268454,-0.5724744287566494,-4.227525571243362,-0.0476755893441749,0.2421082807936666,1.3413026048361153e-05,0.0002032655431201,1.411077046612358e-05,5.817770140746214e-05,1.7548973491967358e-05,0.0458762586879613,5.034150728270427e-06,1.4839482296062469e-05,0.009204179019567,0.1814553908302035,0.3957293908717911,0.3051396289538304,LCO,13,97
-422936.2243344186,2.245197039230816,0.4485899778803661,25467.36020724056,-2.541760084789651,-2.2582399152103605,-0.0875651210661899,0.2761411682480935,1.7816700756652572e-05,4.216288004905358e-05,1.656894962665422e-05,0.0001225503422865,2.898004777651437e-05,0.0995224583939994,1.4053810165443576e-05,4.891957077640918e-05,0.023574294315817,0.1543040638118074,0.5903632986634527,0.09776751645855,LCO,13,6
-7688.082038571268,2.097423992470538,0.0349816181188922,1909.9144051471271,-0.7569276780562788,-4.043072321943733,-0.5164635536756592,0.2041337951385158,2.662025963908824e-05,4.005436188776686e-05,1.1280143954078012e-05,0.0001479027070236,1.6938002156038473e-05,0.040716711735783,1.4397253655342009e-05,3.0735519968881696e-05,0.0040805935749144,0.1148209069835097,0.2384983422574602,0.0602171970833709,LFP,13,31
-7293.535460449525,2.0640027687388653,0.0349816181188922,1783.3186242102609,-0.7776186775990865,-4.022381322400925,-0.3317734865957604,0.2155606175803175,2.8455713762381194e-05,4.112031339399608e-05,1.7989885055874235e-05,0.0001425804004361,1.5691622665394464e-05,0.0405818980420321,7.152006150185155e-07,4.650800669381113e-05,0.0040937369951342,0.0602195285201833,0.5115207381745425,0.0264862467095138,LFP,13,31
-7466.708614265239,2.068871544687472,0.0349816181188922,1943.1988880157776,-0.7814205091933459,-4.018579490806665,-0.1757920274534333,0.214430689755667,2.646414393689197e-05,4.087902319256226e-05,1.4709795294425131e-05,0.0001476107607491,1.632705350361554e-05,0.0447092587351496,1.4071242724306416e-05,4.327701069334462e-05,0.0041822885934435,0.0344359950520328,0.5960380877677911,0.1237338897267428,LFP,13,31
-7293.535460449525,2.0640027687388653,0.0362686192254484,1636.6112037141438,-0.7983201028926743,-4.001679897107337,-0.1800140675426635,0.2107226588761595,2.638062428212657e-05,4.073975841467487e-05,1.9783386940682227e-05,0.0001425385173973,1.6486099000423115e-05,0.0413178925943115,7.092216176003535e-07,4.32404528807282e-05,0.0040531771518807,0.0603385656207252,0.5657949450526717,0.1238524217839395,LFP,13,30
-7466.708614265239,2.101940121691838,0.0200069811157074,1818.2072782462044,-0.7603995467359397,-4.039600453264072,-0.7708674107549758,0.2416865809879737,2.4587855422238225e-05,4.004874601657724e-05,1.081687968721982e-05,5.809359574931505e-05,1.6619775519965864e-05,0.0406057588964674,7.585927583806041e-06,4.65042512363101e-05,0.0040007402617445,0.0652440067470626,0.0686102918304852,0.0252782906674763,LFP,13,31
-456199.4938326391,2.2063136761559954,1.6638113207900955,40047.02997462656,-2.033700430784158,-2.766299569215853,-0.090538755170809,0.3336414463434642,1.4595807916559806e-05,4.002071092119005e-05,1.0358032976376576e-05,7.353360079862996e-05,2.997831483575996e-05,0.0976424300825786,1.4484475827467596e-05,4.759648442296882e-05,0.0236859068489313,0.0980426360260331,0.5920036990046458,0.1494149097985121,LFP,13,10
-403309.1841930946,2.7455524945101986,0.08918074152126,62157.24441685941,-1.3034462929906423,-3.496553707009369,-0.1678794673667458,0.2351304821915554,1.669795363883209e-05,0.0002446234040185,4.291079912043529e-05,5.459941047629569e-05,2.468007271816998e-05,0.0947943152765826,1.0529848838017842e-05,4.743431235228866e-05,0.0212467671839578,0.0325555033502363,0.581310358919443,0.1482546703635748,LCO,13,17
-7601.112898717302,2.0781561495230005,0.0291781825467587,1756.7784998040936,-0.7824916787579639,-4.017508321242048,-0.2211891186057656,0.2236640548980746,2.755333248164305e-05,4.1922296055915165e-05,1.070701427715038e-05,0.0001480308802158,2.9931228909663565e-05,0.0417203535559452,4.236599641600469e-06,4.725578965637983e-05,0.0041960633556769,0.0714128104203122,0.1790897672492935,0.4583083037246286,LFP,13,30
-7381.345028968004,2.067871986807609,0.0402476877741095,1675.4988306509622,-0.7802574866661587,-4.019742513333853,-0.2188268208484601,0.2238075495769919,2.804052044134796e-05,4.192293511443772e-05,1.0516308344422822e-05,0.0001399908371187,1.3837948405208068e-05,0.0417207680662363,4.289254811857848e-06,4.891152895695301e-05,0.004041367869668,0.0603184851956012,0.162220945823226,0.4886337481327126,LFP,13,30
-7091.113223322129,2.080987820489354,0.0291781825467587,1574.0964122486328,-0.7476161677921098,-4.0523838322079015,-0.2778352092966544,0.2038751172252969,2.758236010164225e-05,4.0798938089974656e-05,1.3304184625467184e-05,0.0001078541287452,2.998358441725898e-05,0.040171355663207,7.606803758184764e-06,4.7303315159505e-05,0.0040776199252359,0.0256260907939925,0.1670012048486071,0.4595374950607459,LCO,13,30
-7686.476484014538,2.0781561495230005,0.0291781825467587,1796.0844367178113,-0.7737649466327738,-4.0262350533672375,-0.0746955517559355,0.2046293351177494,2.589334737175216e-05,4.08168903524576e-05,1.0793943916041536e-05,0.0001480433498867,2.9683690392175795e-05,0.0446626107692391,5.334881335543728e-06,4.726765235494105e-05,0.0042027103566597,0.0820651003092581,0.1778443796239094,0.595394968310897,LFP,13,30
-7907.849908320566,2.147615297242064,0.0354663298262701,1477.4172350971892,-0.798133956055338,-4.001866043944673,-0.2204047011126196,0.2041297784575031,2.7097499690122696e-05,4.00544676615724e-05,1.306753686194914e-05,0.0001092310726928,2.816261454063947e-05,0.0401693906142356,1.7206204891968732e-05,2.352068831469355e-05,0.00400459881522,0.1160396763834988,0.5342230092286702,0.0593326132752112,LFP,13,30
-7686.476484014538,2.0735739203383137,0.0352642856353123,1736.8021543245295,-0.7521418567037728,-4.047858143296239,-0.2679153845406588,0.2060617738070686,1.8321500567637355e-05,4.157820507191331e-05,1.2000741171070004e-05,0.0001232938190579,2.490407960563869e-05,0.040682818428943,1.7171776000361766e-05,4.601511976499835e-05,0.0040226582892225,0.0173749801789215,0.5297002580125931,0.1150093772678266,LFP,13,32
-737175.9918918131,2.550474053693516,0.0137043375480028,389530.3153561668,-4.245832756573215,-0.5541672434267966,-0.2212783499682287,0.2892948917864193,2.802762844007105e-05,0.0002327276420741,1.0496298709816475e-05,5.2002474976742136e-05,1.3573493533141128e-05,0.0990641136683973,1.556994621228954e-05,4.5173843321631965e-05,0.0249084912319768,0.0683197192467361,0.0608156329426787,0.5795862978423565,LCO,12,80
-499592.85657405073,2.407482964820639,0.3914557040126083,46166.58221041356,-2.137314891334192,-2.662685108665819,-0.269541434565709,0.5099464757467602,1.554837232935553e-05,0.0001069431702608,1.1513601692123391e-05,6.656557281313687e-05,2.850881451706556e-05,0.0986070642209555,1.7642875987730915e-06,4.369990022804772e-05,0.0237679567721772,0.0368243545395677,0.5724496724463346,0.0511845384483886,LFP,13,10
-7381.345028968004,2.0723686182369216,0.0384389214800337,1788.0559415708506,-0.7977400053547683,-4.002259994645243,-0.0116136724489298,0.2134400847797329,2.5890691765813832e-05,4.079713977762899e-05,1.54791288303762e-05,0.0001483111108386,1.6713058818161998e-05,0.0446627085072376,4.86974942617892e-06,4.290623396363901e-05,0.0042028114405829,0.0837122026235536,0.452043832147888,0.3826302927796285,LFP,13,30
-428727.5652448135,2.39948976974173,0.1325941735514322,43847.73186068485,-1.740588885327746,-3.0594111146722653,-0.238924546250332,0.2580426354084978,1.2504639997891073e-05,0.000104240347888,1.0357124716208034e-05,5.492846563064345e-05,2.3878510914725373e-05,0.0978053987946386,1.4467921614704464e-05,1.9817359067344827e-05,0.0212062430359642,0.0140844220073474,0.5957788987329794,0.0812121330093411,LCO,13,12
-7773.445556590702,2.101940121691838,0.035306539754531,2496.1376551722437,-4.660254656605346,-0.1397453433946651,-0.6862033949552531,0.3765795942524064,2.6111440912101352e-05,4.008177159094989e-05,1.023832495847077e-05,6.697923144653152e-05,2.429561884151326e-05,0.0624658033688932,1.4576863142182632e-05,3.96029277975058e-05,0.0040269656641077,0.0453663359149191,0.0905526992930281,0.1078775698367996,LFP,12,31
-17913.748586847876,2.068687941863561,0.0110915358998937,18900.33385863621,-4.411945253773709,-0.3880547462263024,-0.4551264665860515,0.2709144297155739,2.941040531731904e-05,4.031630839184509e-05,4.865203945632281e-05,0.000124969789341,1.5341837431135735e-05,0.0442750594384115,1.252578883949608e-06,4.795127487702986e-05,0.0071833724492309,0.0524769686813273,0.3695733142534432,0.0528232504791779,LCO,12,100
-7381.345028968004,2.1135314805295864,0.064865419189613,1651.4012793802874,-0.7547846657098773,-4.045215334290134,-0.0123328831031809,0.2054166386215394,2.6634312345613545e-05,4.154397443912909e-05,1.0095058324991696e-05,8.120292504713445e-05,1.284959013055522e-05,0.0404886132570344,2.161212623219341e-06,4.828781863120201e-05,0.0042297676489068,0.0170200796146084,0.5231893983095492,0.3774576389726614,LFP,13,32
-346072.63220608525,2.7225449953981697,0.6018999979436674,24096.417302066035,-2.5824307132917994,-2.217569286708212,-0.0487405315594035,0.3278834782287632,2.252507915569132e-05,0.0001239040155963,1.4033889202957117e-05,6.774837245536304e-05,2.9585404872580573e-05,0.0989205179647664,1.504977903021242e-05,4.502653491708064e-05,0.0232759948205421,0.1544110993354887,0.5778559745472857,0.1489923945578221,LFP,13,6
