SpecificEnergy,SEIGrouth,TempIncrease,Price,UpperViolation,LowerViolation,VolFracViolation,C,la,lp,lo,ln,lz,Lh,Rp,Rn,Rcell,efp,efo,efn,mat,Ns,Np
-30035.852772444585,2.398720244311967,0.0112195330751767,36771.66748946856,-0.5683451274001072,-4.231654872599904,-0.4137044639881583,0.2232026812193929,1.3696634802706592e-05,4.709829065169402e-05,2.633193741607121e-05,6.0345657712877954e-05,1.2946476575563477e-05,0.0985174688707303,1.5773765234332158e-06,3.3637111602529498e-06,0.0064834043853603,0.0975865592391951,0.3182524001208927,0.1004565766517539,LCO,13,99
-26240.11926130209,2.487951599436657,0.0109127091728261,23125.821863122612,-0.5837750294215454,-4.216224970578466,-0.2930308673357137,0.2935414553429161,2.4872611741845204e-05,0.0001865489948357,2.4603088704648757e-05,4.371024436849825e-05,2.595714335161924e-05,0.0923153401726349,1.5425857086122505e-05,1.0912703895246648e-05,0.0053958714660213,0.0987698590664477,0.3819937434366052,0.1562055301612333,LCO,13,100
-477432.8143271953,2.28334841898466,0.0116804884234631,560479.1065248041,-0.5676879322180142,-4.232312067781997,-0.6387748166093712,0.2780211336651196,1.761572286890097e-05,0.0001805491700606,1.8360992691932972e-05,0.0001319618826892,1.5585629353154976e-05,0.0918514277033694,1.5037392476375394e-05,4.9094672190185134e-05,0.0247660966984299,0.0608846619164595,0.041275143086043,0.1890653783881261,LCO,13,96
-11526.188299454774,2.098974635507707,0.1594240534423827,1977.9898395161745,-0.9074528190914392,-3.892547180908572,-0.2953282627855702,0.221136424936917,1.4864718633244e-05,5.430124039232557e-05,2.1464620523225847e-05,0.0001483343337524,2.4042463428316566e-05,0.0542424339928399,5.068404792260467e-06,4.445858033352661e-05,0.0040969942681832,0.0140910062048064,0.5928224883895816,0.0277582426200417,LCO,13,25
-153629.8830863892,2.215001161421938,0.0119513876244766,149050.89192556118,-0.5685730953416765,-4.231426904658335,-0.3976500300501877,0.2773369957132429,1.4995502710840029e-05,0.0001365012217886,2.785923433450669e-05,0.0001261139194015,1.7485358188919473e-05,0.059812421438551,1.1157409488479956e-05,4.365937964055005e-05,0.016465936856693,0.1643669317864817,0.2784127400024764,0.0895702981608541,LFP,13,98
-27921.52111908952,2.1111002603414746,0.0087569681348159,32293.37446639345,-0.537657358071769,-4.262342641928242,-0.1029220609421806,0.2251551046231319,2.767725205730367e-05,4.515800878362867e-05,1.2068473310772432e-05,0.0001269162559522,1.4460435978560806e-05,0.0802129897842391,1.121743644142852e-05,2.74761121762228e-05,0.0074329750557489,0.2430280092889644,0.0932999923986729,0.4907499373701821,LCO,13,93
-11507.364235075782,2.141759255880564,0.0119050191589738,20623.805432598467,-0.3632900004890729,-4.4367099995109385,-0.3284368749123035,0.2411330454506767,2.7871065954256004e-05,4.774680883401055e-05,1.4546808396251904e-05,9.147326553696116e-05,1.5031690447402106e-05,0.0758154266418172,4.072698860886525e-06,1.806174105560447e-05,0.0065001760427984,0.5574876107971908,0.0131676973778664,0.0309078169126393,LCO,13,77
-455215.5282303073,2.442430772229806,0.0169743835774422,373465.14227693377,-0.5911717529489167,-4.208828247051095,-0.5536509902639433,0.3960364071240856,2.065734669340981e-05,0.0001880459428134,1.6841368123466287e-05,6.985860574042324e-05,1.5686671462323577e-05,0.079960340680544,1.9213099973589463e-05,4.968277353013911e-05,0.0220258040355389,0.2581552813947089,0.047176045280184,0.0710176830611638,LCO,13,96
-457774.7449978177,2.403363468202182,0.0098714216366431,423198.8816985801,-0.5278554614152995,-4.272144538584712,-0.4508801060801046,0.2263542499828292,2.2603105914626736e-05,0.000227779106048,1.0948823395426314e-05,0.0001243772104978,1.524262197477298e-05,0.0807720984831959,1.1185502925396848e-05,3.261520674599591e-05,0.0243710192400668,0.0126195893011079,0.2168373449689274,0.24966295964986,LCO,13,92
-12577.217218414258,2.0996938143810686,0.31630856813224,4479.314671972389,-0.7851231118850563,-4.014876888114955,-0.0359214436260597,0.3058186704238548,2.911683724919325e-05,6.639989285269847e-05,1.0593240832410395e-05,0.0001247231840875,1.784134563508103e-05,0.0990648288391887,5.597756774475564e-06,3.4477246244399785e-05,0.0043253423232043,0.0181018130469224,0.2763875453121728,0.5995891980148451,LCO,13,32
-11400.296835962574,2.078417140791566,0.0095637343079254,9464.895874541831,-0.4031802015669115,-4.3968197984331,-0.2754390463898506,0.2269614675673328,1.4609866417729911e-05,4.491894427089934e-05,2.5194832219182147e-05,0.000115512739331,1.2772672103826718e-05,0.0425580986889953,7.11599302120847e-06,4.4459692202032986e-05,0.0055497835236626,0.07150038309647,0.0761635841388664,0.506896986374813,LFP,13,82
-93711.35186838444,2.382108261720085,0.0150430566386436,61841.23524883774,-0.4479871628537282,-4.352012837146283,-0.6475879957477098,0.317928855016393,2.971284293990179e-05,0.0001751307606748,2.2913463965987556e-05,9.384544100274458e-05,1.5607116034691802e-05,0.0782490724215335,1.7397782765900711e-06,4.875218679157095e-05,0.0097341284172411,0.014477847466182,0.0392225380793645,0.2287116187067436,LCO,13,84
-135964.26253084606,2.5465330344225063,0.0086654690356705,106441.15461109333,-0.5612581235886367,-4.238741876411375,-0.3140178123021991,0.2126000710897405,2.207308268055466e-05,0.000236358312179,1.2511978425758065e-05,7.91698982648325e-05,2.4303239579150028e-05,0.0430127146433944,1.651669294805053e-05,3.211723056359889e-05,0.0165821454917467,0.2602747004286849,0.0231742744957936,0.3325332127733222,LCO,13,98
-39605.61872501244,2.2745103643653635,0.0416437620690021,10575.094884040263,-0.8773858679091333,-3.922614132090878,-0.3493716814766299,0.303982962017054,1.328526938697668e-05,5.962621927938973e-05,2.436627042643517e-05,7.451378359055809e-05,1.7100118527435993e-05,0.0845770401765629,1.5955725014140787e-05,8.709104648415443e-06,0.0071169262655372,0.0933710596057309,0.4397524135927461,0.047504845324893,LCO,13,28
-604308.2355800491,2.491804579151892,0.0123336539304332,285974.4271157249,-0.3980035730999134,-4.401996426900098,-0.2492304866134447,0.2712075370415868,1.9858445162923903e-05,0.0002172672013434,1.5416336277757647e-05,6.066517377993902e-05,1.523305664659361e-05,0.0739967986938075,2.386304808004916e-07,4.502009482677594e-05,0.023473137297534,0.0124250074048859,0.2214063755747126,0.4469381304069568,LCO,13,80
-54231.94094529053,2.7512590506366594,0.1011041700542683,7457.107734651001,-1.494104666056785,-3.3058953339432264,-0.16259062067126,0.2061225644085577,2.8449623494196043e-05,0.0002331225934324,2.5464502235633136e-05,9.474610098473458e-05,2.603907533002037e-05,0.059408829883457,1.8760840973503468e-05,1.0279468134920356e-05,0.0103832586756898,0.023602311490229,0.2252029406397912,0.5186041271987196,LCO,13,14
-163318.61430884586,2.086314920419601,0.014637191325919,160119.06987324,-0.368672319959515,-4.431327680040496,-0.2601134350644942,0.3010018816322306,2.913452324215409e-05,4.514353649638174e-05,2.9501731341803944e-05,0.0001163167058376,1.3015974933173802e-05,0.0605161807452841,3.3342147440629607e-06,4.997224799978979e-05,0.0209576974629869,0.0830479632724231,0.3070067332161353,0.2798318684469473,LFP,13,73
-143984.1760200246,2.536606898109423,0.4550642223562096,13911.169448221612,-2.253191235305934,-2.5468087646940774,-0.2895747458359808,0.304103212826713,2.9254624698725035e-05,0.0001342869943421,2.433014203765835e-05,0.0001431793716773,1.7120717336917516e-05,0.0442893620196727,9.023918035507588e-06,4.531760536893781e-05,0.0210526367755316,0.2443644349338684,0.2121108235930192,0.1839499956371315,LCO,13,8
-223234.2243113845,2.405194908405691,0.0097657931555653,265170.624416178,-0.5238601659510493,-4.276139834048962,-0.2446092221722525,0.226801184985792,2.2712672217352297e-05,0.0002286433612032,1.1143953036033429e-05,0.0001243743832721,1.5540589630269252e-05,0.079957864523909,1.124196558878615e-05,2.434772194206196e-05,0.0197832525524407,0.3809851713119923,0.0541562216478003,0.2502493848679549,LCO,13,92
-29519.640945688723,2.832240375866283,2.828537782032244,831.1524394244262,-2.8555401134899085,-1.9444598865101028,-0.0755662460937466,0.2900091729441944,1.7411089784617735e-05,0.0001830678326084,1.135960447365842e-05,0.0001380360260949,1.4701717524966951e-05,0.0946045929050674,5.777634954219548e-06,4.4341090387012905e-05,0.0051286338661475,0.0586738160784048,0.3699649688220733,0.4257949690057752,LCO,13,4
-172423.19785661876,2.613758162935916,0.1632837001736101,33348.033158181875,-1.415882077812924,-3.3841179221870874,-0.5932685345979399,0.4307189195399172,1.24816762818726e-05,0.0002348897356415,1.0712129078597656e-05,0.0001264453645928,1.349174679317503e-05,0.0430621609224949,4.930176333648542e-06,3.320815442211799e-05,0.0207654983268491,0.2025735876186054,0.0900271309789086,0.044130746804546,LCO,13,17
-13074.487243173784,2.083174233224987,0.012301900955042,16860.863539043406,-0.3711607304966264,-4.428839269503385,-0.0894006631779038,0.2483283523521699,2.78715570712476e-05,4.409359365432286e-05,1.0935890436476278e-05,7.462924300491142e-05,1.5300328937893033e-05,0.0804534036836572,9.790132807497971e-07,2.761719591367438e-05,0.0060578856997203,0.5035840648736798,0.1311718299324611,0.2058434420159552,LCO,13,77
-166817.946835621,2.109177971522245,0.0038216071399138,205598.065630171,-0.5224520335203593,-4.277547966479652,-0.4487516586036766,0.2037215585074996,2.2757974099652606e-05,4.344795404627184e-05,1.522002593455622e-05,4.847625289728799e-05,1.783975783103965e-05,0.0497505756554916,1.139913216256747e-05,3.243169037572534e-05,0.0234814021235463,0.0200499841957412,0.2157278197457652,0.2454705374548168,LCO,13,92
-224102.6485358865,2.1494292137865267,0.0151463281953352,279623.3534453033,-0.5713503362568275,-4.228649663743184,-0.7201182810651066,0.3344153996962273,2.4326978122419577e-05,0.00010364514478,3.245747719304302e-05,0.0001262612171747,1.7488152820477948e-05,0.0623711687656129,1.0939871329053622e-05,4.9445315714696816e-05,0.0214687710937305,0.156447736814998,0.0330986010655145,0.0203353810543809,LCO,13,95
-87444.60123312574,2.607885563711828,0.0342909598279686,23542.934858691275,-0.6778763485849311,-4.12212365141508,-0.292595091507885,0.2247380616636403,2.8611692618864844e-05,0.0001863182285604,2.546445873372413e-05,7.826667948949864e-05,1.6289036083522644e-05,0.0530849819266733,1.5777770289762685e-05,3.070476182042984e-05,0.0120445646775538,0.0312112285443574,0.0847660688006683,0.5214276111470894,LCO,13,35
-81263.85575730869,2.053798871782637,0.005022754683077,70627.47502321449,-0.4887175551174394,-4.311282444882572,-0.1856941161016514,0.2180204917628602,1.8065459883242755e-05,4.1096051989011865e-05,1.0970352436152751e-05,4.831253641569064e-05,1.7515580553782166e-05,0.0490092347990315,1.7639657698713123e-05,4.9945138912554335e-05,0.0144895073895252,0.4127671448877394,0.051080536167876,0.2804582028427332,LCO,13,89
-258652.95360613195,2.5293298664241357,0.0127920844786449,184699.9582478499,-0.4791389839474576,-4.320861016052554,-0.6906268451530406,0.24637919059968,2.7322803701988584e-05,0.0001759523844505,1.4230761245813692e-05,9.570226204581472e-05,2.6259376489414935e-05,0.0723788138912385,1.208993994535063e-06,5.941361494334824e-06,0.0171030043513169,0.0100373478608909,0.0153348774118005,0.2140009295742679,LCO,13,88
-194371.43191516676,2.045913542354972,0.0093281762392041,298933.597800334,-0.55578872744303,-4.244211272556981,-0.1897028684212208,0.2239065155308048,2.421364557890512e-05,4.672708274113708e-05,1.6746059848247945e-05,7.839137665914737e-05,1.2028384996659472e-05,0.0800844297412591,7.270371431896527e-06,4.992571409527168e-05,0.0220295301651639,0.3568425040076654,0.0249649533616833,0.3584896742094304,LCO,13,96
-6790.6865980187895,2.062968032497376,0.0095525438582836,7230.21128377423,-0.5320092293456327,-4.267990770654379,-0.0825388785786304,0.2388132155865278,1.5056449779184467e-05,4.081067836861473e-05,1.2244358619999851e-05,0.0001132954755739,2.7981148076488885e-05,0.0455901123007569,1.7480336984034986e-06,4.146721214023614e-05,0.0047007506351237,0.1918967889351072,0.0607556882566624,0.5948086442295999,LCO,13,92
-146789.91627077502,2.126387575413158,0.0294662872086724,66867.09517179443,-0.5040729468040794,-4.295927053195932,-0.5525037905146466,0.2086635608539074,2.273250817143384e-05,6.499658052372707e-05,1.4183214879327317e-05,0.0001061911141759,1.3758323046511758e-05,0.0409148110323166,7.943781643965323e-07,4.7242813989699394e-05,0.0186962811157826,0.0162342184181448,0.1732857798917666,0.187976211175442,LFP,13,50
-8713.711742735017,2.6867155535351874,0.0618618275967973,1651.9499199633312,-1.4019853114334635,-3.398014688566548,-0.2054959800313912,0.2777652611569037,1.784886247703674e-05,0.0001452130143217,3.2004117856237655e-05,6.244157406197732e-05,1.2758343398943332e-05,0.0489748932968475,1.4869269628927347e-05,9.59094745920612e-07,0.0049331196343761,0.1034505237090713,0.4370461827176231,0.1840073135419143,LCO,13,16
-370951.4054190348,2.3316902257334053,0.0180154376484971,385385.9871745087,-0.550061754340696,-4.249938245659315,-0.5564523318739376,0.4005423596129533,2.6105070023104277e-05,0.0002099894553673,1.0428576189236493e-05,0.0001499463074416,1.6924267642283372e-05,0.0935766026609322,1.6300500804883874e-05,3.702059021858181e-05,0.0214135902362774,0.1678419574120208,0.1828831204126752,0.0228225903013664,LFP,13,91
-116248.58429001868,2.2080919532085703,0.0398711290052128,47132.54145238586,-0.7044848792119183,-4.095515120788093,-0.6400381653393948,0.341382257425659,1.2947399090463273e-05,7.964406764692163e-05,2.3848667454578185e-05,7.832263592114319e-05,1.7125234735429942e-05,0.0849794029151895,1.5776798305530797e-05,3.073584798247761e-05,0.0121303567491516,0.0168578186003378,0.103922845255633,0.1691811708046343,LCO,13,38
-275711.5524012274,2.091021964335705,0.012053245171673,325053.1111792183,-0.5493745228424416,-4.25062547715757,-0.1374188205243979,0.2918893107746489,2.2189974538721223e-05,4.4347586626741786e-05,1.057563045871398e-05,0.0001277508936315,1.3003913603454486e-05,0.096276238488695,1.5050987736350478e-05,3.496291703658585e-05,0.0212363730696229,0.123101111813389,0.2174387608996229,0.4520413067625901,LFP,13,93
-220601.81753153988,2.2699967814963067,0.0107900018273561,200631.89147303515,-0.575381088837716,-4.224618911162295,-0.2832239122283549,0.2568453098796399,2.250682210718677e-05,4.780976313785444e-05,1.52224222614059e-05,5.1844299902436734e-05,1.909616901711915e-05,0.076163446996625,1.4578168501424736e-05,1.7527678007950402e-05,0.0187144595300678,0.0128324992128807,0.2943719295278886,0.3395716590308758,LCO,13,97
-15471.009441012304,2.10448058892028,0.0290763353153627,8074.036114029657,-0.730736705407935,-4.069263294592076,-0.1474531778269594,0.2457400250116176,1.2642110866270952e-05,4.978766853280153e-05,1.0812676136992709e-05,7.46286875642085e-05,1.5214347910075888e-05,0.0803319493480646,9.231640008071036e-07,2.7544152072842735e-05,0.005814247815194,0.4711737010626058,0.143315177161245,0.1680579439491898,LCO,13,36
-159205.04762743306,2.097616149165159,0.0115106088628792,150396.17234696567,-0.5584199765523437,-4.241580023447668,-0.2476910194470659,0.2121130325843992,1.2348766093760574e-05,4.476208671618004e-05,2.532131603329925e-05,6.232340026525947e-05,2.962125404407309e-05,0.0430132721275783,7.074853972293328e-06,4.914842343564238e-05,0.0212861702588138,0.0711631153918832,0.0224583710315413,0.5886874941295095,LCO,13,96
-27947.85211027397,2.7828088510015645,0.4581471984928614,1160.583467794816,-2.5039670890851227,-2.2960329109148887,-0.1930726850325853,0.2478421226677697,2.519049900899627e-05,4.26146462855468e-05,3.037662407358517e-05,7.463075623496437e-05,1.782779275594771e-05,0.0804341009742044,8.835450686313518e-07,1.0749928710688216e-06,0.0055577551109862,0.082627171658889,0.4432486222030226,0.2110515211055031,LCO,13,6
-285317.711895563,2.551101269725196,0.0093812627004755,273177.3643398199,-0.5731130472674622,-4.226886952732549,-0.5622084379223709,0.2576720030821742,2.270276080422933e-05,0.0001213581315107,1.648073633077221e-05,9.203849554762845e-05,2.4325696765239288e-05,0.0778320315018156,1.395948027050946e-05,1.1650007516923844e-05,0.0195088427572203,0.0126413395926816,0.0226191674373126,0.3325310550476349,LCO,13,98
-300890.0017257195,2.2733619890079404,0.0121270910309054,200724.42192867515,-0.3517865993278235,-4.448213400672188,-0.2765049930857212,0.2461956528452693,2.6510103439501144e-05,8.57353446626868e-05,1.2214766988544913e-05,8.639939738839722e-05,2.743668907418181e-05,0.0775519386363088,2.150607478105202e-07,2.916885644559294e-05,0.0210275877281403,0.0399469066633573,0.4309451139524255,0.1826029862984959,LFP,13,73
-12533.229680171366,2.4165171824347653,0.0022182654625685,18005.277202052286,-0.5410399795711953,-4.258960020428816,-0.5898062825269779,0.2193883282342299,2.4678901101012712e-05,0.0001435041807534,1.116043691476346e-05,0.0001187217959093,1.94982143510604e-05,0.0834842792630698,2.085058464740405e-06,5.165635323687278e-07,0.0048436107747587,0.0937722037564533,0.1208092986739932,0.1256122150425755,LCO,13,94
-80539.51388202478,2.433766837299479,0.0039311484476604,141578.1887259323,-0.4372250446044816,-4.36277495539553,-0.6382419445084171,0.2445781216356023,2.6539684194467207e-05,0.0002286361834088,1.30308644064432e-05,6.612344871748009e-05,1.721847736267768e-05,0.0953726501808295,1.0946545609917186e-05,2.549063087310069e-06,0.0132185642665161,0.1396119890474533,0.0133970388494901,0.1387490275946395,LFP,13,85
-104795.45853599808,2.5805811374194274,0.0122857516987965,112966.43037307211,-0.3437773589810078,-4.456222641019004,-0.4394541447348725,0.2460905264178018,1.489977721178766e-05,0.0001673210423875,2.1583434618011963e-05,7.779700465700894e-05,2.416157158214035e-05,0.0945553437210831,8.232078707170345e-06,1.7412509000811628e-05,0.0130438734701899,0.3124160510911575,0.1659351876714424,0.0121946165025275,LCO,13,73
-10603.97112607989,2.6290368146052896,0.0193412654933625,7489.759530802565,-0.4582534230871502,-4.341746576912861,-0.6060648686090016,0.2145341765167962,1.307682151349814e-05,0.0002258311135878,3.335615542543264e-05,0.000138930562701,2.8105233060089087e-05,0.0499765477246646,1.772727822107715e-05,5.344457852338805e-06,0.0052086091745541,0.1226782503167232,0.0958490948815807,0.1054077861926944,LFP,13,54
-336327.05377009144,2.341397495675628,0.0087564728115187,236290.19233310543,-0.569969932999463,-4.230030067000548,-0.2450272744273239,0.2200358715146108,1.715233034977632e-05,0.0001457299102341,1.1414041151641447e-05,8.368559745438892e-05,1.8624034413724203e-05,0.0780198088538464,2.026732864308421e-06,4.974149645292707e-05,0.0187527612115022,0.0559051627394518,0.0565833275897958,0.5724842352434284,LCO,13,99
-212866.5017899327,2.4110342324906044,0.0145509023202528,145207.13270470098,-0.3493711979136975,-4.450628802086314,-0.6951424245828747,0.2915973520152335,1.4996222154413568e-05,0.0001364137043157,3.2537595269875266e-05,6.000332418026689e-05,1.8149090689993986e-05,0.0584808736367202,1.74811507539204e-05,4.1311741483892784e-05,0.0181155034227858,0.176787017293067,0.0458490372345781,0.0122215208894801,LCO,13,73
-34984.72083747781,2.5570942526955776,0.0077428655437981,42293.66624555039,-0.5624313745830989,-4.2375686254169125,-0.2950200418237523,0.2099684096370935,1.2120537952101995e-05,0.0001138000152152,9.664825998025026e-05,6.3180587932221e-05,1.466256491728997e-05,0.0417590538045193,1.7690131607549933e-05,5.853800107299706e-06,0.0106893475220527,0.0619123402675729,0.0301209387758342,0.5429466791328406,LCO,13,97
-18990.89096887316,2.2200577431077955,0.0115357274787526,12947.63103270438,-0.3257433266788041,-4.474256673321207,-0.1135756601730899,0.208796050737231,1.715489926325092e-05,0.0001451515160513,1.5092711875433824e-05,0.0001438853007325,1.6000282001800068e-05,0.0682445211883827,5.635544266804871e-06,4.98210827929392e-05,0.005667970560061,0.1830341482417449,0.0558300305243875,0.5775601610607777,LCO,13,69
-19780.93229221677,2.4725203021722044,0.070208899738471,5839.619910264916,-0.7031489607889014,-4.09685103921111,-0.4204553066375044,0.2199946015521371,2.4594330567744187e-05,0.000149050753838,1.0309994301277335e-05,0.0001191044333224,1.869632711705619e-05,0.0829421003729276,2.069990454629245e-06,2.408611066240144e-05,0.00474742624624,0.0170649580874653,0.1205925339902904,0.3718872012847398,LFP,13,34
-9837.984966722364,2.5015364188207627,0.027017173965687,5590.6553495781645,-0.6202117631240398,-4.179788236875972,-0.8080094923704424,0.2213313765764679,1.2931035426243568e-05,7.370295735491856e-05,1.6206439918804513e-05,6.75127253270091e-05,2.1924166050429343e-05,0.0512003579622386,5.492648944323575e-06,4.866939086874699e-06,0.0052442168398352,0.0723570017988094,0.0139577829394856,0.0356757228912624,LCO,13,39
-18116.791827313104,2.572722781899289,0.0106870192149993,15979.273211929503,-0.3527621283073472,-4.447237871692664,-0.1831175340754471,0.2712341259881404,1.6635913312211753e-05,0.0002114358658849,2.708569368938529e-05,0.0001396508264846,1.4220309114450902e-05,0.049742678517789,1.9050005785458777e-05,4.580955244023554e-06,0.0070345085846229,0.1203755456120756,0.1967202968728836,0.4297866234395936,LCO,13,73
-71023.65910343161,2.241749510207094,0.0132689709912164,40000.337944408646,-0.3522537168102886,-4.447746283189723,-0.1185131568877861,0.256590332373444,1.3082667143574813e-05,0.0001753896279205,1.502280027514651e-05,0.0001235057412461,1.886169426890929e-05,0.0816752427187895,1.8729880607317717e-05,4.217243728790829e-05,0.0088864191520939,0.256052461639299,0.0679584221044612,0.4874759593684535,LFP,13,73
-6325.580981339188,2.119994417985553,0.0098144155970447,5234.702624742849,-0.3753847288181831,-4.424615271181828,-0.1293806295266616,0.2257066612875169,1.715761215656938e-05,7.428343488963696e-05,1.455767779705385e-05,0.0001412641501709,1.656521497201115e-05,0.0449488109268473,1.4858483051631955e-06,4.6277841706654514e-05,0.0041794009207975,0.3351278762772082,0.0557354959891846,0.4097559982069454,LCO,13,79
-62181.62189871474,2.1768009995674964,0.0180244556923116,83424.36700004745,-0.3704517977401309,-4.42954820225988,-0.5406877704508734,0.3470825765757073,1.4611151338986832e-05,4.481051093010293e-05,5.384358828453916e-05,4.325659112280693e-05,1.971448597398444e-05,0.0622966870585836,1.4193794213110042e-05,2.0520000628254695e-05,0.0141140360538915,0.1914303224381062,0.0143534204211983,0.1835284866898221,LCO,13,73
-4795.046503991301,2.4973756431759204,0.0148975826582875,4191.728071210103,-0.6132786346541153,-4.186721365345896,-0.306053781709918,0.2115327541798363,1.2153471490772667e-05,0.0002239365647016,1.7674182479593458e-05,0.0001482791960024,2.8314745313063484e-05,0.0527618858866055,1.817530476544296e-05,9.292368103789444e-07,0.0043868113179523,0.5336365925103201,0.0746293885224132,0.0156802372573487,LFP,13,45
-24799.04077834452,2.43011374360966,0.0091882524380937,26007.351971096425,-0.5327805637269094,-4.267219436273102,-0.7590944978405472,0.219172463931956,1.7785980856432835e-05,0.0002344552490546,1.89241829041412e-05,9.516894709598586e-05,2.219758033156697e-05,0.0968637170744381,5.182962780238847e-07,4.967207343284076e-05,0.0051787152584235,0.0207482055945981,0.1180370315963936,0.032120264968461,LFP,13,94
-568454.369110125,2.502927879375428,0.0089519831068416,500643.5367462503,-0.5573673272218116,-4.2426326727782,-0.6644909610360585,0.2442516671157645,1.4966852590599168e-05,0.0002374481045306,1.3118937607555884e-05,7.74784774427968e-05,1.8259115263618626e-05,0.098330891068198,4.098705989860568e-06,8.573897011215803e-06,0.022338017482638,0.1334733236336195,0.0903815273712676,0.0416541879590543,LFP,13,98
-390478.5553378718,2.2244162891592323,0.0120262669103246,370970.44845588825,-0.3332241616871911,-4.46677583831282,-0.3416403917148842,0.2074591011677939,1.3079566833057444e-05,0.0001795590085007,2.071307997236711e-05,0.0001314338397985,1.8980358306102705e-05,0.0912874519103073,1.0287487773976885e-05,4.2128791085150695e-05,0.0244561373367408,0.3055331810381501,0.0780051691333549,0.2048212581136107,LFP,13,73
-268740.74214211537,2.2796868171662235,0.0092461399300667,253118.9866360101,-0.5459224813981436,-4.254077518601868,-0.7668931270974584,0.2195241353996508,2.9979128280092832e-05,0.0001796136163415,1.0818747303887124e-05,0.0001316963869633,1.9504314131122964e-05,0.0915550342120637,2.07797295792345e-06,4.217285555360283e-05,0.0166808505752278,0.0150020803666367,0.0578384264983879,0.0902663660375168,LFP,13,96
-116644.48972763354,2.5596357823378044,0.0159007753916755,113883.51344819626,-0.4004448981409112,-4.3995551018591,-0.3038931529205794,0.3349592103854876,2.5823724723378097e-05,0.0002185480594317,1.734266089917049e-05,0.0001220294870926,1.216754525765876e-05,0.0497645413572492,1.493620580792328e-05,9.730757179038788e-06,0.0179989932053984,0.3695408856705149,0.0397361820830096,0.2168297793258962,LFP,13,78
-357438.0820030784,2.4991919441156587,0.0096223773461735,588605.2767817812,-0.5583788690310385,-4.241621130968973,-0.6419106463076307,0.2461213495781743,1.601163256729928e-05,0.0001350099285487,1.2917103363069496e-05,7.720985198152146e-05,1.608924022334101e-05,0.097959610714839,1.3705296798683888e-05,4.5909143712563385e-06,0.0245863936333869,0.1334750212932643,0.0161979101362582,0.1384164222628467,LFP,13,99
-89226.98010448387,2.4375228658986074,-0.005255095257223,162526.48997301917,-0.330297897105396,-4.469702102894615,-0.764467372957956,0.2555641344543558,2.774180467694587e-05,0.0002202933607551,1.345375111571454e-05,4.515995396294496e-05,2.0679518085416463e-05,0.0806876496382292,3.614514576413773e-06,6.983340663112171e-07,0.0168723048201536,0.0445969769318006,0.089644510561211,0.0312911395490324,LCO,13,69
-595515.9405998721,2.595084456186324,0.0244496946229612,359125.2828267822,-0.3958999907946179,-4.4041000092053935,-0.6531444014879022,0.4261018301478162,1.4856857600937646e-05,0.0001396414647228,1.4125265240173185e-05,7.786015358180174e-05,2.4167964018709018e-05,0.0963490521183842,9.589567917419656e-06,1.1649198033146949e-05,0.0226909586940969,0.1376704851930097,0.0847425189122044,0.0544425944068835,LCO,13,72
-252465.4994227932,2.501455188585932,0.0079736845514724,292885.11111491563,-0.5465225848607886,-4.253477415139223,-0.5353881268527867,0.2073599307274218,2.997915509765792e-05,0.0001862839451651,1.0545564662934493e-05,0.0001496694389407,2.638090380472502e-05,0.0945753908984007,8.454956615124306e-06,5.931594825808253e-06,0.0184142127366336,0.1306169452588444,0.169511087096,0.0944838407923688,LCO,13,95
-186466.27191739465,2.800890559037225,0.2272473662836691,38933.78387949106,-1.6578221156951043,-3.142177884304907,-0.2609451289398882,0.2230080712138118,2.2917447655549305e-05,0.0002484173342771,1.0173768489118975e-05,5.301399837134823e-05,1.6720136558763005e-05,0.0978959517288776,7.162637641360197e-06,3.511500898881705e-05,0.0186197122183626,0.5188090327302083,0.0378787994823968,0.1123670388475068,LFP,13,13
-63927.95349334068,2.452063438474874,0.0043688014026993,64316.69836880071,-0.4260691858195216,-4.37393081418049,-0.1729453143434745,0.2193930759301878,1.4273841258633016e-05,0.0002167657698518,1.0464106286200329e-05,0.0001128324393975,2.1433563396345323e-05,0.0762047746694158,1.6340238198458882e-06,5.468120071614941e-07,0.0131304281708764,0.0937786300349983,0.0752561758453525,0.5880198797761746,LCO,13,56
-8910.154419531285,2.095976761652351,0.040828271742055,4940.844950469204,-4.534685623625045,-0.2653143763749668,-0.1584205114020377,0.2066556730501514,2.6286275002312364e-05,6.909187257419737e-05,1.1645774394367253e-05,0.000143677983464,1.7124686744556195e-05,0.0971143145911518,9.19603814427874e-06,4.526361922867994e-05,0.0042960215075676,0.5542109594335209,0.0416438990269058,0.1757246301375355,LCO,12,36
-41260.71786671059,2.49130176660717,0.013794180884374,24340.79339448318,-0.3511060454904822,-4.448893954509529,-0.4129775063319749,0.2539657101011907,1.356311546183028e-05,0.0001731072194794,2.1585764306624854e-05,4.411783879001753e-05,2.6406040402991853e-05,0.0945917764687762,1.2282969494457011e-06,4.116143215510252e-05,0.0063959827197379,0.2364395325308881,0.1917626609527283,0.0888203001844086,LCO,13,67
-605433.9118562199,2.5371655451584294,0.0247118744583798,268045.53876848734,-0.5221064860162272,-4.277893513983784,-0.7452575396630673,0.2514578590180101,1.2228753696982037e-05,0.0001899956950168,1.902262595376997e-05,5.714440121654138e-05,2.8374457129343605e-05,0.0970946916186654,1.7650881308755543e-05,4.96543997678074e-05,0.023060834626007,0.0565505100424113,0.0907097877086096,0.0374821625859117,LFP,13,50
-11807.899021577916,2.4382966402684474,0.021871604149959,8254.188740572505,-0.5151088590181914,-4.28489114098182,-0.779832277797242,0.2463623311547903,1.6147357752217292e-05,7.355669345120549e-05,1.591037304466492e-05,7.813645370362321e-05,1.5064316129644364e-05,0.0944736431675179,4.392625089996896e-06,4.790056479253604e-06,0.0041735389459348,0.0542080671128814,0.0491066138553642,0.0468530412345125,LCO,13,49
-548467.1197361199,2.30896304978744,0.0104569220028147,418277.8354259849,-0.450664645312905,-4.349335354687106,-0.7087886640586787,0.2511612236093256,1.253178097137845e-05,0.0001345712940745,1.425548402034274e-05,8.691049934548198e-05,2.6766461454093125e-05,0.0992478133030671,4.974952688477825e-06,4.880188912314329e-05,0.0219489045719409,0.0667708039305828,0.0148952196876168,0.1395453123231217,LFP,13,86
-7380.444184896793,2.245482583578479,0.1134773977275586,932.1104891466754,-1.4578839946031792,-3.342116005396832,-0.0912536109862774,0.4397606324522427,2.3602998402553552e-05,4.013022994610773e-05,1.0340452837909056e-05,4.106798517467187e-05,2.7047475219696436e-05,0.0452722093762243,4.1966282415422004e-07,2.5240828843494403e-05,0.0042621950450676,0.3622715702590773,0.0446834601804794,0.4317913585741658,LFP,13,17
-706736.5126607325,2.594099267023148,0.0112730370910224,583995.4359886061,-0.5575505545538988,-4.242449445446113,-0.6506480863130908,0.2458383322553375,1.4072350708671072e-05,0.0002289250001673,1.3030758640454778e-05,6.589840189929549e-05,1.723508704036305e-05,0.0942628045395097,1.0942073159924494e-05,1.1509055114876284e-05,0.0246968720434087,0.1303337654537484,0.0111240768317708,0.13789407140139,LFP,13,98
-19672.356034514454,2.5614107489408204,0.0238504895232456,17023.218458776548,-0.4084652021237858,-4.391534797876226,-0.775957351059348,0.4440361715296054,1.6974746417514335e-05,0.0002381892892946,1.893396639734122e-05,7.780849295136661e-05,2.6248534911846788e-05,0.0977307813472986,5.305538814395966e-06,1.0523480667236808e-05,0.0046753727309219,0.0208090449167908,0.0883139518176103,0.0449196522062508,LFP,13,75
-44697.2073028809,2.3224541573632296,0.0214517933355585,28468.206144263844,-0.4701198099532035,-4.329880190046808,-0.6509692447384403,0.2518202355580243,1.2174281868394526e-05,0.0002312743841994,4.1872877234470105e-05,0.0001394065161305,2.6726669344301405e-05,0.0481950845369549,4.74080223396698e-06,4.976267748220283e-05,0.0102332160557309,0.0404098795978232,0.0988023428478333,0.1398185328159031,LFP,13,54
-138999.68974446022,2.4691785541138023,0.0083565279987095,195714.66689465343,-0.5450459323952188,-4.2549540676047926,-0.4234521008916277,0.2035791434415913,1.5814311809579985e-05,0.0001724222788234,1.0354132093894451e-05,0.0001489974585667,1.824876422147668e-05,0.0862535252360379,1.3557142153757918e-05,8.096651087352616e-06,0.0155759499341005,0.4256933558023976,0.0459210007878891,0.0349335425180855,LFP,13,98
-103349.19484470531,2.611441310068014,0.0547212328000254,34997.19730448228,-0.900741641370935,-3.899258358629076,-0.4182971442109809,0.2293004558745357,1.3668237023788163e-05,0.0001684079196353,5.692426077084983e-05,0.0001273580365077,1.6596358292143528e-05,0.0907875930965646,3.831859812883015e-06,1.198754195392578e-05,0.0124071560834107,0.2429284307868618,0.2390147153057866,0.0297597096963705,LFP,13,26
-126370.5734793838,2.508850271206652,0.0177854111910764,121200.7615907559,-0.4065519084796705,-4.393448091520341,-0.40428386274765,0.264943669237566,1.5832825827745055e-05,0.0001748298969975,1.0239656388918884e-05,0.0001191254850157,2.6804464635021013e-05,0.0862364921245301,8.16008930491199e-06,8.034817514097235e-06,0.0156272312075034,0.4786713261004917,0.0294821604866642,0.0175626506651941,LFP,13,62
-167077.29793671131,2.447810309640679,0.0067391855821795,250002.04409501248,-0.5342341661190986,-4.265765833880913,-0.6905297688345224,0.2019094689117506,2.9979128042487853e-05,0.0001795953504462,1.0819232124852706e-05,0.0001420043562186,2.6489752127076244e-05,0.0946348860800758,8.629758263500633e-07,3.790399572835252e-06,0.0166642091012672,0.1371271165921446,0.0154996402761284,0.0868434742972045,LFP,13,95
-61294.55131618403,2.4342434982446344,-0.0002954235574143,116629.64258635124,-0.5430440562867318,-4.25695594371328,-0.3009683504341046,0.2150854252943178,1.5702281090204396e-05,0.000229957303033,1.0854261252501284e-05,6.541452193543123e-05,1.8252899130107984e-05,0.0768038696713296,1.3558331124365663e-05,9.316954723786996e-07,0.0132003350429633,0.4280137239650846,0.0612824894992313,0.1397354361015794,LFP,13,96
-598741.8881318751,2.1837363832085543,0.0291225206896774,136689.3186229573,-0.7958731031784225,-4.004126896821589,-0.1175885551774579,0.2149719866265264,2.28220758195306e-05,9.541879126540884e-05,1.1739323925727584e-05,4.19047963454878e-05,1.6326130614015445e-05,0.0972221833668894,1.2420249349633683e-05,4.079256909778987e-05,0.024790175750729,0.2326856100129548,0.1590830706061309,0.4206427642034563,LFP,13,30
-138863.7699412584,2.100320964981646,0.0113205813941083,133032.85717493264,-0.5781722787711132,-4.221827721228898,-0.6295167516075972,0.2873363742854889,2.4394682403470137e-05,5.608362165273982e-05,1.3202647053649932e-05,0.0001266043879294,1.3999975113686892e-05,0.0400910722063067,1.8748231444107715e-06,4.938291844372335e-05,0.0187373955719128,0.0316100698633586,0.0107776731492122,0.2580955053798319,LCO,13,98
-16089.858337058458,2.380171911871522,0.0088768606266743,10756.226931991914,-0.5459218517103253,-4.254078148289686,-0.3777047175029325,0.2120292123630747,2.32082726138418e-05,0.0002179298994379,1.2078615185509796e-05,0.0001071955443019,1.209217549381444e-05,0.0524164504435035,1.442388962744166e-05,4.28795106675072e-05,0.004845266275014,0.0109628334814253,0.3483773463987654,0.1929551026168768,LCO,13,94
-79291.12766347917,2.3956363833822087,0.0185481491335042,32846.33368088618,-0.5509978451408131,-4.249002154859198,-0.0393568853462454,0.2322052330013335,2.485971143886824e-05,0.0001367042276103,1.0055894043956544e-05,4.897901074179899e-05,1.2312410331084198e-05,0.0966308246960475,1.2867826163243797e-06,4.810858232850631e-05,0.0094403018124031,0.2981454497864375,0.0379278627056152,0.5545698021617017,LCO,13,48
-14921.23198691836,2.236401441671302,0.0115344725881386,19289.098333388112,-0.5787490081078843,-4.221250991892127,-0.5845498500601201,0.2890932357587355,2.971205764211553e-05,0.000100931960581,1.0460445470434274e-05,0.0001314829751071,1.7389440662241315e-05,0.0873813884660887,5.20190737028395e-06,2.333362691204271e-05,0.0048670876337971,0.058496145980569,0.0934293374724056,0.1935246664869054,LCO,13,98
-323344.9832829399,2.5817439577756,0.3522784111785628,35264.35896235228,-1.9770859815631567,-2.822914018436854,-0.3604026223933489,0.2823336115434893,2.957252635773029e-05,0.0001476955577953,2.6653993976375376e-05,9.62747216005811e-05,1.7261201343388918e-05,0.0853741884905498,1.954474389848983e-05,4.250580612141818e-05,0.0216283057925928,0.0883033497431686,0.2997853075012281,0.1815087203622543,LFP,13,10
-36242.43529683868,2.7860307881271256,0.1383334515075313,8121.323411417749,-1.4753797452219857,-3.3246202547780257,-0.2792051851807857,0.3045924724374743,2.586471651974694e-05,0.0002024217089353,7.372712146418273e-05,6.10319844422611e-05,1.2214668176982534e-05,0.0793826230998138,2.921374138991615e-06,3.3985647489847967e-05,0.0087605023043017,0.0218817838798113,0.0950304691635055,0.5338825617758974,LFP,13,15
-232297.32859198283,2.2538907449249246,0.0197052133515433,173785.23728138677,-4.233392435479345,-0.5666075645206661,-0.3966745429629811,0.3214353576647149,1.286595643875793e-05,9.525884590288772e-05,9.980731910436509e-05,0.0001221426526083,2.75981181703427e-05,0.0832714926167278,2.4751026665398365e-06,2.7324274716291237e-05,0.0192738361611209,0.010178893733988,0.1525666535043375,0.3705799097986933,LFP,12,65
-115091.11061344048,2.7438458162192085,0.1279213764573769,17390.8525272976,-1.4083970539869384,-3.391602946013073,-0.3778852128899124,0.2197312224295817,2.8857528015583837e-05,0.0001955707823879,8.812509142670075e-05,0.000111980890374,2.3868895658723968e-05,0.0778758268429809,1.6566147134039578e-05,2.1748616194430512e-05,0.0127181669312343,0.0532751024548837,0.0545593318261687,0.4442803528290352,LCO,13,15
-174431.74312989283,2.113782047419398,0.0163366536783379,166361.4252788047,-4.192129923344098,-0.6078700766559137,-0.2565648054229058,0.2558791071685193,2.7811034398809026e-05,5.218350897582896e-05,8.692434732318177e-05,0.0001007814288243,2.8447941575921707e-05,0.0795585635373897,1.2975263515415631e-05,3.872334617457639e-05,0.0202003360317288,0.0282702275945975,0.0826641754411619,0.5625007915413347,LCO,12,67
-244771.7132370837,2.064694406196536,0.0169118717004033,219973.68042071853,-0.3723695921683259,-4.4276304078316855,-0.0058573943719381,0.2802276674416384,2.7852088132641115e-05,5.217537996325943e-05,1.1325242561145138e-05,0.0001007343213674,2.925037997041214e-05,0.0791078476404509,4.6878284937799625e-06,4.979308118002436e-05,0.0242152525013731,0.2678508795335186,0.082658308319579,0.5736334177749642,LFP,13,67
-10417.563194651204,2.076587752653455,0.0107601681493002,5276.347094222783,-4.1770449863851695,-0.6229550136148418,-0.3924497122274398,0.2120109087181237,2.3459648451687007e-05,4.022569818919487e-05,1.297463650583829e-05,0.0001077258174484,1.49745046868505e-05,0.0521467137150173,1.898784562092982e-05,4.3058393060668615e-05,0.0041327130950184,0.0108306747360992,0.046273552009599,0.4804460610268619,LCO,12,74
-20430.940689001032,2.440763018020178,0.0336429734475559,8181.39710125293,-0.615055096202866,-4.184944903797145,-0.8241064099728069,0.2159659648447963,1.897231065494346e-05,0.0001363620888462,1.6275550927117836e-05,6.609438889392605e-05,2.539925367571589e-05,0.0989124810337984,1.286915729871868e-05,3.275372039578537e-05,0.0045310420197288,0.0582827424146819,0.0111389609433333,0.0364718866691778,LCO,13,39
-242073.99641276817,2.20362320691734,0.0158572839006509,200276.38305722564,-0.337252200019023,-4.462747799980988,-0.3380973479230759,0.2560713379705851,2.732167052286417e-05,9.402711763652586e-05,8.635834930748417e-05,9.548606177919854e-05,2.172215669841969e-05,0.0795695357749404,1.2949079819640453e-05,3.874407755482693e-05,0.0203479464039309,0.0538560477985263,0.0954753241473056,0.4425712801310922,LCO,13,69
-233983.9963329184,2.161803419100163,0.0250825594380263,108467.52831782642,-0.6165289080552654,-4.183471091944746,-0.590453511869717,0.2001223507296397,1.8171065732446463e-05,7.50874703594914e-05,1.5595113646985068e-05,9.561914354066836e-05,2.5429246610642518e-05,0.0715234879375034,1.2985429073887631e-05,4.143959985489312e-05,0.0203648544223757,0.0584149460869553,0.1342279041524659,0.1469036378908617,LCO,13,39
-91265.94961134713,2.077276034934674,0.0117517888959191,51656.50620879778,-4.176574692614864,-0.6234253073851477,-0.1530706776252559,0.2037076009166081,2.5601266073209453e-05,6.420626533039158e-05,1.0022853822532489e-05,0.0001117434459267,1.829716568949485e-05,0.0520579518470956,1.3631493689193486e-05,4.0068207627196885e-05,0.0135761568509761,0.1392775132712153,0.0463027173695994,0.5913490917339294,LCO,12,73
-39870.99230541567,2.644887826610636,0.0408803503444118,15268.083751901542,-0.7314912456366685,-4.068508754363343,-0.1999715595826274,0.271439585970464,1.2744204725901252e-05,0.0002370206006614,9.912061872328906e-05,4.869589244289576e-05,2.5478468876965e-05,0.058442019206856,1.8815146246411167e-06,4.928213571707592e-05,0.0092327221381087,0.1452145724042281,0.0123354885242097,0.5724783794889348,LFP,13,35
-29063.98521572404,2.19765168605532,0.0082966996364362,33402.48471580796,-0.5606292257569834,-4.239370774243028,-0.5986178553910828,0.2162105563540125,1.4001409349395449e-05,0.0001138637840995,4.982458802832682e-05,0.0001465683931264,1.465865066091288e-05,0.0420453207574726,1.760153640077747e-05,3.2844079599314444e-05,0.0089325944363053,0.0111459083893114,0.0301631347180009,0.2900731015016048,LCO,13,97
-224508.6964503109,2.0714453381108417,0.0123655713604493,252850.8714492084,-0.4461822595693405,-4.353817740430671,-0.2028295588523083,0.279783197350745,2.179879612980728e-05,6.301809614647949e-05,1.2582805289491654e-05,0.0001151600391943,2.9449266563443928e-05,0.0605804231731356,1.958349218304479e-05,4.942345888000941e-05,0.0249895993082988,0.1963984906409291,0.2769170683408439,0.2538548821659186,LFP,13,84
-92348.25981177091,2.579563131467338,0.0139254602550066,65535.04421065109,-0.4041417209720137,-4.395858279027998,-0.834272619392722,0.2967814141503487,1.414816246253321e-05,0.0001592201837158,3.0890249524503325e-05,4.114881253879062e-05,2.394497136985029e-05,0.0533222802694263,1.975276214252854e-05,1.4176265030732926e-05,0.0119746529139537,0.0107881530183878,0.0553406182242618,0.0295986093646283,LFP,13,81
-16532.774972879684,2.31461421489647,0.0497352910717596,6685.485748710282,-0.6188978540520296,-4.181102145947982,-0.7032662726754811,0.2068748462847546,1.898625623807689e-05,0.000132379842285,1.625206136607949e-05,9.547004114794656e-05,1.2978246074297828e-05,0.0906597698324019,1.0830239810229949e-05,3.279893653998327e-05,0.0042766687070319,0.0585293656439364,0.1356403172085497,0.0325640444720327,LCO,13,39
-100905.55899120678,2.4285972963837037,0.013364634901285,81596.93495613674,-4.184041145506107,-0.6159588544939041,-0.7284843313822712,0.2380518204824511,2.918576499585326e-05,0.0002368844181357,9.93680434080692e-05,0.0001012290122434,2.1595626585366084e-05,0.0966096693483021,1.28868617240531e-05,3.872681088595959e-05,0.0113175944149001,0.0745436447031705,0.0696548045871148,0.0573172193274434,LFP,12,68
-185937.44107002745,2.196204900529737,0.0171930935703929,144090.87431785703,-4.205129042935759,-0.5948709570642521,-0.2591923215725504,0.312392440248028,2.8027319167954813e-05,9.451583729181982e-05,8.632358054069685e-05,0.0001009221996928,2.8629594482705128e-05,0.0795741578384681,1.2936622351475806e-05,3.87531656637239e-05,0.0182212570780376,0.0168267723702617,0.0765614249325525,0.5774194811246354,LCO,12,70
-21025.73719857017,2.3244554551382737,0.0126608174074198,13783.575449732813,-0.4466734668051941,-4.353326533194817,-0.1692733549587933,0.3005968170238815,2.179451076088624e-05,0.0001568582437529,1.116705970814077e-05,0.0001279585928681,2.669894856424216e-05,0.0704496351405336,1.0386970727752702e-05,3.6595214834615285e-05,0.0053274188861882,0.0336787564781966,0.5036442776998633,0.2234036108631467,LCO,13,83
-450459.78326751495,2.1909554389036243,0.0465924966950697,126517.53486211676,-0.9308937640828248,-3.8691062359171866,-0.3787680806135962,0.2263145417831106,2.7327003311314386e-05,9.533981539261038e-05,1.1191922015788171e-05,0.000108507428795,1.86779956820946e-05,0.0973676038783437,4.334026801401633e-06,4.400269842615488e-05,0.0249127962468796,0.0916387908840456,0.0423797109384061,0.4172134175639519,LFP,13,24
-444312.6203518078,2.2367882855620342,0.0085208114913556,481731.38480359205,-0.5521798389189811,-4.24782016108103,-0.4380241388432499,0.2094518576266239,2.1941699960818025e-05,0.0001404413791648,1.1401853303995673e-05,0.0001454920400013,1.40722267548552e-05,0.097374376365722,1.8032417455824208e-06,4.933100278934491e-05,0.0232236896324553,0.0533856257261982,0.0965631167019249,0.3420271187286269,LFP,13,97
-124048.9827111277,2.538894174401503,0.0196234511650461,68335.09345892534,-0.3594878582677694,-4.440512141732242,-0.4483181520229433,0.3049234093851972,2.766443939106061e-05,0.0002162863781613,2.8045928302012896e-05,6.320180659155275e-05,1.5117535469745072e-05,0.094469536750346,8.690424751391701e-07,2.9709913728033096e-05,0.0106979455720834,0.1026381938250745,0.024687595916318,0.3543560582356641,LCO,13,67
-55668.070796953725,2.1010230593179986,0.0111156566992526,31348.08435352776,-4.168154965127989,-0.6318450348720219,-0.2996184992946653,0.2032240778578886,2.614616460351907e-05,5.2328785964158303e-05,1.1427882734102942e-05,0.0001271614314941,1.2309563516799184e-05,0.0445945210948177,1.3937193060699775e-05,4.0008889067968017e-05,0.0111113026641142,0.026187585699769,0.0103171018823079,0.5938768131232577,LCO,12,72
-35598.72062225504,2.379046933148968,0.0090186073434993,29376.5605196086,-0.5641106107280436,-4.235889389271968,-0.3210889368027106,0.2164120069602926,1.2744762128515362e-05,0.0001137967209295,4.655739253252067e-05,5.169173692134264e-05,1.4656821238218014e-05,0.0421721779512812,1.759880148712032e-05,3.296590836823675e-05,0.0089169807782057,0.0329552802789234,0.030163202736328,0.5457925801820379,LCO,13,97
-248336.8021754661,2.318499142861918,0.0136444314409775,158905.21548690257,-0.3506575363640749,-4.449342463635936,-0.2992784689255717,0.2131591589782036,2.3463603659025445e-05,0.0001805191309365,1.2980905746975591e-05,0.0001071647217348,1.4981807038811462e-05,0.0492836951802313,5.552556617560503e-06,4.0307095975125015e-05,0.0237783185940241,0.0271001877931703,0.12027274120734,0.4833486020739178,LFP,13,64
-19465.317377886204,4.300943263216597,11.151720951073354,680.3479048853761,-3.1833631446488297,-1.6166368553511816,-0.2470570315550454,0.2143980049580981,1.3999645474477923e-05,0.0001139500624041,6.310054181282266e-05,4.536352712416211e-05,1.711944682851625e-05,0.097722057982797,1.9997931570466968e-05,4.395508763869099e-05,0.0063274617351608,0.2337526975628273,0.0277242090105791,0.421466061871548,LFP,13,2
-27092.072706331943,2.309177886450084,0.0094435059701517,30004.15671774512,-0.4818840096455687,-4.318115990354443,-0.1489226550468756,0.2137544610825955,2.823370811188976e-05,0.0001016718458832,5.264777390895049e-05,0.0001370407411854,2.540557947554628e-05,0.0418651062777306,4.694679901043035e-06,1.7543706855752165e-05,0.0100179713391725,0.1383596647395496,0.5983844387209252,0.0443332414926495,LFP,13,88
-36899.489750138935,2.651784374009321,0.0177448925668485,20219.841225366825,-0.3783261132239559,-4.421673886776055,-0.28166517705936,0.3434653651966569,2.586732163382089e-05,0.000239467741228,7.488899766183442e-05,4.702814363718784e-05,1.299178961770379e-05,0.0430368917285583,1.7370754344892603e-06,3.3727554282760035e-05,0.0084366621134478,0.0189726785323802,0.0950454273904281,0.5343167170178316,LFP,13,74
-413235.5876095662,2.1781313331873937,0.0106987739572115,268728.3867079232,-4.170087239181008,-0.6299127608190034,-0.2458911071706816,0.2031616333604662,2.5593420357897606e-05,0.0001102538922102,1.0330471625779552e-05,0.0001401138576866,2.5689933718975023e-05,0.0947456801949252,1.2946832466941644e-05,4.004027692664871e-05,0.022971361482093,0.0135792776444201,0.1334470184463754,0.5370825967385229,LCO,12,69
-164275.10306087858,2.3042316309203787,0.017192128568962,82315.98918806942,-0.377411758175505,-4.422588241824506,-0.1371900286996041,0.2879311850781746,2.440329052188782e-05,0.0001849616073965,1.3207578149575892e-05,0.000106126108072,1.3538241160428485e-05,0.0439221223753871,2.413798413249184e-07,4.693923084518781e-05,0.0186955765383489,0.0337306963647116,0.1720435673331328,0.5870357076025514,LCO,13,64
-77385.23514410798,2.246812459672295,0.0880044081677249,11160.76555048384,-1.5093570288073792,-3.290642971192632,-0.5881799478957342,0.226324328832662,2.937364285980897e-05,5.669444705340967e-05,1.0547278473864494e-05,0.0001081103593956,1.8684791676228973e-05,0.078400537001265,1.8759759736794568e-05,4.400120133206648e-05,0.0106054264730523,0.0917936254584816,0.032837551794689,0.2171888748510951,LFP,13,14
-336535.559715422,2.365753115396285,0.0124831997206142,356193.4665038507,-0.5466168540323437,-4.253383145967668,-0.3747920297144927,0.3009997302966541,2.967374994468287e-05,0.0001413307504768,1.17500356764115e-05,0.0001265157541274,1.302018954554721e-05,0.0929002604508257,9.146167290485908e-06,1.930130916988897e-05,0.0214201623041172,0.1970250790180213,0.1806729637530036,0.1775099275144823,LFP,13,93
-155576.12982429736,2.3204215969903865,0.0115929880933455,105093.63159815814,-4.184890709994065,-0.6151092900059467,-0.4168886592437568,0.2036945232414503,2.6651545677575706e-05,0.0002092421156262,1.002601276672706e-05,0.0001071849207773,1.215794668954217e-05,0.0520568032220412,1.3253998299980649e-05,3.878578213171454e-05,0.0176871868908528,0.1422798388945228,0.3556162163154761,0.0152152855462443,LCO,12,74
-546197.4964477555,2.2270991691327717,0.0056788339965598,94263.34197890028,-4.706717119593328,-0.0932828804066829,-0.3399827227956133,0.2245117243097261,2.0515183050714163e-05,9.494470525062594e-05,1.242104483288721e-05,5.207098432232831e-05,1.916086961429267e-05,0.0945112115795176,5.7149618086137015e-06,2.682825748227399e-05,0.0226397698178749,0.0711410032622475,0.0111677443614802,0.5077085295806588,LFP,12,25
-393962.8804834421,2.2734977405476746,0.0259328103164794,134037.4848258503,-0.6345687763787851,-4.165431223621226,-0.3596481575069328,0.2032972877759309,1.8748751658029243e-05,0.0001336370807512,1.2161623463935836e-05,0.0001276338558847,1.4520481173004317e-05,0.063634964580193,2.6798725863283483e-06,3.261854772793084e-05,0.0245026232670466,0.0697776331786004,0.1369218847297101,0.3636523245847566,LCO,13,38
-493802.1644608128,2.1562914479934165,0.0165847888213478,111087.37510596433,-0.8197684906504747,-3.9802315093495366,-0.075547636169945,0.2141159271040718,2.2844687253302207e-05,8.78463069331914e-05,1.1627186103930256e-05,5.584214912817254e-05,1.6612302125920557e-05,0.0972437744263109,5.712341920227094e-06,4.078758183876896e-05,0.0228596249288087,0.2359203278500395,0.2130692722135374,0.405462763766478,LFP,13,29
-68781.77909446988,2.3201701920227515,0.0095822979347352,58766.55611543316,-0.4368799597799579,-4.363120040220053,-0.5208466996972583,0.206971727517012,1.3668647631637885e-05,0.0001929873004065,3.361201705180455e-05,0.0001492450334577,2.756114094710606e-05,0.0674637054908098,8.555392653174652e-06,3.2443733235562925e-05,0.0101897849098966,0.0220266680295436,0.3418076831480529,0.0453189491251451,LCO,13,85
-48308.56018024116,2.109777532819865,0.0279842473610103,17158.787109777044,-0.92884160392488,-3.8711583960751312,-0.3138179435184582,0.3348061304099125,1.3394955659326756e-05,4.000881123427411e-05,1.2884444493917915e-05,5.25976444184523e-05,1.670385738671795e-05,0.0744427138466255,3.767591472450728e-06,4.423190505699563e-05,0.0100217233861678,0.3347831193154666,0.2427912409899053,0.0386076961761698,LFP,13,28
-176829.16865090787,2.5455091929990905,0.0097456373184103,131140.86763866342,-0.3909305970840506,-4.409069402915961,-0.7223519843013103,0.2458818371111905,1.4907561200794325e-05,0.0001420034539515,1.7775358461146154e-05,7.774796592486836e-05,1.8147693473447e-05,0.0977424140036403,1.7470168253181218e-05,8.562873285975706e-06,0.0125813521117701,0.1376829035096924,0.0389541085741049,0.0310110036148923,LCO,13,81
-151506.023327238,2.8412781111084984,0.5893979460195429,13928.609534140489,-2.4061215941172023,-2.393878405882809,-0.2149258736490744,0.3228086486993785,1.5418695964863302e-05,4.677280954189745e-05,4.034129779681589e-05,4.147201337125983e-05,2.967467601654867e-05,0.0494410238226069,1.0028771759700118e-06,1.7565678183617685e-05,0.0228221878842837,0.2002509391530894,0.1486863403164417,0.3661368468813943,LFP,13,7
-7199.205146371995,2.2422373788635555,0.0117842330853675,6278.203783073679,-0.5653073831033311,-4.23469261689668,-0.4188148011997377,0.3042776702183892,1.2130921021917372e-05,0.0001000997652493,4.83466325204036e-05,0.0001369178081271,2.290215329076421e-05,0.0415507015040103,4.649168868663606e-06,2.69829365660607e-05,0.0041172788081676,0.0991024875463958,0.3635064283045733,0.0485762829492931,LCO,13,94
-12577.217218414258,2.10815908085374,0.0374337971727073,4823.07545125315,-0.7507375554072411,-4.04926244459277,-0.0143056715262093,0.2522686105877479,2.5168110470842872e-05,6.618203143378347e-05,1.4388315479042894e-05,0.0001053414225249,1.782791349195887e-05,0.0987390134957478,4.890544014625692e-06,3.445570120708966e-05,0.0044311412613074,0.1433409886420081,0.2754981106840078,0.4968552291477748,LCO,13,33
-198551.43250857329,2.3990756759805647,0.096729790481322,94354.01903254504,-0.8482287216106883,-3.951771278389323,-0.2366452805565566,0.2245887993798602,2.6695947691367e-05,0.0002484608717055,1.1125630250742563e-05,0.0001317468937208,1.9510540151542243e-05,0.0979405475257268,6.075352690026902e-07,3.460315590085743e-05,0.0194565490455425,0.5226391279343283,0.0582313445077275,0.1124842470013875,LFP,13,29
-79974.1551331288,2.191482966141006,0.0228306471035303,81518.0156026601,-0.3967290506964076,-4.403270949303604,-0.3263461723762435,0.3736555488017684,1.4807674418675512e-05,4.022807903339838e-05,6.66140234067802e-05,4.00439493720231e-05,2.1178826163606876e-05,0.0746545376524158,1.6897787008845007e-05,2.540001587685077e-05,0.0135378748255389,0.1056072384846549,0.3757716782210819,0.1222749109180196,LFP,13,70
-33286.610970541,2.2791596815177035,0.0093433104464247,35657.137983417386,-0.4553438607119986,-4.344656139288013,-0.7461316252534534,0.2157688199782486,1.280131143180403e-05,0.0001108366666874,3.7307673377462975e-05,0.0001205376468974,1.8222672228963757e-05,0.0453634163619261,4.556722784684428e-06,2.6984824695970325e-05,0.0092276454547849,0.0148756042438753,0.1212321131179395,0.0477606573847317,LFP,13,87
-15785.763369017328,2.4047202777072645,0.0100652204936113,13729.990052540335,-0.4442460531740195,-4.355753946825992,-0.3731098744215723,0.2167296797369093,1.368021508035837e-05,9.86600859103092e-05,3.360881309031926e-05,6.642197952666158e-05,2.237693023535026e-05,0.0709041331408541,1.041271024482296e-05,3.2366703908500364e-05,0.005046242689649,0.0220359099859068,0.4897211729162372,0.0451330426762837,LCO,13,85
-30974.92334439382,2.6891278896085984,2.996007162163852,1052.4578757334427,-2.81011435731714,-1.9898856426828715,-0.065809809085482,0.2069372066971584,1.3242526037169408e-05,4.133350330955601e-05,2.277754881808883e-05,4.889242374009177e-05,2.40940295321004e-05,0.0892924875101314,2.6322012521598e-06,4.234304682212099e-05,0.0063237657305272,0.0331044777765725,0.4370246339938853,0.3940610791440601,LFP,13,4
-12561.776748398854,2.0791807942246536,0.0066716092695708,10525.064383058178,-0.3430671499132742,-4.456932850086737,-0.4304987736861225,0.2467349486310099,1.3554768929033845e-05,4.054504839570538e-05,3.3936798140184994e-05,5.198707801466585e-05,2.7610673760902303e-05,0.0701901305631241,2.0475422489717372e-07,3.512326967897168e-05,0.0050422572261839,0.2220666634402366,0.2458289443420478,0.031605618531593,LCO,13,69
-8665.735160522529,2.088269764957061,0.0089943166717369,9068.424255705337,-0.5578654786899477,-4.242134521310064,-0.1189506961391616,0.2195827320397138,1.2112871929769856e-05,4.277765582876336e-05,1.0478329908863385e-05,0.0001387491438384,2.4023623468859236e-05,0.0412391498593433,1.71173334742919e-05,3.2454785931714035e-05,0.0053470164351801,0.1366735501550956,0.4998373270005667,0.174538426705176,LCO,13,95
-93349.72718950947,2.4322080392044603,0.6485446689930576,23275.187393321183,-0.9160669485381304,-3.883933051461881,-0.0303632894189962,0.25410453897135,2.408557577908559e-05,5.987478616409646e-05,1.5086662725008724e-05,5.14999578660574e-05,1.2119314207437916e-05,0.0806216937534302,2.6710455167432615e-07,6.517886240251608e-07,0.0123952502091942,0.1952931996726001,0.2394212188734932,0.4649222920349104,LFP,13,26
-190807.2144692273,2.1961856794140657,0.0084403577915134,157003.9948289872,-0.5322530378528967,-4.267746962147115,-0.5711612344172785,0.2094500799925008,2.3254671137923767e-05,0.0001052894044662,1.108452903553546e-05,9.063200983978424e-05,1.2951533273798192e-05,0.0502627213461934,1.7514482113043274e-06,4.0147602891816765e-05,0.018666762455375,0.0721115839348542,0.0946034420599482,0.1921237395879191,LFP,13,94
-16896.910479413265,2.2901597363525337,0.019069842077443,14143.24687043297,-0.4845464021408787,-4.315453597859133,-0.1633660081576394,0.3870198917018719,1.3806760461208098e-05,0.0001003957832497,4.3090369540800286e-05,5.231452057909792e-05,1.6515356041553984e-05,0.0743453365338579,4.736806156992528e-06,4.434890862871784e-05,0.0051760669181605,0.1419236504400587,0.592205201958459,0.0325051394438427,LCO,13,84
-47973.91509504391,2.325421800488986,0.0102442850227588,54582.88220664149,-0.4605983775419773,-4.339401622458034,-0.1656482466406308,0.2298617760050676,1.4070891206529484e-05,0.0002392112335558,3.326230463945785e-05,0.0001492069125709,1.657702862107215e-05,0.0672985606382146,1.0786722509279767e-05,3.413260048380746e-05,0.0102044125641945,0.3430383322115115,0.3817599098087109,0.0395535113391468,LCO,13,86
-28441.307454639387,2.128381609164177,0.0102371430977083,35755.0454183651,-0.557721371053411,-4.2422786289466,-0.3247259492208536,0.2004767948386489,1.3310979593813657e-05,6.344464561622197e-05,1.703336865274968e-05,4.939668968249053e-05,1.742269613741839e-05,0.041369910656837,2.988097450607062e-06,4.110646092793393e-05,0.0100211288612444,0.3374086814969705,0.0139291140906004,0.2539362551915754,LCO,13,99
-16300.511231606342,2.4938186559136226,0.1033498322581051,2746.6611076022587,-1.340398786511663,-3.459601213488348,-0.407363437879044,0.2195675287483562,1.7349771448283685e-05,0.0001554346922486,2.3755061805348568e-05,0.0001260432145874,2.6257949883893523e-05,0.0434578595189348,4.858127862528687e-06,4.3187302615086654e-05,0.006502013572581,0.1054072878255711,0.1107813290971005,0.3064479451982843,LCO,13,16
-148414.72858961124,2.466559535460766,0.0607244730817352,44035.90234244209,-4.614315041829215,-0.1856849581707962,-0.5258007930170955,0.3265490928177057,1.7410392706120282e-05,0.0001043434999419,3.896855485617222e-05,4.143492639516622e-05,2.463505197818094e-05,0.0976114499911665,1.8786901814989366e-05,1.7217893480465552e-05,0.0127034377317603,0.0149484483015034,0.3451019030754271,0.044148855605974,LFP,12,33
-31618.7199984077,2.106563383964516,0.0179898935074085,25744.66441267944,-0.4344266898033382,-4.365573310196673,-0.2336773818906924,0.3346011347735361,1.4021209236186044e-05,7.041637311269955e-05,1.716591247930477e-05,0.0001278033876515,2.9652811235869404e-05,0.0454344097792682,4.857245203884004e-06,4.872970336665947e-05,0.009126468540978,0.0723425408048571,0.5134796175918439,0.1105004597126066,LCO,13,81
-40289.3132580649,2.511854224872823,0.0664174420174191,12336.282088927775,-4.796026460092968,-0.0039735399070437,-0.7457596595151447,0.2401372979551869,1.4334751988641707e-05,0.0002221839729734,2.387832882783437e-05,0.0001220185371142,2.836980683772707e-05,0.0987790896805056,1.3260431292645315e-05,3.090583121343564e-05,0.0076041631679799,0.0101771369807529,0.0594122965720207,0.1146509069320816,LCO,12,22
-15382.249173359194,2.394051434597438,0.0127474258133489,11614.728441042043,-0.4989620159384387,-4.301037984061573,-0.415043442316404,0.2915058709396314,1.2100563120181837e-05,0.0001000230706967,4.838160869426933e-05,6.766251798035008e-05,2.2403030996816247e-05,0.0844759194011366,4.752145728827546e-06,2.455626776632721e-05,0.0041030360696744,0.1006157246123836,0.36247174616312,0.0518690869080923,LCO,13,88
-54812.45363288028,2.292988609223284,0.0192912551061771,34447.61229232042,-0.4279101809253589,-4.372089819074652,-0.4193826636573752,0.3090140887902333,1.554472985191901e-05,0.0001003919589844,3.823512664650988e-05,0.0001177919207801,1.2625408384011092e-05,0.0453495053808537,4.507195458635223e-06,2.1760220782897662e-05,0.0115563550269413,0.0158298892086917,0.16697346102932,0.3278139861046131,LFP,13,60
-15450.07535878514,2.303953001944296,0.0546981893619796,3768.941541977793,-0.8928269648349811,-3.9071730351650302,-0.3216071573637763,0.2339140085380372,1.3601847945150236e-05,0.0001691493978074,1.2093599009570886e-05,0.0001259979421834,2.665287403838912e-05,0.0909131209361502,3.3446339179805154e-06,4.357605207659194e-05,0.0041923355235658,0.2431556457286991,0.0508334442404223,0.3144037526671023,LFP,13,26
-506673.7390500038,2.235711319727966,0.0053626565686508,97450.83100281873,-4.646408047843416,-0.1535919521565958,-0.3147450357525378,0.2054121945091706,2.1231133708584983e-05,9.256759015719598e-05,1.0346658706697532e-05,5.262968520403151e-05,2.996419150986364e-05,0.0982569875047216,7.910608937305384e-06,2.7084929381870786e-05,0.0222310333709339,0.0711366989556064,0.0641659672677528,0.4799522980241029,LFP,12,27
-198835.9944049914,2.1985803153778294,0.0109408306636949,120798.8442502748,-0.3371110412903135,-4.462888958709698,-0.143366208952542,0.2042911953478074,1.524536588490576e-05,4.018103394613068e-05,1.0196574144375852e-05,0.000112855096384,2.101875768554221e-05,0.0746167765900782,9.8445769376605e-07,1.7605367214187265e-05,0.0168144940712893,0.0313254456984232,0.5996151737451206,0.155693171603914,LCO,13,72
-422777.8183383063,2.5216837805586416,0.01273240091249,304568.11865995865,-0.3290750436063661,-4.470924956393645,-0.4753994125174747,0.2514849980722028,1.2508440304341686e-05,0.0002040366874942,5.012970618530588e-05,7.814080792151657e-05,2.535347500430691e-05,0.0848633466425694,1.5983755266880442e-05,3.26063509961022e-05,0.022840806048348,0.0150850170233005,0.0115740214843915,0.4279415489748331,LCO,13,71
-12910.161618382608,2.451336766455016,1.3080146513389317,1421.594136262739,-1.4329376793287878,-3.367062320671224,-0.4169765598894461,0.2252014106195324,1.9099383704234636e-05,0.000140451774876,2.3729082905230623e-05,0.0001494746826994,2.8085924931650807e-05,0.0463194022424119,4.730670530953418e-06,2.7899799668018006e-05,0.0047078599591881,0.0202027051454034,0.4504429980916813,0.0423777368734691,LCO,13,15
-16537.637617425742,2.1310692658782,0.0087833620254942,36092.6592614824,-0.5591906735289243,-4.240809326471087,-0.7357995179709107,0.2007983799596278,1.2111026952032336e-05,4.263485185765955e-05,6.475798903616631e-05,0.0001369664824028,2.643996601636816e-05,0.0941879229847971,1.814210630319097e-05,2.9478899348820864e-05,0.0061171450682642,0.040685511668056,0.0140378122634505,0.1394771580975827,LCO,13,99
-29070.26314456127,2.425827620043929,0.009743855435141,33840.52549352156,-0.4172471307276595,-4.382752869272352,-0.1724941997692267,0.2022457274596787,1.2484868163972325e-05,9.89502953132276e-05,6.096255425473968e-05,0.0001278516975941,1.683673348425225e-05,0.084433664881977,4.756894589496084e-06,1.1873118251956897e-05,0.007404262944014,0.3081030821957889,0.4202151503134912,0.0291875677214929,LCO,13,83
-164554.26827105012,2.624765486215653,0.010130306995915,129146.4906115687,-0.325994116796906,-4.474005883203105,-0.0794235005001525,0.2006465838025687,1.2506543160301904e-05,0.0002347090016127,6.499726248357249e-05,4.3660487667430566e-05,2.5373390113965907e-05,0.040407117786631,3.3258360099873724e-06,2.874715858210204e-05,0.0228587239484624,0.3409008771931587,0.0115311935129389,0.4981444287937497,LCO,13,71
-19699.293314243037,2.229860174720282,0.008896301034096,15990.719456581412,-0.5002058300306942,-4.299794169969317,-0.4846362843952893,0.2201838128865705,1.7199832611535052e-05,0.0001588690097528,1.910702889935128e-05,0.0001308775081061,2.419011294390357e-05,0.0429984621821652,7.051750445641825e-06,4.326278289787956e-05,0.006533982414767,0.1346121469856002,0.0814996608951743,0.2292519077239362,LCO,13,90
-68886.82948612224,2.612176667783656,0.0139118281917,40737.258927644994,-0.3582826576845619,-4.4417173423154495,-0.7947466797783175,0.2113206931146774,1.571996856778542e-05,0.0001427973186329,3.584915562148276e-05,4.1325407467074704e-05,1.8159076712009497e-05,0.0750469645619953,4.4645062395560336e-06,2.5206634106582332e-05,0.0091331157487614,0.1056491802399366,0.0173015783676058,0.01230256161414,LFP,13,62
-115002.62651684775,2.435740200856685,0.521870016583071,32760.77426764319,-0.9419678718422092,-3.8580321281578014,-0.653375591408858,0.295685804297111,1.20171215729266e-05,9.880170336409988e-05,5.699561639445524e-05,0.0001491616299022,2.2548483239566704e-05,0.0815266488118442,4.76783449304997e-06,1.1942290095393323e-05,0.0124809219712979,0.0430514853157991,0.1813264763808388,0.052246446894504,LFP,13,25
-162216.6876545698,2.104575130304724,0.0311566075912685,71600.3695075835,-0.7521666962870839,-4.047833303712928,-0.048809327356203,0.2232880640995769,1.4611986191881e-05,4.367378933926055e-05,1.2795924380752189e-05,0.0001006914811028,2.782701314374761e-05,0.0542929267222849,1.3367229659748884e-06,4.426534320642485e-05,0.0230313748793305,0.0949241538214909,0.4196481239207459,0.3666183949015601,LFP,13,33
-102467.73701355264,2.3233275924759558,0.0462095811865835,39687.74720616571,-4.564580748963742,-0.2354192510362693,-0.3113725367206391,0.2076875392574911,1.743715181035429e-05,5.997020109485741e-05,5.4457090910576e-05,4.2075520463408224e-05,1.9554945296980584e-05,0.0966591552427764,1.99867267145938e-05,1.0060258658421156e-05,0.0126316245454602,0.157585113237985,0.3449634212457125,0.1160789287956633,LFP,12,33
-23697.87647697028,2.4687385838072524,0.0259601362365492,17810.56854871763,-0.4933512748174422,-4.306648725182569,-0.3945229505874013,0.3098562398765941,1.566440600186119e-05,0.0002433725492246,3.819022390366618e-05,0.0001488432295932,2.1434628309022183e-05,0.0824884950790366,4.507125558206613e-06,2.175548305651776e-05,0.0064333214876815,0.1190807605684835,0.0770256910886864,0.3393705977554288,LCO,13,54
-114821.89647510144,2.5004583424271125,0.0261091925841645,81927.19612151367,-0.4105250104738189,-4.389474989526192,-0.2792977146588792,0.4317259208202156,1.2489638520329524e-05,0.0001169863358672,7.403988533394835e-05,7.843108674463718e-05,2.5446381185618972e-05,0.0740548178246155,1.6927409923017076e-05,2.5224642727807477e-05,0.0133551067866005,0.0411907010175018,0.1779584311426975,0.4315531531809214,LFP,13,70
-7741.461914805192,2.099370850450893,0.1105346838409209,2793.8636889153263,-1.034023230626822,-3.765976769373189,-0.543181085415386,0.7329939355130118,1.638467206472902e-05,4.091975808400463e-05,1.1002359098026069e-05,0.0001446750106801,2.596452346282664e-05,0.0445127785686374,3.267273652603185e-07,2.6151570525828587e-05,0.0044518381134112,0.2531303699269154,0.0142003636522904,0.1194881810054082,LFP,13,34
-18093.939701117783,2.1507574771600404,0.0272583589178384,16234.768531618613,-0.5955228032664337,-4.204477196733578,-0.7172946628461891,0.2835890654509922,1.211321251089367e-05,6.424150961690877e-05,1.0097382821696091e-05,0.0001327418936322,2.4028587899494665e-05,0.0947838437625859,5.173667954104568e-07,2.9421469382509865e-05,0.0061883616659104,0.017198804830918,0.0579273272157954,0.1375792051070974,LCO,13,44
64439.994658414296,3.92617606317238,15.597608139512932,60.45693847127319,-3.512303801730802,-1.2876961982692094,-0.3379110794086475,0.4461485378569242,1.7383296935638956e-05,4.045747229429379e-05,1.0336796393946294e-05,4.1714236176549394e-05,2.615218347055341e-05,0.0452268245590904,8.15738474577824e-06,3.2756387857204324e-05,0.004189221170517,0.060633379046455,0.1049911049279732,0.4264644366169242,LFP,13,1
-473330.8638559282,2.1787128296817726,0.0591086778705328,72374.96059522535,-1.4163232701999036,-3.383676729800108,-0.4140577021270667,0.4394454975502709,1.7355290456761604e-05,4.045465222970561e-05,1.3338706139968216e-05,4.374473698091588e-05,2.105063325117592e-05,0.0913157767850108,4.320076686355064e-06,2.5829055605329555e-05,0.0240438339521009,0.0392052857638744,0.107314951004058,0.3694220611050008,LFP,13,17
-6051.881768613503,2.0595770499098216,0.0171053266518912,5022.39917254763,-0.4295878016169325,-4.370412198383079,-0.4585974117735446,0.3565300937764768,2.372546966084663e-05,4.451898844599604e-05,1.2548849374295745e-05,0.0001166311884389,2.8301066004958225e-05,0.0445847166427717,4.521985788536448e-06,4.341913575538412e-05,0.0040032363311448,0.3338360912175054,0.0525250093409244,0.0850414876680254,LCO,13,81
-7466.708614265239,2.127643760312204,0.1014953640237076,1601.4450493362351,-1.204440901096099,-3.5955590989039123,-0.3319928739501038,0.8711368904342958,1.737365240858259e-05,4.045042221588103e-05,1.0367958088086327e-05,4.437316409871945e-05,2.092386584033216e-05,0.0413270903037384,1.286965482056644e-05,4.300097305360949e-05,0.0041375784409701,0.082690770322125,0.091187452536439,0.4241289031913321,LFP,13,29
-7684.922089165145,2.042591010480812,0.018420650450403,7303.83016059201,-0.6121796604493142,-4.187820339550697,-0.1782879755519075,0.4397579010180992,2.1605991250560496e-05,4.177052886930378e-05,1.0371599721826227e-05,0.0001439935486678,2.6918508797560733e-05,0.045334300530949,1.343217970224336e-05,4.674274224724909e-05,0.0044861633926566,0.2578670508397437,0.0648637407338254,0.4289812328745234,LCO,13,99
-525686.9947547116,2.9670338267080703,0.1438945281474967,64748.2530260478,-1.66596948140905,-3.1340305185909614,-0.2778921218975719,0.310130490734395,1.291953247776669e-05,0.0002283949949798,1.1827064377669544e-05,4.374612412059258e-05,2.1051410464348104e-05,0.0912856790517125,4.608554624934272e-06,4.7101224658970174e-05,0.0247612776911125,0.0393133087798534,0.2380505805879708,0.3747439887346038,LFP,13,13
-7413.052213867153,2.045606911383657,0.0280064700066176,5421.226213843735,-0.4520002339195343,-4.347999766080477,-0.1614831464301637,0.4495970199015824,1.5303567714234874e-05,4.021875591496762e-05,1.5266176691000175e-05,0.000110470669471,2.4511722907671343e-05,0.0632379825433105,1.9452845820710332e-05,4.930348753874271e-05,0.0040572269005884,0.3237750932814126,0.0396371821397222,0.4051045781487015,LFP,13,65
-498727.73825089337,2.289633789230506,0.0434923162412044,59086.04476143272,-1.5449070808445882,-3.255092919155423,-0.1173883627652144,0.2324988986505846,1.6021822144461496e-05,6.804063257845249e-05,1.1811159666899567e-05,4.193726839756137e-05,2.1433390804835643e-05,0.0911293646044086,1.6301613493477989e-06,4.530924876814899e-05,0.024784138507792,0.2318190635641915,0.1511576206220284,0.4296349530485654,LFP,13,14
-7633.203490236485,2.0817347716122567,0.0428860216682098,2769.84486531325,-0.6158098635208944,-4.184190136479117,-0.215210902449786,0.4734496724688983,1.5305359651910433e-05,4.0030671328672274e-05,1.6754428303653766e-05,0.0001136593629366,2.5043326058478117e-05,0.0407641287330808,1.2404982688674191e-05,4.947856698553869e-05,0.0040151272656412,0.0805728078288568,0.0597280941580155,0.5744881955633417,LCO,13,51
-7349.257006488411,2.334864540045352,0.0058799198041974,5196.704273026588,-0.5410265984831142,-4.258973401516897,-0.0725620184442251,0.2035885436738758,1.650304762589738e-05,4.3109781929650975e-05,1.154642909773284e-05,0.0001456047617299,2.1458664836319627e-05,0.0419809180657608,4.5790905306686235e-07,3.614440847307152e-06,0.0040453005629557,0.2612509571355998,0.0120733009456996,0.5841137234744753,LCO,13,94
-68281.07939346423,2.09670076277098,0.0111156566992526,36543.82399452906,-4.174853035592157,-0.625146964407854,-0.2441126708433016,0.2032450705839435,2.6158861425220248e-05,5.499387484007726e-05,1.0313921288636137e-05,0.0001459871359092,1.7931841381158916e-05,0.0530447885763967,1.2920673763371245e-05,3.999397568398047e-05,0.0110553691800335,0.0123093081050827,0.1370854700937807,0.5364925509578349,LCO,12,73
-485126.44046183815,2.19306575282692,0.1457306119462411,49612.906938063,-1.6060020922044345,-3.193997907795577,-0.2015247845002329,0.2028254608541134,2.6913695399688453e-05,4.5456799592506525e-05,1.3969733717250742e-05,4.067094878797362e-05,2.2645363598319785e-05,0.0883826097038947,1.7543546324422233e-05,4.746292454087821e-05,0.0247610458783399,0.108084785380254,0.245738372958462,0.374652057161051,LFP,13,13
-471689.5923519034,2.8296660327242176,1.1226444808915574,26401.463304149675,-2.6925719436096287,-2.1074280563903827,-0.5218171810517505,0.3062201587478318,1.78972757778369e-05,0.0001191674494487,1.1840425331230966e-05,7.68361307848764e-05,1.894401043747101e-05,0.0916224649551738,4.706303469190178e-06,4.789076100238108e-05,0.0247826384880384,0.0324645922821951,0.3420867158069125,0.033631510859142,LFP,13,5
-7478.049023921168,2.06200576264908,0.0121093745108191,5402.913057176249,-0.3477783399540612,-4.45222166004595,-0.089590320847071,0.202309941173095,1.475994945570395e-05,4.3152766583319896e-05,1.5290934480161117e-05,0.0001383033176824,2.5880452912317757e-05,0.0636525190745431,1.1615738358095134e-05,4.724807165296393e-05,0.004045130793856,0.2315543215894266,0.0206670257631696,0.5881883318003327,LFP,13,65
-7187.425356828685,2.03974967754829,0.0386952891601108,6010.486085966194,-0.5014393023167827,-4.298560697683229,-0.190676060926621,0.5258801437997453,2.8805167181239185e-05,4.019450972278106e-05,1.5230402488663204e-05,0.0001489012606069,2.453361750085066e-05,0.0727399493515529,1.5251719328338292e-05,4.954606682309275e-05,0.0040639316492739,0.3239580403210885,0.0104803456267525,0.4048855531255379,LFP,13,63
-465005.5561957172,2.737519851087634,0.9209432113425112,36456.19931276456,-2.4534718590773537,-2.3465281409226577,-0.6927356633482902,0.2058161645721035,2.4897445168289285e-05,0.0001312017222601,1.43115231821936e-05,9.47869892684958e-05,1.8388647234776893e-05,0.0999673028535375,1.7458773707512705e-05,4.979877337653082e-05,0.0247518823724366,0.0321943812938239,0.1434740265513175,0.0615959288065685,LFP,13,6
-7608.445630042564,2.0676366229544296,0.0123589423022638,4274.816685206339,-0.3367279843593138,-4.4632720156406975,-0.1732236873525229,0.234885012634237,2.86761962510612e-05,4.305710086674391e-05,1.3250761731388324e-05,0.0001159730859543,1.8664250660923387e-05,0.0455688940462051,1.0738945567845554e-05,4.407944676564475e-05,0.0040402712413865,0.1919630090446425,0.0180224104102485,0.546790893192586,LCO,13,73
-7608.445630042564,2.070435056175809,0.0107775646708719,4043.055577448119,-0.3412014629326307,-4.458798537067381,-0.2205857229513618,0.2022561420762701,2.905236818655613e-05,4.4081363404713054e-05,1.0070919334879386e-05,0.0001249547364013,1.8485264977897205e-05,0.0405860160453452,1.5554500731685852e-05,4.446136006264075e-05,0.0040373960863266,0.1919533669676231,0.0753882681186518,0.4420726419623633,LCO,13,76
-7597.972649059657,2.404400402377304,0.0081627067093803,6898.67713803656,-0.6340747019454369,-4.165925298054575,-0.2357332141302445,0.5487516595400378,2.3578971877470524e-05,4.374594119064019e-05,1.2090452974610838e-05,0.0001456620692541,2.693242290676784e-05,0.0419686845174252,1.3475707532484814e-05,1.9456541605923424e-06,0.0044875402122231,0.2578304167824012,0.0113654557599585,0.4250709133273958,LCO,13,99
-463788.2348965477,2.197025778464445,0.0434645834600715,105280.78999263245,-1.0546465341008044,-3.745353465899207,-0.3194308976774896,0.3047571512702945,1.3781144448250669e-05,7.642132012764311e-05,1.3330153661534808e-05,4.061012511625506e-05,1.7309760432173542e-05,0.0913099384759658,1.6561770324919988e-05,2.504772504427253e-05,0.0249117203113073,0.029109648515674,0.0902766013191951,0.4911828524876412,LFP,13,22
-446851.6524196884,2.8900686625321943,1.1412995345662922,24245.82561547194,-2.6902735198587635,-2.109726480141248,-0.2743271269106379,0.3062014996855247,1.2825420521784985e-05,0.000118337888273,1.1820955174279522e-05,5.136732066780538e-05,1.894164910400363e-05,0.0916369965441333,4.706846606255493e-06,4.823180261749707e-05,0.0247919454681098,0.0424712912745445,0.2368726925583317,0.3763288892564859,LFP,13,5
-250176.35529365705,2.1272366048617366,0.0119422954227642,289522.79431430984,-0.5513392232542671,-4.248660776745744,-0.0298056826069278,0.2910771359676736,2.965003214538818e-05,4.5155836454154845e-05,1.176514451206558e-05,0.0001269187172654,1.3024089913846536e-05,0.0915503756189043,6.377596417805316e-07,2.72413938102407e-05,0.0212793207064741,0.0876005027819157,0.2154784909407985,0.5971153236703579,LFP,13,93
-6480.624984657868,2.045224672623281,0.0303478025151993,4071.204868939985,-0.4528780439919657,-4.347121956008046,-0.0463844098264444,0.4735617031368648,1.530585548155733e-05,4.00159773107197e-05,1.52769499200485e-05,0.0001498394931379,2.5890273414557783e-05,0.0493139417770518,1.1600041985589922e-05,4.948971411442855e-05,0.0040012753455217,0.2916207744884532,0.0175657320018841,0.5744290836832182,LCO,13,65
-7288.470541422942,2.2607616117383293,0.073917160980262,2581.207943366551,-0.9178538262271374,-3.882146173772874,-0.628455469287315,0.5450863833599182,2.673489170499377e-05,4.3746174622657735e-05,1.2583615886730126e-05,0.0001442286796859,2.6934408497857533e-05,0.0408271687769369,1.368572174329684e-05,1.0447590948240178e-05,0.004487913092205,0.2510971202823849,0.01004847877422,0.04039893165608,LFP,13,34
-447657.0290953936,2.339029268878144,0.1777121894827834,44289.55795337276,-1.9831416669619628,-2.816858333038049,-0.1128510884247923,0.3046875161422114,1.2408576769165658e-05,7.527665967457408e-05,1.1189457353426983e-05,4.083303990333955e-05,1.727688423713056e-05,0.0913099622937426,4.361237149323742e-06,2.417732275634592e-05,0.0249123817477854,0.0245112224325273,0.2456859829920786,0.5469517061506017,LFP,13,10
-7038.639231138272,2.045012929429441,0.0210778421203964,4957.855462986442,-0.483911643706584,-4.316088356293427,-0.0513212104943289,0.2851931988780835,2.3404953728299797e-05,4.461085128797538e-05,1.1285989036177395e-05,0.0001164119816708,2.280081264193518e-05,0.0730882330911771,1.526860715926794e-05,4.072257234165738e-05,0.0040243691887325,0.31926088953427,0.0102480418001072,0.5491698581712938,LCO,13,55
-7711.800764013123,2.0604573134541893,0.0488450930256555,2836.504374093079,-0.5173631823995635,-4.282636817600448,-0.0892896663400469,0.2830183138432854,1.5204573676739776e-05,4.001254116330957e-05,1.5239151567408222e-05,0.0001339122233777,2.992732070749309e-05,0.0421545117334393,7.005290594322639e-06,4.713991773519557e-05,0.004042089780511,0.2376872234554568,0.0175302707198768,0.5854928394846195,LCO,13,52
-7408.210012933606,2.3361897004700856,0.0505683542825031,2303.807981701158,-0.7950988582572904,-4.004901141742721,-0.7848335663707848,0.4365981647161652,1.5939136370929066e-05,4.382680894847226e-05,1.0349105300496726e-05,8.258579872647956e-05,2.9342834015114177e-05,0.0408189788819895,1.4074323302296678e-05,1.0159043059268152e-05,0.0040661378593545,0.0126605443189477,0.0125496279161686,0.1199562613940987,LFP,13,36
-185795.5412101012,2.231856604013978,0.0121426917404308,193889.19856436,-0.3384526242343781,-4.461547375765633,-0.3672787302646153,0.2117612293906153,1.307602733302437e-05,0.0001730145982462,2.1967245870477883e-05,0.0001277644983811,1.8248852348851295e-05,0.0898025852091176,1.055191517783529e-05,4.081344957779484e-05,0.0177604670229779,0.3338594932386688,0.1938142748285227,0.0350475016681933,LFP,13,73
-573137.7731280683,2.3017246791301025,0.0327305444653686,125907.39890914576,-1.0848555489529303,-3.715144451047081,-0.5268626337802507,0.536291780525551,2.0538149596772868e-05,9.535846265394706e-05,1.3360255565482087e-05,5.210221428444879e-05,1.831298198022245e-05,0.0959821653368131,6.335352135215466e-06,2.686223413219042e-05,0.0240790133974797,0.0244281518272893,0.0111065305454105,0.3676026838470495,LFP,13,25
-501002.893648526,2.2182106252464897,0.0500091747564343,59145.16439115052,-1.5266458123481923,-3.273354187651819,-0.5734119364458996,0.2442325512565902,2.870196066975905e-05,4.1608291150589896e-05,1.1791568142915715e-05,4.552807039657992e-05,2.283517731059075e-05,0.0908960640466519,1.537362233650254e-05,4.493366193493096e-05,0.0242492543799393,0.074224278400127,0.1512565301937571,0.1311072549602161,LFP,13,14
-465489.11041634966,2.3811303549507734,0.2047907984873169,44783.93007363261,-1.981359367052768,-2.8186406329472438,-0.355921145211011,0.3051758193471555,1.234005037831617e-05,4.584263535005414e-05,1.3971472949640475e-05,4.060202394328698e-05,2.2932366639601176e-05,0.0883296118223029,1.615747722750713e-05,4.747650657841136e-05,0.0249801660081016,0.0317808339641022,0.2457386232336907,0.296559397591196,LFP,13,10
-491460.2646891455,2.1832390504526145,0.044995253989946,59820.30003887104,-1.5758976048207811,-3.22410239517923,-0.4936826330740587,0.3306710069531715,2.87379575865447e-05,4.5885472245273565e-05,1.3992350296354782e-05,4.161175219816426e-05,2.2932791440178524e-05,0.0883280504231828,1.5325439853544605e-05,4.3746917905257314e-05,0.0249846710990059,0.0308766599587027,0.107447546656446,0.2979931603107925,LFP,13,14
-516144.3657953312,2.9164377135370643,0.1092575039587965,80073.79758742919,-1.410730369650281,-3.3892696303497303,-0.2953113027883008,0.3101413267826892,1.2964487532465314e-05,0.0002294802278897,1.1820951631423142e-05,4.0588578821009553e-05,2.20547114563171e-05,0.0911344678476192,4.565335885410138e-06,4.662176472288239e-05,0.024792114988125,0.0238383731700671,0.2368153696950984,0.3740349543465335,LFP,13,16
-7608.445630042564,2.067581773566308,0.0157319014661252,4742.137632947044,-0.4201531979123629,-4.379846802087648,-0.3188010626787113,0.3245682910575062,2.9143551407089035e-05,4.001273546839475e-05,1.0014853900257063e-05,0.0001247843560127,1.842014778017171e-05,0.0431832327511787,9.751846949677677e-06,4.812513587342373e-05,0.0040398875710025,0.1455363971974991,0.0169786910592957,0.4486838490644939,LCO,13,81
-699077.6888740311,2.321985217638441,0.0676482780594429,164591.29284086954,-0.943384101900584,-3.8566158980994274,-0.551819629447501,0.6283036497966061,2.3971819652186365e-05,0.0001184537621612,1.4054148530735166e-05,5.104119282893443e-05,1.923736830602697e-05,0.0914236854227041,6.38159882239634e-06,4.855879744786999e-05,0.0240651347259205,0.0159170120425496,0.0107721554206683,0.3514912030892811,LFP,13,34
-441821.869509803,2.239003308347412,0.22481335964179,40355.42718058841,-2.077929456835932,-2.7220705431640795,-0.5975354026115016,0.2904920412449984,1.68612721421067e-05,5.732229966202779e-05,1.39356591681487e-05,5.21580221030404e-05,1.8282574120788307e-05,0.0882615517436571,6.201390349451369e-06,4.866270686784716e-05,0.0236607944336881,0.0214222349364336,0.0432967512120243,0.2677456112400403,LFP,13,9
-4096.697726821271,2.041264970396578,0.0291696378549545,4635.701676958873,-0.4329981575967636,-4.367001842403248,-0.0750034808553322,0.4915558529123262,2.7351700335422788e-05,4.251437006055895e-05,1.0155297267953571e-05,0.0001246879522244,2.9265135245363945e-05,0.0422031686984698,1.3566863687231704e-05,4.8166410406693546e-05,0.0044877231396856,0.311373438364812,0.0855750939085535,0.4580479868713021,LCO,13,73
