SpecificEnergy,SEIGrouth,TempIncrease,Price,UpperViolation,LowerViolation,VolFracViolation,C,la,lp,lo,ln,lz,Lh,Rp,Rn,Rcell,efp,efo,efn,mat,Ns,Np
-41208.76952582471,2.3790838776545846,0.0088892450594638,28453.476311367074,-0.4585667958392179,-4.3414332041607935,-0.5235756042544542,0.205216338044071,2.1202922384540703e-05,0.0001446179149488,1.106936611270776e-05,7.898509703852208e-05,2.8186059196992778e-05,0.0452203178324656,1.801834868206707e-05,4.566822083641906e-05,0.0088543740106112,0.0385917040116522,0.3178812971300858,0.0499513946038078,LFP,13,87
-175076.14483336394,2.101709557081136,0.0037597605547422,173449.3619420548,-0.4935100442653422,-4.306489955734669,-0.2134453053539873,0.2000097984505998,2.8336803598395974e-05,4.058651845055588e-05,1.6859312004428074e-05,4.5408322022330286e-05,2.0201315134352694e-05,0.0472196294391655,6.203624899186162e-06,4.801435777553384e-05,0.0239345168203041,0.2082799136313146,0.1079585228332118,0.4003162581814863,LFP,13,90
-241441.0059245717,2.325771567600362,0.011407393313878,200851.7634896432,-0.5539528651576333,-4.246047134842378,-0.3239610399752979,0.2728576322870316,2.2120461247244204e-05,0.0001790018167019,1.792038022667878e-05,0.0001056672056245,2.8761304906447185e-05,0.065142296651871,7.450438714703253e-06,4.24194166488782e-05,0.0193293082233264,0.0690998536334165,0.4926149956545913,0.0443241107366943,LFP,13,94
-108410.55304844408,2.5506301993116183,0.0105871804489481,54194.59318085714,-4.278725479007768,-0.5212745209922431,-0.2557854618222163,0.2661545348870761,2.95691208268352e-05,0.000178595571736,2.2816862415752157e-05,5.8051848784078535e-05,1.2245572285067622e-05,0.040672041144664,5.195887618071824e-06,3.357504161362801e-05,0.0143146909328421,0.0100624195615179,0.5861346626018852,0.0780174560143805,LFP,12,83
-82447.70350026022,2.1692202543466728,0.0114627091659552,56910.49636248616,-0.5492749571974969,-4.2507250428025145,-0.4431392444978348,0.2309518222049836,2.8751779955336444e-05,6.47332082417688e-05,2.151573119231216e-05,5.875581100975668e-05,1.7536155106270654e-05,0.0480716121055568,3.566619516709091e-06,4.263889249580056e-05,0.0122245401746905,0.0198671108592265,0.341115032024395,0.1258786126185435,LFP,13,95
-322875.57547431526,2.4537676831393846,0.0101770252634132,163138.90552824465,-0.5148753029904327,-4.285124697009579,-0.0110180027183873,0.2382313624373389,2.953498901676382e-05,0.0001944391083764,1.394983188167419e-05,6.999737264377662e-05,1.829768658044094e-05,0.0652721067611074,9.317827060153662e-06,4.808788948186054e-05,0.0189832932871923,0.063281987458466,0.2919497779919074,0.5637502318312393,LCO,13,90
-54012.55461787258,2.368411458056653,0.0087022233741164,33814.765817420375,-4.395919118766599,-0.404080881233412,-0.3489533888508812,0.2177185903025031,2.2337100584299075e-05,0.0001795029063357,1.302919930862706e-05,9.961718465518596e-05,2.9376359813974776e-05,0.0409371352102822,4.452919106436698e-06,4.207538885073601e-05,0.0101770444312384,0.0100534714860503,0.4558387646308439,0.1151543750322245,LFP,12,98
-94070.71525823054,2.292969392786616,0.0096110535479142,68055.52258281742,-0.5037107688182374,-4.296289231181774,-0.1089963684115288,0.2339343436298911,1.5789194481316072e-05,0.0001963075895275,1.0536698524692474e-05,0.0001456533491718,2.6114096746620942e-05,0.0463998342760322,5.799352059636201e-06,4.636758503448883e-05,0.0139415078508169,0.1646972416193262,0.0840257257641702,0.5722806642049747,LFP,13,90
-152212.26805415718,2.42144862977443,0.011436201063177,89210.16901612392,-4.182785236003923,-0.6172147639960883,-0.5439256362560065,0.233969031029301,1.4535630838298847e-05,0.0002025150969237,1.393653241809481e-05,8.246978827759459e-05,1.3852451451273676e-05,0.0653108106884223,6.451681141435071e-06,4.333000274075679e-05,0.0146456122609288,0.0162273366636959,0.1260392724652689,0.2438077546150286,LFP,12,69
-31456.89115433624,2.220282330437256,0.0087171871905783,23126.920523650864,-0.5317195512367192,-4.268280448763292,-0.3103893623431029,0.2071936849239642,2.8627245663197483e-05,8.377915458357638e-05,1.3349715787014926e-05,7.614234621473581e-05,2.505826830929366e-05,0.0461241735392172,6.711509063130553e-06,4.253897128905349e-05,0.008205707392497,0.038695336470435,0.5401208161055169,0.0407944850809452,LFP,13,93
-12346.992355028218,2.1101546017346955,0.010275415093649,8115.608386982081,-4.241559989297052,-0.5584400107029595,-0.2652821806664667,0.2371516324321381,1.6097625716133012e-05,6.546469422364731e-05,2.7459643998934986e-05,0.0001348204855126,1.4810117398451888e-05,0.0408477547795315,4.215069128226073e-07,4.4662245892826e-05,0.0055423128894161,0.0278619867421589,0.595148970477821,0.0417068621135533,LCO,12,80
-67488.20864412906,2.453405977598164,0.0112704280627829,42551.31550076533,-0.465790616249464,-4.334209383750547,-0.3160403353753988,0.2673717102134836,2.9537370297372364e-05,0.0001958699875827,1.0262481741065682e-05,6.996703098920254e-05,2.7462063964849167e-05,0.0743187189854871,1.8100865086810254e-05,4.8186932887365e-05,0.0088358205256604,0.0731996526708649,0.3307566486446842,0.2100033633090521,LFP,13,86
-119502.7729093276,2.092727174269185,0.0125156062368072,153157.06745043537,-4.362081406897111,-0.4379185931028999,-0.5324904906385851,0.2119246158402509,1.2522073171484982e-05,4.442950304911238e-05,2.3482276105561147e-05,6.394823567806112e-05,2.1035715845376564e-05,0.0491292819335465,1.0798179419824335e-05,4.028527199730435e-05,0.0200009817069934,0.0891778343425747,0.2046512634120306,0.1036804116068094,LFP,12,93
-12693.532851238848,2.1226652786903912,0.0185479410049958,5979.78537853953,-4.211711002623304,-0.5882889973767078,-0.0466885460618545,0.2709704894736464,1.4236576709603244e-05,5.184568798709274e-05,1.3068087449644864e-05,4.896840869724584e-05,1.2024133643933795e-05,0.0434999798271465,1.8364968720725085e-05,4.763063237042859e-05,0.0051017821316089,0.0776844608160446,0.2649570137791548,0.5406699793429459,LCO,12,75
-9864.751941652034,2.303125860432852,0.0093835348912942,5688.191307915527,-4.298608790210025,-0.5013912097899862,-0.1435476604497022,0.2002907087934291,2.8900820697211397e-05,0.0001795608636189,1.1241223584591028e-05,9.965401424851188e-05,2.9486785645211785e-05,0.05004213391484,6.264443367432143e-06,4.927282202340991e-05,0.004192402599151,0.2940009358186747,0.0730329572750775,0.4194184464565455,LFP,12,87
-133574.85085506123,2.245388244491637,0.0086859145297949,138865.40483889374,-4.393849566120352,-0.4061504338796595,-0.4467284872788506,0.2247493133354804,1.212004244641791e-05,8.906108316751542e-05,1.3512841713907546e-05,0.0001327482130615,2.586790244763809e-05,0.0407294448382445,1.7136020546333054e-05,2.6436688510803244e-05,0.0200662056308697,0.0106983771711178,0.0520022141315964,0.4205709214184352,LFP,12,98
-6910.335537083035,2.123674679932775,0.0111046499155832,6405.908012647802,-4.3484687559002,-0.4515312440998116,-0.7945980790115498,0.2143105928509255,2.560698823481492e-05,4.561478831250004e-05,2.3498758821158724e-05,5.500186895063761e-05,2.1165429932462503e-05,0.0411804948068956,7.67189796755168e-06,4.614154037112502e-05,0.0044779001162684,0.0912643641082221,0.023859498458763,0.0202780584214651,LFP,12,92
-210730.8798930465,2.566277353708521,0.0155992490942864,81562.85127542666,-4.237324396003785,-0.562675603996226,-0.2516061039412521,0.2665418770430952,2.974638846609117e-05,0.0001784345360492,2.2916531699152387e-05,4.7019633656221927e-05,1.3880855405567329e-05,0.0763961851476889,4.681121693462517e-06,4.79495392091969e-05,0.0146655429714126,0.0163991835062364,0.5868927944470013,0.0751019181055101,LFP,12,64
-17612.97587595794,2.294578270518632,0.0096392812162997,10766.208846813444,-4.364602527842209,-0.4353974721578026,-0.164284428322924,0.2220304901595634,2.2286402233410228e-05,0.0001234848079641,1.8577568096466928e-05,5.825690780983309e-05,1.259187358553024e-05,0.0970586511072215,5.284999233232007e-06,4.7273223630446754e-05,0.0040050723166641,0.0206266276505261,0.5682636797048417,0.1768252643217081,LFP,12,92
-156666.32474941103,2.477929754605348,0.0094112248973563,101171.78733537743,-0.5611872778534206,-4.238812722146591,-0.4812309224064684,0.2288736409871378,2.83788332901916e-05,0.0001960236796366,1.0242258869571464e-05,7.01856162425479e-05,2.7567225013939443e-05,0.0748151202314135,3.3674257520169677e-06,4.263672925231952e-05,0.0122574638123392,0.0251167700903251,0.3307403559049851,0.0929119515982214,LFP,13,99
-56172.32426049394,2.1479343028593028,0.0193729011829452,20204.95009883293,-4.381224198131818,-0.4187758018681933,-0.1716594888287298,0.2083740005439305,1.8236690213487865e-05,4.5479456252927335e-05,2.022139106601165e-05,4.270660156047558e-05,2.445004202858518e-05,0.0464077036341225,4.541600411844187e-06,2.65118417714962e-05,0.0115261387865583,0.2198232849759682,0.0576520842182028,0.4808651419770992,LFP,12,48
-35933.06743679955,2.10155489285541,0.0095715246501737,28515.66106173055,-0.5545899851551042,-4.245410014844907,-0.2845108488406221,0.2371744920918211,2.186968288452509e-05,6.087140125623703e-05,2.165897664990184e-05,0.0001165909927097,2.5089048129913503e-05,0.0420981598051571,4.45412577733562e-06,4.253181787337521e-05,0.009301261487276,0.0102590919627398,0.509075613339515,0.126154445857123,LCO,13,94
-67704.5279680066,2.2385655903685517,0.0142740059314898,40380.18238852197,-0.3809179525306092,-4.419082047469402,-0.260018766160017,0.283870342794365,2.144543337077956e-05,0.0001407980413826,1.3240888036864628e-05,0.0001498095314387,2.7936242311696507e-05,0.065588058205411,3.5948156275111834e-06,4.46989181423262e-05,0.009716286744412,0.0358236521542724,0.5843841618115827,0.0497734198741278,LFP,13,76
-227687.7034161765,2.2653341898578434,0.0126593737683017,208528.60849634293,-0.4620511422413713,-4.33794885775864,-0.8117520560369407,0.2008832076786535,1.2059765640638132e-05,8.243008963018974e-05,1.0678971521319358e-05,6.136964004880438e-05,2.6220094688249445e-05,0.040537430840764,2.022672130469886e-06,4.971087343658785e-05,0.0241585735093727,0.0297024866086736,0.0482360087636315,0.0403094485907542,LFP,13,88
-103595.13310948716,2.4979136128218142,0.0100448680027601,63813.77304910912,-0.4054699039749465,-4.394530096025065,-0.4765799775437175,0.2289464022484248,2.8323339455610715e-05,0.0001960280190951,1.0225819177592456e-05,7.8987606209585e-05,2.818763888678848e-05,0.0447419416058366,3.5473910658209213e-06,4.256171108626136e-05,0.0138220259283037,0.0245192559872298,0.3177145951413927,0.1111861713276599,LFP,13,82
-107521.63796223114,2.216784471215638,0.0168137301347629,50444.94571264748,-4.194491375319736,-0.6055086246802759,-0.5689815219943132,0.2006905939154286,1.2133615971389066e-05,8.519540342387258e-05,1.06503802647142e-05,6.400778480256393e-05,1.4713707005441326e-05,0.0418894983481041,8.20078644102862e-06,4.19693765310535e-05,0.0132615698833185,0.0304772770473387,0.169360736374741,0.1611804645836071,LFP,12,77
-27044.455884421284,2.473569867150532,0.0095193962039895,15908.7669492859,-0.4400763152269888,-4.359923684773023,-0.3262496494026503,0.2051591061307634,2.127774835907817e-05,0.0001963141586592,1.0196680250438656e-05,8.033373304587002e-05,2.818771486488341e-05,0.0446055844830172,1.7032706792824838e-05,4.247942073083065e-05,0.0069226640428213,0.0446165439902239,0.5277956981578965,0.0313381084492292,LFP,13,85
-636410.8512202963,2.347403449029389,0.0529131524077785,162536.89405121288,-0.8644872433088437,-3.935512756691168,-0.4186694594489821,0.5828752214693933,1.5567812136177412e-05,0.0001126872939291,1.477689198316236e-05,4.496198992566543e-05,2.69872212513584e-05,0.0919765016863043,1.6750441899883324e-05,3.7316114202071e-05,0.0232763372402733,0.074503390117292,0.0148124165602923,0.4220147338734336,LCO,13,37
-135122.3686043857,2.5767352719173298,0.0150654563223662,67412.50256294824,-4.319484108300188,-0.4805158916998238,-0.2630279114826583,0.3309566033670561,2.6220116019211968e-05,0.0002446890921768,1.105751730164771e-05,4.027262176976312e-05,2.768630096328142e-05,0.0749438545252891,6.374419005314413e-06,1.5922434646857115e-05,0.0115613906808333,0.0158136886622538,0.0916118843152549,0.5595465155398328,LFP,12,86
-154742.19847495615,2.2895110374167404,0.0095281868033423,128638.1410052914,-0.5619721799892687,-4.238027820010743,-0.2839241857664112,0.2361111109731257,2.6377332921189997e-05,0.0001963108707545,1.620010956327997e-05,0.0001466093152101,2.5439986360919392e-05,0.0752602164737848,5.834576343399046e-06,4.259126037258093e-05,0.0140328485199935,0.1651372640087683,0.3329044772182798,0.1480340730065406,LFP,13,99
-38752.307432296606,2.25206387298131,0.0059819687844563,24225.390955263723,-0.4437362537502665,-4.356263746249745,-0.393575717568381,0.2154254621694788,2.17993748401597e-05,8.451454852262309e-05,1.048911090966344e-05,5.327312429761887e-05,2.5087046822846387e-05,0.0401461593038907,3.3362565188644765e-06,4.284434309095736e-05,0.0092539598219174,0.0302157309672332,0.4901388666410109,0.0160696848233747,LCO,13,85
-8440.19692905598,2.2154470287942742,0.0087827326797087,6489.939467001416,-0.520141012183629,-4.279858987816382,-0.5683611258868659,0.2221032578338641,2.228825093060279e-05,0.0001140416507586,1.1002100096047616e-05,8.618003208946362e-05,2.843806397562578e-05,0.0447597478846789,4.913500111764796e-06,4.7274413761955526e-05,0.0041370391635991,0.0131386208288729,0.3057597279932107,0.0427405252910505,LFP,13,92
-149264.03698544452,2.187456764437746,0.0122523551594963,104306.13425443757,-4.390724525179905,-0.4092754748201059,-0.1230775099739319,0.2795956351524833,2.8643166854468745e-05,0.0001119037412533,4.710442862733706e-05,0.0001384212023151,2.4160802278740843e-05,0.0407475715920187,1.9353512016452517e-05,3.8558312146449055e-05,0.0191019983165451,0.0732761927901668,0.2871141039601909,0.4465321932757104,LFP,12,94
-28834.471418350862,2.5074586754025447,0.0091625835998244,15296.85037931844,-4.359424553930182,-0.440575446069829,-0.2178463594378159,0.2023532530493584,2.126078875693618e-05,0.0002418697611546,1.114400969456743e-05,8.033816640754741e-05,2.5076772830191917e-05,0.0440881892618903,4.434472555814715e-06,4.2477976306229776e-05,0.0069132303345973,0.0238771486809073,0.539688154494268,0.1485883373870088,LFP,12,92
-311736.58319545264,2.4514637052450987,0.0105415912203248,159435.45113539213,-0.4650221035784625,-4.334977896421549,-0.0004618011021134,0.2385493437483904,2.829474947836574e-05,0.0001967507862974,1.3975115196082747e-05,6.999642925652526e-05,2.8876846040365823e-05,0.0652248204248562,1.2136769407139751e-05,4.023716416252127e-05,0.0193689303237057,0.0641388810072202,0.2910821795459387,0.5743171383447276,LCO,13,86
-49197.71545279808,2.2137012856873257,0.0086501802608749,49103.57735226262,-0.5213737068840061,-4.278626293116005,-0.3975767220792348,0.221724896032935,2.6394103284666903e-05,0.0001283083208207,1.8681876659597928e-05,0.0001318615868571,2.846006501773364e-05,0.0896674449694907,4.871043280472987e-06,4.938656373022659e-05,0.0081865989385645,0.0734952579092504,0.3054875626995855,0.1534404573119293,LFP,13,92
-32042.72506435824,2.167548046218978,0.0111543188277291,18344.41651463948,-0.4371481256578065,-4.362851874342205,-0.5292194417964158,0.2080087590938933,2.795593547448513e-05,6.467606610088073e-05,1.3616635621971464e-05,5.322957315525704e-05,2.8688821697626957e-05,0.0400879093763539,3.5674783979892667e-06,4.284934182575734e-05,0.0081104706648,0.0197908357190047,0.3408469914415317,0.0401427310430478,LCO,13,85
-175618.01510893158,2.479444254370027,0.0096789189319918,85033.56504037601,-0.4084762160706461,-4.391523783929365,-0.1537965190332187,0.2050827376217248,2.840436581078049e-05,0.0001964492907874,1.0239086713426292e-05,7.838443511524922e-05,2.8187604821270205e-05,0.0447997139004361,1.6562087549696525e-05,4.247865816234119e-05,0.0169917664639116,0.0541999694111015,0.5731000711841585,0.1489034403715212,LFP,13,82
-167261.29139801647,2.364624956850677,0.0119095540680917,116035.5840932284,-4.350537048818779,-0.449462951181232,-0.1049584632638969,0.2738311135933086,1.5765322120523806e-05,0.000235097462893,1.1058887017182408e-05,0.0001075455877302,2.6113314558261524e-05,0.0757573175829184,5.578282796533017e-06,3.984810386794306e-05,0.0148602278197166,0.1663438411826221,0.0806155078501963,0.5780821877032847,LFP,12,90
-130806.31718975528,2.2768847323143038,0.0119851028380616,83681.46015353964,-0.573693873348752,-4.226306126651259,-0.0776143420244506,0.288355165507132,2.489678442678017e-05,0.0001048312603429,1.864085799765263e-05,5.779318295077352e-05,1.936515740312945e-05,0.0406380132051588,4.870058864436038e-06,4.3352612351746296e-05,0.016838390597084,0.07383180806946,0.5901680211190576,0.1883858287870317,LFP,13,96
-268586.398142397,2.0779109013936905,0.008790968637176,456215.0476468932,-0.5717385486592477,-4.228261451340764,-0.1105774816113852,0.2211458346824131,2.571729903231622e-05,5.4081447517912186e-05,1.2049554616033744e-05,0.0001488026797547,2.3952250965165652e-05,0.0951033195780521,2.6836368883499665e-07,4.847193831027406e-05,0.0247942980036992,0.0879732677572515,0.1724674637203612,0.5589817869110021,LCO,13,99
-369884.7200280456,2.120945317201576,0.0119242183282617,279879.77469352,-4.177009103561524,-0.6229908964384876,-0.3526472626483292,0.2288449765202153,2.951814282584012e-05,6.416925499401492e-05,1.6149889913478338e-05,0.0001006266383302,1.3766748603872976e-05,0.0848447965225758,1.7925761766217304e-05,4.939246619243798e-05,0.0248717609617499,0.0288121474806438,0.0435470750116022,0.5049935148594247,LCO,12,68
-226799.3020512904,2.4194962358736327,0.0063086068734399,330292.15840011614,-0.5553992758422339,-4.2446007241577774,-0.3285202377438679,0.2004881742024068,2.8265336017674796e-05,5.301260219138247e-05,2.3945789437342047e-05,0.0001403643991194,2.5894995937736723e-05,0.0817231648731342,1.4573587427283798e-05,1.0199699114444513e-06,0.0222941904893985,0.0314562209508778,0.0295204281599821,0.5405031131452721,LCO,13,96
-72932.57191969152,2.4032625903659737,0.038772210396043,16668.532824597405,-4.593008141042851,-0.20699185895716,-0.2418934088177247,0.2983370976848297,1.2086794976377536e-05,0.000202088050542,1.5168147862802165e-05,0.0001321709041059,2.933659367910269e-05,0.0403671881903269,8.317457235232097e-06,3.76862807807436e-05,0.0121480544584743,0.1346239103789726,0.4704399433683619,0.0830427374349407,LCO,12,34
-181342.1905028485,2.55247285850195,0.0123758950908022,114428.5331354066,-4.4117662866850935,-0.3882337133149178,-0.3253037595236773,0.3115028048261263,1.2690009369926397e-05,0.0002446005932228,1.269090780956959e-05,7.489207252114336e-05,1.5232925136730948e-05,0.0427675292579719,6.607346360973681e-06,3.494706484859332e-05,0.017843174278552,0.0416918758644388,0.0392412363588046,0.5237631282530792,LFP,12,98
-195152.98718536703,2.229728158172988,0.0112694350916344,167017.88255018918,-4.352510245488119,-0.4474897545118921,-0.3595360083934069,0.2249854439193049,2.5879642629933592e-05,6.432471910720002e-05,1.0338487813735412e-05,4.4626700038172086e-05,2.7580041265912267e-05,0.0475060198350304,1.7322388988865036e-05,4.9868466036370144e-05,0.0233117333315094,0.04314482828905,0.0522827439459553,0.4750364193715877,LCO,12,91
-88717.63263394852,2.4802428982249705,0.0103093961300469,41066.302334060616,-0.4178950336845588,-4.3821049663154525,-0.3272316710426736,0.2177546846117261,2.457583658756095e-05,0.0001392409828435,1.858172306667801e-05,4.04135812404627e-05,2.9626629755111076e-05,0.0409677500132247,4.582783399729766e-06,4.208528895730608e-05,0.0120838755477401,0.0150881137506925,0.4266923319185945,0.1609878832880393,LFP,13,83
-320998.6928768799,2.0946334061207854,0.0086175860901489,167305.755327711,-4.280592146939313,-0.5194078530606987,-0.2446321657078508,0.2305801845778602,2.8809076337846947e-05,4.40299270728838e-05,1.0406561860015727e-05,6.081802531041061e-05,1.3585463274495822e-05,0.0850650478504475,2.605345477219091e-06,4.78071220752023e-05,0.0226103723231711,0.042873630048359,0.0436995939357392,0.598794610308051,LCO,12,55
-10922.604369297504,2.4612994933204697,0.0223269388980765,5013.227644962466,-0.4628014245526444,-4.337198575447367,-0.4048810485722897,0.2809375497228124,2.715259213850268e-05,0.0001430713579061,2.9953391426455663e-05,5.548789229446783e-05,2.912747368032616e-05,0.0594904062841696,3.3793419060606037e-06,4.716525066384349e-05,0.0041707109002213,0.0141336008685555,0.1595242579634172,0.3514610925957375,LFP,13,56
-302730.4790941907,2.415129015923557,0.0356703040687184,90235.71161044954,-4.5343481408687865,-0.2656518591312249,-0.2714895255323521,0.2516283872628497,1.8337402310242023e-05,0.0002019991184758,1.5257523997177052e-05,0.0001285095907957,2.883027180198432e-05,0.0706766751823861,6.542973976636408e-06,3.624548275481999e-05,0.021434071481836,0.0225552867931649,0.1121122835675149,0.523842904106968,LCO,12,34
-162383.39392347736,2.240792707731882,0.0122492910906116,114107.37490739678,-4.182820928209168,-0.6171790717908436,-0.7779443343151784,0.2531130944485062,2.737893968211787e-05,9.935871477803558e-05,1.7981207001913626e-05,7.107974979807793e-05,2.6595546930463066e-05,0.0492233509461288,6.676702297837273e-06,4.5163754206085024e-05,0.0194781211225129,0.0124258353283355,0.0145459755403878,0.1250838548160983,LFP,12,69
-26895.49074972289,2.456242788947768,0.0662308850633366,6537.390771489,-4.5668983952275966,-0.2331016047724148,-0.0534888206815483,0.2518507628898958,1.905011124301749e-05,0.0002065325867683,1.911755297137434e-05,0.0001264978846045,2.966783824065547e-05,0.0441119382845165,9.044622832264394e-06,3.4257553561262097e-05,0.0077124836016601,0.1357702146660524,0.1873160051531096,0.5534249594992896,LCO,12,33
-726990.7996031543,2.48989310286343,0.0099054410029153,417718.01507386734,-4.279485162055842,-0.5205148379441695,-0.1752395114593491,0.2041795331884686,1.3413754879348312e-05,0.0001695915076467,2.509296063441387e-05,6.192713940387338e-05,1.4211911248171548e-05,0.0997006324055007,2.2716922667259087e-07,4.758148750955e-05,0.0247955239605604,0.0858296460550773,0.1169220088591707,0.5520088336264029,LCO,12,85
-160403.04841462558,2.0824679097419585,0.0089462992365406,207853.7237893316,-4.401857729023661,-0.3981422709763507,-0.3733281062914646,0.2253657029484697,1.781744103334554e-05,6.379515848501559e-05,2.799560050570166e-05,0.0001181907636545,2.9330831397607977e-05,0.0438509009389006,6.208375501247286e-06,4.862747421073424e-05,0.0242709811215685,0.1175276169406261,0.0180633931562732,0.421080883611636,LCO,12,99
-118206.64373724864,2.2216995592564746,0.0117402150095975,88594.40264987218,-0.4664821681710336,-4.333517831828978,-0.2955724383627945,0.2266425074166778,2.876382655595356e-05,6.455456315373821e-05,1.0433459733803274e-05,4.379076393810195e-05,2.41044541001105e-05,0.0507560722306408,7.710310832830224e-06,4.9564524824076107e-05,0.0163374247026153,0.0822242363839983,0.0326973554928701,0.519505969760337,LCO,13,87
-192574.96500018245,2.322283724149457,0.010682394653256,151418.64009392884,-4.363960911407759,-0.4360390885922527,-0.7885042277826915,0.2532134497469667,2.5168395910577245e-05,0.0001154699309162,1.246044551242802e-05,4.706700348263145e-05,2.6138397266748533e-05,0.0492461557588036,1.7678504025978332e-05,4.293238612642072e-05,0.0194141549439948,0.0215233167223105,0.0693243487822134,0.0506481067127846,LCO,12,92
-143478.0196241775,2.293918875906257,0.0166211529903186,112526.9637012468,-4.411142205255146,-0.3888577947448652,-0.7945470781706956,0.3363501999235619,2.579818942884125e-05,0.0001151685345057,1.2799470557885113e-05,4.519369400185924e-05,1.385578758972627e-05,0.0424819059522207,1.712554210757486e-05,4.623883209617986e-05,0.0171012680435325,0.0512007347564805,0.0390357412841954,0.0452164457886283,LFP,12,99
-32238.280192091035,2.301291552809572,0.0150105208959223,21540.728076034407,-0.3651347865310157,-4.434865213468996,-0.0326508542499071,0.2516148361891016,1.894722979620684e-05,0.0002079178345038,1.4260262608335264e-05,0.0001409712880143,2.9120977860089237e-05,0.066307409454533,9.104542599296844e-06,4.708156281055775e-05,0.0078294339690498,0.139147415837104,0.2003516725091781,0.5578500574038108,LFP,13,66
-198581.7769011852,2.0869742705608783,0.0449063886613171,83930.57561119189,-4.599898110376614,-0.2001018896233972,-0.4559278479003312,0.225055393004087,2.739322019693819e-05,5.15902905187636e-05,1.432351941077116e-05,0.0001152176439937,1.293363619805551e-05,0.0592972386495073,6.241451870526867e-06,4.885679234743855e-05,0.0243268328069057,0.1045603603452088,0.017829048675458,0.3516827430790019,LCO,12,29
-4312.855345453858,2.046898382891831,0.0247976872974664,2437.657737124326,-0.6244392379337214,-4.17556076206629,-0.3565769181421632,0.2417487098325874,1.5412226705898148e-05,4.1992494287806574e-05,1.1055568604646132e-05,6.785978438943883e-05,2.334763794910818e-05,0.0402558831256706,1.880072804041271e-05,4.118085084044346e-05,0.0040496656206017,0.5191218897981884,0.0133268946555246,0.0409742974041238,LFP,13,45
-252740.1495113129,2.0870174684244804,0.0116957186345887,302550.8427399219,-4.178325113603364,-0.6216748863966473,-0.2142726908633049,0.2250585104819735,2.740139907960247e-05,5.150786209162334e-05,1.529191823748933e-05,0.0001352545651841,2.9185465951588175e-05,0.0964252933195014,8.852264371999e-06,4.846473428857478e-05,0.0247958475232328,0.0877750318020278,0.0661432094240048,0.5618090679106624,LCO,12,69
-150257.59757586935,2.2454776261375766,0.0179198052503334,67813.55285321931,-4.263105433825238,-0.536894566174773,-0.0146213254774238,0.2641713681088371,2.107635099901864e-05,0.0001333175187259,1.763804640742823e-05,0.0001196076336115,2.865655145776657e-05,0.0461335791282011,4.364178731897526e-06,4.217979304098919e-05,0.0185463831057079,0.0315000803154498,0.5137749356147968,0.3701036585923294,LCO,12,60
-74209.35865442836,2.122779783262271,0.0089308755084483,105212.28012051704,-0.5569295078735763,-4.243070492126435,-0.7512124693823964,0.2309651712084391,2.89725277423678e-05,6.458659770004586e-05,2.9320115729073504e-05,0.0001400308150436,2.579419349192921e-05,0.0582874337598956,6.5428425752490745e-06,3.273428773588936e-05,0.0138408623067641,0.0133823967654049,0.0657215198312081,0.0996836140209905,LCO,13,96
-39914.46585257868,2.532890579325666,0.0096908870715433,21044.25795516155,-4.30681177798273,-0.4931882220172809,-0.2883020588853237,0.2255732007630945,2.584581259280601e-05,0.0002360867217856,1.076042492157048e-05,7.453353379035756e-05,1.3635752283502932e-05,0.0474146214692097,1.758009439419974e-05,4.353629830691427e-05,0.0078761106960764,0.0363873902840717,0.03403514457162,0.5712754062589845,LCO,12,87
-260393.33427680755,2.1664544491415665,0.0086070660078761,314775.4627342152,-4.370382550424935,-0.4296174495750762,-0.3192681323967434,0.2017419748580449,2.9927825259558017e-05,4.388028031349215e-05,1.3125500319213916e-05,0.0001411755423231,1.3570406571287435e-05,0.0845086176003059,1.921040323987276e-05,2.067061018016224e-05,0.0224410956551341,0.0128340666176689,0.0326924962517648,0.5652053047338228,LFP,12,94
-190411.7576075505,2.165836331743015,0.0100842069477172,134057.69129068215,-4.196385923597433,-0.6036140764025788,-0.3735791335730962,0.2079126056076258,1.8053121457520976e-05,6.517854695681588e-05,2.027649107132332e-05,7.9014227526847e-05,2.9116941597810637e-05,0.0640623991800128,1.7065998438301108e-06,4.7453815349681015e-05,0.0186571430481032,0.0136197907584593,0.0576438412883584,0.4851572343800859,LFP,12,77
-497438.4659661964,2.292709771767812,0.0124455481973221,287289.6146478513,-4.184482212603584,-0.6155177873964277,-0.2714287880212566,0.228884948073492,1.2117352480676163e-05,0.0001668417629581,1.7604503812941676e-05,0.0001153394847408,1.69432920486117e-05,0.084921850270706,1.888973629728884e-05,4.9535829307369134e-05,0.0243824124164004,0.0179763946582299,0.0470167788810438,0.5935780384394698,LFP,12,68
-335690.287233079,2.443755759341543,0.0174201962906777,124184.67022347829,-4.237266384628029,-0.5627336153719824,-0.3389223280493125,0.2110136682011635,2.7082787536031847e-05,0.0001347577217186,1.2487614996759206e-05,4.40124032253759e-05,2.818366866904209e-05,0.0484984782798221,1.784175762568948e-05,4.3093275635836166e-05,0.0236968604696825,0.0315447385639375,0.5170395098803869,0.042493423506363,LCO,12,60
-72503.41395939828,2.227678902394689,0.3279308494703163,4703.738912070309,-2.125241925759063,-2.674758074240948,-0.1451235730637231,0.2988637777270733,2.8802611872000725e-05,5.835235847700047e-05,1.5190805542265466e-05,4.334662494390652e-05,2.838347839924067e-05,0.0509280480596784,8.329847017583433e-06,4.513628204725976e-05,0.0120990636812455,0.1594088615987006,0.4799430968727404,0.1455244684648358,LCO,13,9
-402595.174984868,2.577752430231776,0.0572124958171177,84152.08608685092,-4.726482747786903,-0.073517252213108,-0.1241142351340812,0.2545328587242005,1.907057643920308e-05,0.000224324225932,1.913790707913577e-05,0.0001262427528354,2.845337584041619e-05,0.0749887756346482,1.0115898696681984e-05,2.74284519738484e-05,0.0239502494135295,0.1378632544161445,0.1007682088561159,0.5672543015936583,LCO,12,25
-44926.43276672335,2.639833286662029,0.1571385148000671,5798.284979239043,-1.7815733817365782,-3.018426618263433,-0.5668852802393954,0.2002692755471905,1.9572949092715387e-05,0.0002045324826362,2.3988805733744984e-05,0.0001320659371519,2.441656898171474e-05,0.0988595256598344,1.4700095374130644e-05,4.67643463450933e-05,0.0073204280043071,0.035983742845968,0.1748721312420438,0.1522588456725928,LCO,13,11
-358967.18020962883,2.532371976654924,0.010593301480997,189382.36870893187,-4.374540452303819,-0.4254595476961924,-0.5035551590541049,0.2432438706886646,2.5860815231480304e-05,0.0001433154345166,1.173025818634828e-05,4.153991303769242e-05,1.2086043600794024e-05,0.0400324657147726,1.8851684236213427e-05,2.8143530552429773e-05,0.0243718177681053,0.2038099941315374,0.1180258573183406,0.1046089894960171,LFP,12,94
-198836.02429216617,2.0834213292780124,0.013011534125137,154360.16933595718,-4.22584142817815,-0.5741585718218616,-0.2918125326297369,0.2500631228014439,1.5920191865673323e-05,4.373784870585141e-05,1.649463122818603e-05,5.142968268200244e-05,2.8872352148515057e-05,0.0842509351036273,2.798613916508693e-06,4.319518316568407e-05,0.0179753350388103,0.0329014022871112,0.0818396664397928,0.5234463986433591,LFP,12,79
-122044.66056870116,2.394424145227892,0.0332283069922778,46917.32264521587,-0.7796258742356059,-4.020374125764405,-0.7697587511799038,0.2098428698269847,2.6389180982717603e-05,4.665402344919162e-05,1.0051521015445516e-05,0.0001311165460882,1.7458505571296627e-05,0.0407604949779727,6.230745375002499e-06,6.249299261170346e-06,0.0204283891544531,0.0391772896107636,0.0319041132576803,0.0891598459516523,LCO,13,28
-293937.5407645101,2.093716472242751,0.0305066496482536,177323.08885685485,-0.5914302469813748,-4.208569753018637,-0.1654990466473392,0.2062896421166698,2.571676597725776e-05,6.280004889459492e-05,1.2510608824508797e-05,0.0001491357837053,2.9851197000056712e-05,0.0864287929251332,1.5239458438446245e-05,4.849197743066886e-05,0.0247254665474808,0.031404323993176,0.17167411075178,0.5614225186077046,LCO,13,42
-183544.1101038692,2.54446644071256,0.0153692286619743,99802.11529171866,-4.26273016340555,-0.5372698365944615,-0.2835161386250184,0.3198872993991195,1.7310309786021903e-05,0.0002031241678038,1.5264989813035396e-05,7.330132221897232e-05,2.6112302926624957e-05,0.0403490271664598,8.119834008004888e-06,3.5558753853663664e-05,0.0194257444191367,0.1233492260289783,0.4731506180209188,0.0499840173250843,LCO,12,80
-83950.3606166675,2.459773027180012,0.005846467362993,139970.32247659945,-0.5569134947804031,-4.243086505219608,-0.2970775623773055,0.203903017813611,2.1670939655917723e-05,5.6457140109795136e-05,2.295134128114865e-05,0.0001429179799588,2.9391469534183564e-05,0.0464223275662313,1.0168881240614676e-06,6.219546126453091e-07,0.0192085208982135,0.0326470620711323,0.0594383560479764,0.5408370195035858,LCO,13,96
-13702.092013332807,2.5672625396036266,0.0140365028796188,9322.00518929498,-0.3422238224162797,-4.457776177583732,-0.3521993731359052,0.2445580648934578,2.5743837805345564e-05,0.0001603585883392,1.5514352753701725e-05,4.771604624294306e-05,2.997052683416532e-05,0.0492016863860571,1.61605269411759e-05,3.265876919895458e-05,0.005803093435421,0.0572764881016867,0.0881557171354547,0.4323684216269533,LCO,13,66
-203302.91581212133,2.435435466864893,0.0083755157899992,312373.30901553406,-0.5220333760092473,-4.277966623990764,-0.3526676207989836,0.228899363900187,2.4182816940642836e-05,7.798593040726881e-05,1.469922737110365e-05,0.0001152511126811,1.6840335020102576e-05,0.0850204627580583,1.9108771448114527e-05,1.3726614720378486e-06,0.0213606929220361,0.0126621315649727,0.0472283723358573,0.5174418753001863,LFP,13,92
-207766.95206579252,2.116563233733806,0.022059976085052,113128.93183575694,-4.29903721746841,-0.5009627825316016,-0.6696700642689389,0.2078428525916963,1.3966226636664796e-05,6.35932498024297e-05,1.107310914198148e-05,9.476167103993672e-05,2.7753451719799363e-05,0.0711826997040946,1.792697331906585e-05,4.755277611014899e-05,0.0185678226410375,0.0400566144885056,0.037485075660046,0.1827882455825094,LCO,12,52
-546071.5674060829,2.531973635736946,0.0371291667532509,111100.33695826872,-4.541543841427938,-0.2584561585720735,-0.2057595517338589,0.2956801254788603,1.409227422170729e-05,0.0001649465952519,1.1717950230496967e-05,4.991701459958127e-05,2.1400299460206952e-05,0.0683587110503015,1.76332706094517e-05,3.972213088609559e-05,0.0237008116179932,0.0723107097097061,0.0965665774135347,0.5553631611429002,LFP,12,37
-306968.87442353804,2.299371633027349,0.0113158530726227,235693.91341019716,-0.5322408386773247,-4.267759161322687,-0.3903742035489835,0.2316341086376789,2.858139902846774e-05,8.026182095833304e-05,2.371807069675826e-05,4.773838906072e-05,2.9888164365541728e-05,0.0955751073260586,1.5837320394157563e-05,3.593742280482036e-05,0.0182188451188182,0.0122754568020617,0.0964227872393211,0.4309275524096335,LFP,13,93
-192385.88524288047,2.147209919867394,0.0244320514123921,62815.969847273154,-0.6976162206001675,-4.102383779399844,-0.2335251961697907,0.3746876148928601,1.2325439632018511e-05,4.569394264976281e-05,1.961987310659943e-05,4.3690980440518245e-05,2.9908347407021505e-05,0.0822830254826024,6.241219070530051e-06,4.8020809150704e-05,0.0153671975085148,0.0266192204315701,0.1079543601046628,0.5619012232939764,LFP,13,42
-589836.3493193868,2.4703917739508428,0.0093543662159504,365109.3862061686,-4.3986269444267805,-0.4013730555732309,-0.1448481823582449,0.2162282326678691,2.8097985582578968e-05,0.0001366611239788,1.605643885505345e-05,4.542639086221614e-05,2.7492576996929115e-05,0.086438650965819,2.4472033589494805e-06,4.371072181061227e-05,0.0245940645372594,0.0240988493485528,0.4700022253625115,0.2910507429306906,LFP,12,99
-42691.2189875217,2.373932543939497,0.011913558346645,20102.49215102688,-0.3634802420928906,-4.436519757907121,-0.3184997329708197,0.2259500734153129,2.532855273442796e-05,0.0001292872834731,1.2441669835215836e-05,4.812669250874552e-05,1.2032899021814776e-05,0.099763866707483,1.9695139797530547e-05,3.975597786913485e-05,0.0060738275170546,0.031621494932058,0.5517642259941316,0.0281145461029908,LCO,13,64
-135118.35332539637,2.067326724839992,0.0117645067848975,135921.44784576452,-0.5431964897627921,-4.256803510237219,-0.1158786217968214,0.271642080602971,2.143480073300361e-05,4.000622006207418e-05,1.9568871056264644e-05,0.0001404843487903,1.929621693954801e-05,0.0415583898161191,2.109798164556829e-06,4.753070995227227e-05,0.0211153698875082,0.3366972727623859,0.3700166544089937,0.107407451031799,LFP,13,93
-371174.1928267082,2.249692307780322,0.0089010180182802,355925.4551366331,-0.3973885908613894,-4.402611409138622,-0.0320738649043857,0.2084245130236602,2.5702886250892124e-05,7.55140745823247e-05,1.0937918771545024e-05,7.537852085434835e-05,2.4524052073354856e-05,0.0984520464455106,1.1121193472251116e-05,2.8584530259534974e-05,0.0248731946957547,0.0211432452779014,0.4416154182719881,0.4351674715457246,LFP,13,81
-313232.3037918927,2.44901705726032,0.0099101177215823,253306.28005140825,-0.4531996437694587,-4.346800356230553,-0.4735540872066287,0.2134835153457441,2.9804521666819376e-05,0.0001271034041591,1.0460583553603954e-05,4.220491918592417e-05,1.9088101894596023e-05,0.0843273034112214,1.860772880414244e-06,4.1946356463494174e-05,0.0200715314930917,0.0316400897397416,0.3999166042994669,0.0248892187541626,LCO,13,86
-29561.141415993905,2.217137777801814,0.0082703195345809,30431.786760607152,-4.39915077307186,-0.4008492269281518,-0.3514933481224873,0.2010705835742775,2.471202403395489e-05,0.0001088032559852,7.438550042663354e-05,9.771780250221302e-05,2.8614617822442224e-05,0.0938275209894143,6.271499138863603e-07,3.874792530165736e-05,0.006338661760083,0.0575670144578797,0.1484292219006004,0.3725104155190325,LCO,12,99
-241939.3717775652,2.1627106485355023,0.008816730391096,167559.85725216693,-0.5057064448526489,-4.294293555147362,-0.0974910268881072,0.2134192829377653,2.8755249680487804e-05,8.209444817527263e-05,1.4382996860457484e-05,0.0001172669020311,2.9042574403322145e-05,0.0405796707129981,2.4486220022035544e-06,4.240704737331743e-05,0.0246171994823476,0.0227955016762334,0.5164460917113335,0.2932673797243258,LFP,13,90
-549148.1128250851,2.3437659027857776,0.0288238746658522,148045.3994876706,-0.7018783536728037,-4.098121646327208,-0.2559573153617299,0.3519679659537679,1.3810195932370976e-05,0.0001162901825348,1.2958868147763254e-05,4.1184799034091656e-05,2.4968084434269257e-05,0.0907560922500024,1.6716599113873723e-05,4.815637062708188e-05,0.0219292130222094,0.1698832532621378,0.0145290514774813,0.4896303798986509,LCO,13,40
-33681.43424578847,2.1788053871349886,0.0084680722940872,39059.55228932719,-0.5252185961701912,-4.27478140382982,-0.3528962880412803,0.200832745548614,2.300143629237205e-05,0.0001088803034244,1.9482619793071247e-05,0.000118808162228,2.9905165884933576e-05,0.0963990281732377,3.588317731750815e-07,4.008149374315942e-05,0.0070774544758396,0.0576096961266378,0.1485924610931908,0.3709015547388909,LFP,13,93
-14790.680879859952,2.2896314777274567,0.0101254221894709,12772.927985417562,-0.3424886255976389,-4.457511374402372,-0.6934061615765441,0.2101399306890857,2.988286209497528e-05,0.0001640809281861,1.3882187857491451e-05,0.0001281109061803,1.619556981730626e-05,0.0883944119421125,1.7519869149820636e-06,3.206985418160525e-05,0.0042778411771262,0.1881426521676187,0.0236133544603757,0.0248378317954615,LCO,13,77
-10156.85597412289,2.1533135234035408,0.0099545135825256,8655.368976508727,-0.3388376716495784,-4.461162328350433,-0.8295928694434263,0.2101482839963938,2.5609507770369495e-05,4.634033227410118e-05,1.3792333325361324e-05,0.0001251917427341,1.225107801760813e-05,0.0572399862646708,6.3226574707317e-06,3.0841767217615154e-05,0.0043881816694054,0.0641065851327007,0.0248027848262665,0.0114977605976064,LCO,13,77
-278831.0016526507,2.602493838945363,0.0098851474139633,178181.5856201983,-4.223578573461012,-0.5764214265389995,-0.1258173244930497,0.2001196818966798,1.2118069651655135e-05,0.0002392910750944,3.268922304662106e-05,4.903582208517383e-05,2.2729326454526923e-05,0.0463234603085951,1.9859680065407424e-05,4.5445518236423694e-05,0.0248310279770236,0.1692184976609151,0.0621149171173067,0.5728492607287284,LFP,12,80
-69698.29814202662,2.3878502936477446,0.0114126408004024,27860.24118879572,-4.196398575172786,-0.6036014248272252,-0.0462009196408662,0.204327886488634,2.5796780208301592e-05,0.0001350527775253,1.0294982525588558e-05,5.512643747108802e-05,1.2610737883075325e-05,0.063476716643183,1.0905394727365982e-05,4.283518253516839e-05,0.0096914443912136,0.0432218447133959,0.545145302361084,0.2954319332846537,LCO,12,66
-504199.55744576536,2.205239214372972,0.0123265229140386,264355.7633309773,-4.213791524737857,-0.5862084752621541,-0.2415835499383968,0.2242094385999136,2.590064577705496e-05,0.0001107526977739,1.068385202763376e-05,0.0001099114748842,1.928098606393548e-05,0.0947640432962211,1.87567285520478e-05,3.9128617047880736e-05,0.0238295176107334,0.0314480031902615,0.5940523649975604,0.0629160818737812,LCO,12,64
-391744.9488776255,2.468506773839243,0.0113211816402069,208104.93496641345,-4.309233584791208,-0.4907664152088031,-0.2681986402239663,0.2613246104840452,2.9803135181786777e-05,0.0002023771980744,1.7692323400185947e-05,7.981155661295156e-05,2.054808715366709e-05,0.0843219197980194,1.910154146284008e-05,4.027095747371866e-05,0.019096007882148,0.0245056191044889,0.5649525134262818,0.0723432272452629,LFP,12,86
-490289.82501561113,2.4970184264257,0.0093124860165239,277655.5802709162,-0.5087661845005513,-4.29123381549946,-0.3380422132763737,0.2019087062004493,2.236547742660183e-05,0.0001796565342371,1.884790487008336e-05,5.776026197198527e-05,2.9566191689454983e-05,0.0638955949990254,8.472768616601588e-06,4.951319615808146e-05,0.0234868464928987,0.0912569439732818,0.4569166005785386,0.0437842421718058,LFP,13,91
-348289.848468159,2.6235124245852246,0.026333359667482,119972.84121735726,-0.5169610346242521,-4.283038965375759,-0.1423024067853463,0.2753493153309823,2.7090467312298622e-05,0.0001728919655818,1.0032082720981449e-05,4.456469236951939e-05,2.6290034515751484e-05,0.0541857931212901,2.050303044872737e-06,1.7822070485102482e-05,0.0231407851533918,0.1215934996725212,0.276843485935178,0.3892606076069543,LCO,13,52
-24767.28895729557,2.291176677974147,0.0087660331640289,22309.46847691241,-4.396763253737404,-0.4032367462626069,-0.8053438458791321,0.224374723263632,2.9808417987160847e-05,0.0001087389448528,2.931681755659253e-05,7.949734003168278e-05,1.6313927628244005e-05,0.0636288482103478,1.881933501686492e-05,3.86589572806283e-05,0.0062008575267094,0.0260335614343024,0.0366733440607461,0.0619492486258193,LCO,12,98
-280699.8003015075,2.229909136997386,0.0308099887220404,133698.62681045217,-4.4722927728006,-0.3277072271994115,-0.0759188047496423,0.2757928324795364,1.6584873229040186e-05,9.00320891300344e-05,1.0241188277621732e-05,0.0001255511134995,2.949740403225123e-05,0.0696888660355126,1.0100139856301536e-05,2.63818747141369e-05,0.0248665724222748,0.1881593932716307,0.1072859345602079,0.5586358674185192,LCO,12,42
-89069.06644085197,2.0848855407949527,0.0120719472873345,41974.2977257867,-4.26545221591789,-0.5345477840821218,-0.021701830445004,0.2233911552066839,2.8716283692665985e-05,4.415601756682941e-05,1.943690868135208e-05,5.79315831433456e-05,1.7622940267714314e-05,0.0453536049598881,2.292728472259199e-06,4.965707244062238e-05,0.0132388582875561,0.0737388223749303,0.3019498302055373,0.5326095169745283,LFP,12,83
-80452.48889140824,2.3660437262084857,0.0115822085714906,38452.38588491148,-4.338738279551556,-0.461261720448455,-0.0628575466666617,0.2666630779514183,2.922589436658473e-05,0.0001271850774609,1.5151674338639102e-05,5.588415962353463e-05,2.650513380760209e-05,0.0704697531469353,6.361101431762548e-06,4.281140341083134e-05,0.0095302173596363,0.025429510746885,0.5555781476345663,0.286134794951887,LCO,12,88
-120811.21695385242,2.120338037961688,0.0039541913247777,140926.93853009486,-0.536402004818342,-4.263597995181669,-0.7843915613190375,0.2061512461838651,2.6367742677231864e-05,4.367391899196342e-05,1.881104669264063e-05,4.1795135046537947e-05,2.991433529246728e-05,0.0456328712357248,3.160097919895081e-06,2.846131919407545e-05,0.0196090530171777,0.0263956085893447,0.038711877073387,0.0805009530182308,LFP,13,95
-303287.5123291479,2.512650794978883,0.0091851987190082,188144.8692677864,-0.5658380115654325,-4.234161988434579,-0.0723375845319665,0.2233473368355769,2.859428280123539e-05,0.0001754848869229,2.550518822037908e-05,6.388351748990733e-05,1.7500663062706478e-05,0.0577636922270007,1.9484578004509837e-05,3.5882853206043813e-05,0.0205903555361639,0.0219776900807132,0.4489240402980204,0.3867606850892997,LFP,13,98
-82759.0503793394,2.5284629993014787,0.0106491335144392,38009.903688890816,-4.18778494363184,-0.6122150563681714,-0.0504247116643097,0.2001599817327171,2.8595121992684448e-05,0.0001463697821735,4.878226924365803e-05,6.343732445777614e-05,2.7708036998472777e-05,0.0531193793431892,1.989212375017205e-05,3.5990356548459735e-05,0.0118695719691682,0.0336758225675337,0.453963735617034,0.3919357301511226,LFP,12,72
-348477.6490330418,2.1833387724649853,0.0430368430027929,107805.37901361485,-4.693211439802681,-0.1067885601973301,-0.1904025162711765,0.2057143887637247,1.5374109762493195e-05,8.661772687978233e-05,1.217753156792653e-05,0.0001364698221437,2.2388198352202823e-05,0.0936313351964311,1.9290254344058683e-05,3.972260734359959e-05,0.0238855842983136,0.0887268591286099,0.5988554599104716,0.0520151646897419,LCO,12,26
-190671.17783526963,2.449435564320074,0.0107587530840588,96916.66467939936,-0.3384384718607194,-4.461561528139292,-0.2229750643388318,0.2056581501936509,1.2775320463359297e-05,0.0002340371019629,1.1504124204105844e-05,9.59391974574342e-05,2.7364728532616983e-05,0.0502091571746224,1.7079028453114726e-05,4.101868147239779e-05,0.0173783715619273,0.0396396841871993,0.5732700443223003,0.0941152071516684,LCO,13,73
-58023.57722085111,2.163023515712616,0.0129615277078193,34927.5268869669,-0.3298187841473137,-4.470181215852698,-0.5707640473543869,0.2216798637561827,2.588181263363627e-05,7.61250876877469e-05,1.5488533490195764e-05,0.0001053447185719,2.962118783314392e-05,0.0493455983012364,1.7168774265272308e-05,3.458136883150599e-05,0.0108969181167679,0.0326128622965289,0.1143831863914613,0.2122399039576228,LCO,13,66
-189464.73415971297,2.110529893745426,0.0090250221470873,283676.1540301043,-0.5044652559757736,-4.295534744024238,-0.3901560626158215,0.2135501767198594,2.5530685969321708e-05,4.352809039854216e-05,1.375072158344086e-05,0.0001466739341505,2.071583026953445e-05,0.0974778793857882,1.5024545794704642e-05,3.066657878360663e-05,0.0193105435621696,0.0652852746139063,0.401851745892959,0.0727069168773132,LCO,13,90
-24163.36122693982,2.3470645814960385,0.0111456679844211,15114.37785679488,-4.293684618483468,-0.5063153815165435,-0.7485404333157184,0.2573322014115019,2.418612772975109e-05,0.0001165058888538,1.8531978100254618e-05,5.4225541242415466e-05,2.8734615952000464e-05,0.0407606789573733,1.8473911805181998e-05,3.951933998863259e-05,0.0069872166149466,0.0568498953072139,0.0272293827345742,0.0973802886424933,LFP,12,86
-564633.5982777887,2.496744885031184,0.0089688754700421,249361.9226927825,-4.345563468031671,-0.4544365319683408,-0.0748053624746561,0.2001258450359501,2.9918392439186603e-05,0.0001597865843719,1.4394463186311129e-05,5.3419764350653135e-05,1.2331282080330691e-05,0.0637152300260341,1.4946390736253454e-05,4.220898137423648e-05,0.0246545126685973,0.0131473333894163,0.5456577720275009,0.2963895321084265,LCO,12,90
-166476.29127075232,2.5108564352090044,0.0106599252504474,60207.781340629335,-4.198351749990245,-0.6016482500097666,-0.0324672920463452,0.2001036028139425,2.211122248204993e-05,0.0001585117971942,1.148771607616928e-05,4.655270586193182e-05,2.785263645635099e-05,0.0437615012683845,1.80778306688206e-05,4.04504204287489e-05,0.0172097496251382,0.0522257174023691,0.5444851500525507,0.3008218404987349,LFP,12,67
-201148.3358362986,2.614764702957177,0.0115584291798179,167343.5475451964,-4.386104118101756,-0.4138958818982559,-0.5596998751336848,0.297372388873021,1.2520213708502487e-05,0.0002187522681146,6.368346705455313e-05,4.46553032992399e-05,2.6036578398830173e-05,0.0707683032987561,1.9749155439970598e-05,4.310822884067722e-05,0.0166220778005541,0.0254224354385811,0.1075381789031446,0.2373395105245895,LCO,12,93
-375445.9733351628,2.183707940040393,0.0288119606227375,176388.8535362151,-4.378402035387822,-0.4215979646121894,-0.1856463300563915,0.3058254337207266,2.8730518443954885e-05,0.0001119187835234,2.6009469596492024e-05,0.0001488924392478,2.4351465647147862e-05,0.0802988068171432,1.960779426726664e-05,3.93977345361192e-05,0.0239680518259367,0.0117606263198167,0.1451214637283642,0.5874715798954275,LCO,12,50
-292725.70195415337,2.377778031438096,0.0107248807530314,326414.42043420003,-0.3552827638501412,-4.44471723614987,-0.2904069143524189,0.2089417312897316,1.9945409188145108e-05,0.0002032628297375,1.771915183764193e-05,7.739305625082238e-05,2.0375331173524727e-05,0.0848653945385748,1.7864750232112295e-05,3.2324449813166306e-05,0.0236960918365522,0.5325259095592914,0.0209210847900747,0.086146091298215,LFP,13,77
-182765.92545527936,2.2320974033772822,0.0016336178154925,113426.97109958164,-0.3418028126479129,-4.4581971873520985,-0.2207121641966065,0.2089754842174777,2.6312645023401392e-05,8.309121646663815e-05,1.543783121940834e-05,6.390987325802939e-05,2.9047207483874247e-05,0.053184954022891,3.0600024794330216e-06,2.843009605419009e-05,0.019811419325917,0.0369241277872623,0.5922251383801028,0.0801385696360283,LFP,13,71
-161514.00338567924,2.345582144516052,0.0130768391241166,102341.13552384422,-0.3380619882955002,-4.461938011704511,-0.7556925152028318,0.2047425354755252,1.2761093241266704e-05,0.0001934930433095,1.0239298553405317e-05,0.0001098167155039,2.734177203164001e-05,0.0505569550424517,1.717192583728683e-05,4.115452921461009e-05,0.0174116725033699,0.0295443161237855,0.1052505282469801,0.0395126404264026,LCO,13,63
-344890.31449668435,2.3145143535007304,0.0115466358671941,249250.1303729691,-0.3399616344495513,-4.46003836555046,-0.5199054899840267,0.2103321664415959,1.795112351341444e-05,0.0001237240829579,1.3665871156570611e-05,6.733880696588574e-05,2.289573555092683e-05,0.0574558155610529,3.0544152938913525e-07,4.822882435022993e-05,0.0247793119980911,0.0622738984805676,0.0788237950983396,0.2689968164370659,LFP,13,76
-694119.5778071845,2.617104561794496,0.0600129815380962,171218.458136617,-0.82303866059695,-3.976961339403061,-0.2461419324517613,0.5034833706395745,1.687970907962919e-05,0.0002167930131896,1.0179499526367158e-05,4.7544459183851937e-05,1.6163316599824747e-05,0.0855525097025427,1.7084052043519313e-05,4.9927321792096006e-05,0.0247119815672298,0.0843852643844859,0.052300865799004,0.5471719373647488,LCO,13,37
-102939.90542691384,2.558992677666543,0.0155942305005106,47976.14817851331,-0.4369991177698225,-4.363000882230189,-0.2982680758240877,0.2793707368715548,1.641206457850887e-05,0.0001564430551755,1.3252344920012312e-05,5.663961753735528e-05,2.45662473611736e-05,0.0949411091918028,1.970167689334732e-05,3.352708107272563e-05,0.0098908757527581,0.1233032728304963,0.4946674916002467,0.0137611597451692,LCO,13,59
-205370.62650271543,2.1803323262430085,0.0126049913072363,140522.81921416192,-0.3528671263602589,-4.447132873639752,-0.3326138093317384,0.2242767490903021,1.722277581850025e-05,6.11005959248264e-05,2.258794318198728e-05,6.560300545002374e-05,1.3105783013223712e-05,0.0608636603282498,2.763544728793936e-06,4.614315728340717e-05,0.0186288746436874,0.0367731091672,0.0441154046327528,0.5164976768683087,LFP,13,77
-39919.20462355051,2.0972047266820764,0.0087185137909824,34856.05061294293,-0.5160273304725393,-4.283972669527472,-0.8297224657350263,0.2065183666173742,2.8114638286277828e-05,4.723619745996619e-05,1.0443195448511952e-05,0.0001104118001079,2.5082373169676503e-05,0.041563013213814,7.700279750516205e-06,4.959920126911882e-05,0.0097576932944924,0.0165624957619201,0.0438737207719658,0.0398413177310877,LCO,13,92
-30702.839470522835,2.2938151082843534,0.0115438525801831,17674.34287827174,-4.222672206634357,-0.5773277933656544,-0.1988780146869756,0.2586583446774904,1.662771644133798e-05,0.0001030205974038,1.7644037328415267e-05,5.62654171552448e-05,2.5995883661217588e-05,0.0626359124711464,1.7907671579818063e-05,4.132223553492582e-05,0.0069646792845948,0.0342167718456539,0.1238156320105252,0.5730895814568453,LFP,12,78
-4439.954866309763,2.072270649053522,0.0086428824222296,6871.514798355393,-0.5600886879260258,-4.2399113120739855,-0.4227980156192574,0.2270098103804418,1.5228010752769367e-05,4.175113157799406e-05,5.140510048011798e-05,0.0001219652676736,2.9736272882828792e-05,0.0419476598067973,1.1571516658070135e-05,3.721807401960197e-05,0.0042960659485225,0.3759339303485236,0.0103042381812118,0.1209638158510071,LCO,13,98
-11774.980407382413,2.2779951181786418,0.0118445360299286,8868.639955235147,-4.29700502845332,-0.5029949715466913,-0.7430794850323004,0.2610759240968076,2.4164507735817065e-05,0.0001007911099276,1.071413193607136e-05,4.6443086360910965e-05,2.9847319663471976e-05,0.0612743609910167,4.295016180240377e-06,3.813750087179032e-05,0.0044337794046259,0.0586233767283523,0.0206153826846452,0.107681755554702,LCO,12,86
-145242.75748659592,2.413301513855012,0.0118906572576445,94337.7920779268,-4.277633835570924,-0.5223661644290871,-0.3612219515067002,0.2645943407555787,1.961033225352984e-05,0.0001218358536113,3.19930399519268e-05,4.073575616474448e-05,2.989312245328711e-05,0.0403739201473037,3.1761614395480534e-06,4.953973433577581e-05,0.0188130507322622,0.1127126749568306,0.0116377676439866,0.4444276058924825,LFP,12,84
-33459.15344523287,2.311526250148291,0.0118767305889376,17457.453637882005,-4.2335667355392985,-0.5664332644607128,-0.5823230454062809,0.2592351828602284,1.3041380316676365e-05,0.0001009355872379,1.46778605480855e-05,5.124921648462481e-05,1.5414646065113014e-05,0.0401461313969156,1.5772621713500683e-05,4.129133063594415e-05,0.0078063012680874,0.0267098088688613,0.0927112545418983,0.2282558911829595,LFP,12,80
-327105.1109251452,2.162738217476534,0.0178034769705111,226304.1313707389,-0.3914200949411892,-4.408579905058822,-0.2201055492944778,0.3437771735737469,1.2897730616938525e-05,0.0001033468712215,1.7077595193733776e-05,0.0001367490591395,2.806529830064758e-05,0.0694774409351355,1.792582863097135e-05,4.63511183300909e-05,0.0223373502842516,0.1684948858308906,0.1242936723832023,0.4171058924914292,LFP,13,76
-107869.76759814555,2.49462658217606,0.0109309198803318,52956.434322350935,-4.189201992458628,-0.6107980075413835,-0.2446983690824958,0.2337904773343468,2.496376036573262e-05,0.0002036520133558,1.188640742791758e-05,7.067488326120011e-05,2.644422553932171e-05,0.0406471011927965,1.4670812728858447e-05,4.907010686850373e-05,0.0152143019120148,0.1674095845937202,0.090898482277374,0.4269935640464098,LFP,12,72
-110081.4619645311,2.137305894608806,0.0145145305157338,85036.98222491033,-4.194974283317492,-0.605025716682519,-0.7338571378331562,0.2413447431945718,2.586197065948878e-05,6.522760158259742e-05,1.1873187263554055e-05,7.198706161428769e-05,1.3129234793645456e-05,0.0408708399780054,1.3570561314091376e-05,4.998973160927339e-05,0.0189501421740831,0.164681862616241,0.0183615547101325,0.0130994448404702,LFP,12,66
-125534.6715002254,2.2695432770067767,0.0130540929456364,57633.26237405905,-0.3329849787874863,-4.467015021212525,-0.2340475209664357,0.2417121805966725,2.4388730703705853e-05,9.30762373279959e-05,3.7038997525467305e-05,4.195652080764967e-05,1.4310667182400136e-05,0.0433636005431793,1.336416034581877e-05,4.582898880100881e-05,0.0150061624061118,0.085506459356875,0.0166731651202541,0.5937728545564351,LCO,13,72
-515565.2554306093,2.315689919153099,0.0117560710271099,274007.7293020316,-4.28167717187749,-0.5183228281225212,-0.2054121046302734,0.2651104875431099,1.961919329368349e-05,0.0001218430246154,3.205609313803238e-05,6.269508993991444e-05,2.99767882596916e-05,0.0726117818393693,1.7926236537237945e-05,4.995437068526746e-05,0.0244430448163691,0.0213852315931751,0.1239584095366481,0.5792442542399033,LFP,12,84
-276366.4419941344,2.2522568438955246,0.0131059637860572,199206.0444445801,-4.2867955251861645,-0.5132044748138469,-0.2931365501866684,0.2890511732694232,1.7047127847941897e-05,0.0001221280700077,3.2479661092727245e-05,9.762404297756258e-05,2.2461554672414296e-05,0.0576194860470561,3.978215242168708e-06,4.986241467874256e-05,0.0225164470242508,0.0294533395813341,0.1276831534848908,0.4797269567471066,LFP,12,84
-257640.0073270284,2.335964457637803,0.0200044055717438,163076.18698608305,-0.3789976011507292,-4.421002398849282,-0.2350861153546707,0.3455964693368485,1.3530813489979247e-05,0.0002326514586747,2.9767856159176928e-05,0.0001324674215631,2.8023914517856275e-05,0.0463129835241096,3.315170594287332e-06,4.634382535514474e-05,0.0234535082268079,0.1173767426743889,0.1255483861882509,0.4519887557826894,LFP,13,72
-46735.16077660115,2.272721793699941,0.0088228379078945,22624.899912403325,-4.24228492367385,-0.5577150763261614,-0.3428442956826455,0.2072869293544576,2.294714758742249e-05,0.0001040457960503,1.2723860674229126e-05,4.303342775058563e-05,2.943521985008795e-05,0.040099956400249,3.742560642873461e-06,4.107193246433346e-05,0.0095860084312335,0.0400596966657985,0.0923417590287124,0.4547542486228435,LFP,12,82
-10729.534884680032,2.1344047605583105,0.0113287475935672,7174.254057522366,-4.220457126494296,-0.5795428735057158,-0.4134564317911803,0.2014959786954969,1.4719032162384736e-05,5.16625389903334e-05,1.3814257070966424e-05,4.108345842204676e-05,1.5814123294160032e-05,0.0428230368023006,2.922557499403913e-06,4.738984584220501e-05,0.0051669630357757,0.1671547085883741,0.0849182279795034,0.2644706316409421,LFP,12,80
-54197.33693937251,2.054741819603521,0.014251403915222,30418.14877528435,-0.355872257268274,-4.444127742731737,-0.169310201454457,0.2559138261545066,1.747153037130768e-05,4.634694847661131e-05,1.0535375069633004e-05,0.0001386190512087,1.8820397053147006e-05,0.0494602335244272,1.832958061094224e-05,4.904611346142444e-05,0.0104704497263551,0.2589860692344909,0.0841248784524424,0.4175788508586096,LFP,13,68
-135202.75384010898,2.4834882554702533,0.0102044969375921,77696.27702605516,-4.401441890918264,-0.3985581090817476,-0.2252946577564575,0.2480925668799341,1.3866065771937209e-05,0.0002023709888103,1.220373138089852e-05,6.140124146213391e-05,2.334027614567452e-05,0.061077309134338,1.4861462953950382e-05,3.8726984632742895e-05,0.012826087126488,0.075226368252148,0.2311732377720848,0.3983057362193096,LCO,12,96
-120854.01258716684,2.275381856780605,0.0129084982355391,77615.90668553993,-0.3313074051276246,-4.468692594872387,-0.3082886050818055,0.2388419606033593,2.4386107504973416e-05,9.485880593196924e-05,3.229172542358876e-05,4.127364519437357e-05,2.3324720531065343e-05,0.0424290434138547,2.0466671498660564e-06,4.795007985414065e-05,0.0175700098799839,0.1044660596904587,0.0156679800548674,0.5015773551728682,LCO,13,72
-36194.716252442005,2.3227785681487614,0.0093882224240102,20008.06077392269,-4.367059149341102,-0.4329408506589089,-0.6515063762124123,0.2087046812388269,2.5950350579616705e-05,0.0001187541122897,1.9807388243915856e-05,4.90210428545344e-05,1.2421483735952907e-05,0.0428065445852228,2.007395450376628e-06,3.518360738198891e-05,0.0074937230191649,0.0798898255124395,0.0950115028840312,0.103592295391117,LFP,12,94
-8145.84106655628,2.5198131578361567,0.0088655930520982,5251.017179270869,-4.397349923315701,-0.4026500766843099,-0.1219474114639838,0.2365668344713904,2.5137580631715627e-05,0.0002091915941868,7.087905284251369e-05,6.826714948367764e-05,2.8771741247209533e-05,0.0400455448724556,1.0205912304666394e-05,4.560365266785192e-05,0.0042079606319601,0.157530842797682,0.0916098491833997,0.5589118965549345,LFP,12,98
-212428.8487872169,2.1106359248126747,0.0024904721226132,160773.85494461484,-4.397617865227801,-0.4023821347722105,-0.0704706705130812,0.2083820226826774,2.929032589989242e-05,4.03313921668355e-05,1.4813014180313023e-05,4.359583122307074e-05,1.2274993414455431e-05,0.0422364567526862,3.2812929876278643e-06,4.5578349560310205e-05,0.0248824132343119,0.0488588457505545,0.5954377819718589,0.2152327017645053,LFP,12,98
-91766.87838882032,2.064249013040714,0.0185596933884997,48455.96209284524,-4.2083265399539656,-0.5916734600460458,-0.1728498985824317,0.266383755079329,2.8372548857160843e-05,4.051805423407205e-05,1.2123124122599123e-05,4.073687499272473e-05,2.989668306208813e-05,0.049728997880299,1.9722326100812317e-05,4.904601045618907e-05,0.0152703465957626,0.2625212757297022,0.0814251546294969,0.4132036710583692,LFP,12,68
-60565.02679013484,2.360189820596536,0.0104559497814567,32309.5767933143,-4.269516120320063,-0.5304838796799487,-0.2394272542930112,0.2196180388187292,2.7371204231255293e-05,0.0001357589925231,3.033296821106967e-05,6.411611578153197e-05,1.41663977933096e-05,0.0431017846599537,1.7676715701347465e-05,4.3937309635863576e-05,0.0107400285922081,0.0862017899473243,0.1281126466249693,0.4762583091346949,LFP,12,84
-22867.126853165384,2.286934594430355,0.0136560087582722,13534.111326923949,-4.2325421028909815,-0.5674578971090298,-0.6749782355300107,0.2588876063776382,1.74166464206785e-05,9.470540777311196e-05,2.1697979358422876e-05,5.428647830116898e-05,2.8679508157084626e-05,0.0401670271578236,1.9917415230256323e-05,3.9438692830228224e-05,0.0069544053656092,0.0666801554897222,0.0927194869418106,0.0956221220384564,LFP,12,80
-110201.4819270096,2.1786472406058293,0.0135983416527447,69691.29872229537,-4.199797008803401,-0.6002029911966105,-0.3125601310296194,0.2022247521916753,2.635381064956037e-05,7.071655517852161e-05,1.1858442320449098e-05,5.4270485935637046e-05,1.842320834658462e-05,0.0400010226601577,2.815883708821889e-06,4.8805856332505e-05,0.0190072853037514,0.1754932786791203,0.4036167029818419,0.0383298873094184,LFP,12,66
-104096.85613181505,2.239907327019596,0.0162418423951161,49198.9644810107,-0.3889136903916252,-4.411086309608386,-0.1926862426923677,0.2391603328964916,2.517880746181841e-05,9.507735757371468e-05,3.777598166898109e-05,5.713052629019109e-05,1.4267432436426688e-05,0.0433491632585563,1.767533168528727e-05,4.895077159951819e-05,0.0151542354834242,0.0494121724570646,0.0937228328988069,0.5941787519517606,LFP,13,61
-28022.052299219496,2.1799334140002715,0.0168883964273057,13974.427544183884,-4.18166767627897,-0.6183323237210416,-0.2251514097605672,0.2010301272427642,2.113056036028913e-05,7.12838839153413e-05,1.182799893561897e-05,5.956267493902023e-05,2.64402156236135e-05,0.0483083360554173,4.182804897641988e-06,4.84915239965901e-05,0.0077688901205117,0.1755072619948349,0.0735503799034404,0.4557909483411574,LCO,12,66
-27179.77329106119,2.140052580528148,0.0108467488398453,16954.68194499213,-4.209555651240194,-0.5904443487598172,-0.1516646892492014,0.2305593184764508,1.2567601053603597e-05,9.027830520883536e-05,1.4033330994963732e-05,0.0001375220318323,1.576440139221115e-05,0.0439359618983643,1.5524174350078878e-05,3.538250471075134e-05,0.0079700302597446,0.2053290357190255,0.0926734370931779,0.4803328379385951,LFP,12,77
-57561.82272536981,2.5103445472639865,0.0097614854057431,38724.57232220157,-4.40811759878288,-0.3918824012171313,-0.0006867038327329,0.2441240019432786,2.843745272685942e-05,0.0002429221615347,1.3474448592348638e-05,6.832809112379269e-05,1.3935865274099717e-05,0.0444663898027908,1.780954409189363e-05,4.635837527212692e-05,0.0109665910555622,0.1869016004522292,0.1454565788409905,0.5969551168740472,LCO,12,98
-501053.64215825946,2.330665430549256,0.0207150482940008,131292.33023026018,-0.6397260301690224,-4.160273969830989,-0.2410641551095268,0.2436379661879183,2.400552401540682e-05,0.0001150332149964,1.17777625251974e-05,4.579814174110935e-05,2.96252386293436e-05,0.0907350790563255,1.8187254957797503e-05,4.690624842716696e-05,0.0212386330883594,0.1728398280854406,0.0153882730047453,0.5007077438002873,LCO,13,40
-157925.8833202714,2.504705467737965,0.0105413109867322,77799.54519686266,-4.2028798302684365,-0.5971201697315749,-0.1028885536043935,0.2340166182134589,2.701269082600286e-05,0.0002054484081855,1.1857612774053824e-05,7.071907265248173e-05,2.645420539729325e-05,0.0406578956035534,1.4901361394063318e-05,4.869800391849282e-05,0.0190626253001787,0.167364238710919,0.5019494636523946,0.1577977440322929,LFP,12,72
-168071.77515226655,2.276365664987071,0.032893130861849,53265.12998589828,-4.6104215626536345,-0.1895784373463769,-0.2795378799477185,0.2100739051879123,2.597348817778568e-05,6.82456205139032e-05,2.1098381447497463e-05,4.192512894028337e-05,1.7715556510983596e-05,0.0462712935793031,4.882112966184519e-06,1.77945886850504e-05,0.0238190753666658,0.0536533160700942,0.0501739641436875,0.5466348398384998,LCO,12,28
-310513.8982662735,2.33933853683743,0.0139250087824872,176550.9411814138,-4.266156864355253,-0.5338431356447586,-0.2817630017065512,0.2892818075069173,1.6953263061400593e-05,0.0001223681189384,3.55149176806774e-05,6.274640433200294e-05,2.736748112542763e-05,0.048259666587765,4.073154987385851e-06,3.701006517449292e-05,0.023804088089383,0.0244266779289726,0.1439661637923343,0.4798441565721418,LFP,12,82
-199277.7824293557,2.209649062953054,0.013831667474345,128900.79135199312,-4.183899210854271,-0.6161007891457402,-0.1773224430369295,0.2036838061883571,1.2599489063860475e-05,7.852731586215407e-05,1.0248037079931123e-05,7.001482359897436e-05,2.499627374552721e-05,0.0448820223193647,1.5502208467536726e-05,4.823544063022691e-05,0.0239581633620247,0.1480606204741124,0.0255053810055022,0.5791115554834558,LFP,12,67
-181865.0363977615,2.22640120264415,0.0070271702327311,137712.74852687563,-0.3207354991772533,-4.479264500822758,-0.4329291832021,0.2264349819388075,1.7554099974520322e-05,9.407450730872446e-05,3.205472121352937e-05,6.269816933139785e-05,2.3221810097558388e-05,0.0733285686262256,1.8008983688136965e-06,4.7879813788639015e-05,0.0171922192472007,0.020394573584446,0.0105198257075852,0.4661564175058686,LCO,13,71
-6799.898892760629,2.1221155341793674,0.0110138171834961,5583.687653047507,-4.218481187608504,-0.5815188123915078,-0.5305880318681986,0.2014498644479028,2.5213515805010883e-05,5.278147865674216e-05,1.460718656508117e-05,4.072927796476579e-05,2.962677828229448e-05,0.042735604497289,2.7965662316373936e-06,4.738926393570759e-05,0.0047230271288607,0.1230091629967767,0.0813617835712929,0.1950410215637318,LFP,12,80
-9974.52358492761,2.55380827970706,0.0097717828352913,4994.460610956903,-4.402988516026888,-0.3970114839731238,-0.1195964721865049,0.2657089803022788,2.3318605429082267e-05,0.0002200769909589,1.0331370130062633e-05,7.841113928859787e-05,2.875106982352843e-05,0.0402256475794483,8.965699711330885e-06,3.7488776515162186e-05,0.0041099844514462,0.1627015186726294,0.0873455177696188,0.5603564913712469,LFP,12,98
-5216.6229788106775,2.0701016034065,0.0097297801346625,4502.975233227479,-4.205403987343999,-0.5945960126560124,-0.5123269646795112,0.2076916625314923,2.461050929564135e-05,4.306720377328116e-05,3.224529132285076e-05,8.089278775804935e-05,2.8466962724340143e-05,0.0401438525023945,1.7658229675282627e-05,3.923980816918377e-05,0.0042703065295581,0.3084091954650027,0.0623994371430267,0.0468644027124594,LFP,12,78
-5077.925438187571,2.077613752984079,0.0464881291979687,2127.597984089936,-0.719823737453197,-4.080176262546814,-0.3186394590294356,0.2079009739774635,2.457631210045617e-05,4.239992374736653e-05,4.0536864228752967e-05,9.349633643716632e-05,2.7965216817327005e-05,0.0407605962379769,1.9759777895972235e-05,4.0453242280067855e-05,0.0042207975790206,0.4963215838985766,0.0649206950403393,0.0501182620316485,LFP,13,36
-619470.6398281088,2.5372853509593325,0.0711029647000904,161008.40345344483,-0.8484116411173019,-3.951588358882709,-0.4070642702172676,0.4303762194735098,1.5175717395197078e-05,0.0001796414035028,2.113934930119117e-05,5.635787377443728e-05,2.7278816985574355e-05,0.0874883416762617,1.7084094448978072e-05,3.6273301612890665e-05,0.0247074856460299,0.0882921067794053,0.0170797662404574,0.4175638567628696,LFP,13,33
-565441.9002641579,2.2782931932318355,0.0604373302626827,123934.23398282718,-1.0010896649983465,-3.798910335001665,-0.2056089509566244,0.4961526424176637,1.2786297856711334e-05,9.880199947839918e-05,2.1141572759080472e-05,4.603642340942302e-05,2.954316072350418e-05,0.0922879809495632,1.708600895529299e-05,4.695756648117393e-05,0.0247073248649891,0.0901593907989644,0.0522961503839487,0.5819355078604624,LCO,13,27
-618360.5758108376,2.5115711965287684,0.0425503457218122,150691.07842732503,-0.7323910379788501,-4.067608962021161,-0.2547201776864887,0.3329970230398267,1.4524273393381596e-05,0.0001592880755436,1.0560529589415534e-05,4.9038669011960367e-05,2.5313277584434893e-05,0.0925303557020292,1.6716744558896878e-05,4.99385594354394e-05,0.0224036227644534,0.1699469992885172,0.0269078304402135,0.4784249925847805,LFP,13,38
-650565.0520239305,2.532997686524777,0.0616000606469869,161428.0660932679,-0.7614021789783365,-4.038597821021675,-0.2312812124921102,0.3819779208730113,1.452833511714283e-05,0.0001678410871349,1.0021223791690469e-05,4.9034195316026616e-05,2.2576410108371937e-05,0.0991763104954052,1.7252230776525958e-05,4.4656267125350296e-05,0.0223953794749977,0.1707444204380084,0.0222983369086074,0.5056760301612739,LFP,13,38
-651102.7704506019,2.6037071269733065,0.0690148418347429,166736.55219506111,-0.8364937324616335,-3.963506267538378,-0.3970706715801151,0.5034631767005677,1.5603896552724974e-05,0.0001798744831322,1.0222561370467718e-05,4.705797325229589e-05,2.0457924110989944e-05,0.0877289290356674,1.7084056685730723e-05,3.958759916741824e-05,0.0236977425100887,0.1027968419633326,0.0125689048306051,0.4175635816259472,LFP,13,37
-9744.40322173615,2.19181044352689,0.0087004753262872,8407.47550359902,-4.323868020006671,-0.4761319799933403,-0.5047395122957865,0.2051150890563484,2.6320009544039372e-05,8.729829474878906e-05,2.280906977697551e-05,8.533190766694634e-05,2.74895737288438e-05,0.0628962544316845,7.469576043324409e-07,4.410880379766259e-05,0.004298315312711,0.0174935786197079,0.3965983854281435,0.011168523656362,LFP,12,89
-3353.486698602845,2.074906363297833,0.0237988061048803,2322.13317843695,-4.38716863899338,-0.4128313610066314,-0.1291390828528839,0.2237783652552321,1.995369040096708e-05,5.308322713718766e-05,5.276829785267032e-05,7.317248066051e-05,2.8417157136963336e-05,0.0404691716979135,1.1158679720079906e-05,4.48031487030469e-05,0.0040041813721005,0.5347566269412047,0.0534817364285615,0.2126225537773499,LCO,12,49
-606994.8542534909,2.4981090379257305,0.0645794197958292,159631.13707320415,-0.6741909898403691,-4.125809010159642,-0.2557451218725421,0.3252722097615909,1.4851200854942185e-05,0.0001597423094585,1.3119244012618678e-05,4.115396386466112e-05,2.4962342233679725e-05,0.0933294043678579,1.671674748071982e-05,4.815612947204473e-05,0.0219232052832824,0.1698806528726363,0.0142410399585437,0.4901331852962777,LCO,13,41
-496055.9427424239,2.4915396581711065,0.0333474746962459,118979.5603863996,-0.7085231407479142,-4.091476859252097,-0.2098023869467952,0.2758035429073439,1.5656647204737544e-05,0.0001604837286667,1.558702951104356e-05,4.607389171005014e-05,2.872070197438492e-05,0.0819878416100887,1.6683590462396648e-05,4.2815347731627695e-05,0.0217333155780865,0.148093944512569,0.0129716490226941,0.5591320195179417,LFP,13,37
-5081.847776453061,2.0779651338346907,0.0283208325933759,2048.148248309472,-4.517271477298408,-0.2827285227016034,-0.1389916828668641,0.2281545370824411,2.0213172636353226e-05,4.207232465414923e-05,1.916656745256796e-05,0.0001481231914197,2.98411920820927e-05,0.0410746831602833,1.5294143868268904e-05,3.2315457379353485e-05,0.0042069971214654,0.5143530658486035,0.0141117958001816,0.2625434554843507,LCO,12,38
-4444.670144392433,2.079425998239408,0.006420670846282,4076.6413354896335,-0.3598966007554622,-4.440103399244549,-0.2872284709123424,0.2277048047528929,2.4838287791894e-05,4.2713781910688976e-05,2.216009370095261e-05,6.217722691177863e-05,2.5684297084367205e-05,0.0421087380261199,1.4567342595388058e-05,3.4706172295856425e-05,0.0040028893045374,0.5716047851159916,0.0134731823479983,0.0576935616236676,LCO,13,77
-4129.664313795561,2.056282453689631,0.0316940833160968,2076.0313244695603,-4.463118463917638,-0.3368815360823731,-0.1443274361789628,0.2100638311708593,2.1038433336817195e-05,4.201427977326362e-05,1.0772991380867056e-05,5.073433959820213e-05,2.672085844659621e-05,0.041314343335008,1.4572522811697262e-05,3.436834590891594e-05,0.004214238030322,0.5059408897511659,0.0621796810789089,0.2175519929909624,LCO,12,42
-510599.7794433623,2.5278491226165043,0.0365092433297305,125433.051545132,-0.7435584865810085,-4.056441513419003,-0.1864842882614541,0.3287810866814857,1.560869187522415e-05,0.0001854897565391,1.0073952049485792e-05,4.906241830799619e-05,2.0444556351740532e-05,0.0801741163214749,1.7081989293332717e-05,3.946699167471002e-05,0.0223679599665536,0.1715494988241609,0.024266512874625,0.54769970003976,LFP,13,37
-3990.646728054404,2.1197642860447488,0.0049401213613699,4605.407481314579,-0.3732153087315311,-4.42678469126848,-0.2814189542843532,0.2277633713045754,2.4738106337394483e-05,4.199691366615665e-05,5.184493781835936e-05,6.099717838028885e-05,2.5696095258423995e-05,0.0431728023635345,1.5958192439822712e-05,3.307954368462211e-05,0.0041009501259904,0.3780655012896777,0.0100019201622388,0.2605136242637302,LCO,13,79
-501002.893648526,2.168390007512471,0.047297731458403,89942.61639955894,-1.0543573434120574,-3.745642656587954,-0.7404357147813034,0.2475085894989072,2.1851995738317468e-05,4.123498656970468e-05,1.3820346927850497e-05,4.516382150429338e-05,2.4878259822262133e-05,0.0868453852104675,1.7909032956791153e-05,4.5106148021787805e-05,0.0238097124560384,0.1540711326565566,0.0249983663408513,0.0104947862212886,LCO,13,21
-57913.24460845317,2.244510847675617,0.0108851919395513,40776.87799722536,-0.4944601302891911,-4.30553986971082,-0.4744218095161814,0.2000527195073357,2.8323069513503463e-05,8.434804603205341e-05,1.0840057911298605e-05,5.147635746761773e-05,2.5083818196879996e-05,0.0440907553374713,2.0810234637401905e-06,4.284241835850219e-05,0.0111478647125906,0.0238986774157301,0.3200305675649749,0.1116489455031136,LFP,13,90
-5471.436616375383,2.099604691433714,0.0112357410554726,3569.6706127697885,-4.186456683936271,-0.6135433160637405,-0.4324628809438666,0.220083756155057,2.491445634163009e-05,4.268271968099202e-05,2.2168464486928363e-05,0.0001335325601705,2.995067760842069e-05,0.0406626710301585,1.4617993417586547e-05,3.1148048550106854e-05,0.0040004904026214,0.3535039756714477,0.0133829656758837,0.1306501777088019,LFP,12,69
-5040.7942175736935,2.052794880992437,0.012460650907229,3513.6941624011533,-4.200334864042674,-0.5996651359573377,-0.2290677905018209,0.220179482667162,2.4838122116686e-05,4.189050955320878e-05,1.803882777201318e-05,0.0001323791522419,2.571672577059897e-05,0.0406595081595743,1.4567770535350651e-05,3.062765583580587e-05,0.0041479544663363,0.5775188327635721,0.0367862349903324,0.0866271417442746,LFP,12,68
-5081.847776453061,2.0645441562597417,0.035440567526608,2424.0131994771978,-0.7523195302690198,-4.047680469730992,-0.3486906046228081,0.2903378812310611,2.0214651370171407e-05,4.205306128277163e-05,1.9170333443748915e-05,0.0001484778217835,2.5622179154293275e-05,0.0434688980372883,1.4065509134877445e-05,3.4343232983969634e-05,0.0042094856785436,0.5142924943957939,0.0248204473907442,0.0421964535906538,LCO,13,36
-4451.130339815543,2.0805318186112705,0.0114220421055434,1821.923094729555,-4.528559458270323,-0.2714405417296888,-0.3641659225430091,0.2283800786968803,2.9884288010203364e-05,4.236729042340384e-05,1.926874727908535e-05,5.120383346987298e-05,2.676943441297821e-05,0.0406634802027204,1.744828591709484e-05,4.0372102209182624e-05,0.0041421018311764,0.5057250628105215,0.014038446728214,0.0460705679182553,LFP,12,38
-587531.0105312538,2.580200368434991,0.0914437085047283,138864.9941842811,-0.8812593276872747,-3.9187406723127367,-0.4075358398924463,0.4290946676180991,1.5173647060417414e-05,0.0001799830781018,2.226939298535457e-05,4.7011759665113056e-05,2.74338459622489e-05,0.087732416140071,1.7084055925095217e-05,3.627290601501893e-05,0.0236865864284178,0.0877488482292616,0.0171517311460579,0.4175635807322341,LFP,13,31
-519914.86231181165,2.3042674553646187,0.0348372496961222,133953.89950251562,-4.500813837840802,-0.2991861621592093,-0.7231325817357727,0.2278787105743103,1.5218370995633917e-05,0.000105419751526,2.361208644254361e-05,5.218497628516675e-05,2.9790201771944853e-05,0.0802023264848073,1.691602753850633e-05,3.946529540168649e-05,0.0224222834595849,0.1506129983322079,0.0138803610420583,0.042374058889961,LFP,12,37
-4803.668696465124,2.082975153894142,0.044231509516549,1846.882135114707,-0.7679739936701964,-4.032026006329815,-0.2597452148394001,0.2606614431614653,2.474561190808811e-05,4.251548230881039e-05,2.5812723756974887e-05,9.327258975920151e-05,2.428510497287866e-05,0.0407244595963127,1.995321615363511e-05,4.237255572869128e-05,0.0040453015488726,0.5001327733071936,0.0909650244653625,0.0791569873880436,LFP,13,35
-5040.7942175736935,2.0731022582178262,0.0123377514292832,3527.47879388941,-4.192456009293949,-0.6075439907060627,-0.3833118577758211,0.220449295314248,2.5220395727962768e-05,4.270132454485836e-05,2.218020819579553e-05,0.0001372979658162,2.371503656508923e-05,0.0403441215095365,1.9252893063905415e-05,2.9588378206551128e-05,0.0040034184915981,0.5190490060959455,0.0133023334717214,0.014336802656512,LFP,12,69
-524433.2728351674,2.6090517053721536,0.0365092433297305,119781.91559491969,-0.7435004088511903,-4.056499591148821,-0.1735842338185041,0.3313891035123021,2.196879686046821e-05,0.0002475676965938,1.00710936086751e-05,4.3424904212497326e-05,1.842879581931848e-05,0.0771475551252511,1.708103535431959e-05,3.942965431018372e-05,0.0223156660894086,0.1538812210136419,0.0253374621797908,0.577197082988063,LFP,13,37
-5297.391261822018,2.066391204949198,0.012306438207656,4003.272177561442,-0.339036482732844,-4.460963517267167,-0.5322565233817868,0.2168528616532826,2.462506205452516e-05,4.274297005028651e-05,1.7765511627514447e-05,0.0001334422607084,2.570331481333078e-05,0.0402446916835779,1.458887963101962e-05,4.026825406222492e-05,0.0040656756143774,0.2887166966273521,0.0372776468232048,0.0717491331676563,LFP,13,67
-531847.60036077,2.6127469673300774,0.0487671140765493,122296.1175565196,-0.786628594995598,-4.013371405004413,-0.2343103739934622,0.4026976706466614,1.4504788627214844e-05,0.000215635164044,1.0071187311810362e-05,4.341390979881369e-05,2.451044555287056e-05,0.0760072475638558,1.7326712145378925e-05,3.699573046859258e-05,0.022431076131101,0.1711055093206533,0.0208907984386182,0.5036933182472663,LFP,13,37
-4207.612279191102,2.04218654017647,0.0074965675430945,3880.105094994003,-4.200963051812096,-0.5990369481879156,-0.3580623700714257,0.2098370568499641,1.549166395841745e-05,4.271208740446653e-05,1.1231174743018937e-05,6.290596328294737e-05,2.7297415314707968e-05,0.0402696107380957,1.8790078974737687e-05,3.4215270207794125e-05,0.0040496910548465,0.5187171196946199,0.0110265020739428,0.0421940081600115,LCO,12,77
-4836.528108124314,2.0673620949737725,0.0290571609136053,1924.6310164568408,-4.542257746126197,-0.2577422538738148,-0.3248716601412794,0.2282960305908526,2.496729393042684e-05,4.178428691175426e-05,1.7775270494199144e-05,0.0001453859320787,2.9840622323333076e-05,0.0405072861935399,1.4316459567430463e-05,3.0719109429075815e-05,0.0040938803965192,0.5189877033757058,0.0144326192476522,0.0717080172353627,LFP,12,37
-4987.897793677453,2.086187560661902,0.0034847071326852,5420.7184047505725,-4.376784650190615,-0.4232153498093964,-0.3211991817296464,0.2071903424381534,2.460976651669641e-05,4.322833076160457e-05,3.061301697814588e-05,5.7699445025928446e-05,2.8286873323305325e-05,0.0410246134454925,1.1537633325740575e-05,3.924959771428374e-05,0.0043890481598326,0.421558736484055,0.0296396055049534,0.1576024762813451,LFP,12,96
-14189.93435198612,2.616191067918284,0.0100625478410316,8139.083302829853,-4.3603009708971,-0.4396990291029112,-0.586717882087426,0.2573647881094122,2.383020844987155e-05,0.0002422081615971,1.119844607868288e-05,4.65490166689835e-05,2.875770679120293e-05,0.040644703098783,1.2882418852878862e-05,4.00437826584554e-05,0.0049403302528232,0.1694188047092337,0.0929074058483035,0.0809559073550367,LFP,12,92
-5015.142137308912,2.0705485621238684,0.0245500930666653,2498.070030650789,-0.6088554487446203,-4.191144551255391,-0.3781450413073853,0.2416666291276259,2.989649124955762e-05,4.202108692570176e-05,1.689120865069606e-05,5.079476051904621e-05,2.4595172611920133e-05,0.0437377724834527,1.7471119063325828e-05,4.077562100263661e-05,0.0040734490934597,0.4975761906870884,0.0132922173129349,0.0409865506925912,LFP,13,46
-4886.018797794965,2.049114527287119,0.0069767236455225,3609.3354786714167,-4.23228187472396,-0.5677181252760519,-0.3653833330691046,0.2369086079214856,2.367107520010565e-05,4.220305805922757e-05,1.1149478920191244e-05,5.0902813861097007e-05,2.6762796882393767e-05,0.0402691388000178,1.741550320124307e-05,4.3235794520862745e-05,0.0040059888444171,0.4996951886440998,0.0170761395774592,0.0478453387093364,LFP,12,80
-651146.7725818184,2.5511259820532053,0.1081712207166584,160356.20709388496,-0.9114859475865416,-3.88851405241347,-0.7869644186299292,0.4311945398442577,2.765716813572065e-05,0.0001850959245169,2.108372224432635e-05,5.617759667748888e-05,2.927362944933145e-05,0.0934449875610241,1.862600275145664e-05,4.8543579779884766e-05,0.0242773394058447,0.0449108453568243,0.0103967065985775,0.0877280294146689,LFP,13,29
-596983.3658576878,2.494269839709391,0.0425503457218122,146467.74306872868,-0.7403672455382093,-4.059632754461802,-0.247202214657235,0.3253717197834055,1.448166519370239e-05,0.000159879216595,1.940126963816422e-05,4.907567510109111e-05,2.2596146913308577e-05,0.0917807674562705,1.730917444752415e-05,4.706314797713012e-05,0.0223954650631876,0.17073938348133,0.0215223763317476,0.4905360255296873,LFP,13,37
-265828.8113765186,2.330721616957627,0.0234523023506883,115503.55342715926,-4.362490423909591,-0.4375095760904202,-0.2555414926401373,0.2462183638943262,1.3126122683746162e-05,0.000244015792623,1.913139219899242e-05,0.0001371120334165,2.884305596273408e-05,0.0651298554724187,6.655878819453532e-06,4.894769004158503e-05,0.0207011478828482,0.0225412591561497,0.1279578380650878,0.5239594101386251,LFP,12,50
-526858.033002381,2.4953476144649267,0.0416060838792563,122628.31924895749,-0.7434969364139121,-4.056503063586099,-0.1725119355364645,0.3313922565907206,2.1972153240852156e-05,0.0001585422793893,1.006994153587033e-05,4.912378180545845e-05,2.119954422715685e-05,0.0815197227643418,1.708103239907476e-05,3.942926987898998e-05,0.0223688722753263,0.1538279231048894,0.0253523425551131,0.578307798803533,LFP,13,37
-4122.475239255578,2.052705413545714,0.0323273315288428,1980.481827831372,-0.8080479445592275,-3.991952055440784,-0.1410423301159695,0.4710705967428473,1.5281097972714998e-05,4.201475875485892e-05,1.1826433535647472e-05,4.369041470353647e-05,2.7802281265886865e-05,0.0413349698991679,1.312913744346567e-05,4.14099204849776e-05,0.0040272626818201,0.4997954633535975,0.012744479770145,0.2764177267602878,LFP,13,41
