SpecificEnergy,SEIGrouth,TempIncrease,Price,UpperViolation,LowerViolation,VolFracViolation,C,la,lp,lo,ln,lz,Lh,Rp,Rn,Rcell,efp,efo,efn,mat,Ns,Np
-90458.92052715803,2.1606668352071208,0.0054190580508486404,12661.288830558236,-0.30294653499673174,-1.1970534650032683,-0.6687278402240532,0.22988508110699782,1.5194558740670114e-05,5.170184290306277e-05,1.392515606525915e-05,5.275152211767186e-05,2.7638121477697386e-05,0.05121849734661089,2.930647719677973e-06,4.2203373079074696e-05,0.014212238281699123,0.11114090003527224,0.012372616516184813,0.13775864322448977,LCO,4,44
-219475.41223553158,2.1529341077405992,0.03663449310677297,7991.436036823484,-0.3879195054611593,-1.1120804945388407,-0.614406832799826,0.23489595277470057,2.689336557827493e-05,6.12278927484747e-05,1.18745094290767e-05,6.761066914752015e-05,1.8155305848110562e-05,0.07896808274281897,1.8814737099194747e-05,3.358515001082534e-05,0.016807476717121225,0.1863977540163013,0.06940561848580591,0.05978979469806684,LCO,4,13
-13228.427813396154,2.336058976877459,0.004330779762605161,2644.440622785905,-0.2777446927973841,-1.2222553072026159,-0.31250847398613235,0.22551949212080438,1.59493748446389e-05,0.00023975015513567958,1.785275682756156e-05,0.0001484138782127724,2.9979139813040027e-05,0.09679169689961512,7.946175400749966e-06,3.373514417613865e-05,0.0040638787510318625,0.2116918117969646,0.2527698552439801,0.153029858972923,LFP,4,59
-112434.32713681816,2.214487235659184,0.04105316042457727,5164.829827451724,-0.3327622299704842,-1.1672377700295158,-0.5556761906754315,0.4072376099397345,1.477751226937143e-05,7.195243902563001e-05,1.230132849910057e-05,4.82198555406093e-05,2.9554284785888677e-05,0.050790462354577334,1.2232251868924579e-05,4.2605039140233714e-05,0.016371667621740797,0.04151245216647918,0.1644952283961093,0.16831612876198004,LCO,4,14
-698951.2827191651,2.1314803610036446,0.012217016713959158,46077.137057334905,-0.2963862763182732,-1.2036137236817268,-0.7704254647356983,0.28454577394148073,1.809932579607765e-05,4.558795962777842e-05,1.6053056094718297e-05,4.8017533709624656e-05,2.025078180365694e-05,0.09814249535512053,1.8635204770846106e-06,3.7417473776278976e-05,0.02422989416170136,0.054814042726382115,0.014852215276857077,0.08990827726106253,LCO,4,28
-27907.069978604763,2.283780548050356,0.03807967736537235,919.5659572661833,-0.3866119451727261,-1.1133880548272739,-0.709044310903723,0.22781160549360452,2.828272100921149e-05,0.00012167067517151205,1.6202410757584072e-05,0.00013655229953396064,2.7923124767701918e-05,0.08608762250291548,8.35032374555012e-06,4.0454888496337683e-05,0.0062529850297309494,0.02767274081885652,0.1558695577128387,0.03741339056458182,LCO,4,9
-342607.2202007952,2.1881096559610604,0.0038277634576030567,32418.37936029035,-0.1691730739870021,-1.330826926012998,-0.07495754412152777,0.24597082315971244,2.6319277159913005e-05,4.3908583599518335e-05,1.6412285855126978e-05,4.9009263855117664e-05,2.6655736716386604e-05,0.08317139760478047,1.3479838451399956e-05,3.4077242971398303e-05,0.017483558470988453,0.054027191504555205,0.2880329291212092,0.5129823352527079,LFP,4,61
-649590.2615228929,2.2747982506548343,0.011428187470614165,30356.18586862821,-0.3627920034951764,-1.1372079965048236,-0.3247945972414311,0.32582984915349655,1.3349248499705878e-05,8.562792371867688e-05,1.8995053010374502e-05,5.219320949796396e-05,2.771093068049007e-05,0.09906572164584233,1.5668896081380995e-05,4.396824710914958e-05,0.022207028686240814,0.018258699252363453,0.3877173109030651,0.1992293926031404,LCO,4,24
-267944.8099351801,2.260484575404831,0.0030485404186828013,73819.99529434045,-0.3003873960728445,-1.1996126039271555,-0.6041544506709421,0.281860300796886,2.7187632960216794e-05,8.407775979229705e-05,3.2109284670921276e-05,5.7950359084764486e-05,2.9567795091861284e-05,0.09743304849466769,2.2029570984803513e-07,4.188669978705038e-05,0.016553638114043555,0.19099337564412786,0.07395736665858856,0.060894807026341556,LCO,4,100
-67013.16815331156,2.1067550578648824,0.013907943636617152,6253.904918660999,-0.3708879078163996,-1.1291120921836004,-0.2502643036072638,0.20168560584445486,2.889371793916497e-05,4.495161053952265e-05,3.389735770740331e-05,6.546011582342491e-05,1.798209007040664e-05,0.04281810937451664,1.7330206341032793e-05,3.684169340103708e-05,0.015240064835814249,0.3029019947649147,0.21992959071453902,0.1569041109132825,LCO,4,26
-563416.6013574376,2.1686177304823286,0.0024665930089801205,129423.88302877975,-0.2667034259931196,-1.2332965740068804,-0.5626347678072523,0.2062512106349684,1.7189771713604255e-05,6.117523224446613e-05,1.1416377675624851e-05,7.594018950800913e-05,1.7940148728232944e-05,0.07889216068933541,1.9022542280475514e-05,3.2071422180911404e-05,0.024421631832182013,0.18655158451455156,0.02206314837594057,0.15875049930225568,LCO,4,96
-103781.13454993958,2.2041416003717242,0.00599297633437328,12209.557218265116,-0.3273930754530081,-1.172606924546992,-0.6634182845920271,0.23014641059519098,1.4572886456569499e-05,5.070435801072987e-05,1.3827013460506213e-05,4.522842397984412e-05,2.6255469081391967e-05,0.05164893034285606,6.68088341035504e-06,4.2188405942864796e-05,0.013683301639928354,0.11256264747360732,0.016055360687937628,0.13796370724642792,LFP,4,46
-57156.05071761539,2.551641826041169,2.572194939011671,825.4345361482347,-0.5456582800551448,-0.9543417199448552,-0.6568500867572906,0.5468170495609341,1.4947445588716059e-05,5.102543328266156e-05,1.6072099395571358e-05,0.0001450519937406175,2.972980493432435e-05,0.09555859420813849,8.104897377947195e-06,4.231299312430976e-05,0.012010001240167337,0.06285518866661688,0.18717165513276846,0.023123069443324047,LCO,4,2
-111684.23093846391,2.349843126404162,0.007500774476359685,14413.012101617825,-0.3304015629555188,-1.1695984370444812,-0.4068518343824157,0.2107941647689544,1.5956879861808748e-05,0.00023051825367784566,1.2758237003495353e-05,0.00014945222773395269,1.842059475674177e-05,0.07685263056452318,7.879981099175571e-06,3.373324052344697e-05,0.010397445702378992,0.012289683458376902,0.29570625667686623,0.21515222548234125,LFP,4,59
-131266.74559154542,2.473422891278342,0.002905242164707886,24377.175200352885,-0.33719627599970536,-1.1628037240002946,-0.7001267603136843,0.2420892062036963,1.5224411300592267e-05,0.00018721339787533133,1.1062799573059733e-05,6.543252171233701e-05,2.771871770409552e-05,0.041657325938937985,1.7727981695478616e-05,3.6972763248458784e-05,0.015466113379494176,0.05021186935494501,0.04351113073287322,0.13615023959849762,LCO,4,78
-617084.4648303818,2.6058041238618777,0.009073217781549226,92825.01742715249,-0.33114144628414444,-1.1688585537158556,-0.523442967510835,0.5910448681125132,2.7927409434776104e-05,0.00023294240555513893,1.787943371309302e-05,4.324799870747123e-05,2.8154947225809394e-05,0.09960407613229871,1.4455500579606801e-05,3.6302138062838884e-05,0.02216860505720765,0.15136468488271212,0.2377174916805394,0.017474855925913614,LCO,4,65
-194605.64727264506,2.1828486095792443,0.004091893034366991,28849.10268494496,-0.2840400052892793,-1.2159599947107207,-0.5065204266145451,0.234917287613491,1.52192320438337e-05,5.2835394125952284e-05,1.0483921721093213e-05,4.4784778838463086e-05,1.812532763667622e-05,0.07890737206414782,1.8857894033084465e-05,4.1210290944234396e-05,0.015114356363357838,0.21577100416524103,0.02980904453288801,0.17789952468732584,LCO,4,59
-308582.5391626075,2.5357397075540096,0.0029574434491079936,59118.51830790993,-0.35187336565457983,-1.1481266343454202,-0.5797002279116646,0.2035007455565678,2.9147564491489052e-05,0.00022847677291400637,1.6518847674412234e-05,4.265371950537515e-05,2.5185668813008543e-05,0.07234018279027218,1.77976292391738e-05,4.2046414758093223e-05,0.019037302462246202,0.23501342249142537,0.03147415298118121,0.08381219661572882,LCO,4,75
-605188.3173855285,2.649912679376587,0.02389584077101221,34143.88191689995,-0.36374678316120423,-1.1362532168387958,-0.5154111990084005,0.22821409297556497,2.6897222936962558e-05,0.00024091892365048483,1.588452469542569e-05,4.11059412239237e-05,2.380678252012288e-05,0.08550981267803676,1.4790228092567673e-05,3.6963515593782165e-05,0.024183148499632497,0.21359273651010635,0.15862731517780387,0.042368749303689376,LCO,4,23
-37640.00542496308,2.155042060372407,0.00624189207755778,5354.8589779762015,-0.21216781869533996,-1.28783218130466,-0.38074889678960633,0.21990703374243764,1.4912756120112586e-05,6.0969861106901433e-05,1.3947814956782582e-05,4.645631403540341e-05,2.8896284338591564e-05,0.044209786254450725,7.237345591819999e-07,4.400965071243572e-05,0.01047136866894069,0.41681306358647396,0.0964919282400534,0.03594611138386641,LFP,4,44
-175618.06042399706,2.1899957489583546,0.0040057469499691495,18654.049435150544,-0.33535286788366214,-1.1646471321163379,-0.43003640577429436,0.24606794903805032,2.642872405147906e-05,4.378714036020361e-05,1.3860017702818425e-05,5.2770601756328446e-05,2.6186691255089257e-05,0.04190276132325721,1.3501005943448213e-05,3.05184109206319e-05,0.01749694470056598,0.052830439051777325,0.3969988813617529,0.05013427381217549,LCO,4,61
-34815.69444284419,2.5826947384923518,0.00464288585264187,2641.2566004742393,-0.3923017127713102,-1.1076982872286898,-0.45390135359234596,0.2194115731853371,1.575879313734444e-05,0.00023431506133769758,1.2571077272423624e-05,4.8084221583819885e-05,1.8093553463463056e-05,0.06887598941179109,1.5234800233094385e-05,4.3128810939625704e-05,0.0045897066338655024,0.016999916780605646,0.18302691264206272,0.27607181698498573,LFP,4,62
-500652.69634104735,2.1699025535835923,0.004115536416808922,85024.72209893892,-0.23207336537263146,-1.2679266346273685,-0.4211660306729753,0.2416149689092321,2.8962890253307144e-05,4.385896496325996e-05,1.631354559791836e-05,4.563141895015172e-05,2.465625286986736e-05,0.08322680637758577,1.7528239366351087e-05,4.017535584010703e-05,0.022798492302453705,0.089723467354138,0.39239603668350054,0.026714465289386185,LCO,4,84
-97932.51668872728,2.0442422349470686,0.003317053463540395,34105.262267536484,-0.2637193459058871,-1.236280654094113,-0.09601808684178148,0.23066765289318403,2.606184368609375e-05,5.5117659774739936e-05,1.924867341641637e-05,0.00013853249168097948,2.4638301155717392e-05,0.08177550603612198,7.797357338277061e-06,3.9960372973610435e-05,0.015440039207641764,0.38040636202972233,0.3931351192921937,0.0604404318363025,LCO,4,73
-247675.8325439157,2.566648259104909,0.003585547814887888,37876.62674522996,-0.34113807084675685,-1.1588619291532432,-0.42436623073037827,0.2229538583617129,2.8411697110122953e-05,0.00018604993471470075,1.8076028682452898e-05,4.124530906888563e-05,2.514024338283076e-05,0.0935897298699657,8.092365185200703e-06,3.690508657756728e-05,0.015440459366045342,0.21228959912024145,0.15755519821238614,0.13578897193699424,LCO,4,61
-55246.467685315656,2.1301724901947114,0.006990617275639134,7380.784837628037,-0.23791256396162375,-1.2620874360383763,-0.21448157082185815,0.21670725339721647,2.8360782084348136e-05,6.082040698482128e-05,1.394555891519643e-05,4.215937296895496e-05,2.9132595964769442e-05,0.08062951508282365,1.4106879774432962e-05,4.3039325131424394e-05,0.010482848062877912,0.5989575941808568,0.09615984628375994,0.020400988713525175,LFP,4,38
-95073.18477584698,2.07069648814292,0.002672241669786262,27452.30155845197,-0.3080330333765655,-1.1919669666234345,-0.22924119653396002,0.22789256183923884,2.7664350486248268e-05,5.589887371979374e-05,1.0440689566055425e-05,0.00014669634762514073,1.6169037951792615e-05,0.04103759968494433,8.078565660069576e-06,3.6866571386301354e-05,0.017577222637850578,0.1753667637381874,0.34265189949229835,0.18274014023555432,LCO,4,85
-606321.5720193174,2.371581186274073,0.0050575553905686885,102926.55941975865,-0.37152853625780224,-1.1284714637421978,-0.6083142749924388,0.34495010033243273,1.4449181104212696e-05,0.0001076656889800309,1.5275511841457637e-05,4.084311005408391e-05,2.973137936544885e-05,0.0937112979607747,8.044304082045305e-06,4.512632581533962e-05,0.02394412638563767,0.05971861620780662,0.23883068739379076,0.023136421405963798,LCO,4,67
-490942.7413245881,2.6336530872634274,0.004095643450692239,68040.14251690355,-0.40642094717907185,-1.0935790528209282,-0.41012254972988516,0.22517323134088024,2.91372384315125e-05,0.00024121391939868573,1.8040574682191385e-05,4.33772475771884e-05,2.4653792303346865e-05,0.07768815337795101,1.7912072712727353e-05,3.0789232602831005e-05,0.02285557111147319,0.21590348043224838,0.252049197720981,0.05192477211688552,LCO,4,59
-576581.5637612066,2.4628284804246103,0.004741256475517661,100371.58184821531,-0.25093072862243915,-1.2490692713775609,-0.6479440344438593,0.347377500995208,1.9709072172240424e-05,0.000109404650186677,1.640970731073554e-05,4.083250155617114e-05,2.9931494582357513e-05,0.0920039170291667,1.441897052336882e-06,3.379525707734152e-05,0.02393968208950026,0.0547655684031871,0.10788224077496668,0.11940815637798702,LCO,4,67
-519266.8055675813,2.450757290275824,0.003929409323875505,62393.91775635978,-0.33028949740463887,-1.1697105025953611,-0.19606659422559003,0.28918123853254035,2.4771848665053756e-05,8.110878102713649e-05,1.0364541172314427e-05,4.961890719861166e-05,2.9585491584064337e-05,0.08452589517530801,4.4105407101306676e-06,8.74381149555509e-06,0.022075044737410954,0.042958451690705834,0.18515398811896056,0.5058209659647436,LFP,4,66
-245940.50140855307,2.3434308588389445,0.00769294811548156,20287.43013695434,-0.37176010301578444,-1.1282398969842156,-0.21081835573736663,0.2522851086274197,2.1956118068871765e-05,0.000126011134550484,1.5921249180592063e-05,5.836240518024699e-05,2.9883014489400566e-05,0.08423328422323657,6.426334492349906e-06,3.904739327677418e-05,0.01694641848339296,0.28618723669556617,0.2199063657105955,0.21308804185647176,LFP,4,34
-507970.1263743368,2.441597957124163,0.004128669987414792,77664.0963604091,-0.3590599331940574,-1.1409400668059426,-0.1782725762796452,0.27080715001539973,2.955147454054996e-05,0.00012648686591921614,1.633833744567372e-05,4.32408633873226e-05,2.7596210931866982e-05,0.08565700576636519,1.9880447429057298e-05,3.564673905210626e-05,0.02473778827896917,0.292174697560996,0.2886749103473739,0.17087781581198494,LCO,4,61
-384297.2407094465,2.1361695991980962,0.0036239940216943544,39713.57994218699,-0.3117662865394948,-1.1882337134605052,-0.15754468776963948,0.20109088028912522,2.9893246379927565e-05,4.345114157678281e-05,1.1760522392317073e-05,7.305482657877938e-05,1.4459471663939273e-05,0.08343437413172565,1.7374108349819615e-05,3.714757736024766e-05,0.01852054844193454,0.053073316175449775,0.19272785499385814,0.5266541410610527,LFP,4,61
-130034.98577690576,2.362342542319646,0.0023758158776513837,29226.328166288426,-0.26289009031071053,-1.2371099096892895,-0.746468208755067,0.22204618209991359,1.400709344429175e-05,9.704370961394307e-05,1.1226742912362261e-05,4.7627921230919385e-05,2.8909489679724528e-05,0.07610267922700698,5.503376125114981e-06,3.742967588348431e-05,0.011402253462775312,0.05676346829272555,0.05686020955084418,0.06990811340136328,LCO,4,99
-616699.2564484883,2.2270053184936476,0.0037740579582390336,132699.2621360013,-0.2676932611285281,-1.232306738871472,-0.49419833398689667,0.37706976425697586,2.7420177269541953e-05,8.358763520996987e-05,1.073879552988403e-05,5.835128680389191e-05,2.9563295713424025e-05,0.09990157960755656,1.4804688983715918e-06,4.192210930549255e-05,0.02259469637290331,0.19201668766357483,0.12369320607580875,0.12009177227371981,LCO,4,100
-131637.88661138638,2.1733633381111264,0.004377544311783503,29942.524691222297,-0.24640358959591957,-1.2535964104040804,-0.5151604708613864,0.43467861377357153,2.1994264181582988e-05,5.415057251976741e-05,1.0507034746705836e-05,4.826800261314286e-05,2.9378695237830267e-05,0.05069482340085241,1.7308158801721604e-05,4.654758624551951e-05,0.01628592224842202,0.05482283164244883,0.19091379420554289,0.16910290329062197,LCO,4,89
-4278.535494858404,2.23627904427194,0.006506306468439817,807.7830062203799,-0.22467495403681959,-1.2753250459631804,-0.5433419901502656,0.20152796240382695,2.6225123119835474e-05,5.318182712015066e-05,1.613891342964353e-05,0.00014575419936527483,2.9249598976035282e-05,0.043856447388059085,7.116676899355504e-06,8.315251193235904e-06,0.00400870143298159,0.19795858937939997,0.15978377613877923,0.028915644331555277,LCO,4,41
-267431.73832029366,2.082470709176857,0.0024383479047903325,139252.26877224978,-0.294641398095683,-1.205358601904317,-0.005285253482721353,0.2386760827746645,2.054796459679881e-05,5.418656276915061e-05,9.173864454966942e-05,0.00011254172430067286,1.2071658756446585e-05,0.09519365742455609,7.919686364444799e-06,3.780840215937618e-05,0.024899425720058856,0.1977796737891026,0.2109794862775823,0.5159555864505938,LCO,4,96
-271906.20706531464,2.3460121612352953,0.02750326161061565,9457.759316671794,-0.32370428898505565,-1.1762957110149443,-0.25623502918507757,0.23892934757751244,1.3163191241987757e-05,0.00010082979554444645,2.05588967209125e-05,6.611891351371471e-05,2.4641634304694974e-05,0.09689572340209095,1.9260679892740505e-05,3.373738562802032e-05,0.01683315259251817,0.22350370862103708,0.2528774709119423,0.19738379128194314,LCO,4,13
-117771.58078587758,2.163294308112382,0.005163114909596258,16938.083606387147,-0.3622746322866135,-1.1377253677133865,-0.6552074345659159,0.21480388157833707,1.4915397183128436e-05,5.6882353541274844e-05,1.4013762269454862e-05,4.640462686826896e-05,2.8891971458990577e-05,0.05110548937297141,5.090236670762305e-06,4.260108375818966e-05,0.016564527634042498,0.03950644470964551,0.06402928072510941,0.17125683999932922,LCO,4,44
-63521.991478212025,2.1708828100571878,0.005789261601151919,14333.055621360574,-0.3166988058780156,-1.1833011941219844,-0.2637371813935546,0.24355675811541067,1.8335304376323015e-05,5.148755906699343e-05,2.006397742831881e-05,6.684943120819451e-05,2.708732735774376e-05,0.06917388624098963,1.3375785796741224e-05,2.0786115456541565e-05,0.012185284003646244,0.4768736457731325,0.16238427302659214,0.027004899806720675,LCO,4,56
-12363.67657067419,2.256839133863629,0.0042202663181178605,2482.5215579251344,-0.31147744756874474,-1.1885225524312553,-0.6925116778079137,0.2636600213546249,1.40064858440209e-05,5.6111285642934495e-05,1.2476360156618813e-05,4.712002895047077e-05,1.41395354311201e-05,0.04941110234152804,9.408032279498618e-07,4.925181139944626e-05,0.005202454009581067,0.08865577831401854,0.07324441009492588,0.07558813378314189,LFP,4,63
-581115.3144277281,2.2006386822108808,0.003080184033010052,77244.80279802118,-0.3289709033634445,-1.1710290966365555,-0.07394909672077099,0.26818959005494647,1.8303408060177236e-05,5.321970398508864e-05,2.156330674139593e-05,6.0829395194674663e-05,1.8297681658685326e-05,0.08030099529394852,1.0502556099526056e-05,3.274534112176874e-05,0.02267573062015279,0.09528283561320508,0.5861737938460224,0.1745942738200016,LFP,4,81
-551311.4451886087,2.145447007071178,0.03680555455357098,14588.775193958092,-0.36018112720759277,-1.1398188727924072,-0.14004163342424358,0.3584564803724542,1.6943479511158113e-05,5.4452787026126446e-05,1.076970151164612e-05,4.91808963403094e-05,2.5332608544316786e-05,0.09598998897555155,7.593909113875308e-06,3.8959070530741015e-05,0.022646331708494068,0.09136212560788498,0.1991578202405225,0.499438420727349,LFP,4,13
-30480.14513282436,2.1927027088299336,0.007872260066266337,3583.6253362003417,-0.3201168340263969,-1.179883165973603,-0.708191759079037,0.2659039422272666,2.8667159663417682e-05,5.955372899147995e-05,1.015703762262914e-05,0.0001188045038841997,1.421383987532939e-05,0.043491235886895574,5.517183086115497e-06,1.842908331212526e-05,0.008790659160837964,0.06264716457987823,0.13611539230695374,0.023045684034131153,LFP,4,36
-121474.98611707384,2.168979536031828,0.004782730324506812,24077.90599797321,-0.2972409478605549,-1.2027590521394451,-0.6080692007263732,0.27277765179948477,2.948098309657883e-05,4.0277980297233546e-05,6.177021215222196e-05,5.5712311279564304e-05,2.7472560072883467e-05,0.04425097472446869,1.821503557600094e-06,4.069808288556753e-05,0.018713912907519423,0.13208387360631238,0.12888213111104332,0.06096479455627116,LFP,4,58
-227150.9288610262,2.060327863503183,0.0033856941633287124,47514.384871743205,-0.26903792847719465,-1.2309620715228053,-0.49254100118285143,0.21457823966478973,1.8841784358915384e-05,4.4955368484398545e-05,2.17512497494992e-05,0.00012211970977524613,1.5787315987764495e-05,0.04288040900244612,1.938591850187511e-06,4.790749505969743e-05,0.024407997938034644,0.07617437367217951,0.15486249066816368,0.2064221344768054,LCO,4,65
-629167.5830877704,2.270468203944826,0.002949619526763195,106768.72661677242,-0.30470136428043837,-1.1952986357195616,-0.5120165533298074,0.2974532605443435,1.639883383141165e-05,8.557632847445398e-05,1.0794863890314143e-05,4.017311960812733e-05,1.3912966137535505e-05,0.07981856807284675,1.5138402605563698e-05,4.161935890072262e-05,0.022779722213165786,0.020282681420594962,0.1408590434066437,0.2568417218429539,LCO,4,92
-600576.0173326685,2.1928824422147195,0.037548771149648885,11572.60470485508,-0.4667706921047827,-1.0332293078952173,-0.1858554116459631,0.2828760325924494,1.861527674848656e-05,4.5691908651670345e-05,1.9619484335377776e-05,5.124802227825683e-05,1.3268736401261942e-05,0.09574718300406547,1.5163018056066113e-05,4.887160043482663e-05,0.02495098274531873,0.13204624737051332,0.0463333657498409,0.5657649752336827,LCO,4,8
-235994.59519168938,2.328270227452957,0.003607394496489363,30655.757918087427,-0.24136006718483216,-1.2586399328151678,-0.7001360032241175,0.2622692284838653,1.5402896298152125e-05,9.672423504408328e-05,1.3407692550712925e-05,4.438155654022268e-05,1.2937693379553133e-05,0.04127159831528449,8.301041477058823e-07,4.119762134147452e-05,0.019481529692021986,0.06194661762948447,0.13887832869104527,0.029039050455352766,LFP,4,64
-644747.5544648462,2.298458169262392,0.0032380141414339106,109825.39593132256,-0.30207967538215463,-1.1979203246178454,-0.2762650332185559,0.25844119498121476,1.2204258829685402e-05,8.883639728073883e-05,1.184555550035703e-05,5.548325589955118e-05,1.4275328819428064e-05,0.07854616308877177,1.9143184720680995e-06,2.858295650101867e-05,0.024229473251303583,0.06170583971715498,0.561317303406664,0.03071182365762523,LFP,4,90
-67074.31003035307,2.061067980556728,0.004027089737770029,15652.063046103076,-0.2213933532020853,-1.2786066467979147,-0.2862179166895805,0.28691746078496266,2.568554933164374e-05,4.1994493112284185e-05,1.89984573258335e-05,0.00013786716838641556,2.4091784999426895e-05,0.0969230207637764,1.8267374743963504e-06,4.8795585349238104e-05,0.00937229740961864,0.02053158769255546,0.25921163132820507,0.36403886428965904,LCO,4,72
-40790.343740726916,2.242600465627632,0.005685135729064302,7273.411237886303,-0.2501442921581152,-1.2498557078418848,-0.5990863643981925,0.27865817647205493,1.2593580240808503e-05,4.150548809221245e-05,2.6468259261926717e-05,4.5890880786596404e-05,1.2514297218703353e-05,0.0691113640443131,6.928315539043926e-06,4.914383256829113e-05,0.007767153676270126,0.08035630423261017,0.23919006588815406,0.011367265481043356,LCO,4,60
-45843.47565036517,2.319581173327121,0.004514368168918971,6427.934079670838,-0.27634200737996295,-1.223657992620037,-0.5207888765357391,0.22937089116396983,1.5618938025462584e-05,0.00010598329043587368,1.1739140823172038e-05,5.28249554885604e-05,1.3316575292929295e-05,0.05964751505996518,9.324154991083574e-06,4.878309145543955e-05,0.008077170611996943,0.09511719363750606,0.2560495463782438,0.0580443834485111,LFP,4,57
-4905.29177594288,2.061562688142096,0.007927452259848282,842.253482579098,-0.2655796751007724,-1.2344203248992276,-0.07919391369846918,0.23999945297378616,2.3885644222136966e-05,5.3673222036442935e-05,1.22501708620332e-05,0.0001377553335280957,1.952395480935289e-05,0.042212669258525404,1.9893431706224916e-06,3.744124064156224e-05,0.004044715215130899,0.26312062532500924,0.5773388888131373,0.010346572163384265,LCO,4,51
-16529.24776788481,2.212551661734317,0.023786538576221206,772.5939753532549,-0.37121132618976027,-1.1287886738102397,-0.5423249227574792,0.2680236168380314,2.953224960944649e-05,5.955727457067557e-05,1.0130548431311755e-05,0.00010317421496735978,1.2366319948695708e-05,0.04349275299171918,7.4903073587123555e-06,1.835733517860585e-05,0.006545603566324204,0.05295138710091782,0.28560693649177427,0.04911675364982872,LFP,4,15
-13614.591477175238,2.3820516476881184,0.002561519794668396,2953.1929978755356,-0.36373391316161374,-1.1362660868383863,-0.1516357518907333,0.24610097375845677,1.6531832283963866e-05,8.325338722305664e-05,1.7981116836231427e-05,8.099948910778426e-05,1.20504528216957e-05,0.0526638436773632,1.4566682874124501e-05,1.933191368347698e-05,0.0049091239216402585,0.07276658726614249,0.578512299215547,0.12708536162757722,LFP,4,92
-188729.84810353562,2.4250874244693295,0.034272096681285766,4892.769318903892,-0.37839606193346853,-1.1216039380665315,-0.4373914348071736,0.28995691954323394,1.8345844910226972e-05,5.956654836751492e-05,1.4302627344403374e-05,0.00010582276836093628,1.3273737708467375e-05,0.07964886852691913,7.396343639577215e-06,3.7687786841804894e-05,0.016517566808004147,0.015617647123080183,0.0873998891845469,0.38959102888519936,LFP,4,8
-14940.932547421893,2.4167166702254153,1.1923756746609353,92.46575517966511,-0.5103584453820194,-0.9896415546179806,-0.6434808722181995,0.27878350889577613,1.2433411907601345e-05,8.262079855244623e-05,2.232441021508397e-05,0.0001302373772690358,1.2218212856499385e-05,0.04339641902142499,2.554800896935125e-07,3.963147166767549e-05,0.004100369046674858,0.052818998512766765,0.18544362066480724,0.04825650860422649,LFP,4,4
-114663.31287510712,2.3088588201842297,0.004079426852679592,21199.017539027926,-0.30301540917789715,-1.1969845908221028,-0.5208387281508353,0.24108636140187806,1.2848661454329761e-05,7.391820759285258e-05,1.8183693226361824e-05,8.202667882967406e-05,1.8250249487116723e-05,0.0960441102154654,1.924222894808359e-05,2.0645138513415096e-05,0.010939548391611025,0.14545999966985151,0.1146803681118097,0.14902090406750348,LCO,4,63
-67070.22181677104,2.1461831458523224,0.0025299761864079253,23203.525314837458,-0.2686737458605357,-1.2313262541394643,-0.5981985067478807,0.24609584354536118,1.9169487185746015e-05,7.397315114125297e-05,1.9484383498865583e-05,9.963293339194465e-05,2.945907389101606e-05,0.063123215130303,1.9527408174711076e-05,3.776344275964808e-05,0.011863569563432826,0.0851462644120981,0.11448982563601873,0.13216540320400252,LCO,4,91
-101664.87008461692,2.3876187106687787,0.042956716312300657,2888.4643485943193,-0.5122343938433573,-0.9877656061566427,-0.711031090660488,0.2583457232568875,1.4126345938756963e-05,7.394907670512015e-05,1.9310688941808143e-05,0.00012305857954275547,2.4777871181517344e-05,0.08668418027108044,1.297099333277573e-05,2.1270292107757604e-05,0.010911852774196814,0.04766544445313099,0.05968552383645752,0.11161794104992356,LCO,4,9
-19527.763702609456,2.0576286001138944,0.008806664190916942,5591.061724306749,-0.2737037038091792,-1.2262962961908208,-0.149309856313946,0.8011127142878745,2.423083326654525e-05,4.5700122406760075e-05,1.9596097864187443e-05,0.0001285574364054142,1.340324701190825e-05,0.04188322531417035,8.96122995495348e-06,4.271458593980316e-05,0.007634747980519286,0.08294217207657564,0.1871041872582565,0.5106437843512219,LFP,4,92
-44793.714625515626,2.1970738690531193,0.0023360324982983995,8715.695638033574,-0.3286912311247452,-1.1713087688752548,-0.20490782472358782,0.2090954370190043,1.2302008127382493e-05,5.157756844526804e-05,1.965907117800505e-05,5.2933236219287935e-05,1.654168549285377e-05,0.06849747047372351,1.93108020741022e-06,3.953439426249612e-05,0.007464604125873836,0.08667012773028572,0.5591781311751123,0.07924391637101426,LCO,4,91
-17092.18022189812,2.3158543411114114,0.004442247732369052,2495.428931565572,-0.3147012619171612,-1.1852987380828388,-0.6713236271846392,0.29947684842132366,2.5168145795919676e-05,7.141465948854868e-05,8.696608195285875e-05,5.2146243341447854e-05,1.9306132433819487e-05,0.0760067636334531,1.0232203240444937e-05,3.869899944763774e-05,0.004050316478140619,0.030570276323304845,0.16784773988402288,0.06025835660803307,LCO,4,67
-154625.66385197308,2.133150944187038,0.013969051746649853,10937.491068310119,-0.3939221133799471,-1.106077886620053,-0.6663744748145426,0.23770766031989035,2.8660891790230688e-05,7.191701582267051e-05,1.2198544710544044e-05,0.00014868558847514656,1.2551842723441097e-05,0.04321276505668817,5.5235897302065e-06,4.980957531799749e-05,0.019104172778167998,0.04777102314858201,0.19291808052970896,0.022936421507166484,LFP,4,23
-62713.945341973136,2.15323055333033,0.0033364122065537086,14018.667578163037,-0.1764794359227011,-1.323520564077299,-0.20971127300836334,0.31304735889704166,2.0932392020143688e-05,5.322958885291165e-05,1.2476561256454981e-05,7.241485531666415e-05,1.8342583191112642e-05,0.0960613448079672,1.9268795194746326e-05,3.8024210633843064e-05,0.008274169352018539,0.20297636982361267,0.12771264419946882,0.3895997129685552,LFP,4,88
-44422.23934763171,2.2497878033363774,0.03988377539290802,1160.6449756808076,-0.05502506822008435,-1.4449749317799157,-0.8011191921798526,0.2628162628625919,1.8614916347196014e-05,7.397025718694084e-05,1.9166221118281436e-05,6.717093827803222e-05,1.2171886680982537e-05,0.050826967069858384,1.3760808987973216e-06,3.80687335692822e-05,0.008972585736149993,0.07538001905432203,0.039133656070008446,0.014367132695816895,LCO,4,9
-305395.6942233549,2.1082898740962843,0.012342880993663865,25994.778859203376,-0.35188484820485755,-1.1481151517951425,-0.12836811477812093,0.2513567958152923,1.6334857570389497e-05,4.569558163172606e-05,1.9623238032798436e-05,5.2885351550996504e-05,1.3401872926850388e-05,0.056443975438710645,5.990317133613771e-06,4.084441674400749e-05,0.024952603338529708,0.13210151664926478,0.18756574323443068,0.4819646253381836,LFP,4,31
-85900.3206248385,2.3457838816530745,0.020882609947244928,1852.7978186669973,-0.23130182122084797,-1.268698178779152,-0.06555889573445761,0.24941612802735402,2.9595199216601837e-05,5.313874923421146e-05,1.0894977759800755e-05,5.804139597609004e-05,1.236099106263944e-05,0.08031586931395521,1.9612595763713968e-05,1.1282680884401193e-05,0.009019130382841932,0.02855433144619039,0.288454556598325,0.5474322162210271,LFP,4,13
-102517.941669961,2.3655898611171864,3.3803842099822816,973.0467690176167,-0.7547323745992855,-0.7452676254007145,-0.06680070217210465,0.20003064324943315,1.6384033909260465e-05,4.567462773486828e-05,7.051056388782648e-05,0.0001421907149911263,1.397238689783853e-05,0.08208596648975977,1.5176336427763464e-05,7.49053173580919e-06,0.015304985652716062,0.2455821516363554,0.04583345824559737,0.5717836879459426,LFP,4,2
-167615.1365666439,2.3587629937990626,0.005420856331664474,23943.607286832717,-0.3128051825785185,-1.1871948174214815,-0.5799220416331934,0.2729077947609616,2.9520229945800555e-05,6.253560026128105e-05,1.849336924866844e-05,5.5377252882621434e-05,1.4163775741868416e-05,0.044211264211533666,1.8135590003942771e-06,1.8919706710042184e-05,0.018580920392582648,0.150634152553047,0.12890291428933331,0.07054089152442633,LCO,4,58
-22467.729976224564,2.2402599526120124,0.012663547730750088,3387.561614110112,-0.3618778267095646,-1.1381221732904354,-0.44356287850595133,0.7967287240314549,1.886970899002842e-05,8.75401106920858e-05,1.721132166321256e-05,6.464900079782837e-05,1.825027427126654e-05,0.08064118047545049,6.65753911337244e-06,4.796842097922056e-05,0.004841390239253403,0.0744960721520996,0.17376962205456942,0.23817142728737972,LCO,4,65
-13385.38142689093,2.1251138708250337,0.004352387677449494,2394.036743885275,-0.3308845887804015,-1.1691154112195985,-0.7429487604587186,0.23251741306080423,1.240356602487293e-05,6.992157253454025e-05,1.8175823126684846e-05,9.892487989991898e-05,1.2089138489594613e-05,0.06357422651176872,1.967269122476022e-05,3.963359575286477e-05,0.004087688818410194,0.05263557114791363,0.08724272069865012,0.047172947694717755,LFP,4,70
-22229.783375667655,2.5502161451122793,0.007113486666339248,2109.7340325083906,-0.3573087873469696,-1.1426912126530304,-0.17146511676301956,0.29775074730233747,1.2060403067357817e-05,7.417913894683281e-05,1.8093062039500464e-05,5.2159822563827585e-05,1.649553985756568e-05,0.09235184655531767,1.252161194809712e-05,1.2364570063287654e-05,0.004236236724705018,0.17175422286937023,0.4290798141635892,0.157700846204021,LCO,4,50
-178599.67293748635,2.123050564634547,0.03621623786012435,14732.376233124693,-0.2705769023840272,-1.2294230976159728,-0.21454147203339347,1.033033853221458,2.7001723120384624e-05,5.957532272660742e-05,2.2114747771762613e-05,0.0001058081748237336,1.3273448097784597e-05,0.04161761880720495,6.692942182319432e-06,4.307914226973254e-05,0.020351502019588942,0.015105825404593945,0.1890669300635368,0.5112857724984758,LFP,4,34
-57005.985849193836,2.243897856875103,0.00458203612736641,8450.313863950654,-0.28832741500275105,-1.211672584997249,-0.7113449148157953,0.21322057981012948,1.56353849537839e-05,4.700933505538027e-05,1.1734168109566508e-05,4.7045989882985105e-05,1.2548720047959827e-05,0.049213131565103964,7.332898316698933e-07,4.925567764117747e-05,0.009448858456844665,0.0976982693189579,0.07040184042217948,0.050554975443067404,LFP,4,66
-11214.698364001631,2.391778100728238,0.00871019733447189,1041.5665365715377,-0.3437700634607914,-1.1562299365392086,-0.379261708842226,0.2406144219137626,1.410503320852752e-05,7.392359796690718e-05,1.931304855159077e-05,6.151517432315478e-05,2.4979331236876895e-05,0.05199370888320112,1.5202495292365487e-05,1.917384152311574e-05,0.004851493578647625,0.07418001053595039,0.3736811468661998,0.10287713375562395,LCO,4,32
-49027.463448708506,2.3599357360421913,0.005094894936114732,7465.666662097824,-0.27634200737996295,-1.223657992620037,-0.682946039340943,0.2791102447204239,1.5630657555855297e-05,0.0001063619817759908,1.2493672266207516e-05,4.709863099862294e-05,1.2947334552507632e-05,0.06435964055077392,1.3052741851287855e-05,4.87671532013051e-05,0.008149197902794525,0.09810698710809092,0.07312802397847164,0.07581894957249456,LFP,4,57
-687427.1764808571,2.5161831858930808,0.041967803438451794,23548.42695290101,-0.44402783093997833,-1.0559721690600217,-0.8245639024156219,0.2619282975537692,1.913631965401427e-05,0.00019808928865877492,1.0781898083214165e-05,5.02980966164397e-05,1.3621489391240561e-05,0.09689515911126888,5.6909321969569206e-06,4.103324343953841e-05,0.0220890981504939,0.034181368817386766,0.013536734230707264,0.057717994536284095,LCO,4,15
-198288.8290037259,2.134263537672558,0.014937503133423617,20322.600763224553,-0.38351828566481494,-1.116481714335185,-0.3167067241387622,0.3674372104725545,2.1753750981388004e-05,5.7081552083606896e-05,4.866174026494067e-05,6.536140253464007e-05,1.2707112378507967e-05,0.0513040368616422,6.87497708395377e-06,4.07306764448622e-05,0.024055837273888547,0.10797832466466659,0.08106173150134344,0.4242532196952278,LFP,4,26
-108001.42543675266,3.770022498632854,7.378154523096981,600.2125885217403,-0.9327512802128872,-0.5672487197871128,-0.26922011172501203,0.2526400067616613,2.1894676268899046e-05,8.122645069677912e-05,7.358910384139354e-05,4.942466167912084e-05,2.8183175202100926e-05,0.04992761629239038,7.616023432092649e-06,4.841675721083695e-05,0.021652312036821924,0.020769311505898495,0.5907775866418128,0.049232990127276735,LCO,4,1
-489244.4324361248,2.170614022567834,0.0032844099533124865,99723.36404843748,-0.25409811691895356,-1.2459018830810464,-0.67119456807915,0.25438289043396006,2.54398390650671e-05,5.605781740088997e-05,1.1808414439220634e-05,6.145618421168105e-05,2.028411654266879e-05,0.0836364194825428,5.597604881194914e-06,3.990472822218364e-05,0.022166349898817345,0.15917746082256623,0.08138409958612373,0.01824387151216,LCO,4,88
-311522.4299841688,2.402147503074319,0.007805422738784766,25696.23219738708,-0.40442271851240363,-1.0955772814875964,-0.33765761190471666,0.32435010792781477,2.619229425766648e-05,0.00013482598126111998,1.0661638965438118e-05,5.381105024523619e-05,1.855816183770786e-05,0.04276746343413014,1.2762707915914845e-05,4.9977072341295476e-05,0.02427994066382993,0.22790263900402472,0.24599181185206836,0.11844793723919031,LFP,4,39
-566364.4275904435,2.4627802053410757,0.0289260753682597,15457.389153106104,-0.38318160728483974,-1.1168183927151603,-0.17134855437777374,0.32346847831711506,1.7109913247535735e-05,8.173944593868666e-05,1.0528100783291822e-05,4.600108677607489e-05,2.9322724262054415e-05,0.08838844717619071,5.612251629894594e-06,1.0257646034986581e-05,0.023083444777877455,0.03337261045699344,0.23495912868466065,0.4903197064805722,LFP,4,14
-563885.807377016,2.1879739133884097,0.014858821730324042,17102.041049099753,-0.3501143416767327,-1.1498856583232673,-0.30094155610612117,0.23358802372742926,2.7741559652165544e-05,5.160718818868627e-05,1.004137268193158e-05,5.738113084236943e-05,2.971987600884248e-05,0.09929977815054773,3.2253314522518767e-07,2.5735902754568734e-05,0.021745284775470386,0.05160623634890822,0.22862367738341147,0.3488285301615591,LFP,4,16
-651151.2791779537,2.2501610388215014,0.021821297026647635,23081.154177999735,-0.39885030627979745,-1.1011496937202025,-0.17445663342601347,0.32429891335481503,1.7001482464484703e-05,8.221895209825866e-05,1.086689358326464e-05,4.59425203239959e-05,2.818192003776146e-05,0.09511373540073192,7.836829032417469e-06,3.923913765424172e-05,0.023269770314297795,0.05906175009904835,0.2062083684448718,0.49027324803006644,LFP,4,19
-138519.6716916301,2.9537831987526197,0.5671247184144749,1587.0512572613918,-0.7905112437241577,-0.7094887562758423,-0.19909444635068063,0.24098722529635788,2.9344943559204404e-05,0.00013935702913457363,1.0612647565431004e-05,6.289172030040918e-05,1.2159573258590811e-05,0.05966496339636683,1.9831179175966917e-05,9.920924872844417e-06,0.01867160431604096,0.1417920429677001,0.185269489146223,0.4038440215353963,LCO,4,3
-604924.9609381459,2.3075031021444388,0.003467940651046358,69109.3900703374,-0.30862177982938377,-1.1913782201706162,-0.21156586961248458,0.2347558735735809,2.5302062054084055e-05,7.712483781687996e-05,1.4071298813246646e-05,4.1052797294778436e-05,2.255784265865977e-05,0.08834545580203879,8.815911350210534e-06,3.168896968777408e-05,0.022598539509056978,0.07490205564879837,0.058264617290054416,0.5852674574486627,LFP,4,66
-25163.70389879823,2.18840939007209,0.004545820109726626,4342.508459855846,-0.3365253727595139,-1.1634746272404861,-0.7013960369990875,0.26520967357014086,2.4778211257700297e-05,5.3694947056923e-05,4.2801690109869965e-05,5.846698695272047e-05,2.777890567794594e-05,0.09913371916656438,8.651158915685633e-06,3.515928318019084e-05,0.004306689917199125,0.0605313945933394,0.1542790209291269,0.013793547478446272,LCO,4,84
-30805.04115482403,2.41564280818072,0.0018629972400058,6574.934893817816,-0.3389653876338006,-1.1610346123661994,-0.6491282562165943,0.20161247113248992,1.3587436292022774e-05,0.00021554052485478036,1.3175654881167395e-05,6.678703504726017e-05,2.4130084991616563e-05,0.0849967820774282,1.8514226451072025e-05,4.8050280564804566e-05,0.004930639221935027,0.22442659828583608,0.02428921080990831,0.032155934687661286,LCO,4,99
-14528.998098722595,2.7889656526268136,0.5283590441771182,199.61534161063773,-0.6089676291038053,-0.8910323708961947,-0.5129875701214794,0.43534577324386486,2.644709970633304e-05,0.00020836402908862775,7.3462004908765e-05,0.00013200376253359294,2.93055263345707e-05,0.05208244548493185,6.809942640404836e-06,4.1137262170412044e-05,0.0050778569728710315,0.051404929711568084,0.10619737869367196,0.2594101214732806,LFP,4,5
-94175.30423741594,2.1485177149011734,0.016486317542019104,4894.488872592914,-0.31718173523480786,-1.1828182647651921,-0.7686138457735354,0.20505540652511195,2.989555494016632e-05,5.854443269706882e-05,1.3326389741130762e-05,6.0622199764912935e-05,2.542566421659513e-05,0.05141532211888591,3.043780467761543e-06,3.8278719807231725e-05,0.013553289840052675,0.012744102174522749,0.13292888943618908,0.01571316261575275,LFP,4,19
-110661.69782809625,2.318878417691006,0.040622867787101405,9401.769472465663,-0.5739891012456919,-0.9260108987543081,-0.18776178858256853,0.4285376404266692,1.9034392146246327e-05,8.90418230274106e-05,9.13539906123531e-05,7.045744669448542e-05,1.2967903790918332e-05,0.041168586860018855,8.670586401367554e-06,4.742247468294792e-05,0.02493770038934102,0.5355118156229203,0.15025386446400577,0.05647253133050544,LFP,4,14
-220504.89426734447,2.214164049857081,0.0034759421801522816,32212.443496808806,-0.31954462475007084,-1.1804553752499292,-0.6936764016590057,0.2740879984135203,1.219200044081077e-05,6.35207727678627e-05,1.2569804548279104e-05,5.220685280560855e-05,1.438802756903086e-05,0.04590634028858584,6.35441449258293e-06,2.4965915279531012e-05,0.017843983617404628,0.0891765227683341,0.06585614390722458,0.08129093166543572,LFP,4,73
-303707.8417552385,3.124510135253869,0.2654303824748796,3899.3326542210293,-0.5338507346338783,-0.9661492653661217,-0.3148953704215326,0.2325016999287317,2.1465704639850865e-05,7.573608219185819e-05,6.912070139837817e-05,4.1044695480365886e-05,2.5629677028884772e-05,0.09434320605635689,6.660792944641435e-06,2.6952142567788235e-05,0.02317201179303713,0.01630754312766459,0.018279318584918765,0.580517767865884,LFP,4,3
-306532.0770910551,2.2043081851305013,0.0034398078668184087,51570.424218730106,-0.3023479710610726,-1.1976520289389274,-0.5181845016327655,0.3074391718467854,2.988640327398834e-05,8.583110066782996e-05,1.2005008097042298e-05,5.3744653704341864e-05,1.847290136317079e-05,0.040736009702625614,6.902178523594621e-06,4.3355823868958685e-05,0.02435693888721143,0.07217988292925386,0.175000135262018,0.1646354801759627,LFP,4,81
-403679.62103656086,2.1315848493521212,0.03608324148774823,13822.547180664262,-0.29952045644296277,-1.2004795435570372,-0.633902273017694,0.2544239115743626,2.945060886017768e-05,6.47529547356318e-05,1.159692304860785e-05,5.724278768951058e-05,2.4858840744396097e-05,0.07276300189959461,6.807347653146192e-06,4.040756094555267e-05,0.021262118691287423,0.03852840771836083,0.19659891706849272,0.06097040219545258,LFP,4,16
-476270.1049542556,2.3286595768721763,0.022812751292942194,26897.890975700124,-0.39814013610476806,-1.101859863895232,-0.40174442804400246,0.3953103288257437,2.6897305940098098e-05,0.00010747573397269859,1.5881057701009633e-05,4.1230895422146874e-05,2.99837013079135e-05,0.08548505820965269,4.7870876782398635e-06,3.7021187613575985e-05,0.022983256993827486,0.2878579903340292,0.08421009963866996,0.15618748198329846,LCO,4,23
-262143.26118703285,2.2370646070908666,0.029228111099394015,11945.183365715175,-0.2963769926161568,-1.2036230073838432,-0.18299370468077691,0.4301803545112157,2.4847452169330523e-05,8.945824703655511e-05,1.3364540179654407e-05,4.4904048472655755e-05,1.3377669627799127e-05,0.057877870652398564,1.0740144481821925e-06,4.9236916496885234e-05,0.023148129692006178,0.5399260969688678,0.15049144189799923,0.05658875645235607,LFP,4,16
-46223.03649076066,2.1937662101465367,0.002256075818164582,10277.357930104356,-0.26497691227779185,-1.2350230877222081,-0.424839653453177,0.21307671876980946,2.3453008742631897e-05,6.406972323291227e-05,1.46587945988721e-05,5.300243625040007e-05,1.9071013915991827e-05,0.0595484624676813,5.788065589462907e-06,4.1787502075567006e-05,0.008251634565206903,0.04788956087884614,0.14664122833931562,0.31062955732866127,LFP,4,99
-80804.10694318172,2.261432015060787,0.06336121852562245,3769.8736290868037,-0.5080016264360463,-0.9919983735639537,-0.41583934210155005,0.3668306946844469,1.9646942917498575e-05,8.171086985023706e-05,8.309683709475477e-05,0.00014144856321209135,2.9314573295780685e-05,0.04783344456995095,6.785865179612808e-06,4.26531151038658e-05,0.01863708757469048,0.04816377535406584,0.2081106600225195,0.25788622252186466,LFP,4,8
-263462.4722742148,2.250840886655465,0.003403123764350508,59577.91800675228,-0.330458079312951,-1.169541920687049,-0.7080941695900451,0.28912207912347454,1.2106439905269357e-05,6.794654041416229e-05,3.765003251898769e-05,5.201105629040496e-05,1.5210631312158595e-05,0.047703398844720746,8.334944619920113e-06,2.4901591208069545e-05,0.023486654021641525,0.047025273307279486,0.06338771743202427,0.11149283967065121,LFP,4,73
-589883.5579354868,2.1515213831167808,0.00541893985846632,55675.0738627367,-0.34180645732793735,-1.1581935426720626,-0.3914897781930401,0.3052899931317269,2.574457974845839e-05,4.410797030156779e-05,1.0292629723000855e-05,4.926143022710829e-05,1.6207269512654547e-05,0.08453618926996938,4.4101729051641304e-06,4.038250430387115e-05,0.02203688136201731,0.04214576916867303,0.0325944377632737,0.46377001487501324,LCO,4,56
-358079.90265590075,2.123148976437158,0.013634535022847442,33291.74798893902,-0.31004196745203316,-1.1899580325479668,-0.2777135507029983,0.2583058691375078,2.357914480416274e-05,6.796860750394455e-05,1.896394383645047e-05,0.00014852819021571667,2.890136229249444e-05,0.08617775572220396,1.8584552785500923e-05,4.4564339363685606e-05,0.024830876283770436,0.048456192473537836,0.015411360766718979,0.5884188960567449,LCO,4,24
-67992.09030680654,2.409861241513986,0.00549100805373023,15658.323776314293,-0.24269541950124918,-1.2573045804987508,-0.20023496875026947,0.22643130937679987,1.8298944712883714e-05,7.167141593456777e-05,6.191258682260468e-05,5.141869340740828e-05,2.6667687996345276e-05,0.04338645623371864,1.8993961726133e-05,1.3238742367266283e-06,0.016832051836832184,0.12847918185003668,0.5797409763784643,0.021544873021229576,LFP,4,51
-498185.51538123534,2.2721531275939366,0.0033718857274251377,91501.71228309834,-0.364467968823039,-1.135532031176961,-0.7337587489800604,0.2090868484387735,1.7807777495519776e-05,6.786216686173958e-05,4.690497518131896e-05,4.401120438133926e-05,2.2620932965985446e-05,0.09474132603315273,9.03989513103753e-06,3.1789444057152076e-05,0.022174709920127638,0.034249777856092824,0.05867080187044905,0.10332067129339775,LFP,4,66
-523840.34790856333,2.485916730552259,0.0032601164439055113,98360.9239497031,-0.3347866772279495,-1.1652133227720505,-0.7918442153440047,0.2543695744038673,1.8793124305250444e-05,0.00020303056772311465,1.0777702157274403e-05,6.158344996763654e-05,1.3460907473397608e-05,0.0773647914236215,5.558502547614486e-06,4.157063659731089e-05,0.022055095263464452,0.040993651360709815,0.03875784569326067,0.058404287602024804,LCO,4,79
-224177.10561318183,2.1892559638088294,0.0034144916303695816,58790.73380832714,-0.32335818238871106,-1.176641817611289,-0.4819193360052548,0.23335687244341918,2.4847876491777315e-05,4.2130952503795006e-05,6.04100913366074e-05,4.718938119430377e-05,1.2238904651248844e-05,0.051232921939457846,8.349242364838693e-07,3.970789846647438e-05,0.024074441209431377,0.1102919290382911,0.14038091877001255,0.1974078161864416,LFP,4,73
-241677.9066804677,2.3970012330306028,0.00274016747065966,88205.26701039178,-0.20003318418826233,-1.2999668158117377,-0.6555518012354116,0.5079700917033757,1.8268126531251773e-05,7.224781627266406e-05,3.232523653675352e-05,5.405509263851822e-05,2.6710710357663286e-05,0.08868318903963629,1.899955151230774e-05,8.676435293483372e-07,0.0226181176876873,0.04179634192926797,0.02929977116741748,0.20335208566790305,LFP,4,68
-616188.3689601041,2.5082546471537452,0.04523833286543273,20140.317867723854,-0.4289673918203114,-1.0710326081796886,-0.3777173995754799,0.32475440571891473,2.9077921831292465e-05,0.0001672184770108397,1.0234928575273296e-05,5.368241591917719e-05,1.607962603524837e-05,0.08450765867865613,6.652495147712176e-06,4.99619864615272e-05,0.024278837271774763,0.23744014391392132,0.19595855338631366,0.11888390312428523,LFP,4,15
-566132.0607510763,2.2997122940548205,0.029017499168592125,15900.34016063167,-0.3503237552726368,-1.1496762447273632,-0.4012985531226475,0.22195926151541095,2.972325822091773e-05,8.541071867513776e-05,2.6943663063863638e-05,4.941274624336268e-05,2.5046622017321768e-05,0.08519093262124756,1.2973731364684878e-05,4.99880838595198e-05,0.023812628817000164,0.07853221611400286,0.08197053837495785,0.3681986923883918,LCO,4,13
-421258.9795813832,2.92523764463539,1.635596566544676,4260.331710003273,-0.7597898088105985,-0.7402101911894015,-0.11854765601807471,0.35901960089435825,1.6884891395189585e-05,0.00017152921094265475,1.0612549318611463e-05,4.3350740814251337e-05,2.6036849156144888e-05,0.09664763076805183,1.7465059854913868e-06,3.897600791496101e-05,0.024426636386051928,0.06946279117308854,0.19922416701416654,0.5427653857946703,LFP,4,3
-4569.072490783457,2.1513789123286893,0.0032017723744567446,1431.8465282478282,-0.2609924904116614,-1.2390075095883386,-0.06494228943570846,0.25525323995560956,1.6878942410676684e-05,5.341300197766065e-05,7.782619977122872e-05,0.0001493500475654327,2.0657143350169597e-05,0.0445900950894729,6.793521425918004e-06,1.8676926981714945e-05,0.004033598702604116,0.2462407683696162,0.09649284945453453,0.5223240927401409,LCO,4,78
-643081.3524917396,2.240181640795377,0.0039014819375228246,86184.27398228718,-0.32673923332149535,-1.1732607666785047,-0.4968381591185389,0.2623152737542207,2.5308829236780413e-05,7.473227441536e-05,1.4131378091895488e-05,5.025069422021744e-05,2.3086430422149015e-05,0.09008124189473646,1.2841123467187738e-05,3.1424175903918204e-05,0.02480828899269962,0.060734751548301096,0.25423689474753763,0.11819019458562241,LFP,4,60
-501997.4068467234,2.096798634227865,0.04205324756353071,15073.328181717126,-0.3033436081493619,-1.196656391850638,-0.5094099324935755,0.32531869943924024,2.5406203835553102e-05,5.208926681240452e-05,1.0199937306169507e-05,5.3267082554946864e-05,1.4102346651933993e-05,0.0848880128421108,5.129081685070713e-06,4.59624496438337e-05,0.02214882489794636,0.12237695977895487,0.2501309853628697,0.048082122364599966,LFP,4,14
-190928.29305085907,2.173250725803309,0.050621892793975824,4854.689939347445,-0.4891611705177237,-1.0108388294822763,-0.19765862088798403,0.36788591467128184,2.3452866121609026e-05,5.20018379379377e-05,4.679738511270072e-05,6.55973425445758e-05,1.2621387660399275e-05,0.047991859211633014,6.860548704397027e-06,4.0746340002486864e-05,0.024116220130960694,0.10812082091587309,0.0485044058601659,0.5757161523359771,LFP,4,7
-533997.9617969405,2.2073873544991764,0.0023447616274892705,115118.01207113867,-0.28011837513232685,-1.2198816248676732,-0.10948672464046572,0.2242029509884236,1.4158837431501325e-05,7.804492436672487e-05,2.4015871232447856e-05,6.574602917167391e-05,2.212135536897563e-05,0.08505648997000304,1.3364083980061687e-06,4.8214098600068475e-05,0.02358369264591615,0.23446129738086488,0.20842329872855855,0.37762867925011095,LFP,4,100
-188163.53043743267,2.8210270263182573,0.3885400866915111,2821.3425566210576,-0.44216953946997783,-1.0578304605300222,-0.6322265596158636,0.3398578658483564,2.1275791431520582e-05,7.564487752331542e-05,1.1366040166152301e-05,5.3984564744379276e-05,2.5820509411234468e-05,0.06396502563033304,6.545457311330464e-06,2.605670862398688e-05,0.023120127094268136,0.07227461906796206,0.07612768970632106,0.1493711316098533,LFP,4,3
-731192.4002188311,2.316334397739038,0.007954806621233036,59285.48329542442,-0.34628127021347055,-1.1537187297865295,-0.2429451550774745,0.31466894870392004,2.1186636876927623e-05,0.00010579040230982856,1.91831355999743e-05,5.651138570834285e-05,1.2654381807469605e-05,0.09959908027028523,2.9677771395101243e-06,4.7428150890100166e-05,0.024959023772529964,0.058779420836426816,0.5604406767929137,0.06783474729318505,LCO,4,37
-272741.83410990064,2.4398571221258467,0.005460965649672461,36522.8005019425,-0.31774235014911234,-1.1822576498508877,-0.6132089295361899,0.22905290054164365,1.2070354770461123e-05,0.00022478372682236577,4.4114345378644316e-05,6.719347724328823e-05,1.5057837003825853e-05,0.04267931626188926,1.888719419536664e-06,4.896050380532827e-05,0.02229037047543351,0.018384099580589085,0.011007142107728667,0.2873998287754924,LFP,4,54
-261420.90122180548,2.39913880086384,0.04997021420976094,4997.007399435121,-0.3744070112330231,-1.1255929887669769,-0.1290582171909992,0.23157889409401017,1.2964302898954736e-05,0.00016284081843940076,1.1295176711837715e-05,6.518679366020484e-05,2.89706103804514e-05,0.042657479550678536,7.697577253530579e-06,4.8700899169049274e-05,0.02239851287064044,0.27229588698732893,0.022898496295947667,0.5057473995257243,LCO,4,9
-101194.62876297152,2.2263878719722525,0.0031899110793819872,35702.9751462697,-0.31836721465241524,-1.1816327853475848,-0.09394957345201926,0.21410291715533136,1.556422242737663e-05,8.558253129762519e-05,9.697358597756029e-05,7.450662973344353e-05,1.403847708257357e-05,0.05095299414108038,3.3153354296152516e-07,4.104559318077379e-05,0.01938581037753332,0.3915617190037304,0.2454769829170331,0.19901172462721728,LFP,4,73
-126624.88950873206,2.2044835225901873,0.004678943411258075,26611.992255918994,-0.31274667731001315,-1.1872533226899868,-0.25276046134253827,0.27289317640095523,1.2991380624297952e-05,6.392739873810528e-05,8.108635014842907e-05,5.5872007738833686e-05,2.8336873866307178e-05,0.05087876802442333,1.7965967699165332e-06,4.5863121778657936e-05,0.018721232057500876,0.1322197578493228,0.4782338682142815,0.06678591259385742,LFP,4,57
-155644.0856625251,2.354086208912269,0.01452145763917884,11927.865635417245,-0.29944338078656685,-1.2005566192134332,-0.1381546084382974,0.3286051816761144,1.5088162669963427e-05,0.00013954617889708998,1.0935739397294168e-05,5.240708308927426e-05,2.9446111747345293e-05,0.04013524946411198,4.022369974081445e-07,4.339778704842778e-05,0.018572814563991763,0.37266632011191037,0.20954171037283853,0.20963736107695377,LFP,4,35
-190645.25608938755,2.3727881833732565,0.0046442509861298,28656.815338472927,-0.24832185373703553,-1.2516781462629645,-0.6325567211979439,0.2430803689283014,2.4446619763142888e-05,0.00010464361894250895,1.1779160289825743e-05,6.222490092732656e-05,1.581022382776802e-05,0.08352172487448774,1.7728814749345353e-05,3.722779176594331e-05,0.014043452786026818,0.05440201080652532,0.19335205079303952,0.04968921720249135,LFP,4,60
-50385.70529918766,2.5752238780162546,0.15481365696392882,655.1137427504351,-0.5559087182029145,-0.9440912817970855,-0.4366260888716409,0.2523020079236392,2.2832376264484018e-05,0.00011684344993298626,8.950503408990498e-05,4.65124209359336e-05,1.7625933358019228e-05,0.04194353608968117,1.9008599647063634e-05,4.4061778364290024e-05,0.011639268931471762,0.28278685311255763,0.017905986149213883,0.1926810718665876,LCO,4,4
-228158.39198601362,2.468058325182855,0.019826251600776803,15115.497144480296,-0.3812525766736208,-1.1187474233263792,-0.4631751735166721,0.200516957820794,2.199689070521189e-05,0.00013809592204438117,8.30508515210311e-05,4.0499778933402e-05,2.642206246744681e-05,0.04654984511852142,2.712886240369975e-06,3.840545018055361e-05,0.023667874630152665,0.31756752417317635,0.13326209576880904,0.01599520654134255,LCO,4,20
-276226.3369803761,2.120859257724805,0.0028513636547654935,130985.90836615692,-0.25716825923628583,-1.2428317407637142,-0.6989065882474184,0.27938826732616173,2.3713647294252213e-05,5.265403923287744e-05,9.861985868339616e-05,0.00010151490460331453,1.369160582043773e-05,0.08816205536116667,1.0949702053275698e-06,3.0190300085579853e-05,0.02201348754413035,0.042366573829677026,0.13327319168547275,0.0554536462374319,LFP,4,98
-85698.31471536386,2.3851522032026673,0.22035082794440816,1511.5903064835425,-0.18746453515717576,-1.3125354648428242,-0.7305844986153769,0.20564869887162984,2.9878083661065076e-05,5.874879541762847e-05,2.585770681334991e-05,5.4203098690742335e-05,2.7835830145878194e-05,0.0514058857994573,2.1245805766006207e-06,3.8936696580678164e-05,0.013460715343755827,0.012768973306828357,0.16380585973875303,0.02284066833904178,LFP,4,6
-372847.8424049475,2.601279649101384,0.007527262061091866,27884.101532023324,-0.43887661628438046,-1.0611233837156195,-0.2105606526958954,0.2204665368052765,2.1423512911259317e-05,0.0001713032966099208,2.6483564242478326e-05,5.6430621094142907e-05,1.2649689390881565e-05,0.047175781666851144,4.112717258172077e-06,1.9712337303955468e-05,0.024939726779397584,0.06110947685285559,0.5842707745514637,0.07405909589978533,LCO,4,36
-17266.33604777105,2.2065939388253533,0.012382713243796018,1429.1781882216872,-0.2540356392723506,-1.2459643607276494,-0.4843106864443939,0.23297000120214859,2.616892243227535e-05,0.00011726249703029403,3.453832843522567e-05,0.00012635282108500743,1.689776827658994e-05,0.04400943368278812,1.4820730620528532e-06,3.81399526379732e-05,0.00669803833776065,0.015983214290552657,0.03323888473469554,0.39646721453035794,LFP,4,25
-232112.19881052934,2.160195809913332,0.007384917896147397,55417.55615965287,-0.3007933537626464,-1.1992066462373536,-0.1121781201176002,0.6222250273211872,2.9751378540885344e-05,0.00013987532910993855,1.8723899057965496e-05,0.00013451987365496965,2.4406264174003737e-05,0.048847477117477285,4.491432813351247e-06,4.646922965929009e-05,0.02329303772115116,0.2720703009411627,0.18450597517624223,0.3612456037649949,LFP,4,85
-410606.12681974785,2.6976913896534693,0.012473293562524917,23062.6453906903,-0.3542849953535949,-1.145715004646405,-0.24080641331625463,0.2289685703890924,2.1432692045785587e-05,0.0002282300110229483,2.663997694257922e-05,5.6377797788071566e-05,1.264229317654358e-05,0.05716667446472349,2.9543505501537666e-06,1.9535098771463768e-05,0.024874021179482564,0.06114992051341745,0.5511094131168806,0.0769342530534474,LCO,4,24
-122115.7118400523,3.1339238198138037,0.9923888355123938,1314.1803018338148,-0.9302837954297196,-0.5697162045702804,-0.265303414804162,0.23101919498660825,1.2752153571900633e-05,0.00022738703071137272,1.7872368687797456e-05,6.726599882711672e-05,1.571950154373115e-05,0.0476649026275002,5.673446237344583e-06,2.0940934634298664e-06,0.022284444446014906,0.021245211354795485,0.07673059860007675,0.5667207752409659,LFP,4,2
-160248.30623325566,2.1681984119676834,0.03748391045620539,5418.481682560528,-0.196500108014936,-1.303499891985064,-0.826849606759727,0.21150628946691472,2.8719469008991916e-05,4.9708185552397746e-05,3.269082433492464e-05,7.096382562417002e-05,2.6095472309404017e-05,0.04138718357317239,7.5128851201339565e-06,4.843517926483987e-05,0.022485790833757256,0.013000009650199013,0.034504497619147714,0.055645885970926345,LCO,4,9
-112356.93822095997,2.5444045538404585,0.006058356885093082,12470.570595403313,-0.3940920990066221,-1.1059079009933779,-0.7555813782257201,0.3307165353233036,2.868434306199055e-05,0.00016946306757240317,1.2479308678181513e-05,4.048124931837298e-05,2.656579074090639e-05,0.040457404595609654,3.0218078171050354e-06,3.827994377807877e-05,0.013543096331379591,0.030875257557482032,0.13329930079977195,0.010244063417026005,LCO,4,56
-307662.48002060765,2.1773780255458353,0.0026791324668326015,63375.41739725912,-0.27547148896586826,-1.2245285110341317,-0.3995942145392136,0.2172766285398406,2.9841086103148694e-05,0.00011453085671614954,1.9497047398113774e-05,0.00011047217296429857,2.2320473653723586e-05,0.04878895675364352,6.266063143435221e-06,4.7649069343876396e-05,0.023788235156442235,0.03711321631729737,0.19143579307227793,0.3018567760712112,LFP,4,85
-579840.6114171279,2.3004918807916326,0.010205252415871332,29119.317109639294,-0.36963535529288905,-1.130364644707111,-0.266700821291156,0.25332879780145745,1.290562039875602e-05,8.029001261653776e-05,1.9023767737435424e-05,6.401873867947269e-05,2.7722739693387837e-05,0.09906569906960241,1.6053571339437038e-05,4.831891582588548e-05,0.021879984427824913,0.01363543186003092,0.17981465661279922,0.46984909023601384,LCO,4,24
-11558.231225933976,2.518395154148823,0.02997767201435697,374.0461769864235,-0.24167987088130438,-1.2583201291186956,-0.4160789408891117,0.2878304388832315,1.493315460074002e-05,0.00014031225196047011,1.0884936321420712e-05,5.20225606486268e-05,1.9254752957846327e-05,0.04060958094846759,3.931894817471693e-06,3.6498313310099885e-05,0.004023461461009567,0.13478221187846423,0.16739788221403795,0.21174096501838618,LCO,4,20
-65821.75790788105,2.243143274899492,0.009805940070720564,8481.792106589828,-0.31895577999359226,-1.1810442200064077,-0.2633736777057587,0.7852048452986715,2.2827451602171386e-05,6.514647601529407e-05,2.205682914003273e-05,4.0305985283836033e-05,1.2615206565116586e-05,0.09669772058857248,1.1989845863953689e-05,3.8927808311770655e-05,0.006997984007239454,0.01532442822972677,0.5753666084255508,0.07593528563896382,LFP,4,73
-193377.7462149643,2.5874065078846176,0.007339629735285093,16565.05865904613,-0.34500078666826006,-1.15499921333174,-0.2542196812380434,0.2321513142748963,2.1431795724458484e-05,0.00017262693996882944,3.089418260216132e-05,5.4195567870663984e-05,1.2699257310115533e-05,0.048527908688927805,1.9773081843224724e-06,3.810308388299052e-05,0.018764174897172074,0.06583255306180813,0.5918182081687925,0.018129557531356016,LCO,4,36
-292667.58678937925,2.2407519931189004,0.013452945472531234,26517.23007168091,-0.3096997237802128,-1.1903002762197872,-0.5287078196948092,0.32960813853998644,1.4676136475775362e-05,7.123396118765897e-05,4.516004640074202e-05,5.203558085073882e-05,2.5927303195944782e-05,0.07606603120373424,4.5931784548798e-06,3.856389197036845e-05,0.019087544719773114,0.1326926570026914,0.21026901905098955,0.05833050425150997,LFP,4,34
-29163.67780315709,2.273907880683782,0.0021709182765465183,5228.318287759503,-0.31221479112133466,-1.1877852088786653,-0.11539374679990011,0.20059142377421446,2.0315630893378875e-05,6.557260926125485e-05,1.121276254432489e-05,4.365451069926244e-05,1.8626231142608384e-05,0.07907532919358874,1.0348066323805678e-05,4.864971078183055e-05,0.005424366359805977,0.06207159738401356,0.24556850025381283,0.5069661555622735,LCO,4,98
-9670.757749996552,2.1808590398467014,0.022006214730471842,841.1073674906258,-0.27302714606943823,-1.2269728539305618,-0.3287744683236603,0.20130862272873423,2.6143847145125574e-05,0.00014667878609225473,3.514306297106997e-05,0.00012619477416184237,1.2814046109751232e-05,0.043855145190414786,1.318332622721543e-06,4.766232675227398e-05,0.005208913267256055,0.277269185327534,0.15978953091930503,0.16416681542950068,LCO,4,25
-232802.24220533794,2.1854573906524832,0.009365181597065703,19490.379798341066,-0.30852063606093694,-1.191479363939063,-0.045964194751465626,0.2719567209740579,2.1902562599220355e-05,0.00013991386111097498,1.792729241483109e-05,0.00013063194817662232,2.4389379440492823e-05,0.04979602117921801,6.30636567952463e-06,4.616567952659623e-05,0.024392029303136466,0.2525304645557992,0.21348485719867272,0.4180204834940625,LFP,4,27
-42992.35488143636,2.4627841655942957,0.0052347507682044105,8512.213212506154,-0.2976358261409562,-1.2023641738590438,-0.4495951618830305,0.41283865392241725,2.9896013543925594e-05,0.0001732660469690313,1.943798635829319e-05,5.0748254929479134e-05,2.4390254905592167e-05,0.047656615967111446,1.0181149315539186e-06,3.8888150227448934e-05,0.009089995910467934,0.2761469939031749,0.18672584424255326,0.01753199997124147,LFP,4,79
-141169.83003303534,2.1443565025230167,0.0053578682649853375,36697.037480162486,-0.3175883089152425,-1.1824116910847575,-0.7598679089824995,0.45018201747926,2.234970191477203e-05,7.27522752086517e-05,1.0052152273027559e-05,8.010777063518148e-05,2.8005504843440114e-05,0.0617071486447084,7.886873026579565e-06,4.728477621669884e-05,0.0156102560629694,0.026526517771114286,0.11000503862460241,0.033600534621783903,LFP,4,84
-143788.7157494474,2.595616905465816,0.0034131915460795374,25713.760156974993,-0.3783835674115803,-1.1216164325884197,-0.733525484759866,0.26205351768327506,2.8845832289718704e-05,0.00022370433711758778,1.251821236196343e-05,4.343345943799247e-05,2.5886818752818804e-05,0.08053445739752058,5.226435029569599e-06,3.821661191640192e-05,0.011922303777537224,0.025875783515317618,0.07657604369752306,0.09402268802729338,LCO,4,73
-102326.52104157755,2.987324038328041,2.7095214622809034,1219.4997844328936,-0.49118423987207294,-1.008815760127927,-0.6628923237722992,0.33074561552478704,1.4964914521501409e-05,0.00016960872288386572,1.0880157923641587e-05,4.0216788129076245e-05,1.92529570900259e-05,0.040391242599499076,3.945764661192467e-06,3.569991538929261e-05,0.01792201862820443,0.13564864955737937,0.11711917234948287,0.014339854320838615,LCO,4,3
-163180.6793359393,2.306394091451386,0.05791341915972851,7226.779855410653,-0.33826513900266697,-1.161734860997333,-0.24223954345795373,1.0460796824752463,2.348264886845332e-05,6.030521181323303e-05,2.6563545367682105e-05,4.594843583588836e-05,1.2649933251231467e-05,0.054598728673309074,1.5210412042379104e-05,1.9460354183707835e-05,0.016868765005900267,0.023411936628961443,0.5883982699087347,0.0759502500043502,LCO,4,19
-21206.388719401602,2.6524654401891294,0.45058503116329435,456.68861541107333,-0.7116972716199008,-0.7883027283800992,-0.44680770587838226,0.23038428836011662,2.640323332796388e-05,0.0002153122734467855,3.229715710593333e-05,0.00013790224469116817,2.8790776997425693e-05,0.054756913836225586,7.980753725199768e-06,3.967063726883453e-05,0.008503036899879936,0.016234475765534377,0.10822011858709005,0.35873769976899333,LFP,4,4
-201744.44300080586,2.343791385477564,0.03390825785082184,12865.700801785411,-0.4256467570148228,-1.0743532429851772,-0.4745468224433032,0.32291863511540375,1.492109393336848e-05,8.534451380712708e-05,9.771752142256456e-05,5.116886392260897e-05,1.2399964940313594e-05,0.04032360632390041,3.156960357077603e-07,4.3468732460337545e-05,0.023738789378923257,0.12614636165687487,0.13052591013941137,0.19878090576041058,LCO,4,19
-443437.04659300495,2.164469251992283,0.008561384048967256,40308.504892685785,-0.3026816375379209,-1.1973183624620791,-0.6146628252342405,0.3366493392458155,2.0468429923120804e-05,5.430314830154505e-05,1.213433164305537e-05,6.504098914995164e-05,2.230587955564764e-05,0.08051251073891992,1.1482435067298628e-06,3.606954750574354e-05,0.020123495541972673,0.013004954570519159,0.09072081576237491,0.2116114044328655,LCO,4,45
-17350.108523040664,2.5952401409798234,0.008674905470732411,1209.0732649212916,-0.36847158548496317,-1.1315284145150368,-0.27092901718389883,0.214502679248449,2.6793845030133072e-05,0.0001736362411065096,9.0196097339872e-05,5.841465607788138e-05,1.2637941436245007e-05,0.07626557171597316,1.2734168231002813e-05,1.8786704804084913e-05,0.004014368571102963,0.01696640932095586,0.5879949278423713,0.05410964565277404,LCO,4,36
-222293.76319490792,2.2809956567186527,0.00467055345195016,39771.72546162609,-0.2822850879649135,-1.2177149120350865,-0.4173769266570716,0.2919469315281773,2.9880983113792108e-05,8.693007637595367e-05,3.625752730847814e-05,5.161673454404995e-05,1.2643455641313558e-05,0.04879064645592991,1.91191799709348e-06,4.778393515963277e-05,0.0187552020321773,0.0781664580529636,0.42101354757943754,0.013443067710527223,LCO,4,87
-209738.28452795447,2.295107091994123,0.012914104567301875,19237.464235216597,-0.33715421799524314,-1.1628457820047569,-0.2685010038249249,0.36783656585843943,2.178852498560647e-05,8.224490113481174e-05,5.294612497311807e-05,6.608190232239029e-05,2.819389783990552e-05,0.04918794789334939,6.861626473171967e-06,3.7780115636415625e-05,0.023039331690576634,0.05870966386707342,0.20634943515524118,0.3964398971527605,LFP,4,29
-77513.82741682214,2.3899599451262623,2.145518250585532,799.972583126991,-0.3730487724728526,-1.1269512275271474,-0.7495250453101924,0.24009781694842114,2.954253129547818e-05,5.7773538696142094e-05,1.2105780675719314e-05,6.0864404253511286e-05,2.7081143555185734e-05,0.04041833029950101,3.011822495593609e-06,3.827997565657978e-05,0.013553354818004147,0.03173714136043126,0.13292246419016418,0.0158153491392122,LFP,4,4
-264492.5520629706,2.5904917368263263,0.020320750681008255,13536.106618880805,-0.2724203348579124,-1.2275796651420876,-0.12334887506638215,0.2474658961576061,1.8230387842276212e-05,0.00017820122990375316,1.1286169241487873e-05,5.057349136872611e-05,2.8864801205549795e-05,0.040494460260019585,2.3118233398588e-06,4.036555991404961e-05,0.022445983376379437,0.270460711294156,0.021803850598932834,0.5143865630405291,LCO,4,26
-5026.442151569421,2.2089787991595906,0.01636268194177645,489.5718426491093,-0.10322878793910206,-1.396771212060898,-0.26493640211789715,0.2323898222723962,1.2431351761834074e-05,5.0036821378997e-05,6.902551534771736e-05,6.874246164381827e-05,2.7830150290243767e-05,0.043927972640293224,1.349518587598211e-05,4.9918990470875916e-05,0.0040345011998686705,0.3098490664941557,0.0897056725194616,0.26550885886848563,LCO,4,26
-4425.026373673148,2.120638729986398,0.0175207952904196,454.5253532872602,-0.299877378584009,-1.200122621415991,-0.4048745422651242,0.21101176271155442,2.9880694854998517e-05,5.298932035190609e-05,2.8555306060210975e-05,0.00011998241436735222,2.8746203531999027e-05,0.045481276450789324,5.091311683569334e-06,3.1944881974686465e-05,0.004003460334028403,0.08502220337126315,0.4246899190419924,0.01541333532162041,LCO,4,24
-619082.9160760472,2.273859302176744,0.012292839655767648,31885.069749052902,-0.33057252524412206,-1.169427474755878,-0.4134134952893185,0.33490919444257045,1.312017911273342e-05,8.147123968110822e-05,1.886881725099705e-05,6.300454053407823e-05,2.77554447920418e-05,0.09906570357686302,1.6048319044579024e-05,4.765366751489598e-05,0.022286687374513985,0.018256969647746053,0.046047010388360635,0.45228252467457486,LCO,4,24
-636502.3746140695,2.1009744961219736,0.02736617891147308,43906.636982282376,-0.32943465408484407,-1.170565345915156,-0.6876503278368415,0.2723594690119642,1.826307655612468e-05,4.045141293448567e-05,1.6000934926512282e-05,6.525200424523455e-05,1.757125226283879e-05,0.09663979019486098,1.315560093765194e-05,4.5176833707632515e-05,0.023390979879458575,0.053626241837248706,0.010366607975371167,0.1783568223505386,LCO,4,29
-5201.62537961678,2.3707180883382524,-0.00031936207607356835,2001.7394154171936,-0.08852127465543447,-1.4114787253445655,-0.3375240913118581,0.2095641289140009,1.2006738114123523e-05,5.267502763239342e-05,6.304331425013543e-05,0.00013089320573032658,2.3381026024372363e-05,0.04437294219282705,1.355325698564792e-05,5.357018868376286e-07,0.004029862876697686,0.21020472122499292,0.11604101531879553,0.26623017214435346,LCO,4,99
-614971.9344027935,2.4384960484103777,0.019074164137114893,25972.611720165947,-0.4240899204272637,-1.0759100795727363,-0.34783414813019,0.32343128275821886,1.5474284231927655e-05,8.74701323035352e-05,1.882746865473394e-05,6.325978243722186e-05,1.6013597192751238e-05,0.0967709732342674,1.7563782730394197e-05,1.7916831977629113e-05,0.02209107989554343,0.20479139543763614,0.010517510355070241,0.36685694607710373,LCO,4,20
-4625.259733224396,2.0797977224680806,0.002858732266625482,1936.2966313247534,-0.2854233517281841,-1.2145766482718159,-0.619935674940705,0.2067976427140138,2.4404316450274173e-05,5.301192403320675e-05,6.435758216571693e-05,0.0001418496310211536,1.647436884518086e-05,0.04707117501570264,2.505122608481239e-06,3.213430820091999e-05,0.00403838468215517,0.18991191070740965,0.10711215419238919,0.013040260159496157,LCO,4,83
-651894.2888324645,2.1993707884930354,0.029023613362289726,27570.96786150761,-0.34336516761793767,-1.1566348323820623,-0.3249861713830836,0.4751930814530958,1.997216709892587e-05,6.547743678632504e-05,1.091918231822959e-05,5.9301120188572264e-05,2.5554597811036594e-05,0.09860859640285817,1.7185196511826918e-05,4.9718950786130756e-05,0.024274335334708855,0.09610009689305432,0.010858868020201265,0.49805486370366087,LCO,4,19
-5208.8499532814385,2.097510479867174,0.0023479984360733753,1609.4596599317613,-0.19983686313726956,-1.3001631368627304,-0.19031903522164784,0.23236571985062396,1.2255617720198662e-05,4.998243271820518e-05,6.909262539005094e-05,8.016239933669312e-05,2.7313684366088543e-05,0.04350764956302557,1.349020454659105e-05,3.9772419212329805e-05,0.004035868212282389,0.31000864910673964,0.08890700032510952,0.340765315346503,LCO,4,88
-5094.000590435228,2.147899937533178,0.0029920584955455327,1517.756997533489,-0.29988741715709466,-1.2001125828429053,-0.23241036845945062,0.2555123985097335,1.2019206289968236e-05,5.433967343520211e-05,5.244265449846461e-05,0.00014211973943868542,2.0591152440453134e-05,0.04399396510656355,6.7525937392264625e-06,1.8654027624036808e-05,0.004033570888006154,0.22803410293818846,0.09636514682768713,0.3731903817746739,LCO,4,78
-5052.453184020056,2.100447082457219,0.0181528660647589,454.8440001853593,-0.2760183309957789,-1.2239816690042211,-0.11109130538041023,0.3154230253764523,2.6601181470460266e-05,5.282566582519803e-05,8.311076689374983e-05,0.0001267853769055013,1.208078958560762e-05,0.043035370859993385,7.148424726659181e-07,4.439810321370443e-05,0.004007282024658668,0.23160781721837287,0.5735169404553754,0.013783936945841579,LCO,4,26
-5176.463376630449,2.0606884816051667,0.004070562990999681,1155.0558420566988,-0.24996760396085094,-1.250032396039149,-0.019273014857777326,0.23993570546899168,1.7735049850369284e-05,5.5633256013254454e-05,6.360753069823083e-05,0.00012423510672897865,1.4179568648137176e-05,0.043460281477958225,4.779236370384678e-07,3.558698033252997e-05,0.004032709238452833,0.3298936304388609,0.5683398687727819,0.012493485930579938,LCO,4,66
-5107.577796011987,2.132953936182025,0.016859537507238353,491.7585647413109,-0.19476829798877837,-1.3052317020112216,-0.21928776428266616,0.21104166770998564,1.9342224887806984e-05,5.363369142735648e-05,3.872178483080734e-05,0.00013194873659210237,1.3120685972324973e-05,0.04840951307938278,1.6797423876641377e-06,3.478739059799082e-05,0.004008031074983367,0.07946476264678633,0.5779081395530616,0.05333933351748592,LCO,4,24
-642959.8179570745,2.2537400928206597,0.010861952148779606,34510.75644132813,-0.32158447378463073,-1.1784155262153693,-0.7002665305893184,0.2643441031998507,1.3686274453434826e-05,8.571527233647751e-05,1.8954056889835455e-05,5.170787886557373e-05,2.6278652993440524e-05,0.09906644530111866,1.6036150128513987e-05,4.5060799825110276e-05,0.022135809331446946,0.02284379795050701,0.02608044389105746,0.18080922756911716,LCO,4,24
-4846.925519441723,2.068298412852182,0.00756952344076576,853.6465816695317,-0.2833283931718764,-1.2166716068281236,-0.08923694478011834,0.23944281836528492,2.7844479867205623e-05,5.365546922223341e-05,9.201311358418893e-05,0.00011622550483723112,1.9884127208488414e-05,0.042196456946932644,2.59802844251832e-06,4.5200618430543335e-05,0.004007257689486684,0.2561892288101728,0.5735436913015199,0.011030135108188925,LCO,4,51
-649590.2615228929,2.291054464085734,0.012498469772641036,28990.39503502437,-0.3464879655364399,-1.15351203446356,-0.20029288578779514,0.33965347338276797,1.337353397788693e-05,8.137442986387554e-05,1.8746735093890648e-05,5.2126016075257996e-05,2.725030809910808e-05,0.09906736177428588,1.6006780481101476e-05,2.7617105134846656e-05,0.022259263815675785,0.018432581001868887,0.5379680986426698,0.17330643456766626,LCO,4,24
-640743.8024549787,2.2537400928206597,0.014484984087867043,33323.20725864912,-0.32158447378463073,-1.1784155262153693,-0.5746438975267764,0.3761316294553676,1.3353525302934971e-05,8.56750083454246e-05,1.899521745582264e-05,5.2364214123290607e-05,2.7720393042652304e-05,0.09906433987642346,1.6829145239895293e-05,4.4045571300347845e-05,0.02224614597373666,0.018258658655962306,0.14897730156644468,0.1881201422508167,LCO,4,24
-5122.842964344047,2.0690582872718597,0.006265244290875265,854.6290933383352,-0.2636235651465597,-1.2363764348534403,-0.08044007088636984,0.23981455946819927,2.388065359386495e-05,5.3673085370656256e-05,2.709286601517503e-05,0.00011476566571893387,1.627484180891194e-05,0.04253734693171922,9.199903187801646e-06,3.6737806087895026e-05,0.004044519703863794,0.2562348281276584,0.5692179627168996,0.024107138269072164,LCO,4,51
-30971.794952100154,2.1706074109651343,0.02026133370266142,1786.9542490816248,-0.34136510498630024,-1.1586348950136998,-0.6448810997078999,0.373306419613394,1.5037794391696767e-05,9.234899643125016e-05,2.1630980746482366e-05,0.0001445334025172554,2.9650830459384754e-05,0.08621197302521719,8.17189406568558e-06,4.263941940469359e-05,0.0058221947148747785,0.06199392690903778,0.15150603785607464,0.07161893552698778,LCO,4,20
-5075.682577670557,2.2655755146525784,0.0057025022021656565,735.7968207155229,-0.22008557377104765,-1.2799144262289524,-0.2729336195648435,0.20274223214568463,1.6363198117806634e-05,5.36351948380541e-05,1.3953468146016839e-05,0.00014866121256545275,2.3197796590820618e-05,0.04218753572674324,9.382155343592362e-06,7.73375005001999e-06,0.004008707927274252,0.19921150828322906,0.43965133698110237,0.01820353517082507,LCO,4,41
-564939.6783572873,2.2826620784432734,0.042851730784072874,19508.966197694397,-0.3775032978026509,-1.122496702197349,-0.36449794773861444,0.4823581617526894,1.801719277875211e-05,7.68207115210066e-05,1.621342737752659e-05,6.52576394926726e-05,2.9112094450124796e-05,0.09868585683235936,1.3034709790603728e-05,4.824260429640177e-05,0.023386591034398146,0.034762345763689126,0.02831760141564047,0.502422105082056,LCO,4,14
-405913.95805515547,2.269096043012283,0.0025920301607385496,161989.37868299434,-0.28493628909874325,-1.2150637109012568,-0.6555958382282261,0.22735004885316215,1.218848117333714e-05,8.891067451816927e-05,1.9180449453951026e-05,0.0001288010307483705,1.4307892978846138e-05,0.09468758103037811,1.841975885796821e-06,1.9178358901925582e-05,0.024355361949563774,0.09245446145938122,0.11419733145060823,0.06775236886178453,LFP,4,91
-4943.6052522637365,2.0699612725248104,0.002864803812863181,1576.703140579409,-0.23334130018623434,-1.2666586998137657,-0.3170577947602218,0.21012344283756806,1.6491021243055544e-05,4.928296731375723e-05,6.46003249160627e-05,0.00010397300526937417,1.5410278846563966e-05,0.041167652225390455,4.626851277649884e-06,4.329031353386302e-05,0.00404088511404475,0.1727019090284204,0.418145965753594,0.022094330457763885,LCO,4,85
-739553.435586177,2.1829715942505348,0.023114005979764953,33052.01305733288,-0.24436628389167403,-1.255633716108326,-0.5416371716069347,0.3673847215413947,1.3728793597992956e-05,5.3003356775942916e-05,1.269650096810041e-05,5.1933554592781705e-05,1.6503802648535958e-05,0.09903151378818204,1.720216650521831e-05,2.9173677654583425e-05,0.02387986558848313,0.017817029435862834,0.1958606672691684,0.17468513168803412,LCO,4,21
-4631.269218367018,2.070932343182889,0.01730853138707308,459.49016618943216,-0.2828993161401119,-1.2171006838598881,-0.060819629208120896,0.24183574429559995,1.9354190127385025e-05,4.8441093073038066e-05,3.8397465120619915e-05,0.00013299218637440212,2.7957383786553085e-05,0.04848736806973347,1.3813350261175588e-05,4.9939062740278383e-05,0.0040354695903208945,0.4155153209153575,0.08765211906153966,0.366012930814982,LCO,4,24
-573707.5925619642,2.237502711938928,0.010690557386284324,29680.074470878993,-0.3934958181485477,-1.1065041818514523,-0.38310036704875994,0.27068757424627365,1.3253688793880012e-05,8.94222421994691e-05,1.6767713407677656e-05,6.431597626164905e-05,2.9069391347758577e-05,0.09176622963806423,1.6644396014784115e-05,4.486478117764351e-05,0.022460327743288162,0.011568840781676176,0.03493051136179849,0.5004002808077654,LFP,4,24
-327379.58751770726,2.5177318387189453,0.002546583044242899,60922.52149086369,-0.35538311216179785,-1.1446168878382021,-0.5021023062167965,0.2543213079457878,1.852206953045789e-05,0.00023397096881975338,1.0832122579657247e-05,6.494507374820349e-05,1.288240182795559e-05,0.04111006331053317,1.279227305878091e-05,3.8010900842988716e-05,0.024738337998026643,0.061510344869339276,0.24760455291490108,0.11878279599896317,LCO,4,80
-619082.9160760472,2.2983758709815927,0.010683326396599514,31225.917494068435,-0.3606473038333995,-1.1393526961666005,-0.3265323230958842,0.2591281666168694,1.3112236280762912e-05,8.771584142250404e-05,1.886811194965791e-05,6.363383895403423e-05,2.7723368798672227e-05,0.09906905609849419,1.6078615017087074e-05,4.797989666286329e-05,0.022363186778175746,0.01369405818680612,0.19200254378273804,0.39777107493457176,LCO,4,24
-602670.949741106,2.3157833748908256,0.006831649933287602,47274.80852196815,-0.3979167696586732,-1.1020832303413268,-0.28285976316719186,0.2548504480673368,1.3578116456644859e-05,8.036693835077105e-05,1.142306223411645e-05,4.281567146264567e-05,2.7909043227949445e-05,0.09906572833287279,1.6054120535979177e-05,4.821152750160383e-05,0.021884283706575615,0.017636691912495724,0.17983489846883352,0.44966864645147897,LCO,4,40
-644361.6423147477,2.2961271750162098,0.019215736746877946,28209.788691158188,-0.43035156313166034,-1.0696484368683397,-0.3130240331896734,0.2571625818804399,1.4060566411273696e-05,0.00010109757239734935,1.8966877227385714e-05,6.914913329236156e-05,1.5971227742761563e-05,0.09903127522907283,1.7719843891467107e-05,4.8426288496687274e-05,0.022334218396692675,0.019734043033610385,0.1976388732021208,0.39960305057459544,LCO,4,21
-4921.117357938111,2.0567856894947365,0.007281781872158142,1124.6925966060417,-0.2815693189633741,-1.2184306810366259,-0.5887403302080494,0.23293523174145164,1.3552528741739717e-05,5.367886126378339e-05,7.145524664016737e-05,0.00014857612660906458,2.0661249007994292e-05,0.04395246011943195,6.254347703314679e-07,4.872144609817342e-05,0.004026723304353533,0.23851596381922688,0.087550900316204,0.0151928056565198,LCO,4,51
-371603.7749156976,2.2532363825220876,0.008454192189209349,35579.96487438722,-0.295860158015973,-1.204139841984027,-0.5475412757159996,0.3365804415324927,2.0373707808528117e-05,6.135223318413803e-05,1.7238637183467044e-05,6.122275278456953e-05,1.2542230064584016e-05,0.0802909982401668,1.9953224102609314e-06,4.885453120376268e-05,0.018713744945716024,0.05064563445945672,0.09145811860131298,0.24035497122323068,LCO,4,45
-720068.6421702453,2.5299059107759483,0.029886222871672467,32547.711952262005,-0.4129342187790659,-1.0870657812209341,-0.3456478804744122,0.38775375492406344,1.5474633278925225e-05,8.763135410417989e-05,1.4839358146370198e-05,6.404632800030474e-05,1.6737021606153528e-05,0.09905199314832852,1.703491551782097e-05,1.3437995694048564e-05,0.024698823054439493,0.016916432311990456,0.19936701550754143,0.36806867170605595,LCO,4,20
-574298.2404102338,2.4771387973641197,0.04542023091162735,12514.649696362761,-0.40365101315272156,-1.0963489868472784,-0.08757730621679505,0.41342307843343945,2.8252188152122104e-05,8.776313433450937e-05,1.469105906347477e-05,5.308322652868496e-05,1.6757520403861984e-05,0.09742106755267867,1.8032031076208074e-05,1.595045986263499e-05,0.024824636319976535,0.19613628118209192,0.278287927128152,0.3679984854729611,LCO,4,9
-5253.27370459523,2.0953936272396962,0.004833277951661154,883.1784495867666,-0.25621875620519674,-1.2437812437948033,-0.28977496572853234,0.23972672744846152,2.7331851630403825e-05,5.7189946382557394e-05,2.687263162411618e-05,0.00013620632707984491,1.3847435085848254e-05,0.04328710454425564,7.000684746410997e-06,2.99129630668008e-05,0.00400326184763595,0.25746129207315355,0.14898501597891897,0.23377872621939522,LCO,4,48
-594570.9103101294,2.3004918807916326,0.010205252415871332,30196.834754827265,-0.36963535529288905,-1.130364644707111,-0.25331794654427797,0.2513791534635554,1.2900874324897716e-05,7.678732760127488e-05,1.9026115222116872e-05,6.419327147678293e-05,2.772366225100157e-05,0.0990702368423346,1.6052909852960204e-05,4.781881772438836e-05,0.022365465619401233,0.01372143903369522,0.19236269214789004,0.4705979222741368,LCO,4,24
-616231.7966890607,2.2653765493168043,0.014036902039895714,30411.5834426284,-0.25438527800879385,-1.2456147219912062,-0.31446070723921293,0.37625460550656903,1.3119308657392518e-05,7.95420390876624e-05,1.9053903543350435e-05,5.226267463962572e-05,2.7771611274205433e-05,0.09906621549715944,1.7195585125875954e-05,4.2366455096062256e-05,0.022287132803930878,0.018259451797365527,0.024318329436352412,0.5729615115270692,LCO,4,24
-5861.838297251217,2.063241789060156,0.005789988515452565,1772.0740512048299,-0.1934519992775101,-1.3065480007224899,-0.1818612197949645,0.39248007697160814,2.0517118593989528e-05,5.555722603818897e-05,2.703994721531278e-05,0.00013197243393639588,1.227308702456133e-05,0.048513831212222136,1.6659002570906884e-06,4.7198336075200375e-05,0.0040563493699886,0.18539610547721383,0.5503980828911901,0.012344591836631644,LCO,4,86
-630241.6969466491,2.267601802848924,0.027473274386568818,22357.224422565847,-0.3492942838575317,-1.1507057161424683,-0.24109395064563255,0.3884637315331278,1.2318013648097314e-05,7.164462944539883e-05,1.2935466445456154e-05,6.3981317140343e-05,2.7498871632370013e-05,0.09907831827943354,1.7039173127744722e-05,3.5793289440812234e-05,0.022342329684399843,0.018141282278277132,0.19937700002631287,0.4713877670497775,LCO,4,18
-5397.811157052159,2.0650515348690877,0.0031799138265094324,1691.1066924947693,-0.23334130018623434,-1.2666586998137657,-0.06911381092953184,0.261281438617761,1.2049987381178673e-05,5.435160989282273e-05,6.362270421293218e-05,0.00014299633387759202,1.4345105780460169e-05,0.04399957416024189,1.0294295694000635e-05,3.7037593044014095e-05,0.0040495565489638554,0.21737407635654207,0.5880252934103529,0.0554868193035733,LCO,4,91
