SpecificEnergy,SEIGrouth,TempIncrease,Price,UpperViolation,LowerViolation,VolFracViolation,C,la,lp,lo,ln,lz,Lh,Rp,Rn,Rcell,efp,efo,efn,mat,Ns,Np
-380068.94644848455,2.5455925494565736,0.002634419589266539,134221.65464066144,-0.36107539881333217,-1.1389246011866678,-0.4907140235558682,0.29502545860360285,2.7986241881930507e-05,0.00022427687915070092,2.7116381091513563e-05,0.00011540197808979252,2.4978803019720445e-05,0.09773438494265048,5.025546556343698e-06,6.9018200458673595e-06,0.022730322627234997,0.23240287638895604,0.1218460276160352,0.08503707243914062,LFP,4,91
-432124.76892180415,2.6796421251042415,0.07792237040611401,20070.971025802173,-0.4852296564162337,-1.0147703435837663,-0.7599347287996259,0.7064800633955686,1.3330742606595002e-05,0.00018738947034370484,2.4347140520791264e-05,4.685986103431872e-05,2.3354784738447855e-05,0.07101307919774838,5.392678733759114e-06,4.600870044055013e-05,0.023404286393390688,0.0208703888929601,0.06912218149700397,0.08007270081041012,LFP,4,16
-27707.72384764693,2.2550385816649703,0.003532968042412395,5717.4003631873375,-0.32284181329263184,-1.1771581867073682,-0.28784367575573944,0.22027774755662802,2.0938768658347565e-05,0.0001676801799967995,4.664376242757639e-05,0.00010202118208591021,1.5785601437319885e-05,0.052267388205438275,2.0269015066912147e-06,4.7718239157353704e-05,0.007632293884746546,0.05122007420876168,0.548189709141079,0.042746540894420024,LCO,4,68
-108254.67500577497,2.133360260759607,0.030371177805506324,5208.57411784247,-0.1605658740475686,-1.3394341259524314,-0.21136090796835594,0.2917802251145892,1.3564717172082606e-05,4.699062693181724e-05,3.0768604543368864e-05,5.2510348628569004e-05,1.2864597818562183e-05,0.09778280568936401,3.1621148119010192e-06,4.3392571661894194e-05,0.011102399200661998,0.13538557029156803,0.010249463125374877,0.5730040586147012,LFP,4,17
-35490.69890240721,2.1635822799388182,0.008391514585795585,3290.492121746054,-0.276514638433877,-1.223485361566123,-0.17784056102233625,0.2724645597068404,2.16680003421213e-05,5.588120064657596e-05,1.0514634164557215e-05,5.45039754746486e-05,2.2833965775258424e-05,0.06764226835724244,5.417696925158443e-06,4.6622399706092e-05,0.007792233831125624,0.23276742386100147,0.32655768018015174,0.19283433493651062,LFP,4,35
-359200.6264132517,2.212582613012418,0.030587179493805194,20557.376924185923,-0.28916365421089196,-1.210836345789108,-0.14896333312578125,0.22979518273681215,1.3469474713030384e-05,0.0001127331774416417,2.7133408513535488e-05,0.00011517871448454877,2.52744815833959e-05,0.0979233380657647,3.1070966551062596e-06,4.342490845944163e-05,0.021886401798679296,0.13700980291833537,0.06230841199461938,0.581718451961264,LFP,4,17
-364341.20598311664,2.297028241233507,1.0491368474299998,5035.124704062545,-0.4071772929805011,-1.092822707019499,-0.39705012301576903,0.2912980879180227,1.293343075496799e-05,4.045538698590747e-05,1.685989733242499e-05,5.0609494084930165e-05,1.700768329437744e-05,0.07696337162244918,3.111004753233148e-06,4.622021679994332e-05,0.02495906937899147,0.11923649594884674,0.04677047553948614,0.36694290549589814,LFP,4,4
-23659.304950299287,2.3447359128321392,0.004513540942644303,3621.3835734508734,-0.3487383893482363,-1.1512616106517637,-0.2664867758419792,0.20704734041252407,1.694372766463455e-05,0.00017537585906650074,4.727466645602557e-05,0.00010820194262613684,1.2772857648808757e-05,0.044802177309359516,2.0610046518913174e-06,2.6849640251732494e-05,0.007328629017040552,0.05121290622943517,0.593815134247793,0.018485183680792685,LCO,4,54
-21505.67483481464,2.0801505178045083,0.003813659630553962,6380.277929801651,-0.25665745007033536,-1.2433425499296646,-0.039817925271218635,0.2659085357003005,2.554926298430031e-05,4.340767377604147e-05,2.7266412291986856e-05,8.07146063508217e-05,1.2268617638030882e-05,0.0463934174795008,2.107911950185237e-06,3.885284532953081e-05,0.008103944628988457,0.2722990996285747,0.5754608810715285,0.0424220940286783,LCO,4,91
-261814.55027430443,2.112906092202204,0.0039787818767992676,45126.325271406495,-0.32157025342998224,-1.1784297465700178,-0.11937042821776933,0.28323516892502754,2.604707492988805e-05,4.253266132219612e-05,1.611357002727402e-05,0.00010560528845123111,1.266942114258118e-05,0.09469402636113612,9.6482526415139e-06,2.6923320236870417e-05,0.0168619675402449,0.05951169882181348,0.1812614067009287,0.5698564662594885,LFP,4,70
-273506.4539387095,2.1139816707273713,0.025075324734694735,6698.515060846189,-0.27606792148266024,-1.2239320785173398,-0.42440147345331825,0.24476194348378794,2.6342343553280415e-05,5.593886523892836e-05,1.3581316635233028e-05,5.2211263694466774e-05,2.4731437417308955e-05,0.06750854617608214,5.367811831863233e-06,4.6684044924406584e-05,0.020177257811128637,0.2377878291051313,0.18779771321644104,0.08001298422510954,LFP,4,10
-44444.55222339362,2.1434100670557665,0.006381782796186616,4132.511031597728,-0.27840783260421986,-1.2215921673957801,-0.35631903756534344,0.2728810013760894,1.5379813969305704e-05,5.17520193168823e-05,5.06037395128736e-05,5.261648154647929e-05,1.514983648872105e-05,0.07031735104125819,5.335933959450366e-06,4.578434686031071e-05,0.007564804421127923,0.02802492689212771,0.3527257909572031,0.1929302445853258,LFP,4,38
-184498.00356313869,2.4353063956021455,0.0024977308090462975,50435.37038945327,-0.3447017297829795,-1.1552982702170205,-0.13085156922508367,0.22940447053989035,1.3229516181626007e-05,0.0001346083754752279,1.5508487135989574e-05,0.00010553503775431215,1.2568472826296734e-05,0.09468454692500212,9.789683292645994e-06,1.920160290075113e-05,0.014697796937107564,0.1732380463394235,0.06127651285577481,0.5646338715797181,LFP,4,94
-291065.11512224044,2.1429219347136352,0.010919587918029217,21726.578079465406,-0.32898065139961297,-1.171019348600387,-0.5020616902792248,0.30993739814663246,2.3232073234660988e-05,4.175280730930777e-05,1.0505857311947472e-05,4.9764525017844066e-05,1.2195348671804237e-05,0.09881767307385501,1.9064243520038514e-05,2.6917850247692507e-05,0.016858493842797636,0.040346730887831826,0.0681813636090404,0.319410215223903,LFP,4,30
-13070.067416070042,2.5527114023016075,0.024210686130982928,760.9319369030443,-0.4004540668792167,-1.0995459331207833,-0.5244640547704236,0.23733421423776144,2.8595673497946503e-05,0.00016402791175922755,5.4768906860640755e-05,8.073468821841938e-05,1.3135073290932368e-05,0.06946409041371979,1.2700014496558265e-06,1.5822084720575887e-05,0.004415227885504934,0.018079198984276835,0.2713754491572883,0.11608129708801132,LCO,4,19
-377818.7346034649,2.2763596932641024,0.03136274882977586,24295.82172825299,-0.2741044646620825,-1.2258955353379175,-0.4562664486428818,0.2279432993152819,1.4025019069392909e-05,0.0001141810885646074,1.5903890052106805e-05,0.00011541299518249822,1.2099453140469545e-05,0.09807226185703326,4.749861864801671e-06,2.576937352846058e-05,0.022071600874563745,0.1370867198860173,0.06218933415263784,0.2744574973184631,LCO,4,17
-20178.322925038177,2.7914630538678007,0.05211524793876945,419.2677035140428,-0.5600998330536129,-0.9399001669463871,-0.18552991291587395,0.24484844703555736,1.2251739711687709e-05,0.00016842168888622506,4.9136489295951776e-05,5.221040756383947e-05,2.490994403947857e-05,0.04888705259304961,1.5018580831387789e-05,4.942438849724272e-05,0.008078307854834012,0.2432489937284207,0.2730880536171579,0.22813303973854743,LFP,4,5
-54632.93876028041,2.394600945853541,0.005533806661900258,8510.579721739337,-0.3143011762491703,-1.1856988237508297,-0.5992002305167798,0.2954376207292897,1.2771589266186153e-05,0.00011540731166695247,3.174305030198176e-05,5.594426684226412e-05,1.5233280764267412e-05,0.05442244105286318,1.928304573096613e-05,4.244709881627255e-05,0.008732245441760716,0.02785216444211401,0.27100429819370625,0.03194330684739999,LCO,4,67
-546033.0271162067,2.1479812321116505,0.01115469552095545,37895.196671086436,-0.3323641166593241,-1.167635883340676,-0.3078644937780842,0.31842450825254554,2.2902885723534943e-05,4.174204818657096e-05,1.2558512839376433e-05,4.012764590923817e-05,1.6181455212579253e-05,0.08258518357038988,1.3438665782371583e-06,4.744491433123665e-05,0.0235257868642632,0.2362376038665695,0.0654623890412471,0.32043551331409925,LCO,4,35
-46236.98446718183,2.531462381836329,2.3150856310367245,648.5988971415666,-0.5924826991664247,-0.9075173008335753,-0.12449211363212809,0.31008107104921423,2.898979130783316e-05,5.169971545656174e-05,1.0466128630844003e-05,0.00011314713378238439,1.2235041447943067e-05,0.0784883532880199,1.9122923462694908e-05,2.739889425898516e-05,0.010722736097137456,0.2375257266422346,0.014053675050772301,0.553928484674865,LFP,4,3
-33105.386991419415,2.406148608662299,0.03648841244148106,1632.15970183936,-0.4336685024290716,-1.0663314975709284,-0.06604207804923334,0.273814490316418,1.2325243768049184e-05,6.665978382551818e-05,1.386627674080697e-05,0.00012955623905402944,1.6296254338158662e-05,0.0946466160778047,5.3950909444232535e-06,6.620553131618981e-06,0.0075579405170524624,0.23746660718771523,0.05890648650636471,0.5675848282566868,LFP,4,12
-30113.51374418849,2.1209937642024825,0.00574664736538081,3316.794719132323,-0.2959638247121408,-1.2040361752878592,-0.47075669857085756,0.2725261502353272,2.164239633251347e-05,4.086495762320394e-05,1.0590520753664601e-05,6.736639060317438e-05,1.307923328289492e-05,0.06837240607452011,7.194564377506167e-06,4.368333465270131e-05,0.006395582386782334,0.14830485993618886,0.11878591241625651,0.1921525290766971,LFP,4,45
-95825.78192666666,2.0972157648269105,0.003607828262871447,33281.009179571476,-0.3163943441772261,-1.1836056558227739,-0.7763886116726526,0.27761061003032655,1.6994832312674734e-05,4.890618964333553e-05,2.205755708723573e-05,0.0001470835936859304,1.4898297210988902e-05,0.048175123741425435,5.365405118240949e-06,2.695769548670274e-05,0.017496559306409337,0.056548398601512444,0.052824798393973416,0.04423819133186152,LCO,4,70
-323671.36753262964,2.1797084297925213,0.003980401594663385,45421.44561603034,-0.3102804176720717,-1.1897195823279283,-0.32293944756503346,0.24255078355318438,1.9451130302539846e-05,5.59882409912118e-05,1.3604610910918321e-05,5.214470642176307e-05,1.2973244988859187e-05,0.06716420855376794,4.533935187875237e-06,4.365941020347789e-05,0.02090577572135032,0.14568949502097508,0.2182489002750838,0.24312215713890767,LFP,4,61
-56719.51232306667,2.0997999311719964,0.08386190445841164,2881.673888730509,-0.24039111476939823,-1.2596088852306018,-0.23869454072855778,0.8527739996556969,2.7455736115888643e-05,4.290748038685959e-05,1.8509846212115562e-05,0.00013548061750134172,1.4381667227839379e-05,0.040035406484257796,6.763113086468935e-06,4.0999753742200265e-05,0.01427640331456436,0.06055555860582689,0.5868092103504537,0.043940690315161686,LCO,4,14
-129619.25588569147,2.144113951348883,0.005927571262485289,12289.454017028444,-0.22342915809370467,-1.2765708419062953,-0.10866887027135708,0.2822819094811493,2.5977510529015448e-05,4.287487982675391e-05,1.611333587678506e-05,5.262794277182096e-05,1.2572408493514464e-05,0.0408381369663756,3.2437793577708836e-06,4.5594419215014235e-05,0.017134692541843244,0.05863706255487353,0.1919545210714678,0.5707395461023016,LFP,4,46
-86738.69499455398,2.4107473342249235,0.003811574211591476,14652.098804380037,-0.2971383876550817,-1.2028616123449183,-0.2854571512350309,0.22693436609723444,2.869270066142986e-05,4.611320923359784e-05,2.9806014209564595e-05,5.7461946453886635e-05,1.329241678060895e-05,0.06915363774187534,2.6818654301873483e-06,4.267727463923632e-05,0.010201374509246576,0.024896122823331077,0.5984996463969509,0.02114707954468717,LCO,4,84
-355855.85362935707,2.618197104133434,0.043630032289491895,11577.83070708545,-0.2862391876809447,-1.2137608123190553,-0.3247598247641208,0.2293060568019502,1.3205704297559986e-05,4.18835924433351e-05,1.137554318444221e-05,0.0001152508841734986,1.7823846538573e-05,0.09794116515436624,3.0571369211028776e-06,2.6745899693340664e-05,0.02197589539565502,0.0242647521794839,0.011140485536975858,0.5698349375194195,LFP,4,9
-402752.6545814391,2.1779712783376604,0.0040518459164870894,75826.6352089232,-0.34693975711662084,-1.1530602428833792,-0.38168701264465976,0.23682486672497727,2.5003996088078256e-05,0.00010933900860322769,2.6861055999187024e-05,0.00010973004671733995,1.3923663632028147e-05,0.099832087273615,9.41196321373473e-06,4.597658531994976e-05,0.02157087562757267,0.03279589212858576,0.326336425117077,0.1891806701096775,LFP,4,59
-149521.76595339685,2.074452284254199,0.005255669680322939,42959.86204090651,-0.31647158982112344,-1.1835284101788766,-0.6727660888087071,0.29543910367103965,1.2129216747036172e-05,6.5508737568471e-05,2.4927886651996947e-05,0.00014066230545859305,1.5166223569582318e-05,0.05378071448643177,1.9520972847596046e-05,4.085240460439512e-05,0.02118142730757458,0.0890144479443777,0.05789013702558449,0.11032932622133074,LFP,4,56
-39518.9568080481,2.155747224402669,0.01366338202970038,3354.7915699290065,-0.32618915415510585,-1.1738108458448941,-0.4771833528051733,0.2725190865938991,2.645089721015945e-05,7.817084081620802e-05,1.0858246156028537e-05,0.00012957653553894789,1.3631535090898997e-05,0.08250146466486954,3.853268668560938e-06,4.2952280086436755e-05,0.0074410285941578745,0.18126436575950505,0.04985681735428521,0.22169546408103644,LFP,4,26
-17319.605694473234,2.131064804683359,0.010347023361865838,2315.9807867421528,-0.3785737879773503,-1.1214262120226497,-0.32667210810086944,0.3106156022556622,1.8973178449311737e-05,4.624341292615617e-05,1.839965435063457e-05,0.00013963583430105645,1.210162056865552e-05,0.04450584641566593,6.8981640243433484e-06,1.744305294078322e-05,0.00808334427407607,0.17620458722623084,0.20542346339294573,0.22169984127995404,LCO,4,29
-281348.3360513809,2.1553153223394688,0.003125918296906135,60092.68202097971,-0.31295334359722027,-1.1870466564027797,-0.17116825824684612,0.2773371111970979,1.6994416110205544e-05,4.915103392453636e-05,1.2221641472152655e-05,0.00014927738009584284,1.4880874277547476e-05,0.04805221068271659,1.2864824844880835e-06,1.745843902480268e-05,0.02358629007715385,0.23724254700188485,0.07097409418065506,0.45061510057061405,LCO,4,86
-213167.7515380066,3.252091921299135,7.409731378048231,931.9439891219253,-1.2135613428134668,-0.28643865718653316,-0.6371781125060962,0.28602587176513933,2.636278308981209e-05,0.00024845921924105806,3.503558244879712e-05,5.021609477200904e-05,1.572756076083787e-05,0.09038811892804678,1.5261886184047112e-06,3.8991569386240705e-05,0.018196088764300487,0.038925667055173294,0.20573162287304086,0.04816459756568966,LCO,4,1
-284648.7273056123,2.1535931304430274,0.0051777253244346365,27666.41272711361,-0.2854160840257016,-1.2145839159742984,-0.14258459350536923,0.2293695299124329,1.6496820864589124e-05,0.00011309011024806303,1.6106949908319353e-05,0.00014267029789468127,2.550054666129345e-05,0.04062403994024374,3.046601909107451e-06,4.562182847723223e-05,0.02402929582572235,0.025226093396088528,0.19634567158237398,0.5658436415161683,LFP,4,46
-237594.0533472911,2.1473637756432975,0.009944243560697182,19480.634109693656,-0.30746637783760455,-1.1925336221623954,-0.5850037816372058,0.24048497411971181,2.7711621226948243e-05,6.182416236061704e-05,1.4982219198917857e-05,4.8716417082268956e-05,2.9568633503921636e-05,0.08729069477458905,4.593317051912879e-06,4.439385230699856e-05,0.01684611333436631,0.23870801598331942,0.061453365869382826,0.044834836510092,LFP,4,31
-9689.120549540143,2.2927887541303846,0.0050194815161154595,1419.1309733552728,-0.37222809293702674,-1.1277719070629733,-0.5281445657136341,0.2408934175784311,1.9116484457544672e-05,0.00016780429567497752,5.512406425934234e-05,9.191673011595465e-05,1.2104289376369607e-05,0.06091311097240744,1.139665801380854e-06,3.596082840168365e-05,0.00426321255267131,0.3238723465945034,0.05189056938838388,0.02609251830347865,LCO,4,41
-11779.074246193084,2.2289315426016234,0.002838889333209764,4134.123354732541,-0.3199729511222156,-1.1800270488777844,-0.10339629050112253,0.2673482241127461,2.8627260448533212e-05,6.666632886299425e-05,1.3973433588566125e-05,0.0001443277926331413,1.3069705059000373e-05,0.08201302137720407,9.040170282270236e-07,1.4136452176138172e-05,0.004763823256219467,0.19496062936575,0.2325918845295124,0.3990511956036151,LFP,4,91
-14369.064737973405,2.473343854358198,0.026606914443152063,1155.7348340374033,-0.3701806356835622,-1.1298193643164378,-0.6961697098798953,0.24043471159482604,2.9094157647644277e-05,0.0001720682300871177,5.52408190041828e-05,6.226251275706837e-05,1.2574221055393237e-05,0.0706169436853821,1.199512109934583e-06,3.5906935158890075e-05,0.004671028378963762,0.13780104426872725,0.049759484334041384,0.04626976151733607,LFP,4,24
-276806.7578498676,2.1391879161167275,0.0052236605157317565,29904.952205246533,-0.2984348805265995,-1.2015651194734005,-0.09690359131350734,0.2236477843052223,1.950403712382592e-05,5.095753377205587e-05,1.3579637778605186e-05,7.074541681927993e-05,2.615185246639695e-05,0.06806985470729093,3.0010746700504317e-06,4.130701318866184e-05,0.02070338479924416,0.045793654424243116,0.21932266270906225,0.5679800915531873,LFP,4,45
-309837.56864165113,2.059583835337289,0.0026990175243046042,116096.08479201946,-0.3081783346740856,-1.1918216653259144,-0.49206633028563457,0.24033142716488737,2.9995081382712896e-05,5.1053878409353557e-05,3.158490559673489e-05,0.00014910444673151073,1.6359964869065146e-05,0.08349120540839941,2.3522173735153153e-06,4.8018429973253034e-05,0.024307274934176823,0.19308192064594976,0.17198537126576247,0.07286637780265327,LFP,4,84
-637524.0008169023,2.1801288218806194,0.006514334661109388,69270.06351854146,-0.245157350144936,-1.254842649855064,-0.07085657786941368,0.44233768588354294,1.4973813853126332e-05,6.533934850357937e-05,1.3494282761364104e-05,5.326735304156979e-05,1.4728456875254024e-05,0.08273866207698208,5.600219903971785e-07,4.149230181438593e-05,0.023111741209695183,0.03212809247114169,0.2530487941727715,0.5739665354866732,LCO,4,66
-190547.77432322776,2.5173350188123527,0.08881403045814129,4802.160715498493,-0.5326872865521999,-0.9673127134478001,-0.5525129031868887,0.2593587280131988,2.7297213495253116e-05,0.00019192984772639307,1.0365704895615886e-05,4.206662639839446e-05,1.4402274240055971e-05,0.04980716527428351,1.9889163277416773e-05,4.666775428973375e-05,0.02028524438746943,0.3399392252786252,0.015445028791444104,0.022102842743042066,LFP,4,8
-82094.52469984893,2.1854632877967783,0.01663650616332641,6355.88362221655,-0.32560066522709086,-1.1743993347729091,-0.45698468521868263,0.3895491620415147,2.8339727821721468e-05,0.00010602164970491824,2.7919280790104687e-05,0.0001260434438121436,1.959181260609712e-05,0.08896726568090561,1.3615374206680863e-05,4.690619427141884e-05,0.010304121652255806,0.10568294819449281,0.23015766095376983,0.1371747056330548,LFP,4,24
-28484.250296009173,2.273323537549314,0.011741835254044406,3158.3352068248278,-0.36817672331408247,-1.1318232766859175,-0.38928351369998837,0.21110822195938228,2.9539442694626152e-05,0.00010107290591395984,1.8477608689278112e-05,8.036319729119642e-05,1.4922226869921721e-05,0.04071997886874335,1.815683928854312e-05,3.3002644168828325e-05,0.00980254114707815,0.18242158384608415,0.32915660941743924,0.029138293036488287,LCO,4,30
-350721.9548671165,2.136154689067906,0.03257729562936865,7308.920620944212,-0.16305056098341275,-1.3369494390165872,-0.26823402982109035,0.23690612182090334,1.901189405712043e-05,4.6174941754242984e-05,1.3732581178620247e-05,5.156379553752876e-05,2.8535715355237344e-05,0.0957041949102404,2.4149778107181115e-06,4.0291795110521576e-05,0.020232142549558046,0.09024121931158251,0.5288696395863148,0.04265511128101241,LCO,4,8
-422366.2519278227,2.1807203251495846,0.10081095969845419,26520.783094108567,-0.2913497842277515,-1.2086502157722485,-0.44461085008883583,0.5321461669729483,1.3469360349429631e-05,5.473941490875832e-05,4.81370192335304e-05,5.0942960544945234e-05,2.874259921716893e-05,0.09996536912203381,3.030603487339649e-06,4.340062976655635e-05,0.02407930774641314,0.1904541470277193,0.24553801864955926,0.049396984233885666,LFP,4,17
-219007.4835609876,2.273676567780258,0.006607606787535283,35759.05984816819,-0.33633067636892555,-1.1636693236310744,-0.17165023913947897,0.5522418489786692,2.9708614716262455e-05,6.215193126806003e-05,3.155217894926676e-05,9.241392273652027e-05,1.985548802745204e-05,0.078309520400275,4.636098097223979e-06,1.2972580686173285e-05,0.01554833048471161,0.06970121459054877,0.5972713962715259,0.09137714999844633,LFP,4,79
-9089.648186905803,2.389177857655111,0.00015119323660843235,1688.7940648172346,-0.04376050169947021,-1.4562394983005298,-0.2554517516944709,0.5834200328634432,2.6184257481162038e-05,0.00014793998858646885,2.9173491818906767e-05,7.801520814981252e-05,1.3925160970119844e-05,0.04435967836093424,1.976318930988021e-05,1.5653862179314105e-06,0.004155081230694573,0.1031177243089441,0.4999660184924899,0.07146450550409528,LCO,4,83
-11967.690589470076,2.309367027257812,0.005453638452821576,2877.987655715537,-0.2701719754166838,-1.2298280245833162,-0.5266277963176873,0.3456770571977404,2.8080710363687153e-05,0.00024195765900754434,4.612054290506969e-05,0.00014245346564872142,1.5628193344124748e-05,0.092849479818456,5.298605173424855e-06,3.5915038553792534e-05,0.004015760725255287,0.23291908998420535,0.12773950750998214,0.04271360618812527,LCO,4,62
-89063.95480954359,2.351175140558213,0.006516259816735735,14956.08968688659,-0.2763612717719184,-1.2236387282280816,-0.29767100436012484,0.4875553812601874,2.5792331132750295e-05,0.00012552571006608961,2.8923695100536253e-05,8.064895393084811e-05,2.8363726857424407e-05,0.040107457581791225,1.7408771613820402e-05,2.7182761157699168e-05,0.012463690503668728,0.014573455395051092,0.5274735145452798,0.0902820256995443,LCO,4,93
-19630.435923042583,2.332561883664892,0.1980637391463609,360.59016052156176,-0.4094907698157151,-1.090509230184285,-0.5379232565671541,0.2628661381590393,2.975124402355946e-05,5.24052138767858e-05,1.9208686763054604e-05,4.300311784383995e-05,1.4404526247360412e-05,0.04833895109802361,1.2650906542491014e-05,3.4078901092219566e-05,0.006988289016796108,0.35798702652559233,0.012674603202070365,0.021415113705183175,LFP,4,6
-214828.48282773554,2.142911865830145,0.018854364327407988,9112.670367335486,-0.38379763418842217,-1.1162023658115778,-0.1338431829882698,0.20273549296826132,2.9616932730307008e-05,6.846516614899313e-05,1.9393871865510088e-05,0.0001391172812724322,1.633386766424749e-05,0.05064628083618275,5.673307417374607e-06,3.012753498240262e-05,0.022156998097333087,0.09598018700366584,0.5689763269304765,0.1312003030775879,LCO,4,15
-242740.0070063135,2.0454409591940883,0.0046586820318876,60729.800278689196,-0.26000203570939995,-1.2399979642906,-0.11771899593584279,0.20934031203794667,2.837340900843306e-05,4.429330883632696e-05,2.136677958482052e-05,0.00014649729939327546,1.5604701366049096e-05,0.09704247498261556,6.627095296626123e-06,4.23473071514964e-05,0.020410864194616615,0.23309062413908357,0.5364745544139086,0.0427158255111651,LCO,4,62
-15608.108607517013,2.1686596217054315,0.0036748696312097952,3424.747248897667,-0.3062805239382449,-1.193719476061755,-0.4400345606267278,0.2516660412600089,2.7641560426531132e-05,5.015370866042276e-05,4.60544093426983e-05,7.406355392417511e-05,1.2210194176468724e-05,0.09753077536407888,1.5104173948494507e-05,3.229499096205323e-05,0.004427910000936012,0.22197560763892277,0.18069971058470047,0.087290121149649,LCO,4,66
-62891.19624674076,2.1433422892345453,0.00442826484504505,10462.014598006834,-0.25897567494611806,-1.241024325053882,-0.45763735485421253,0.2786428154539138,1.5009327695883085e-05,4.9495483088852856e-05,1.6228573316165607e-05,7.04465516338851e-05,1.3743691118991326e-05,0.08357811874602203,6.928649542733057e-07,3.041584266622992e-05,0.007527353285146719,0.13785051430176354,0.3221369286149449,0.012375202229079035,LFP,4,80
-31011.667478910636,3.669334770990711,6.686905917127127,117.7295566143864,-0.9190456989717628,-0.5809543010282372,-0.5933073497930317,0.5630495691251323,2.479492650068973e-05,7.810415221264987e-05,3.066731010836324e-05,6.994862466981041e-05,1.2780095659521765e-05,0.08266009653947813,1.705554977919214e-05,4.7653511636952924e-05,0.007024661769674395,0.0793058566877467,0.14814281547195912,0.10924397804726259,LFP,4,1
-273313.45605913684,2.093738814462459,0.006158586112314452,62587.31611080949,-0.3548297452190887,-1.1451702547809113,-0.5409351258726114,0.2008994863087909,1.8331153664582108e-05,8.206742288594654e-05,3.9790356867328355e-05,0.00014199730465424588,1.6159270814733725e-05,0.0819442262533565,2.3562425307923348e-07,4.7720909553488384e-05,0.020946405895814153,0.01545778182304847,0.33811986711610864,0.035487225188231566,LCO,4,58
-50293.34812984081,2.441171601035292,0.01176192824596614,2481.979291672982,-0.33984976875121653,-1.1601502312487835,-0.34525764264772874,0.20648880883224888,2.9346120519814706e-05,0.00012886595816260864,3.162888812425573e-05,4.566579303368546e-05,1.5544589382091314e-05,0.04833537635582716,1.2633602607529407e-05,3.384362801755546e-05,0.008846830337639751,0.1569743633314046,0.23694443366295143,0.19082356035791523,LFP,4,25
-142462.09557898348,2.2459316956526,0.003488053258948637,21793.357602135704,-0.2975228181116627,-1.2024771818883373,-0.1140511185523867,0.25911417868981607,2.4148994700315015e-05,0.0001446405393842562,1.7389091572067473e-05,9.630757039029867e-05,1.8757936189894115e-05,0.07302532073000212,1.72381219096221e-05,4.734004189493655e-05,0.01251768704945842,0.14496014452503533,0.5658466621041647,0.10514207481841335,LCO,4,76
-24262.684073602988,2.330175039222907,0.013224238725212589,1777.2082341528992,-0.36184876434792557,-1.1381512356520744,-0.1431949406611156,0.4975117771678068,1.6930096753316658e-05,8.440385406155962e-05,4.964108053247967e-05,5.287713652770775e-05,1.965340729137499e-05,0.09437277271374846,2.659585140945412e-06,3.0783981517320314e-05,0.004458303017642505,0.07388041713022199,0.5986917251707927,0.1142329170378697,LFP,4,38
-48914.44901052686,2.3528697413149064,0.014774309932366617,4775.736760883398,-0.3322195325411119,-1.167780467458888,-0.11239980720184783,0.5530055769826238,1.838955461107842e-05,6.201835627352471e-05,2.8796507888455556e-05,0.00010413497947434273,1.955913147995876e-05,0.0782723245292104,2.7115521518306524e-06,3.111832247034285e-05,0.00820472893071334,0.06967459873371437,0.5978334351722432,0.15009215889219463,LFP,4,37
-68750.22884137026,2.237655847420573,0.005437721130777858,8039.284837000205,-0.3414782788971138,-1.1585217211028862,-0.5122794346431019,0.20447264369944262,2.411372239737888e-05,8.221763362728271e-05,3.735483307900281e-05,6.712255485731657e-05,1.3695544083325411e-05,0.09493139456988443,1.717084737493223e-05,3.066712479613431e-05,0.008885827323049001,0.19650233443912493,0.07166379333107586,0.14955443758669743,LFP,4,38
-75342.48648958151,2.155311116552294,0.01823001634068637,4179.677687792965,-0.34918569529446053,-1.1508143047055395,-0.20122925442150574,0.3895105428350129,2.7882084729205553e-05,4.1919407738501806e-05,2.4409321097468773e-05,4.136985812945882e-05,2.131425722960028e-05,0.09896247528984722,1.997612110706378e-05,4.77575604785357e-05,0.008758729054464861,0.02007175971007106,0.5768489048336782,0.13185008103474502,LFP,4,25
-101003.5072854778,2.535758024973271,0.002690499296350327,30761.824631631323,-0.29845800941564526,-1.2015419905843547,-0.044525663872104104,0.2664547499656897,2.970894234011316e-05,5.4034514955761604e-05,3.8215779310713935e-05,9.644954952862917e-05,1.987611315950097e-05,0.07298792777868426,9.284695618449299e-07,3.2125080820518253e-06,0.01571068473186846,0.1799425430084557,0.5992306610639655,0.10630113205547474,LFP,4,75
-15755.118928300857,2.2318131156285337,0.0034593084695961605,3390.812866643153,-0.38896030945278426,-1.1110396905472157,-0.41144819032061153,0.2093671771221482,2.7451911499184743e-05,0.00010211167213955553,4.6073682655296086e-05,7.409270623224805e-05,1.2035574788125925e-05,0.09090032199280924,1.5210040663587357e-05,4.4361788456276476e-05,0.0044221322227838275,0.24486450648430488,0.18078285742647784,0.09290444576860578,LCO,4,68
-484257.06169444416,2.46768991100157,0.009870264411883968,55873.160337011504,-0.3446028465265787,-1.1553971534734213,-0.41887664071333186,0.2540840728243425,1.4269386792018961e-05,0.0002464907270414183,3.640262549512677e-05,6.565011091593278e-05,1.4342657307346157e-05,0.09139350177642647,2.6900545137288256e-06,4.619336892137982e-05,0.020311828728673327,0.07339255464251186,0.22999229543884778,0.2077385092053085,LFP,4,50
-438994.4712477208,2.303812188452777,0.0037715993162213816,113605.91073117864,-0.3266923225773546,-1.1733076774226454,-0.5566836767594294,0.29864055856117333,2.7162335374876828e-05,0.00018902327998675974,2.1172979463655818e-05,9.33250494952523e-05,2.7110114116173382e-05,0.08425471877514118,3.740672185713111e-06,4.930223727689093e-05,0.024032714172996347,0.12538440271517043,0.2207197103146091,0.02721221021079104,LCO,4,79
-28820.263119454477,2.2885041545042,0.008103741475447465,2639.9748131795673,-0.34911727194743847,-1.1508827280525615,-0.12271010445405395,0.2897985598539936,1.3284634291003249e-05,7.601071257853009e-05,3.8689762057288944e-05,6.0334598115994025e-05,1.9771101005152624e-05,0.08830312382924554,1.8320425586270802e-05,3.065577072939953e-05,0.005382920273250082,0.1876558141942573,0.5910203956076996,0.028613685743989287,LCO,4,41
-42245.46997860955,2.091773258161761,0.02969781954393014,2090.189811593092,-0.09933316829935634,-1.4006668317006437,-0.10835394886701744,0.24525606021920954,2.2364102939869768e-05,4.179141064999494e-05,1.1531805748796769e-05,0.00013558263928791354,1.5122513975721515e-05,0.07201466276725309,1.731532075639088e-06,3.54720467281045e-05,0.00892776712114986,0.15119231035225925,0.5654751454067636,0.10497859537395976,LCO,4,15
-11227.993506445206,2.0924757367246936,0.016552450576975894,643.102863912314,-0.2084081372571287,-1.2915918627428713,-0.13487999656481708,0.20850122721472175,2.956949885881489e-05,4.3513854810387094e-05,2.138225907043039e-05,0.00012192432897970598,1.562266185170827e-05,0.06298741641237768,6.356505578384136e-06,3.2881696721204586e-05,0.005334903779540526,0.23415386971044475,0.5373649702024016,0.023601163522336672,LCO,4,15
-666693.4981064842,2.4384684297156873,0.04488736535290894,46546.58110567416,-0.41822462658480575,-1.0817753734151943,-0.8021133575950445,1.0194968802463908,1.5123510453406461e-05,0.00015001117157506137,1.1182192534781096e-05,5.686821411294908e-05,2.5394810848247362e-05,0.09949429259646174,1.5225635294531023e-06,4.20758048589828e-05,0.022501269138455487,0.0254939176149303,0.054226272897611394,0.04816645189241376,LCO,4,29
-545208.948780786,2.215622829318491,0.0029486179762149415,92370.85010211068,-0.316302502932313,-1.183697497067687,-0.4230043047734825,0.2088654931644633,1.811267305106415e-05,8.151296365514876e-05,3.9819543026370566e-05,7.530061472720377e-05,1.6164847083478692e-05,0.0831358603738878,1.2817080724919302e-05,4.8136957426295615e-05,0.02332001859855664,0.011164517554092406,0.2363587125118071,0.25947246516061806,LFP,4,73
-81563.46034571753,2.3131777104483593,0.006335236408177953,9074.946127437854,-0.3402392086651016,-1.1597607913348984,-0.2762839463089175,0.284604385073751,1.575546266229721e-05,0.00017348454863597924,1.695006986359489e-05,7.465156195660529e-05,1.609441580170123e-05,0.08617410932066744,7.115391033806494e-07,4.772240881426809e-05,0.008600795944825436,0.20481292638369736,0.3346506935566663,0.11425243375071878,LCO,4,51
-9371.356930314407,2.330897346492309,0.004529229243913718,1635.1190514961067,-0.33963365201689477,-1.1603663479831052,-0.5832992106219308,0.2492907191423574,2.6089126200151438e-05,0.00014844065964568636,4.6125478709952886e-05,7.228821666281191e-05,1.2200298287943977e-05,0.04405866082646786,1.861992580819664e-05,4.640251702887706e-05,0.004556777927715148,0.09510116493867461,0.18024371435419598,0.07135591008519868,LCO,4,59
-74535.15346907757,2.1775750958875304,0.005749348050549632,10472.77459150029,-0.3424721943835092,-1.1575278056164908,-0.5282177682232028,0.23725120822387802,1.3797071400121354e-05,5.0519406881333397e-05,2.504257646875829e-05,5.7285848431035996e-05,1.615967225293233e-05,0.06394684648869484,2.7618299716699446e-06,4.2571554345760006e-05,0.00999535819012061,0.029172454882396504,0.3368710318735051,0.03573874502089576,LCO,4,58
-42044.76710805039,2.2946006993200165,0.1916071436231655,1231.4252472771145,-0.3481936164904056,-1.1518063835095944,-0.5354785238688852,0.2100190135524501,2.9790353880974225e-05,5.046767282112941e-05,1.3456743238984563e-05,7.975883950289768e-05,1.48983252931777e-05,0.08380603881480744,1.8515632783359926e-05,4.812372212166627e-05,0.009610382572802698,0.19740376276958535,0.16863041908734278,0.028487294274186743,LFP,4,6
-15188.591666288447,2.140951484090916,0.005121052061087195,3065.649274942963,-0.2969304387336482,-1.2030695612663518,-0.39840611028871564,0.24825527436922742,2.8364150410924057e-05,4.9689223054074104e-05,4.615936901558511e-05,7.487294076325472e-05,1.2214842917551595e-05,0.09866735776024012,1.3495732607692258e-05,3.203076394238151e-05,0.004557732141620697,0.28196983477781273,0.18022733990471554,0.06939671502875606,LCO,4,56
-68749.6424467384,2.260204081263767,0.011240822644618925,5393.502040105198,-0.36978167358238956,-1.1302183264176104,-0.5388289741694176,0.20744845909569884,2.3962715675877724e-05,8.105251874275015e-05,2.9116791567633215e-05,6.746710640358108e-05,1.6377754348595906e-05,0.09712665762367337,1.9322407344664952e-05,2.9199044004613897e-05,0.008887541594319252,0.15690817914180566,0.025027191474934662,0.20923565521384216,LFP,4,25
-80073.30923815875,2.2988682556684177,0.0038399036308582645,20591.587399270593,-0.28296195824966297,-1.217038041750337,-0.2766363714291393,0.23516331435694673,2.8244448731477987e-05,4.429003414932205e-05,2.118405796265444e-05,0.00014862410545813333,1.5742093128025036e-05,0.09182048597011651,2.552535990924658e-06,4.234158373941261e-05,0.010190294339198044,0.023815152997710656,0.599021969513897,0.030526506059253097,LCO,4,84
-684686.349056766,2.6410351219679433,0.07474151224378221,31986.52112784352,-0.5303550063205531,-0.9696449936794469,-0.28573033285718086,0.9965047692274346,1.8628680615461517e-05,0.0001816696333804833,1.1342789584069132e-05,5.483523338554839e-05,2.5144566642188414e-05,0.09902851061961904,4.415197436136136e-06,4.116265061340057e-05,0.024613817989431346,0.06472648404896492,0.5316355408009114,0.04790764229294302,LCO,4,20
-25696.846887185337,2.4100564797027815,0.004116423309482237,5014.270977522539,-0.31399678016270016,-1.1860032198372998,-0.3274979523863283,0.21433662856401067,1.91333134428593e-05,0.00016765940532203227,5.4910423317961225e-05,8.076469355324155e-05,1.7428311623453038e-05,0.06940893713814644,1.1625587889825977e-06,3.342456446855718e-06,0.008245848589347182,0.018038505963859152,0.432975370048907,0.15148817160090558,LCO,4,38
-96759.5843980539,2.2034798499315382,0.011975466744137254,6576.485739307995,-0.343170476382781,-1.156829523617219,-0.7341034913920393,0.4813047754702424,2.9789904100262787e-05,5.231928150574807e-05,1.1399175532602434e-05,4.077011302157925e-05,2.4182316778346647e-05,0.04366978432272191,3.352855934728613e-06,4.141137005093523e-05,0.011661119506153842,0.05872574612126612,0.06752485773965877,0.06964590474703582,LCO,4,43
-200867.5794987657,2.120792279050482,0.007804076818688053,14250.445267682635,-0.26788462542252134,-1.2321153745774787,-0.3964432749594021,0.2382448360828311,1.399931412951379e-05,4.6980245660089385e-05,1.3507531093981206e-05,6.756511804450186e-05,1.2009390063858502e-05,0.0456639212431206,1.589977455921194e-05,4.4920913784215406e-05,0.018092519803994258,0.07557241113187374,0.3646073944159306,0.09337691949279364,LCO,4,35
-169144.4995925452,2.130618156505004,0.19781015024435453,3944.723768865994,-0.2151548120525799,-1.28484518794742,-0.7416754431749797,0.8974062215845793,2.5950256070196996e-05,6.294672700266104e-05,1.21013143762173e-05,5.366039385780289e-05,2.4429182174489828e-05,0.04380849394296164,3.24287228369895e-06,4.087475950685137e-05,0.02014905462084608,0.13324317397904017,0.013629828304554541,0.04145155454142568,LCO,4,8
-393276.9142546848,2.3427095688973076,0.04579392294860734,8117.267045566383,-0.1527244413180764,-1.3472755586819236,-0.7665318183883338,0.3559205987844434,1.5023188536576996e-05,5.8103313345522166e-05,1.739390139258104e-05,5.2981134945677327e-05,2.989566670374098e-05,0.09857141066314723,1.9387560272950825e-05,4.088010223747126e-05,0.020187030514701193,0.09532212034857204,0.03119837706178778,0.03694768420130644,LCO,4,7
-105276.96154097145,2.1378345089223894,0.05580986094635914,3304.4878955265012,-0.3816537017446002,-1.1183462982553998,-0.07842839224457299,0.48944718689587907,2.7343089061864565e-05,6.103494586802346e-05,1.2347786488277303e-05,0.00011019513714244413,2.5751092098257207e-05,0.043803906160363205,3.744657722529644e-06,4.076690092227367e-05,0.020177934048371385,0.3387946727715396,0.4789971568939132,0.03377977808997434,LCO,4,8
-211656.83563130154,2.2845056988654795,0.047348878797961146,3909.35299752389,-0.15091396948819558,-1.3490860305118044,-0.34879378724482746,0.23679515094174525,1.5506355729852005e-05,5.847330246029456e-05,1.1809324679559437e-05,6.783843720809542e-05,2.9949241506685985e-05,0.045560854854356736,1.4344377091571185e-05,4.497282836888178e-05,0.022007123469135755,0.09576514687805278,0.3655665854740773,0.11987448040304258,LCO,4,7
-386669.84762959974,3.3750348717391407,7.3705971716229755,1760.6910742194088,-1.027585404918307,-0.4724145950816929,-0.5440256073208941,0.3419921047463183,1.869071771426675e-05,0.00018616734182012483,1.1371630474286151e-05,5.2181417611166636e-05,2.8218697496919752e-05,0.09856528156842503,3.0669899375376942e-06,4.1172461311566513e-05,0.024655382407316018,0.10980910627123476,0.22237406100659232,0.053791225401278814,LCO,4,1
-20927.56417816114,2.078558038460949,0.01867027282543883,1310.9524410165473,-0.15678503470843808,-1.343214965291562,-0.17599031134615906,0.33717255102902643,1.5757499208511624e-05,4.7873866392368365e-05,2.6970597622352207e-05,5.291948742189693e-05,2.9335426623347566e-05,0.04837334712200622,2.865628661757543e-06,3.4913470205544425e-05,0.007179628418244824,0.41863002981327735,0.296245513179119,0.0391341456614447,LCO,4,22
-752635.9240776114,2.565383463626448,0.06668090994281749,35233.24481666583,-0.5245465955210502,-0.9754534044789498,-0.2403835731852244,0.9882789816273784,1.783692999106683e-05,0.0001892025431126631,1.3513103185451017e-05,5.6380389494820916e-05,1.212642520954745e-05,0.09913527179744393,1.5515782979027974e-05,4.450633001394998e-05,0.024440443035494672,0.06506467269179325,0.5805230440701833,0.044028710052799035,LCO,4,22
-534105.115417499,2.1181644883791355,0.0055951516767119465,55537.584845143734,-0.26506492804938375,-1.2349350719506162,-0.6458680105112872,0.21373137245499607,2.9982892086002025e-05,5.22232502339453e-05,1.5096985247314507e-05,7.785973604298306e-05,1.640462163054211e-05,0.07800109007548026,1.5197517616026702e-06,3.7525616102354935e-05,0.024250215732653704,0.058323020154684546,0.04013849418158506,0.18567047515244328,LFP,4,44
-37339.54891563176,3.0819201665550473,2.4982415705756766,136.3640586264144,-0.8842713588479629,-0.6157286411520371,-0.5198581468695083,0.27864788514224537,1.2366092425588963e-05,0.000146131401440613,1.3726470858027282e-05,4.0293126213906915e-05,2.4119362725232145e-05,0.046554674825017135,1.7842957939295368e-05,2.8725415864335742e-05,0.007069203062652075,0.10403124859324883,0.13506969401762034,0.17104091051962259,LCO,4,2
-174132.3978928348,3.312929227940417,4.557601969108266,649.6689181520691,-1.015155798244061,-0.4848442017559389,-0.33330191141570065,0.20471972944905018,2.4646864558947803e-05,0.000143695052687889,1.1916968305380638e-05,5.37508691731798e-05,1.6580016558182394e-05,0.05321671030898641,3.525766568826985e-06,4.8703900688274354e-05,0.021479826799376656,0.13420427097065496,0.43709450311511366,0.02539931449853078,LFP,4,1
-141189.4590376604,3.1478029643212353,2.177529452594167,1233.4362189790047,-0.7355535785058578,-0.7644464214941422,-0.3166604647430846,0.4506845633048121,1.5353337456641976e-05,0.00023792364324488657,3.3622750358046264e-05,5.119833109297347e-05,2.8070976014875935e-05,0.040479156754656985,1.5163691403599664e-06,4.394483007850095e-05,0.023456659867532943,0.027275638566956383,0.5314322011175743,0.05463169557238476,LCO,4,2
-350523.5746445243,2.5511576332303028,2.425263334006438,1867.9730778583778,-0.4573886652327239,-1.042611334767276,-0.13030719965019666,0.2851083764342264,1.2011056761277374e-05,5.277673912565626e-05,1.518831162175743e-05,6.798548083277382e-05,1.6673853065787095e-05,0.09261048714873688,2.881708660194405e-06,1.5597407760807002e-05,0.020232054552740825,0.12063310959586108,0.19813484909187798,0.4809248416620644,LFP,4,2
-352577.33555122884,2.3254199399809696,0.0800451710764388,4814.341306344469,-0.2898880453146866,-1.2101119546853134,-0.3719598418799812,0.25372748228409037,1.2744805904397392e-05,5.299124938627922e-05,1.421673786520657e-05,5.3673435191375117e-05,2.242256507386673e-05,0.07608845189389117,1.9902738961949215e-05,4.076867463537041e-05,0.0201447387073087,0.09632343395982335,0.41481128686617796,0.04690543729401757,LCO,4,6
-168437.71727710083,2.408786707110439,0.003718362439569643,25863.29596742218,-0.32743342032129874,-1.1725665796787013,-0.519807432154672,0.22034506669107973,2.750785882279645e-05,0.00020840273517398509,2.7767130474466606e-05,7.282602628717365e-05,1.4396935038971491e-05,0.08893531601001718,1.3621357382033313e-05,4.6766716234808834e-05,0.012704992851664161,0.10517199978795279,0.23030655957608037,0.07471400848129492,LFP,4,61
-63965.91167569896,2.1768117953603245,0.03760611609160383,1061.635008016865,-0.07812396289228829,-1.4218760371077117,-0.4399016926635477,0.2637322005770006,2.596399182302974e-05,6.362429416587593e-05,1.2002491464394432e-05,5.388258273226555e-05,1.836928787443851e-05,0.04368867502607792,1.695057470563108e-05,4.77506402561048e-05,0.010938891222948402,0.10695700926118537,0.15670474768210158,0.22643655039316538,LFP,4,8
-464735.0127255578,2.8489208486624444,0.38077047019413857,11194.037491161509,-0.7585204566770809,-0.7414795433229191,-0.7104220099590717,1.329157031984896,1.512412373081987e-05,0.0001935636643927808,1.1587095761881382e-05,5.117138178373704e-05,2.5328988856664716e-05,0.09856250986727569,1.9544741542274797e-05,4.084430033379143e-05,0.022580004019978284,0.12803791994210323,0.05460431632141514,0.03693575377741003,LCO,4,7
-19372.631958648573,2.8199605713074387,0.0618696382225272,170.00205833267358,-0.5545129811407712,-0.9454870188592288,-0.33976153993797154,0.25883844053326044,1.3307501699947079e-05,0.00019624874757516735,1.6406734475929937e-05,5.69182878210455e-05,2.5420193050758756e-05,0.04676174423643126,1.2245782635702748e-06,4.645272286174358e-05,0.005673679480043922,0.14501274344317594,0.052633500854059836,0.39259221576479275,LCO,4,4
-77720.5981962105,2.307776336078287,-0.0024456981203274377,1036.0362329436066,-0.30932386304511894,-1.190676136954881,-0.20550316130981516,0.2703831366269079,1.546701363273513e-05,4.750244990526928e-05,1.647477108781683e-05,4.71897215701226e-05,1.6691948140676594e-05,0.0919280090184976,1.5586088891789518e-05,4.9690869538769446e-05,0.010785372816179323,0.10685191510561806,0.0451138664321398,0.572531057152427,LFP,4,4
-152731.19376095507,2.751968680224274,0.38060310572494904,1621.404267222617,-0.31537318857706076,-1.1846268114229392,-0.5897125947105651,0.23436886843436666,1.3821231752240725e-05,4.86396539233323e-05,1.567422786113038e-05,5.313718701581003e-05,1.242112598069924e-05,0.045827035908692866,1.9575873393106916e-05,4.782071717991975e-05,0.020238510003451986,0.10701758345614203,0.04011592015935297,0.19315390167393995,LFP,4,3
-534159.6017061918,2.097764035219356,0.026470574364447268,19483.25589313042,-0.3064731804045042,-1.1935268195954958,-0.6810721979394844,0.25645738540481294,2.7770286110265572e-05,4.4279583916509465e-05,1.3830708639180823e-05,7.956604826488696e-05,1.984106535543627e-05,0.09323753764188988,1.4781148590326793e-05,4.711615202657959e-05,0.02248836470749169,0.04697962293486768,0.03639928960205485,0.16554888952359315,LFP,4,15
-434966.115964219,2.3804552098632534,0.07160283563124346,11174.530453477611,-0.3609165231927278,-1.1390834768072722,-0.7597461059264524,0.3109044624029532,1.327037858812807e-05,0.00012126513094223843,1.5979535260367256e-05,7.623734602743489e-05,1.2188514341774232e-05,0.09223245231928881,9.879870015805043e-06,4.7296980137937117e-05,0.0215276290056887,0.02802019907965228,0.06981953930261872,0.07241415569127661,LCO,4,8
-172466.8231927881,2.0864245339237755,0.024050221778919606,7739.959421889619,-0.30047694777615597,-1.199523052223844,-0.37590023577519016,0.2863658706800959,2.6939658938508325e-05,4.3869781558493524e-05,2.3340435930336818e-05,0.00013723931541285598,2.37503524810005e-05,0.04897684646250076,1.0255222031342513e-05,4.7988316367360805e-05,0.021518070565698648,0.06653146650170637,0.4424695367093452,0.04509876101375834,LCO,4,13
-35086.49705298163,2.5313750796132513,0.031103753597544564,767.7451820604135,-0.038549960195956245,-1.4614500398040438,-0.5134318766932162,0.331517963911462,1.8196360398727985e-05,6.308358455532283e-05,1.1190599835433107e-05,5.2134234098281964e-05,2.8205018501384915e-05,0.0422564015766011,3.045196637310408e-06,4.871541677429749e-05,0.008768063413805514,0.10734791117469375,0.22251017697155573,0.0867100351605344,LCO,4,9
-289127.08773838927,2.6657411718724697,0.8821861593455463,1581.256359890917,-0.6108335019629063,-0.8891664980370937,-0.37386658872392375,0.20956702061877142,1.269340097163607e-05,8.834692381371229e-05,1.2646037861043187e-05,5.364819307891329e-05,2.5251555920592833e-05,0.0901988892566307,1.3025807832385151e-05,4.197414531952814e-05,0.018113559623382132,0.09663197587114367,0.4130453919923995,0.04645604341253321,LCO,4,2
-428970.2737377772,2.9184943575874147,3.462305029812948,6401.81655310853,-0.5518842338571623,-0.9481157661428377,-0.8736911399695398,1.2125300789724713,1.4155428052294142e-05,9.740542928194092e-05,1.5921125533374933e-05,6.794081504648273e-05,2.4047658782483973e-05,0.09875083579890434,2.990977898263357e-06,3.605290232455905e-05,0.020109638020574784,0.01067849414560359,0.021136345472566015,0.02449402041229064,LCO,4,5
-398250.23978369345,2.83757022449477,2.394200406539242,3500.1769753712306,-0.7651110145018496,-0.7348889854981504,-0.6298335791509291,0.3068202516656987,2.7807435248599538e-05,8.922926097236099e-05,1.2656611724804877e-05,5.3644893752941315e-05,2.5306506608634527e-05,0.09198011430690654,1.882218914645413e-05,4.952234601562185e-05,0.021518842979587338,0.09176568852414965,0.15017235801484918,0.058228374310072176,LCO,4,3
-536597.7614898433,2.4477033056724777,0.0425231607337019,11874.062803269588,-0.40936350913578323,-1.0906364908642168,-0.5288796896741608,0.2277798604741341,1.3160858118867118e-05,0.00012153311812033825,1.177325676403807e-05,6.741636084591377e-05,2.9834502552341212e-05,0.09423629457941035,1.5081459072268593e-05,4.397232757298009e-05,0.0220067842157877,0.12686439204902247,0.15324865150787484,0.12100726676894197,LCO,4,9
-16256.187168996341,2.37232687679772,0.036846111312968555,218.75341399020306,-0.12507395466444038,-1.3749260453355596,-0.6778938142338371,0.2672981155666035,1.665794597200622e-05,6.313144473690816e-05,1.1815574438000806e-05,7.544235503020196e-05,1.585637858983712e-05,0.056872995531026226,1.8947564668618667e-05,4.776355925275992e-05,0.0040151748474974505,0.031551877754888866,0.1705226563625558,0.050031651648718214,LCO,4,8
-358121.4806462237,3.324756663808781,7.409731378048231,1583.60781679473,-0.9156388471550176,-0.5843611528449824,-0.643429823222043,0.33817037935053856,1.2574574407174254e-05,0.00018247947702750865,1.0062436518053e-05,4.148999862832883e-05,1.510907368440991e-05,0.09985307640948682,2.4673430267820965e-06,4.1283736561162395e-05,0.02247175378378273,0.013404262136938072,0.2215874378470176,0.05157847679400142,LCO,4,1
-18575.109610490086,2.5879337233137463,3.7550887532061776,104.17668439781261,-0.7052619496018515,-0.7947380503981485,-0.4203703159247283,0.2766469989615822,2.611128350953181e-05,5.704991438177844e-05,1.4380024410171402e-05,4.0905959945311834e-05,2.6486700610438395e-05,0.04378197270452987,1.5666511943431754e-05,2.329427518736485e-05,0.006982132761896817,0.34625386646722633,0.13098057687524578,0.03239524073279963,LCO,4,2
-48992.92129455916,2.312646131889446,0.22409708484099203,946.0210167898493,-0.2945523934797514,-1.2054476065202486,-0.5925975018097935,0.28822437700018166,2.412633232552095e-05,4.740435349951158e-05,1.256983840097125e-05,4.047096497483301e-05,2.9918935795104764e-05,0.09512402988116553,2.662418868173715e-06,3.278132300364122e-05,0.008213040879885725,0.0967828901412786,0.1555325810565676,0.08508702699236025,LFP,4,6
-39677.36134454545,2.76155780252632,1.2091145187823744,154.0140266493215,-0.8591055213638583,-0.6408944786361417,-0.3775414525975206,0.2876152803355933,1.3708399425319125e-05,0.00012525837319410257,1.250103927868252e-05,5.700090833524218e-05,2.3595649146302098e-05,0.04654620690220552,1.4810956238695105e-05,4.6655500016175416e-05,0.007733633922276293,0.10386109184528915,0.05209559824843938,0.39650185730875087,LCO,4,2
-12186.273039394157,2.473664484969652,0.07506691692419754,181.8741786585445,-0.5659324530110439,-0.9340675469889561,-0.48362253482528245,0.20920992562249127,1.6706671773976164e-05,0.0001460388626856726,1.1772503726209553e-05,6.446101262882879e-05,1.5639028927821917e-05,0.04115931126113788,1.3248665139916702e-05,4.954893011606646e-05,0.004320504931581546,0.17147214449826115,0.1526859816515657,0.12221933902489074,LCO,4,8
-341849.25560706155,3.261018200460752,3.8372106702771207,1361.079458866309,-1.0594767457408008,-0.44052325425919925,-0.644893004568092,0.2561829987935338,1.4839028981010183e-05,0.00023011685568139614,1.8225476986665815e-05,7.955377093847207e-05,1.531533274466904e-05,0.0839852146153733,1.7433055017354385e-05,3.8120861947336024e-05,0.022516192933544246,0.013012236955868457,0.25655123580549816,0.015543522670541484,LCO,4,1
-28597.72391958777,2.3971906989875382,0.053437827085047136,330.7381311134157,-0.23576922067005945,-1.2642307793299405,-0.31829732096571217,0.2845324904980166,1.4040909462644206e-05,6.317383999466595e-05,1.424769938545629e-05,5.209657800195487e-05,2.371140902126494e-05,0.04909734067352138,2.744412653828535e-06,4.8735291689898025e-05,0.006152836715452021,0.06415613227841802,0.44270113603868455,0.10484541071718534,LCO,4,7
-32709.044792465593,2.2952154138946934,0.32832294151017466,590.2426372656104,-0.6300676457420824,-0.8699323542579176,-0.5086152056426467,1.3347447663170013,1.5064428371800317e-05,6.117243608444715e-05,1.3979763339295076e-05,5.1166530273748154e-05,2.397040269380307e-05,0.04221045417213897,1.2741159516324363e-05,4.0772053077149814e-05,0.008602865186769823,0.09789152736222892,0.3025951334805242,0.020898133514600188,LCO,4,7
-662869.7113225304,2.6573036128434593,0.12396176371758465,20645.16542099399,-0.5606598266157334,-0.9393401733842666,-0.23560938200523418,0.9940306466876633,2.6987468270313538e-05,0.0001891727980874002,1.2921545578470026e-05,5.638025722082045e-05,1.2141146112836505e-05,0.0874831989415926,1.5454100159770677e-05,4.425805957535208e-05,0.024440116639552905,0.08817329977016844,0.5701073947682161,0.03610992345638129,LCO,4,15
-57954.698832081034,2.095674614075984,0.008383800073995295,3692.194115428875,-0.2380345277550049,-1.2619654722449951,-0.2056218442142007,0.2880035433133733,1.2520764814849358e-05,4.459448467832983e-05,1.406286686713959e-05,5.4365779852211154e-05,2.6917648419383213e-05,0.08293731624738719,1.9495224715995068e-05,4.6441321386300254e-05,0.007034821576503032,0.3142341801785611,0.3826571605041512,0.027486815103087075,LFP,4,38
-102903.3883062184,2.6067662225561987,0.004037687403768463,16975.451439590383,-0.3397446639030903,-1.1602553360969097,-0.48785991017492575,0.38345101668612325,2.5266981989099805e-05,0.00019939365084405483,2.9500853097466515e-05,4.730388204334272e-05,2.9675517999321113e-05,0.07351254603722533,8.525222105212921e-06,3.176423252433996e-05,0.00952575998957229,0.025310874384136157,0.37978516341967117,0.037044052021266996,LCO,4,90
-370898.52707874787,2.3281291826595867,0.003863713896906066,66805.1881467237,-0.31687137506029117,-1.1831286249397088,-0.3171148210729039,0.2166069147891717,2.7344927907177542e-05,0.00024684210430593763,1.0891032608750533e-05,0.00012163894676410974,1.4252164422299206e-05,0.05867410380435187,1.1882581192317135e-05,4.931256993547064e-05,0.02457358272868501,0.06694795960500882,0.5308169051364787,0.01512031418560865,LFP,4,68
-127008.18617437028,2.238366825730152,0.003915201137264917,41597.37355532114,-0.24784770628719954,-1.2521522937128005,-0.5159623557529469,0.2631249843000313,2.8579529821918402e-05,8.798156583489808e-05,4.307913576726131e-05,5.4290888498597616e-05,1.7960904813126713e-05,0.04037299037893355,8.510280062096237e-06,4.4276334309358206e-05,0.019360145151025916,0.33919825516246715,0.030803585858659346,0.04403580322592658,LCO,4,98
-435526.28193414456,2.2988105740430744,0.0033336395954023114,122006.48150063829,-0.3155578264957626,-1.1844421735042374,-0.40446772411204546,0.30426143374028086,2.7164055078041743e-05,0.00018874160211107037,2.243197217425088e-05,9.386024747463703e-05,1.3197171548457188e-05,0.0842493957150162,2.8041193094982168e-06,4.6146938031346136e-05,0.02408447333460261,0.27778774044854654,0.2201777334041575,0.0275668020352505,LFP,4,88
-433716.15032066015,2.5204557172009703,0.0025165274861314183,91822.71913891063,-0.33109912420830234,-1.1689008757916977,-0.3675070164876485,0.2171569506570356,2.7170497579303497e-05,0.00022095544377728548,2.7115733061663333e-05,6.011068977306223e-05,1.2180722902973414e-05,0.0572520025305764,1.8549065027902667e-05,4.1620519353983726e-05,0.02457470660472779,0.02130614543243325,0.5306480470264375,0.010538791053480712,LFP,4,95
-465324.44075725443,2.48074192969769,0.008462154918462124,54701.60400033687,-0.3083510348958267,-1.1916489651041733,-0.48082363876834344,0.35132077268060635,2.7985078353888818e-05,0.0001824870108904622,2.2328085444736204e-05,4.672731494579624e-05,2.9545759245034603e-05,0.08209467359360316,7.148400545899346e-06,4.910873109786892e-05,0.023334437118713625,0.27628335662444997,0.1279615718256731,0.044931432781533526,LCO,4,43
-153455.30825834558,2.332259682322868,0.017655526634355365,7083.544582087023,-0.367188035586441,-1.132811964413559,-0.20682584630911616,0.289487069383677,2.728396860239369e-05,0.00024740809380172237,1.1107097478872724e-05,0.0001224052810463313,1.4227032353256018e-05,0.04192709721006814,1.0004571604276703e-05,4.939245503690232e-05,0.01784221603764233,0.06594028336161013,0.5526523716984377,0.10458149863083599,LFP,4,20
-344499.0949074974,2.2199232216136853,0.003707017442600934,97258.86221025024,-0.28768278358766075,-1.2123172164123392,-0.7466211566585392,0.3160375451500103,2.7479045302291712e-05,0.0001653857152848018,2.1235515342454944e-05,0.00014813684698444752,2.2759364756169618e-05,0.06593198292089397,3.4485098740435008e-06,3.902014560626207e-05,0.024209297603411103,0.04243330249983098,0.06454222185305919,0.07640331898857064,LCO,4,79
-586751.8103994251,2.360996857492313,0.10374579034141718,11616.837450887095,-0.19083502149432796,-1.309164978505672,-0.43607442320989004,0.514430633918914,1.2407073915557162e-05,0.00010514018379837676,2.2539946453258602e-05,5.0561218958637706e-05,2.9484666573090044e-05,0.09705941872452116,1.1613465372887562e-05,4.537480645705573e-05,0.02335757500281489,0.03258131258443698,0.42560094603289333,0.03574331817277969,LCO,4,8
-489135.37212143635,2.5352064095582763,0.002324633530841571,104507.79348912458,-0.33283877897130765,-1.1671612210286924,-0.31849798515922345,0.250090568496693,2.7301539823856702e-05,0.0002215859451505117,2.7182425444672315e-05,6.282880864251154e-05,1.4407300011932075e-05,0.06441935010359437,8.657680082583851e-06,3.801666345172303e-05,0.024986213129021134,0.06703183504854845,0.530645508612918,0.013824671179310083,LFP,4,95
-523676.078718058,2.209432096131353,0.005381631612182684,84401.18706559083,-0.3286636305909276,-1.1713363694090724,-0.38471651463936907,0.25679753978810865,2.762764623072983e-05,0.000154571590110146,2.1620337581251296e-05,0.00014915918213303614,1.513849610979883e-05,0.08991157349235791,1.7600211902291728e-05,3.58746942940631e-05,0.02421226085414544,0.042262141960823375,0.4891015001437704,0.013919843256037217,LFP,4,57
-686995.127479748,2.377811361228854,0.007279526179183884,56020.26967291216,-0.3393275040723758,-1.1606724959276242,-0.3805027003246365,0.2320237102581018,2.7534335540347265e-05,0.00011398971938506235,1.8073102779577913e-05,5.758997256478742e-05,1.3147171843356823e-05,0.0899709732478972,1.04974678289874e-05,3.203420486376761e-05,0.02421650610352399,0.05880745188417341,0.4738811237839684,0.01680872400722172,LFP,4,40
-449019.8837445246,2.222320171118503,0.0027531964914604113,127856.42044808132,-0.33954492199221775,-1.1604550780077822,-0.1093863559401741,0.2785785070940212,2.3889374242479415e-05,0.0001129198781658785,3.6990927124251784e-05,6.666903816804215e-05,2.7832600353724952e-05,0.0978845944829102,1.036696998895187e-05,4.2787678006737697e-05,0.024230008288812433,0.37673135567806765,0.023518177004497598,0.42036411137726076,LFP,4,93
-508406.1038009461,2.367682480167163,0.07984138217729793,24399.858866014365,-0.42001772328849896,-1.079982276711501,-0.2722861932427053,0.5278254759218077,2.7508812064256654e-05,0.0002473676114735798,1.2925157813478867e-05,0.00014722474929653373,1.2617267271288483e-05,0.09934719118818197,1.0205484772089512e-05,4.9357237298341535e-05,0.024438139104885494,0.05718748896038443,0.5854576293176698,0.015068688479240635,LFP,4,15
-435031.28641290404,2.233708247578899,0.0034131063297278496,127900.4244922681,-0.32271122931173046,-1.1772887706882695,-0.3770125478917993,0.3538243982795646,1.5307993931496397e-05,0.00010940907403603323,1.0656538120021334e-05,9.62312572831464e-05,1.395152191931857e-05,0.0975669375715923,1.8068173817465298e-05,3.2939931665998396e-05,0.021632368580849517,0.08572408212662835,0.32427727457531474,0.14298609540625762,LCO,4,99
-530185.9527518968,2.2848703824053604,0.003302450787799202,163254.0584230002,-0.30640076533124727,-1.1935992346687527,-0.5218604681243326,0.35249768317970837,2.9312738200670452e-05,8.766719047156276e-05,4.594417154477192e-05,5.427494482358453e-05,1.7870378181206413e-05,0.09608364075997572,6.546662035555692e-06,4.488223276958591e-05,0.0249220149180339,0.24485098758986637,0.022442531956577187,0.14084601232922392,LCO,4,98
-89900.78360703975,2.5583610254773905,1.7777712684014289,1675.0305654511315,-0.716152889422764,-0.783847110577236,-0.15217026280070634,0.4474399175478096,2.9619761370348497e-05,0.00012936437628764078,3.840996659018776e-05,0.00012695423067208856,1.9586105416572846e-05,0.08927971656243883,9.199664914866791e-07,4.775851024806271e-05,0.015773882267648934,0.07569513657598158,0.5960049393940784,0.10612966122923372,LFP,4,3
-436086.40542717214,2.6016796699298768,0.004039687215202096,88374.77049272631,-0.2990853874990993,-1.2009146125009007,-0.4570091601016284,0.38483401490513464,2.5144915106287258e-05,0.00019900452912047082,3.804194323443144e-05,4.584594538316527e-05,2.9924874566879162e-05,0.07366036144018358,6.9745606943213135e-06,2.3762801429244786e-05,0.02169938599147946,0.08096198765068349,0.3770306123409125,0.01499823990677562,LFP,4,91
-111921.95386741112,2.0631401153706834,0.005202909021558644,58772.46478421302,-0.268509570630977,-1.231490429369023,-0.5411285021870278,0.3813885050124521,2.920914926283365e-05,4.3605641115875734e-05,2.222273019121424e-05,0.00011195182568072079,2.8351594009498612e-05,0.06806863443767294,2.8410228581742572e-06,4.211212626202871e-05,0.018551952151386414,0.03797596187023809,0.3091604014387585,0.04173513450397557,LFP,4,94
-282109.2703475321,2.506329372614966,0.003562692799854349,72014.28975957524,-0.2999362661875189,-1.200063733812481,-0.29018474409493,0.3614077820401382,1.2756693091676871e-05,0.00023928898218512725,3.407036058832445e-05,6.077180882971401e-05,1.3915038131810897e-05,0.0412660524722006,1.3235114573159646e-05,4.4424440292830495e-05,0.024900449665322108,0.06780716075943569,0.5357786032708038,0.03622949187483046,LCO,4,99
-223588.09375682668,2.0696151142320343,0.004363390522094125,105417.5474810428,-0.29692761345493146,-1.2030723865450685,-0.1915676742766359,0.36715977528689836,2.1867876448229712e-05,8.664997317274064e-05,1.1728727402989913e-05,0.00012815085944749621,2.4110567171365718e-05,0.08248062619771368,1.0331064319966116e-05,4.284723629187251e-05,0.024478637991075577,0.4996062533963498,0.22877570665571698,0.010050365671297367,LFP,4,85
-232163.73076617927,2.6304305329046693,0.014079239676490114,20628.102234070117,-0.3664723799025573,-1.1335276200974427,-0.6449628492731874,0.3823107383339192,2.9661708817050284e-05,0.00024856583589340106,4.8978683813229285e-05,6.492884908748444e-05,2.466042881212525e-05,0.057153803164701374,8.75137508574697e-07,2.34581796101222e-05,0.020485826159596765,0.012289447090447502,0.2579621379934922,0.014785565642872898,LCO,4,28
-28149.746726531856,2.2743739476702527,0.005256775962539787,6277.610415372084,-0.31999258815570286,-1.1800074118442971,-0.8346647731995869,0.33765564518892305,2.8145410266591346e-05,0.00019979307734798287,1.1700709482175608e-05,0.0001453804440631235,1.6798639939988147e-05,0.09994123478374492,1.5433608691172382e-05,4.250283667373354e-05,0.00535288656375082,0.01967075509397466,0.011692882226012918,0.06397158948042556,LFP,4,66
-64416.69733851248,2.2455379527670956,0.005093857805077048,10923.266247524698,-0.2438093896716964,-1.2561906103283036,-0.39298271510960836,0.38768790033551653,2.2351176608719287e-05,8.868383577731613e-05,2.0244521729262025e-05,6.303138087012641e-05,1.8099364031068758e-05,0.0851972613196224,1.892950941724239e-05,4.232126639023181e-05,0.007131733487115596,0.08700401735985641,0.43639740559800866,0.013615861932526578,LFP,4,95
-144623.01517772983,2.7908712133429137,5.741350128978265,2246.511525756338,-0.6590416415964544,-0.8409583584035456,-0.03734022056054276,0.24523367890865805,2.9252144108839398e-05,6.624786849851218e-05,4.4096745740158515e-05,5.463154965303618e-05,1.7295821155820278e-05,0.05504785973894223,2.37948403720451e-06,4.416524476398829e-05,0.024244488381247133,0.4872492806808285,0.36946763211134503,0.03594286664728369,LCO,4,3
-323977.04388677294,2.1421007705606177,0.004536122128906184,66524.23828976262,-0.28549139533661716,-1.2145086046633828,-0.25824425148665975,0.348776336347952,2.7141166755117598e-05,4.8655077910990865e-05,4.344643076149353e-05,4.333832267630491e-05,1.3775575802749025e-05,0.05868011247897639,8.513851319057956e-06,4.363053467053202e-05,0.02414181730499208,0.3397800846877609,0.30476511350351165,0.02721055032206777,LCO,4,79
-404387.07452423015,2.192713310570507,0.007040907353084801,30459.042374995388,-0.3802622943574363,-1.1197377056425637,-0.7821989020234505,0.2527798195812495,2.993611052495668e-05,5.2331701599171275e-05,1.5132799906351655e-05,4.077091331635656e-05,2.395824136547082e-05,0.0457224488652746,3.3101335021921207e-06,4.147397892444127e-05,0.02423779330704382,0.058711939270016424,0.012280994710991505,0.07680816399554154,LCO,4,43
-331051.2019369256,2.3232208134824823,0.0031475700091512316,94254.16018585608,-0.31805213741698957,-1.1819478625830104,-0.3061018097924354,0.20690849564798586,2.3987931302251848e-05,0.00023670939816384493,2.182970137003247e-05,0.00012730048633075394,1.219103478984986e-05,0.08377314811086861,3.2730595284971683e-06,4.471967805010321e-05,0.020381652664276852,0.011306154659085306,0.5977991837047554,0.014792851843723916,LFP,4,97
-90951.97919622672,2.2363151728625548,0.0023386420116567517,31276.61398712478,-0.34091407642526406,-1.159085923574736,-0.39347704929527927,0.2420458689335836,2.7425500605060026e-05,0.00020230740820930817,2.1273406085237527e-05,9.001217935525938e-05,2.2898792846149837e-05,0.041186945593730054,1.0153468791830088e-05,4.681307434337304e-05,0.017105081410381008,0.4620712074081259,0.016574512176387012,0.057877231120207824,LCO,4,89
-242659.7178367632,2.2536081540392905,0.15397823254758589,8869.51380301707,-0.2330773683781704,-1.2669226316218296,-0.19131583012481146,0.516868878151606,2.2315421786622995e-05,0.00010526751881580985,2.2836556496237536e-05,0.00013671328381127928,2.1635104955657296e-05,0.08236560225731639,1.0325784375811346e-05,4.1663152324166454e-05,0.02451549356438298,0.2027776848563224,0.5153270941904694,0.020579390828396816,LFP,4,7
-281882.6121013335,2.32114617069562,0.003047626528850735,94196.11923245213,-0.3233968610003224,-1.1766031389996776,-0.29908666040924825,0.34183886989797196,2.7171147031586716e-05,0.00022184669344849997,3.746774593714948e-05,0.0001404270363619614,1.742323162608024e-05,0.05719884950517587,3.635409311891235e-06,4.162799712243474e-05,0.024992173356563674,0.06147976456910021,0.5340124313447436,0.03542114367690796,LCO,4,95
-362622.58645165636,2.51078073690118,0.0030325910231387325,87988.21002557044,-0.3002985734804984,-1.1997014265195016,-0.7415771699947655,0.29435990729563666,2.7561190879830465e-05,0.00024770460586323514,1.3999839295507106e-05,5.644905507069231e-05,2.2289013874861095e-05,0.04936043666490848,1.193557841919231e-05,4.612584966216431e-05,0.02385001671322587,0.033074927788579185,0.051967946174450635,0.10337995604220464,LCO,4,99
-549318.2672974911,2.3374338183270758,0.010754658213973032,34720.687693218446,-0.3158189777223921,-1.184181022277608,-0.3420612081293676,0.20819550468515738,2.7439167264411624e-05,0.00010489672161578809,2.713366731986167e-05,4.62159778705431e-05,2.9778791327863136e-05,0.08834809209335857,1.1441522037593283e-05,4.539035762897747e-05,0.024591670180761773,0.021102691820288035,0.5307537160425705,0.03608238400777395,LCO,4,26
-665559.3466851668,2.5880128077924143,0.010679937793915576,53177.501542891856,-0.3979232952101661,-1.1020767047898339,-0.3977722401568793,0.40720851640341243,2.753413175063119e-05,0.00018301304661529278,1.8028503541931046e-05,4.657311012111471e-05,2.9669336303758384e-05,0.09345232308483771,5.7340468172430506e-06,2.402623000259969e-05,0.02333428631585422,0.03351658580901498,0.48215408423784567,0.016557089796260187,LCO,4,39
-491183.1114462395,2.4022524198755373,0.02207725101870611,29466.187283041374,-0.35281141264511007,-1.14718858735489,-0.373121425128787,0.2888420595988469,2.753479886575293e-05,0.00018327933831305463,1.0989979351068057e-05,0.00014820316362292528,1.6955368585144417e-05,0.09386824088228733,1.0078276841304617e-05,2.371856276337312e-05,0.02367819282534558,0.03308336509868841,0.4814872262890504,0.042307983483474323,LFP,4,20
-335403.3581040702,2.3719692769743244,0.005913643899402697,41947.916770513744,-0.3493334336081144,-1.1506665663918856,-0.32285984501713527,0.3509411254740025,2.557840315343976e-05,0.00015602859203133065,1.578241329322043e-05,6.732661934971019e-05,1.3865724063926961e-05,0.0403059948385775,1.6057462460908312e-05,4.9259538055063324e-05,0.02267218361491532,0.06517899133177295,0.4929195551913197,0.04904160845977214,LCO,4,75
-286804.01856442075,2.3358315391269353,0.002722796872847615,83415.37856266659,-0.2958329961924768,-1.2041670038075232,-0.7349319080521672,0.2565723351471832,2.7630724612058593e-05,0.00024920708542734243,1.39011032318797e-05,0.00011383921526917468,1.5027193997648214e-05,0.046413717501702506,9.35797008735519e-06,4.929017855452426e-05,0.023677555876830195,0.04227112285748995,0.04760578093980189,0.10519118815054104,LFP,4,99
-424973.68200348306,2.2804958419331007,0.0033958664088968755,84168.1049591689,-0.32257578334566084,-1.1774242166543392,-0.3344657017623852,0.33638879013761647,2.494910056129295e-05,0.0001357109499294156,1.5016400207631151e-05,7.691985450920805e-05,2.9339549612406888e-05,0.07314908578845597,6.9656613505517105e-06,4.1489909538545135e-05,0.02125283464122505,0.0810536179729248,0.49323511297752104,0.021245567287168924,LFP,4,98
-79020.08673761816,2.588872540371158,0.014893169870904959,4678.528470690003,-0.42083518971726974,-1.0791648102827303,-0.5325851103911727,0.3607294895487123,1.32849485239173e-05,0.0002431229844035872,3.535122014866089e-05,5.027000190928558e-05,1.255825610708191e-05,0.0761095922041443,2.8371704638824193e-06,3.847936529411382e-05,0.008553814299760445,0.040255147335413084,0.3165045063319435,0.04065523594147079,LCO,4,27
-532367.9803918041,2.2389826854701287,0.005170930373880699,66748.70815769528,-0.3424515838525277,-1.1575484161474723,-0.7730393928153105,0.2805059928257231,2.86433783510547e-05,7.072530632236842e-05,1.534088746666311e-05,6.402985163310149e-05,1.4358083188135505e-05,0.07504477986789355,2.701157512719557e-06,3.46797181009711e-05,0.02397837183610872,0.08038288823187731,0.014962523512121718,0.06161519544069055,LFP,4,53
-326813.07992846693,2.470258976010759,0.0023325539325688683,66959.53555575192,-0.3518741122485203,-1.1481258877514797,-0.35654509506933507,0.23407005607507025,1.5285119637966858e-05,0.00022482884829059813,1.33904320321422e-05,5.079559456749754e-05,1.6237189626149913e-05,0.0909796193394151,2.096412389307881e-06,4.485147648080655e-05,0.01691017317204823,0.3188435171415006,0.08152297828383781,0.1730884095053265,LCO,4,87
-226524.0723485155,2.2179030041866876,0.0029666707125659605,65873.95627854447,-0.322185511798045,-1.177814488201955,-0.3038526964057474,0.2693812881684061,1.8289647297460445e-05,0.00016691722212763848,5.7137213462068326e-05,0.00012392822653799538,2.9686017076124172e-05,0.04658492597626912,1.870763670090233e-05,4.2594908285733266e-05,0.02440444172478964,0.20552588977937059,0.07582489600267747,0.3447965178122046,LCO,4,85
-44429.850029958485,2.5894468458991207,0.024519330691369145,3971.280866185898,-0.3795694815725419,-1.120430518427458,-0.40881673396067186,0.5551377320482769,2.613800143466477e-05,0.0002343763425281089,1.3176350941439761e-05,0.0001456912985210136,1.819436002149966e-05,0.07377726895804511,1.3790791866453279e-05,1.8133378089846856e-05,0.008539481410075704,0.23839091851995078,0.11204331602018258,0.17074903149919485,LCO,4,25
-86985.01426057791,2.0922716977596414,0.004331665189821299,18440.707737262135,-0.3192426245808342,-1.1807573754191658,-0.3352518890076711,0.2659322903034062,2.8983698147934988e-05,8.697203291928724e-05,1.2003704963249841e-05,0.00010758729719408198,1.5130717167018159e-05,0.041321133386213404,8.009805175178393e-06,4.4322456771142096e-05,0.017111681613663464,0.34235034602262815,0.19437080255824316,0.058026962411457675,LCO,4,57
-33598.428113907416,2.5052722320581418,0.005275622517498524,3438.632330232394,-0.2876482964960214,-1.2123517035039786,-0.5283382792419544,0.3913944475769285,2.87741002589303e-05,0.00024203399045412774,1.1753626651330108e-05,5.312680992057842e-05,1.5425931542241e-05,0.09137507320615135,1.44852090711191e-05,4.3852355650005675e-05,0.004057726328621173,0.27619079066211505,0.0814078652099464,0.04406306488598419,LCO,4,75
-494510.0155366943,2.555124278075139,0.013563680449422999,38901.11060076743,-0.41957873773309373,-1.0804212622669063,-0.6172939778256596,0.36397824461135025,2.9811982188230774e-05,0.00021421183918674696,1.94832246889151e-05,4.7936813409356374e-05,1.2721589707444203e-05,0.09749214037369651,6.90726986421673e-06,4.1361783148765326e-05,0.021302572429045808,0.04441489793189125,0.21927637236288705,0.049014751879562155,LCO,4,29
-678279.4650462989,2.5443468857363385,0.004454197247618446,102276.31143922864,-0.433844240680898,-1.066155759319102,-0.7373550887464719,0.22735601747642264,2.9772146598902023e-05,0.00024634423107647806,1.1010483602829002e-05,5.3200391838924066e-05,1.4886894736285329e-05,0.09868722537805952,1.9365000284767363e-05,1.8762708647805727e-05,0.022721744727471297,0.058051199542372145,0.09030084384702484,0.044292867864131065,LCO,4,63
-249001.90303165358,2.196541769566983,0.011526005862560177,18775.630197632658,-0.3595267646772804,-1.1404732353227196,-0.005907942162674984,0.28784292944365,1.243466695328488e-05,0.00012533269785696603,2.1462336031719217e-05,0.0001145148723792639,1.81979646357451e-05,0.043957405492276246,1.2121982531901367e-05,4.885359033738742e-05,0.02496998526164273,0.3106739022906999,0.5826346460812035,0.030783509465421615,LFP,4,28
-290763.1753111272,2.3678804645386053,0.003296162839205568,64448.95892207683,-0.3353251854477044,-1.1646748145522956,-0.313029017358306,0.20130052839360674,2.7188141313317172e-05,0.00020271192054717145,4.912487710448204e-05,8.14784697374513e-05,1.943614749607996e-05,0.09951223283869601,1.648624847384262e-05,4.8787938629249946e-05,0.019079282594304033,0.17955394265577265,0.38618042270431785,0.05123661728160356,LCO,4,64
-136987.0676498175,2.145480261607468,0.005198927679836908,52859.1604615141,-0.3079296290950815,-1.1920703709049185,-0.18603013015313818,0.36173033092953966,2.938858546912277e-05,7.329623244792039e-05,5.57029246434811e-05,6.461329995568173e-05,2.2705306392663892e-05,0.08868897556941785,1.2295053953399037e-05,4.256612680635903e-05,0.018798324864085378,0.5161092460931409,0.14620132552913567,0.08165929822458533,LCO,4,68
-21390.81601150895,2.2542153658789528,0.045408172079161785,1913.30389442107,-0.4203238125816,-1.0796761874184,-0.7096116042859997,0.46816737733107466,2.9940432322948777e-05,0.00012060186040732264,6.032951792537064e-05,9.982528739034527e-05,1.3879237036817633e-05,0.050707823049427315,1.885873696600015e-05,4.485466591445011e-05,0.007763819714003518,0.09804864619377991,0.05796337479760744,0.06437637472261303,LCO,4,20
-360463.08109109616,2.4257414943938795,0.037710756508649766,11490.13913118692,-0.6145488204846856,-0.8854511795153144,-0.4385078242035508,0.27428594847144455,2.9545687308065065e-05,0.00011114710000538461,2.1650633454058008e-05,6.774535113383559e-05,1.5437474147934993e-05,0.09131958352181585,1.215607862855636e-05,4.5642686297149266e-05,0.021572342060078117,0.19995161802575295,0.2569633972982166,0.03457716047247972,LFP,4,10
-11076.622058474359,2.1676978304081107,0.007246354447637011,1369.9790330163073,-0.34243788078496173,-1.1575621192150383,-0.30918192283767965,0.3163706041376347,2.4934020128580655e-05,4.555621441621902e-05,1.5313127746918157e-05,5.045748662442353e-05,1.624105152232486e-05,0.04569122064770813,4.842956477240249e-06,4.545137682654105e-05,0.005347747797737591,0.05173524123729624,0.5572089134982641,0.011873922426760115,LCO,4,44
-425585.60757035034,2.659840783270706,0.04470292437449854,10079.035442418348,-0.561892130146191,-0.938107869853809,-0.5121782774245047,0.35843306839969574,1.6913874299904547e-05,0.00024315238863174233,1.601956614016461e-05,5.01733479300487e-05,1.5445337557827704e-05,0.09826852011516189,3.003719678130258e-06,3.838481871942623e-05,0.02199374518594615,0.04275872737308904,0.3347112076959203,0.040351787506485964,LCO,4,7
-459889.0658304994,2.113709029670169,0.03101949062893616,17228.54515779033,-0.28597223410534944,-1.2140277658946506,-0.7428422578144007,0.2798164003957662,2.8659957891405706e-05,5.9310385680416e-05,1.0721970443666301e-05,6.80896792745567e-05,2.9834224930336e-05,0.08119382731571853,2.444943017709799e-06,3.8779630246462816e-05,0.024453457563040928,0.1293918459304763,0.01499895891425994,0.04276693734086305,LCO,4,13
-277447.5599590757,2.127035880326121,0.029325707479986005,15838.391187189434,-0.3769193728057729,-1.123080627194227,-0.7553211247922251,0.2569854728953366,2.7764499050040967e-05,7.320487456009295e-05,1.3898959280423543e-05,0.00013519551626997654,1.8714357949218532e-05,0.07559930473213401,1.465116210006978e-05,4.657527810477259e-05,0.0213573856011177,0.03914281526462093,0.019100674624959648,0.11643538531819433,LFP,4,15
-668534.0884363999,2.1578008653656586,0.009152008098151667,52083.33255668576,-0.28225198421526443,-1.2177480157847356,-0.6325579081990703,0.2792547576757562,2.9315412177263203e-05,5.2978420809924063e-05,1.5722018953614543e-05,5.8882233074631735e-05,1.3582553983738477e-05,0.0958800663860807,2.976314118360653e-06,3.469550655664823e-05,0.024304881637777612,0.09098914594892048,0.01455211594737886,0.19190082990463037,LFP,4,34
-498449.4623807166,2.197242564005472,0.005091480083327694,73078.200822418,-0.3547892707256324,-1.1452107292743676,-0.16964119174767245,0.37446809588318675,2.4483425692182692e-05,5.931557945659544e-05,1.0621267406424796e-05,4.6509449830462814e-05,1.3141200390321026e-05,0.09701011040722547,6.768159604569678e-07,4.625764791021946e-05,0.020825737436687662,0.036761037739744484,0.18440357430381907,0.5391941962087641,LCO,4,75
-404280.7205158979,2.1730293621011656,0.006954388029259919,34839.7382078661,-0.35345776635262993,-1.14654223364737,-0.33251579619790983,0.3193033225715829,2.377382577399998e-05,4.518299825475078e-05,1.383141301380136e-05,4.397059132636191e-05,1.628428477124532e-05,0.09293696172557392,4.752951106414616e-06,4.53490674403769e-05,0.018916445565158556,0.044448431000771116,0.541509353991343,0.011526418809976097,LCO,4,44
-109343.09531564296,2.590344211833439,0.018328540338309687,5349.850125514599,-0.40491947266201045,-1.0950805273379896,-0.5366307463025606,0.2954887842072135,1.5738464572220795e-05,0.00024942310655121834,4.311751705945115e-05,5.018853524060816e-05,1.3173270459466923e-05,0.07927240608337548,4.965866692476655e-06,3.5432317716450244e-05,0.00994663275810362,0.03497851594426175,0.3042055143296775,0.054185223423500184,LCO,4,22
-454312.1229080843,2.1126343547295696,0.005652267113420872,41586.71255816389,-0.3063538990229464,-1.1936461009770536,-0.3269826266468904,0.27403582159765516,2.9668072802172712e-05,6.0232427744647376e-05,2.1776976693650926e-05,7.172969617083755e-05,1.3133315636756174e-05,0.08575482890993699,4.796806186055089e-06,4.6313156196145667e-05,0.02160851612342779,0.20219555187505533,0.3193072913648166,0.08151453011323777,LCO,4,41
-97512.24885696742,2.170460017155317,0.007609887044535816,19764.606470277642,-0.3692136079306856,-1.1307863920693144,-0.144994988029027,0.22955952835422871,2.9347835070183096e-05,0.0001926537044776163,3.662894678948077e-05,0.00012829673390303054,1.7738307151802966e-05,0.05223238335312104,1.789566910600551e-05,4.873164746556027e-05,0.018709622047251684,0.5801613612863494,0.08112629704987602,0.12371735363474752,LCO,4,40
-425726.4618006384,2.4023243765159927,0.003939970770382634,90839.22600637343,-0.3304640730542925,-1.1695359269457075,-0.6507608903772528,0.27426523734314906,2.8748750969569265e-05,0.0002436163965994776,2.5858207506931558e-05,7.006646523312498e-05,1.5420612183827087e-05,0.09131889638432039,1.2186715135770629e-05,4.566720685499405e-05,0.02035178071127268,0.16403090338796525,0.08066545105640527,0.03454275517837677,LCO,4,76
-627250.9282847004,2.586095250000687,0.002871547028151764,130985.8720205402,-0.3488793138187454,-1.1511206861812546,-0.5176227151164816,0.23701627355608113,2.9969887257290846e-05,0.00024643667192696025,1.243887483329844e-05,5.072621206631989e-05,1.4243952055538961e-05,0.08740945218932064,6.019458014019309e-06,1.8269758307543034e-05,0.022724475996720186,0.0848343054634204,0.09448903432552475,0.23305394509457322,LCO,4,98
-231388.21173236938,2.3595093001893095,0.028067458623671958,12965.663492131813,-0.2605871614703936,-1.2394128385296064,-0.2088652669268648,0.6802989913256206,1.4702617111270245e-05,0.00011383793810938691,2.3742518644191495e-05,4.9321762716369965e-05,1.2516992262512545e-05,0.04868452462838316,1.709369128444463e-06,3.84380517181521e-05,0.01964697615715264,0.1546270590118206,0.5174019623976477,0.04910571166366694,LCO,4,26
-56138.15826679595,2.7875244792762226,2.142436008573449,436.66476325959064,-0.641122852035318,-0.858877147964682,-0.1147253492993432,0.4906277971836478,1.261609079157313e-05,6.515826076374442e-05,3.066625600293511e-05,0.00013639532913436376,1.2519008582069603e-05,0.08258864895819375,1.711439233227594e-05,4.7411244019883744e-05,0.0100707910774978,0.08712345613743148,0.1497294869758245,0.5784217075874009,LFP,4,2
-490439.91484870174,2.4844047827688733,0.0021524706074011724,137436.13193314133,-0.38271785871941333,-1.1172821412805867,-0.7513710035685052,0.22563619885786393,2.9947612696087987e-05,0.00021417274009993676,3.7448083551103296e-05,6.381413796337111e-05,1.4076428600032473e-05,0.09735893806809708,1.7775628790690216e-05,4.15041695058416e-05,0.021312421337300404,0.04455697342620741,0.086008485243464,0.04806353776182346,LCO,4,97
-580249.3615926995,2.336667517023101,0.03217048263521195,17452.285175811932,-0.3359093577617962,-1.1640906422382038,-0.5933783699731573,0.32052696545664977,2.826826148846602e-05,9.31756908672877e-05,1.57986590547079e-05,6.170322956026973e-05,1.4011043748021509e-05,0.0841596084481149,3.7453879295845268e-06,3.1544390343982094e-05,0.023795881794364523,0.10824609220979181,0.03708165914625996,0.19129387867079095,LFP,4,13
-217147.52394064906,2.223760840412952,0.00479933314638551,27805.395454331414,-0.2662378286569158,-1.2337621713430842,-0.8039535557986356,0.2808722316879305,2.8792195930925792e-05,7.261431564882855e-05,1.2523832105566034e-05,5.065837650453394e-05,1.632289814820586e-05,0.09210870166732647,1.8102595920875097e-06,4.5037521500136256e-05,0.014057511094835464,0.04990389613390876,0.01464884917082488,0.06149369889663082,LCO,4,53
-170819.28448864204,2.2191719553485876,0.005184436344801041,27902.506836869965,-0.33307291991630805,-1.166927080083692,-0.5127183820271999,0.22648805430223662,1.2906345874034264e-05,0.00017143535116927685,1.2957288178215535e-05,0.00013467968169355842,1.774025545298152e-05,0.04901885546805686,1.7960316100328974e-05,3.81660299626233e-05,0.01859193888471959,0.04156458161000953,0.3355679976910112,0.040149038671779436,LCO,4,54
-624851.6316537942,2.305087711228614,0.003327841995472075,97702.75936269724,-0.2882983159345489,-1.211701684065451,-0.4833999171969297,0.2255178196334554,2.966724290220113e-05,7.648636060900877e-05,3.793798188938912e-05,6.005996384234596e-05,1.3113364477044308e-05,0.09766686712993686,1.7779141905814218e-05,4.637872061755524e-05,0.021718786218675113,0.043305706210237035,0.3204819182936573,0.08281245829917598,LCO,4,78
-536171.0562504639,2.3473186203608822,0.0031684577677761104,117779.94267949948,-0.31238845138129,-1.18761154861871,-0.40602605086260846,0.21160370267500483,1.2797596931198423e-05,0.00022122544931748916,1.2982165925944324e-05,0.00013611653311413103,1.4391844134133846e-05,0.08806448440328483,1.925082693084357e-05,4.388142455696495e-05,0.024502444659397674,0.03952336486748344,0.4443181956502719,0.040132388619636306,LCO,4,75
-603218.5628306789,2.152165542883782,0.012336275081732512,47799.55175469566,-0.3733305821608841,-1.126669417839116,-0.5089317692055552,0.27925314826951225,2.962358856469926e-05,6.232586671062816e-05,1.164118067109639e-05,5.875207818906488e-05,2.960450777367151e-05,0.09629573916468813,2.584140871251469e-06,4.057543154461714e-05,0.024235237667082327,0.14603633350461356,0.014551818823879448,0.2604800784659519,LFP,4,34
-583442.2905204365,2.5444644319838483,0.006606274817169009,71177.71457817414,-0.3561484778985484,-1.1438515221014516,-0.3582897326680706,0.43833668494989164,2.864885472835633e-05,0.00023927647471933726,1.1119320974915593e-05,5.3166047761305306e-05,1.4886109544941534e-05,0.083746229894686,1.4184839291960497e-05,4.4222382638763086e-05,0.022129114721591705,0.05869358620316259,0.4819026141324414,0.03111406699632551,LFP,4,63
-9663.773427557264,2.1079416153723423,0.004040330840877493,1758.8277180919267,-0.3003153080007941,-1.199684691999206,-0.5139549496839373,0.2874966618582372,2.6020033136378503e-05,4.8832565186723116e-05,1.3972290829132901e-05,7.171339561803713e-05,1.2570851717570732e-05,0.040419379973130165,1.0126613410608222e-06,4.970415418261411e-05,0.004571470417088209,0.19549635975751917,0.18035446171457403,0.040194228843969504,LFP,4,78
-268394.1248423221,2.068216609441736,0.0059705566510240855,36971.09519063484,-0.2819505195512697,-1.2180494804487303,-0.23710816116423983,0.21368180020690652,1.902113094509384e-05,4.296036221572358e-05,2.2350733041578116e-05,0.0001105492125168268,2.8729958152704105e-05,0.08598946522762918,2.415157256973887e-06,4.030416903430219e-05,0.020065546508593064,0.09574018640091277,0.5403503808691542,0.05680127156569324,LCO,4,43
-359163.67040553276,2.2077001018726303,0.0024960444197667238,103003.30937703107,-0.30665941524545204,-1.193340584754548,-0.6287386193450855,0.2247080757026256,2.8187044775542723e-05,6.823396505783978e-05,4.85900357047003e-05,6.405304800555094e-05,1.4939971709796432e-05,0.09274440540690197,4.78741640800173e-06,4.639609864422317e-05,0.021086684747928016,0.09742360892527144,0.1425419941326542,0.06129577759698892,LFP,4,87
-140968.84406340704,2.580400545415079,0.008193350763771801,25111.666821129744,-0.3477036253628345,-1.1522963746371655,-0.13982799262835155,0.2304701258912098,2.9344173668853033e-05,0.00023467105499928008,4.266109186562863e-05,0.00013144821727025446,1.774852689813249e-05,0.0522280034168546,1.7207711876844104e-05,4.99791933565375e-06,0.024605827429319327,0.5844421119723227,0.0810229664746986,0.12470692892462722,LCO,4,29
