SpecificEnergy,SEIGrouth,TempIncrease,Price,UpperViolation,LowerViolation,VolFracViolation,C,la,lp,lo,ln,lz,Lh,Rp,Rn,Rcell,efp,efo,efn,mat,Ns,Np
-77693.28550147079,2.5958695252067967,0.0087869276354235,44124.61226758152,-0.3556463820451512,-4.44435361795486,-0.2949010304019235,0.2023446330300383,2.936829013603812e-05,0.0002185161071532,3.4253706487314165e-05,4.0554168921499806e-05,1.2758777210017007e-05,0.0911228961399411,1.6938377709594334e-05,4.418120976413684e-05,0.0084302910476798,0.0389100676419102,0.1059506144741121,0.4902382874820541,LFP,13,78
-17011.104935767078,2.331800911354021,0.0335390308234831,6359.441744133461,-0.6217343175714234,-4.178265682428588,-0.02159072841297,0.2893048309967697,1.2930146796659343e-05,0.0001447515118201,1.22156435690824e-05,8.983283216609987e-05,1.3986648018608728e-05,0.0964242619105941,2.0212063940561e-06,4.8045167723259264e-05,0.004216772858748,0.1099075371337604,0.3171250364275743,0.4813766980256952,LFP,13,46
-146391.53825850374,2.1277432796002578,0.0086343599331395,217143.42183724983,-0.5259363841454885,-4.274063615854523,-0.0997115855041198,0.2011286373346721,2.919806169050268e-05,4.8179460718776376e-05,9.73062501176772e-05,0.0001409319459901,2.568175401812539e-05,0.0595311800367431,2.907311106163748e-06,4.534770199888803e-05,0.0222665794273857,0.062112008729397,0.1912066242802875,0.5769697814861956,LCO,13,92
-74844.62872081657,2.1401009965614555,0.0095023592683108,68944.13507116878,-0.5564737054639366,-4.243526294536075,-0.2570309875126494,0.2349123204626323,2.2810112087418184e-05,7.083969779415542e-05,3.902115905791323e-05,0.0001441473924209,2.494273306808696e-05,0.0508741867624262,1.8932475922081043e-05,4.791013392895136e-05,0.0128541363340407,0.0296174187280377,0.0743859617380771,0.5689656320212357,LFP,13,96
-31037.150565219512,2.156132209984276,0.0365345248895565,12017.764214182142,-0.9652660438463698,-3.8347339561536415,-0.2186737714210392,0.3908219282124652,2.496909790560176e-05,5.575427312193922e-05,4.459023790689368e-05,4.5845104325611815e-05,1.7608188404562965e-05,0.0706351204882291,1.5262294257152686e-05,4.928025884969552e-05,0.0089612869700353,0.0319387185785265,0.4148246015107677,0.2645629084896665,LFP,13,27
-8761.342216663139,2.1598586213512627,0.02008492415088,10069.717530816206,-0.5960155344157769,-4.203984465584234,-0.724783279815341,0.4620327125636315,2.268718591386381e-05,6.622908102523004e-05,3.6920178419784805e-05,8.098740280730794e-05,1.4502852889273264e-05,0.0610512008287754,1.5102414213698889e-05,4.925472897205099e-05,0.0041903221084212,0.0160578055585837,0.1267798392422,0.0623790753838753,LFP,13,95
-94408.92581397972,2.1480625162036517,0.1572019375071289,48642.65218397918,-0.7447835356494892,-4.055216464350522,-0.1835352232368023,0.2793472602687578,2.5037828027360617e-05,4.138153161701014e-05,6.495381794487054e-05,9.185181879749974e-05,1.5852674944578424e-05,0.0996430909307073,1.6519716781875186e-05,4.834123613782465e-05,0.0127460962641021,0.2092369842211119,0.4637205325966587,0.0735072599454269,LFP,13,37
-4943.661927789011,2.070281394961354,0.0119666879844319,4058.978098561612,-4.203480197914608,-0.5965198020854032,-0.0332711369559577,0.2428886337456928,1.4510959159641475e-05,4.552849708526948e-05,6.199203970227063e-05,0.0001445900316818,1.202865770908156e-05,0.0442806487393939,1.82255712677583e-05,4.457350440566061e-05,0.0040135585042642,0.0807137935395175,0.2748916895920776,0.5411233799124471,LCO,12,75
-80932.68477169206,2.1136771824317555,0.0086807453615765,69766.67601003607,-0.5529654071556891,-4.247034592844322,-0.1203084836083295,0.2009230681727215,2.4597378758095503e-05,6.676796955775451e-05,3.7497461764556046e-05,0.0001158647356937,1.7192834866372192e-05,0.0534337557739283,1.5985532605500278e-05,4.722609815738724e-05,0.0130564317005964,0.0870304513558236,0.5436598629753346,0.1790012020605123,LFP,13,96
-16834.981627475405,2.2290558257742727,0.0654749576210503,8190.642167080473,-4.558331640369509,-0.241668359630502,-0.3939682295605481,0.4631818312635972,2.4198797055357863e-05,5.8796270025897066e-05,3.689863976656305e-05,4.429003472611023e-05,1.3851542626249848e-05,0.0607259601490171,1.670071997740581e-05,2.8940944257405777e-05,0.0063415112637186,0.020389974927125,0.4761172254367922,0.0395245700755347,LCO,12,43
-7748.083095216354,2.14704315398632,0.0203627636070977,4002.078990030907,-0.3673414776209824,-4.432658522379029,-0.3020239573967189,0.2721880740066744,1.2951355140828756e-05,5.229936585541798e-05,1.9518159647044992e-05,6.857184755855797e-05,1.7767317951396756e-05,0.0435323987490289,1.5106011315098151e-05,3.5083259585716545e-05,0.0040181672904802,0.0125027117253167,0.4270456473249783,0.188427683552986,LFP,13,67
-242338.5871160441,2.742594550635538,0.0480780627486719,50201.99957900767,-0.861746972611634,-3.938253027388377,-0.1809441289106255,0.2521092458758815,2.395804406474872e-05,0.0002091771802206,2.14200651291678e-05,5.720898984032032e-05,1.3991302681572632e-05,0.0705701086165244,1.8506317360884627e-05,1.6246470724883697e-05,0.0176612658688436,0.026357705254256,0.4152171078789275,0.3074810579561909,LCO,13,27
-15513.48369193568,2.702346106350105,0.0777522391560822,6113.697799086549,-1.0289713295819354,-3.771028670418076,-0.3821769784559351,0.4823384352557575,2.4060927212723887e-05,0.0002015515106149,8.22162934997796e-05,4.000525350283981e-05,1.28693956878651e-05,0.0821963725707236,1.695488142915659e-05,4.9486624448812815e-05,0.0054465841865881,0.2151598026587021,0.192399127197239,0.1402640916881238,LFP,13,27
-193658.88671513743,2.1559709403606098,0.0503058716886405,60890.57976610439,-0.7021078405661854,-4.097892159433826,-0.2723213319122898,0.2372720859237921,2.957351770055825e-05,7.289868858852082e-05,1.885112337320029e-05,9.506947059308844e-05,2.9485876747421357e-05,0.0997639526089662,1.721564040012733e-05,3.1590805408417206e-05,0.014994797979591,0.0544921447045905,0.0918176823533046,0.5113688410298151,LCO,13,34
-35895.0289388181,2.303998009887702,0.0161770089562898,24714.744215426603,-0.3643240501093103,-4.435675949890701,-0.274794252174097,0.2850439020757505,1.282523464680436e-05,0.000160790823478,1.6458502811393508e-05,0.0001368563795888,1.7775393427397074e-05,0.0452471675006626,1.6320942434824072e-05,3.203059146261636e-05,0.0092993475603751,0.0348608188566309,0.4315085743837336,0.1888363545855385,LFP,13,70
-115392.53296935628,2.1478277393906677,0.0242100018696946,83948.40941454704,-0.5454687811477683,-4.254531218852243,-0.0687017161932198,0.2193019227255399,2.7656067048680275e-05,7.726002568091939e-05,9.04791406736816e-05,0.0001492609733627,1.268450409129878e-05,0.0836221810984657,1.69161493977601e-05,3.8724611392680695e-05,0.0158895714629449,0.2807915719139172,0.0679848924929806,0.5125218193998823,LFP,13,49
-9440.774538293685,2.1898493007974404,0.0620199776017466,3700.025165964784,-4.567652062184791,-0.23234793781522,-0.3200506602598291,0.4681454759752421,2.406066347180928e-05,5.953166961799398e-05,3.0185740189717512e-05,4.364933645788127e-05,1.2271752181949432e-05,0.0498320694905703,1.6700084550690254e-05,4.849014109292107e-05,0.0047259341249498,0.0129069942360986,0.5631557732902717,0.0338865722138006,LFP,12,44
-11448.873219774729,2.2263786718568945,0.024964396225133,7634.333657522164,-0.4231947314417539,-4.3768052685582575,-0.6084865427094537,0.3958953540234858,1.6753779574010052e-05,9.043946508693396e-05,3.699104958170497e-05,4.612454372220356e-05,1.255708582399429e-05,0.0680188075880709,1.5826003733464954e-05,4.997148075850595e-05,0.0042461481434961,0.0759154763162939,0.1031327165935249,0.1424652643807274,LFP,13,64
-254241.42258211735,2.174785410228365,0.0207102310555736,64636.20668587644,-0.7232112384218681,-4.076788761578143,-0.3792625511433676,0.2571370122458714,2.6125675276233556e-05,5.209575521742666e-05,1.5712670495444635e-05,4.347242441760286e-05,1.2385644237551094e-05,0.0496263691895415,1.6326202170887666e-05,4.7679928666600985e-05,0.0212935623224516,0.0143626021786357,0.501063455965475,0.0353113907125217,LFP,13,36
-358864.7528455021,2.220208587591185,0.0146109802236039,235242.64747087465,-0.3493107847468693,-4.450689215253142,-0.6460594548465063,0.2388780306169894,2.649365813642349e-05,0.0001355260517503,4.67645600481158e-05,0.0001169550157014,1.2038272237226417e-05,0.075223250462976,1.594465211285603e-05,4.971813686377763e-05,0.0218357102523833,0.025736368517341,0.1226434986408726,0.13556067799528,LFP,13,65
-9834.725569675727,2.1868522037651767,0.0340826624972774,5997.455784431984,-0.6293921678804821,-4.170607832119529,-0.600646647880551,0.4491993322455803,2.5274119683022704e-05,6.653468504561252e-05,3.98458995646409e-05,4.234480750031865e-05,1.7635817964053054e-05,0.0644880619931509,1.58246240667523e-05,4.788699646072073e-05,0.0045471465954127,0.0984415991894364,0.0897441660153008,0.1411675869147116,LFP,13,50
-25014.977778974317,2.131914414273818,0.0596550064830158,14265.768964679351,-0.7820327407575718,-4.01796725924244,-0.5897812265284029,0.5916240833435381,2.405908009696564e-05,5.954442325782552e-05,3.019877231075361e-05,5.1446357561067135e-05,1.265417960825737e-05,0.0915601763004458,1.5221214207967792e-05,4.81852822066205e-05,0.0062378781903418,0.0357938517936407,0.2703681940621665,0.0340567276157899,LCO,13,44
-102779.65539919808,2.136853345775584,0.0309036734472945,185808.1048065913,-0.5309346002496369,-4.269065399750375,-0.4280882981949112,0.5864535646564848,2.377662010301857e-05,4.810221056107616e-05,9.959411785864797e-05,0.0001415260727415,2.629797165495313e-05,0.0588279789365889,1.6738729613844616e-05,4.506170176929113e-05,0.0202403399728479,0.0200978466710097,0.2595935623480837,0.2222202927859954,LCO,13,84
-39179.91294430431,2.2035803333508817,0.0081417250948147,42861.56895060887,-0.3678160804008428,-4.432183919599169,-0.2687896828697673,0.2141487333942835,2.95741726815658e-05,6.797582674810425e-05,3.436047240787411e-05,6.346500286154339e-05,2.9929716192474677e-05,0.0998353428057492,1.680656320676856e-05,4.998079870523243e-05,0.0083617167602722,0.0314651827022522,0.1183688882767829,0.5113762461511975,LCO,13,79
-5183.14378094988,2.0886343765875868,0.0170789816340438,3558.1697921843715,-4.302825990559597,-0.497174009440414,-0.231617748555557,0.2264469998442266,1.275591921872406e-05,6.374056059783245e-05,5.697605937939137e-05,0.0001205194875738,1.676839511170925e-05,0.0451280944808099,1.828697226840857e-05,4.097819058507838e-05,0.0041705640876479,0.2321598457470201,0.3254182601965183,0.1408041455009044,LFP,12,56
-26420.97332623168,2.227178517223832,0.0316932114268832,11708.357365439975,-0.6877566958600738,-4.1122433041399375,-0.8112985419050844,0.2562501100408603,2.614422795520076e-05,5.102746287002044e-05,4.691779566003418e-05,4.2771018906780426e-05,1.550625538264367e-05,0.0442552947133757,1.5926488053677394e-05,4.697004142793121e-05,0.0087627384247145,0.0118015416849875,0.0346058745976105,0.0722940418123175,LFP,13,36
-78194.55934344951,2.1140506481526637,0.0113166331318978,69625.56212151308,-0.5724367966439203,-4.227563203356091,-0.2268706724632597,0.2798463762856823,2.791052079565872e-05,6.68131113421097e-05,3.706300592905045e-05,0.0001180069042738,1.736078481445473e-05,0.0502782408001055,1.5979022720843027e-05,4.979971881173686e-05,0.0130583957704639,0.0843493985286848,0.1038384864257863,0.5149414425822691,LFP,13,98
-73854.63252649986,2.594402167706651,0.0143251980750114,37294.169989790505,-0.3522708506751826,-4.447729149324829,-0.1890109907492161,0.2776588455708402,1.9733059503228244e-05,0.0002119527447428,4.1254059921544094e-05,4.127941436455244e-05,2.516649701198888e-05,0.0903840501225488,1.6003144447310134e-05,4.003578367653251e-05,0.0083754139067224,0.0389460205234524,0.1069106372320766,0.5951323514952549,LFP,13,70
-71970.57383145345,2.146929950074677,0.0139513123584979,52349.361634361616,-0.3466261871849099,-4.4533738128151015,-0.1707701570761194,0.2658436532225714,1.8390470527772258e-05,5.018528149193254e-05,3.650221094467535e-05,0.0001484626761363,1.7275644528199752e-05,0.0501618224192754,1.645475228388154e-05,1.8298332688760885e-05,0.0130881357195838,0.1123912039002737,0.1312034532153509,0.5156351858082558,LCO,13,72
-209785.38509184885,2.190114446046016,0.0410366037812405,59904.85907777719,-0.8288782949978,-3.9711217050022114,-0.5486452706387221,0.2035519125008404,2.2582232226340817e-05,8.620802958902756e-05,2.149103796184345e-05,4.007897592039621e-05,1.4533624015623202e-05,0.0467193906006929,1.857496547139497e-05,3.756560913979392e-05,0.0233647699425322,0.0227089454531219,0.0497920370528384,0.3088537468553174,LCO,13,26
-309078.6796677919,2.8965651058564705,0.7949970110630571,31509.88902413657,-1.9582526666025613,-2.84174733339745,-0.2320473726691899,0.2510040205444114,2.515558116502981e-05,0.0002360089776343,2.1544540128996738e-05,5.884487065498312e-05,1.3947816819420464e-05,0.0818516281548621,1.471816986515587e-05,3.6325750991042345e-05,0.0211060758331001,0.0284932203988629,0.4200713261073819,0.2493880808245651,LFP,13,10
-31659.854970112305,2.52804748526214,0.0050679765163791,32600.152942510835,-0.5369646179864134,-4.263035382013598,-0.1483642709929763,0.2484474495763872,2.650155536798497e-05,0.000113907532372,5.348282604328707e-05,6.112422372187447e-05,2.9544387082973026e-05,0.0994413196932698,1.9302363865012735e-05,3.6581265615581946e-06,0.006730474220658,0.0113930087731136,0.1720371985280581,0.5982055217058521,LCO,13,92
-66249.95438353391,2.182870338134899,0.0306870414943143,34546.178831665275,-0.6785176238984505,-4.121482376101561,-0.0949521597788508,0.2557554997448205,2.787117611809469e-05,5.448958603743074e-05,4.692808094561293e-05,4.508764409768579e-05,1.2530638438453212e-05,0.068682286321591,1.5445090450813057e-05,4.980109785119384e-05,0.0129980976301587,0.2972282289370422,0.034415085443021,0.5034045258410859,LFP,13,40
-277902.970859091,2.505189905765005,0.0173591686186159,188293.5912965278,-4.248537855492486,-0.551462144507525,-0.314514012449369,0.2080859736026379,2.763587219328833e-05,0.0001874751439327,2.2319696781211126e-05,0.0001438539072345,2.5796004809566928e-05,0.0660460036477176,5.184019739144302e-06,3.477774845391808e-06,0.0241816718141522,0.0255924996058697,0.5776212123495199,0.0122722755952413,LFP,12,60
-13072.987389156491,2.44534971914718,0.0160817275331202,8058.977530178838,-0.3667069431097332,-4.433293056890278,-0.6785999088751533,0.2686931520159594,2.886244316132072e-05,0.0001347960795511,3.712412663959569e-05,4.59597476476383e-05,1.2570742797908195e-05,0.0732749707789641,1.5825802510640127e-05,4.95698299940227e-05,0.0041943096846973,0.0149254120606441,0.1037971123196447,0.1326775667445578,LFP,13,64
-199281.17324951844,2.2017639496556454,0.0142463530168145,63205.66223006504,-0.6645976202086885,-4.135402379791323,-0.4156590702350882,0.2179465665672661,2.751230120685636e-05,6.29345540014441e-05,2.157498957902843e-05,4.50574182682665e-05,1.2630146637837414e-05,0.0509421329001969,1.528419292694148e-05,4.767209422556239e-05,0.0203943848296132,0.0281488079381643,0.1765116087447168,0.3096805130820306,LCO,13,36
-14821.211270525591,2.136260048285648,0.0106958461193373,15458.641553319208,-0.3985268429347712,-4.40147315706524,-0.1752899367069232,0.2101197620078332,2.020681616243161e-05,5.301159122104478e-05,1.638266575398247e-05,4.9973618608407145e-05,2.9579373092477268e-05,0.0929911073908523,1.7862572602045697e-05,4.648520583226437e-05,0.0052928258484924,0.0118440781216623,0.5651218083895333,0.1777441767818812,LCO,13,81
-173188.2496997577,2.145140089461152,0.0116610186376346,249123.3549015248,-0.5400180692842724,-4.259981930715739,-0.1030897805887304,0.2809274862896134,2.785631043648016e-05,4.568285027276327e-05,9.754695835951754e-05,8.109509778689196e-05,1.6852447047611722e-05,0.0615336714791205,2.6820204001083755e-06,4.928080256158211e-05,0.0235897137803196,0.0148409625064909,0.2246899724179693,0.5873792844868094,LFP,13,92
-75609.30932012766,2.1989812636271022,0.0259478025893269,23507.588453596883,-0.8657180103331896,-3.9342819896668217,-0.0434077570400779,0.5591755319489209,2.008190123123008e-05,8.127446616746195e-05,2.3676071185094703e-05,4.550159821130031e-05,1.2820438754768332e-05,0.0445738000847015,1.5586670376961384e-05,4.938425731048872e-05,0.0132005908271188,0.1092582010744705,0.5370320036538574,0.2403020382315942,LFP,13,40
-174513.7095346352,2.316668938234055,0.0526222588920638,41979.35491429598,-1.1022279060004294,-3.697772093999582,-0.6275577236198782,0.3969456057092043,1.3081352011446078e-05,7.24300014782346e-05,4.5104952727596814e-05,5.380525139567193e-05,1.94316134545312e-05,0.0528926051950474,1.7243598520301548e-05,4.947600469354013e-05,0.0192165294625197,0.0761973938371379,0.0868471439707532,0.1393977385722306,LCO,13,22
-646929.4198592895,2.524666698596989,0.0082549983199435,619767.4938662254,-0.558319088388501,-4.24168091161151,-0.8179888470703153,0.206105778159381,2.5663323035855787e-05,0.0001852157522263,2.8249176029937785e-05,7.494027971728883e-05,2.488667319058923e-05,0.0998041550274867,5.306839908275979e-06,9.099039536602667e-06,0.0246582245769791,0.0187293571648959,0.0184800686844572,0.0748017270803316,LCO,13,98
-752925.7434010146,2.5579552196116677,0.0149186934934972,327976.7542162011,-0.3722780726674415,-4.42772192733257,-0.3277032401757008,0.248415151401055,2.4454987712389583e-05,0.0001831855442248,1.309819225097627e-05,4.066380099521179e-05,2.0868863568056485e-05,0.0975065779392881,6.751833933306986e-06,4.5007810915192815e-05,0.0248560523046838,0.1282079161186249,0.0187854783414111,0.4553033653642631,LCO,13,62
-12829.02498201565,2.6190380862074143,0.0265211689706526,7233.927255894556,-0.5471400387972949,-4.2528599612027165,-0.3559339527687671,0.2916737971193772,2.9896146415957923e-05,0.0002214014108815,4.39674029424628e-05,0.0001365440096821,1.6949030791727353e-05,0.0627637603378715,7.93999505394296e-06,9.972333240480756e-06,0.0050463241882634,0.0670020607409656,0.0703859488930297,0.4366780375972375,LCO,13,49
-137797.99650324284,2.1739452846596548,0.0101791983297218,151805.4466710402,-0.3635721749465688,-4.436427825053443,-0.4649663862182795,0.2013554371787708,2.8791105455630952e-05,6.0399657543709466e-05,5.79984003849738e-05,0.0001366012300747,1.3373657523074112e-05,0.0509595553146669,1.3148563719567094e-05,3.149758967824328e-05,0.020175047239549,0.0645902115253642,0.2082560216071665,0.1921873806491897,LCO,13,79
-396507.6134944756,2.3694112741245985,0.0133244647722562,275592.746943145,-4.315876342727613,-0.4841236572723986,-0.2482139843170677,0.3093851094817055,1.5519626112632205e-05,9.841258829624716e-05,7.59036301525106e-05,4.655144891131976e-05,1.4969008203973386e-05,0.0903930972414576,1.29584854723727e-05,3.1726032385160445e-05,0.0209984145361973,0.0717144189946966,0.2160230986804771,0.3940484980077584,LFP,12,86
-373036.9500188668,2.4774497583765718,0.0087452099940892,285505.6427216045,-4.398430498685386,-0.4015695013146256,-0.3518780188697074,0.205491297437453,1.7989522678566264e-05,0.0001082023528335,6.715369875035125e-05,4.437839507821067e-05,2.566471281525404e-05,0.0629397546347122,1.2876409147493909e-05,3.208726141952281e-05,0.0238861636706181,0.0577449858483293,0.0901341971700683,0.430242798111895,LCO,12,98
-161943.32032008737,2.6675243418630084,0.0830886648672099,24070.44476762188,-1.242038464229445,-3.5579615357705663,-0.1788590283953888,0.2270202613345884,1.6091950028628546e-05,0.0002344063883584,2.1688688421403165e-05,7.449533828553402e-05,1.7599082494443045e-05,0.0948889918151975,1.5686150412935503e-05,2.8933298785125207e-05,0.0127786064803826,0.0898618799405814,0.4205282755377041,0.2407508161263257,LFP,13,18
-43736.00049351283,2.4703698032027117,0.0094932234425111,39599.13351632455,-0.3499846103164827,-4.450015389683529,-0.2635711783758035,0.2165168718330618,1.5744093841517575e-05,0.000108174865286,5.490405454280669e-05,0.0001316924209839,1.5988617882446586e-05,0.0869057625997243,5.978350715987539e-06,1.189834472536291e-05,0.0081148445042782,0.0204848923319235,0.0865678024164938,0.5593761268757791,LCO,13,77
-24906.99238901032,2.36086872221692,0.0587907701412008,7794.909464982838,-0.9320148935922036,-3.867985106407808,-0.6439646356201498,0.4625132752941387,1.816813713595212e-05,0.000107910593042,3.646960523685789e-05,4.522699683957213e-05,1.4510430152995671e-05,0.0855329118243762,1.6807584487691526e-05,2.9634272101432228e-05,0.005656229198376,0.0159795751953059,0.0469256019867633,0.2231301871977809,LFP,13,29
-13356.94798130478,2.194633713078073,0.0087375393042681,11867.344076338586,-4.327169301108114,-0.4728306988918973,-0.2356708420061825,0.217790418834406,1.471119823868359e-05,0.0001103464240752,6.845761038794003e-05,0.0001384857515641,1.29733371202101e-05,0.0971899956080797,1.908307881701393e-05,3.2325818157116505e-05,0.004064895221015,0.0232034831244136,0.1579342762553427,0.513191398614061,LFP,12,89
-27245.7387870075,2.136949910680607,0.0131524682642336,31312.706640488366,-0.3763235556434807,-4.423676444356531,-0.2228406180787839,0.2732908375472745,1.4420256891656528e-05,0.0001308660487597,1.6352402145400932e-05,0.0001340077599449,1.568767387411263e-05,0.0543207158109844,5.261036942382599e-06,4.9773784848379774e-05,0.0090641289062296,0.4816569761302642,0.0999820345659163,0.1255203712250354,LCO,13,77
-9396.710539858448,2.1840028404830862,0.0144236156749634,7439.843997580327,-4.389817629004213,-0.4101823709957983,-0.4709265678270585,0.2784375388288745,2.5663295910420524e-05,5.817156485349442e-05,2.209434004332963e-05,4.046510166397201e-05,2.903418561099648e-05,0.0607319492234749,1.982187000890777e-05,4.454388564678245e-05,0.0041863401443647,0.1799425833525246,0.2098947022369618,0.0692361465834551,LCO,12,94
-362548.72238623566,2.3340052473407957,0.0171574834517635,248464.15315062032,-4.3283172563315375,-0.4716827436684738,-0.1032121138777096,0.3499208379335258,1.800418827243761e-05,9.41045475796361e-05,6.465440610045788e-05,4.437685339472607e-05,1.2021484418963947e-05,0.0901903373799248,1.9092024264688995e-05,3.2694055970218134e-05,0.0206657781754897,0.0720631983806962,0.2419275500586481,0.5127971376829459,LFP,12,86
-325925.0365709015,2.283965679054246,0.0123925823218413,266131.1147987064,-4.284189129379271,-0.51581087062074,-0.1718709374762417,0.2627350750386574,1.9574051903649248e-05,8.009480700408099e-05,5.858802778060342e-05,4.447085798287282e-05,1.7177818538444106e-05,0.082446208446216,1.4247669815439077e-05,4.641342284531503e-05,0.0226334612205809,0.0313126813698834,0.2882466654711855,0.4385697156826894,LFP,12,84
-35627.37741686382,2.436289716996032,0.0052033028724141,54604.112207650585,-0.5596003304935451,-4.240399669506466,-0.7372130348820634,0.2009907387196228,1.963699118356496e-05,0.0002210460398558,2.797410536171273e-05,7.235692596798104e-05,2.5277072858439163e-05,0.0807780183811821,5.178917134108889e-06,2.955803010789832e-06,0.0080569713138887,0.0187470352540599,0.0995225563585538,0.0745173735053229,LCO,13,100
-325690.50143150764,2.7378994998359163,0.1651549694425376,62442.036943982006,-1.7103319726744814,-3.08966802732553,-0.2750638330526578,0.2005913331197329,1.9430814818165413e-05,0.0002218543983008,3.645130954997682e-05,7.755536417817798e-05,2.552140354163956e-05,0.0965301211387493,1.7431727178117722e-05,1.9931314881810472e-05,0.0244936160976612,0.1765358780242384,0.3927437694552243,0.0856565194678794,LCO,13,12
-529670.2521147286,2.175550596074964,0.5940568270478799,114988.1246032288,-1.0145304021204709,-3.785469597879541,-0.8241710178023199,0.2593864416036264,2.037465418012155e-05,8.497395611517098e-05,2.1277738707265903e-05,4.002262833850791e-05,1.3401390123870484e-05,0.0925215359288343,1.4203001547392517e-05,4.062427711452126e-05,0.023749184812689,0.0190438021480298,0.0473185891513276,0.0394665908983225,LFP,13,22
-62882.71194739184,2.469754703372619,0.0074367935135269,122017.19395402136,-0.5114538663294894,-4.288546133670522,-0.5454718035662063,0.2165899018936791,1.566173494223611e-05,0.0001275556632585,7.176014978877385e-05,0.0001322055180013,1.2153768239934587e-05,0.0914880967406594,5.971413698840368e-06,1.76363481004062e-06,0.0120376890061181,0.0205515990088392,0.0842578795588503,0.2797187178661041,LCO,13,91
-111488.80938321506,2.2169991464389978,0.0094613518885415,93260.50232469333,-4.295749692687842,-0.5042503073121694,-0.0632553262112971,0.2148020944851376,1.320838519874602e-05,0.000118035994767,7.025732653543606e-05,0.0001180393324316,1.2012775675674765e-05,0.0901707848294648,1.909223044335484e-05,3.2696567587919176e-05,0.0124656933352511,0.072612141022749,0.2809367999129928,0.5131957328529609,LFP,12,86
-32766.23635757745,2.527750598870554,0.0090975755591957,27787.28764574339,-0.3454854026930505,-4.454514597306961,-0.151172260167213,0.2482425745349869,2.8089616788001405e-05,9.621637838758852e-05,6.271830960455455e-05,6.129525533812914e-05,2.9484821301986023e-05,0.0919759204883044,1.973972701157682e-05,4.223638257309637e-06,0.0072322864035329,0.013013072815593,0.167241038348864,0.5985736286683299,LCO,13,74
-51600.54083121639,2.384493433855831,0.0095142196278082,42776.39661404605,-0.3402884449281345,-4.459711555071877,-0.5649432761037936,0.2012228640896978,1.572189376340407e-05,0.0001282155526663,6.644579875949364e-05,5.911374298977095e-05,1.3330991184541202e-05,0.0872191741723029,5.764802356185461e-06,3.8704686783006e-05,0.0080002074545364,0.0124194115739557,0.0811723569495407,0.2714649553727099,LCO,13,77
-397220.3268677219,2.504124538238427,0.0098177944585547,294721.6039097011,-4.2802682528768585,-0.5197317471231528,-0.1737420462627761,0.204390536395187,1.577325257321277e-05,0.0001904470171248,7.594313775781454e-05,7.214222590576868e-05,2.498369847921636e-05,0.0976477618958146,1.6088023359845446e-05,9.022481155714415e-06,0.0211484095409722,0.0535419408462483,0.1576084858384979,0.5451075270524777,LCO,12,85
-12819.766897063022,2.1020814079212857,0.0112123383347746,12317.559663828037,-0.4414020262912004,-4.358597973708811,-0.0703372241952665,0.2569818681488645,2.943061486825637e-05,5.237240131639356e-05,2.3815603028462554e-05,0.0001122295623886,2.9781225239137588e-05,0.0665897938197997,1.71856168693349e-05,4.7738915352327954e-05,0.0054589510592479,0.0115654288090549,0.2604470135503969,0.5876503334452816,LFP,13,84
-220387.53571513976,2.145795949854936,0.0084306806407842,278141.2716856747,-4.341874127957823,-0.4581258720421886,-0.2612781941967864,0.2165494969735482,2.713139351473685e-05,6.776106153737036e-05,6.854266539509934e-05,0.0001253737041468,1.2968719304933044e-05,0.0844795139357017,1.909166449035237e-05,3.3096354356835165e-05,0.0213848165197156,0.0406755315380832,0.1520099270436579,0.4760363472214724,LCO,12,90
-318531.7847634529,2.350216771652557,0.0085256420410007,545445.3024581991,-0.5542168805571066,-4.245783119442905,-0.8238373952703781,0.2259888729492833,2.987614155279128e-05,5.775080485038671e-05,1.6247234586208303e-05,8.918759506680427e-05,2.488307008505119e-05,0.0998220543091205,4.959049599683877e-06,9.099042395158407e-06,0.0245448991694837,0.0187060978866853,0.0144512074948142,0.0730052993481223,LCO,13,96
-281087.51574778056,2.35170263911487,0.0092804708118661,269717.7588795096,-4.397461102245785,-0.4025388977542263,-0.1279208906581106,0.224790788982202,1.913242793779192e-05,9.377165377508352e-05,7.957332695731534e-05,4.655254366919202e-05,2.9552715504274235e-05,0.0965528542854747,1.2873818336542908e-05,3.2096488299192685e-05,0.0197076180471026,0.0779110689327547,0.276960376752578,0.4472076636565566,LFP,12,98
-38599.77556145548,2.4665441287963192,0.0085871340751134,54110.59141897152,-0.3250973933381544,-4.474902606661857,-0.7234449065182462,0.225970165474446,2.7280620929654824e-05,4.020441272304648e-05,6.552842104099779e-05,8.95992240508325e-05,2.486237863050628e-05,0.0966695264987571,1.99328723525428e-05,4.19871325238081e-06,0.0089040286811475,0.0187835228473944,0.0120070702716652,0.1757645003626942,LCO,13,74
-31612.198250848167,2.28236196420939,0.0460711571399737,12876.098091061602,-0.8091412496513826,-3.990858750348629,-0.067849373068864,0.2396482837121896,2.630234800218665e-05,9.238180633227324e-05,8.697812793156364e-05,0.0001084626256944,1.6225722186357216e-05,0.071879995257656,1.5801349957831302e-05,3.5697121505434336e-05,0.00875719000339,0.0205192054098598,0.4315827858566951,0.410048635664581,LCO,13,29
-341717.1723425799,2.1774496775478185,0.0091009113357217,381621.099517189,-4.335771266159611,-0.4642287338404003,-0.1344850431855881,0.2279552868537372,1.418012091768837e-05,8.952635224148808e-05,6.446676267722171e-05,0.0001382364324948,2.9927482955349764e-05,0.0977845335464882,1.0166832588025911e-05,3.209389025060842e-05,0.0238066201061146,0.097862874664466,0.2802006623783356,0.4174514197716102,LCO,12,89
-543532.2023997554,2.5862668196618737,0.0096572273164797,457352.4511822185,-0.5791692356370248,-4.2208307643629865,-0.0807630733719038,0.2490848619050693,2.852820213070784e-05,0.0001142662354504,5.375636471347443e-05,6.105895750697475e-05,2.9754593648902975e-05,0.0994394977014825,1.9374443691534134e-05,1.1469945491516226e-05,0.0248397961466292,0.0112437736264098,0.2423404014097872,0.5956527515918991,LCO,13,98
-428476.72195331065,2.595678920918365,0.0134262313110111,287086.53843308904,-4.303529320600255,-0.4964706793997564,-0.4223110500525883,0.3105344268833375,1.5886794738497695e-05,0.0001906688295309,7.596195091073436e-05,4.646304221260772e-05,1.3218251943056078e-05,0.086977930441138,1.6163247906995738e-05,4.245264819271332e-05,0.0209280560528334,0.045392161241283,0.1304528957034669,0.3318438930026617,LCO,12,85
-259903.09295466045,2.406227097345364,0.0089857002761049,219114.9131705408,-4.396983315236774,-0.4030166847632372,-0.481020936546323,0.2035222875385004,2.6351495507762706e-05,0.0001126694378397,7.276152466629528e-05,4.4359110276553554e-05,2.5665221563451646e-05,0.0483875014256565,2.841281788699405e-06,4.254702009787407e-05,0.0235998867133797,0.0174949938147094,0.025495206953692,0.4059888626852755,LCO,12,98
-429619.337818884,2.268325444537294,0.0094197895917866,349484.62446774665,-4.296267899607344,-0.5037321003926678,-0.0528730239827297,0.206234889154241,1.603634664833273e-05,0.000135721826603,4.369220935164382e-05,0.0001429210623592,2.6246992678777787e-05,0.0961559414881808,1.4509048409938325e-05,3.3826411904682784e-05,0.0236720410544184,0.0802415614620058,0.2822777318285691,0.5146076827266953,LCO,12,86
-308810.0156466514,2.2167782886612657,0.0096264548324215,284110.93905887427,-4.295021891715315,-0.5049781082846962,-0.3459855893371529,0.2238522737125995,1.5969608825797525e-05,0.00013022676513,4.3550297849174166e-05,0.0001348132421349,2.0131125871011192e-05,0.0959855266168122,1.9457661290930168e-05,3.301934824685668e-05,0.0201099323283669,0.0249167374816559,0.1547464599540521,0.4043512132271391,LCO,12,86
-70054.51681710788,4.4406453588226125,12.039351839088791,9137.704621529514,-3.201192900864555,-1.5988070991354562,-0.4167790229477142,0.2836914884140865,1.996109547395752e-05,0.0001088281606337,7.653726171753182e-05,7.85796927980409e-05,1.5858468796284008e-05,0.0853444849053057,1.9976133659600077e-05,2.958765997725506e-05,0.0240052731407622,0.0147730390561866,0.0808093743762399,0.4176385636198592,LFP,13,2
-206371.7263799641,2.2422064134717496,0.0095128639693915,239148.16464274065,-4.293242932969072,-0.5067570670309394,-0.1653744263058517,0.2141261240799996,2.75419095253936e-05,0.0001352705236108,9.663250966598486e-05,0.00012472700769,2.1672188008869197e-05,0.0983813061572868,1.8461068547400664e-05,4.480854108142039e-05,0.0190632888971194,0.0270977626866946,0.2045863806724284,0.5329414303350253,LFP,12,86
-31651.101234402595,2.1374806695190616,0.0226303767731049,22157.96590192653,-4.221757190819488,-0.578242809180523,-0.6119291448259156,0.2926596338881116,2.5628651954720573e-05,5.81169568932062e-05,1.8006541368728387e-05,6.134886515031196e-05,2.968737953086591e-05,0.0602834259367882,1.9739452911666208e-05,4.455150825937743e-05,0.0085072274958706,0.0859401532405372,0.1664876336162541,0.065643068317293,LCO,12,64
-235041.26167547703,2.1000443674558777,0.0093608259188912,285319.5604651457,-4.288194435663911,-0.5118055643361004,-0.3575668295450017,0.2069624946572578,1.5969604124856757e-05,6.291566585888661e-05,5.40210991503369e-05,0.0001349075537941,2.631090928715437e-05,0.0987153490605814,1.452625486410026e-05,4.6107838375888926e-05,0.0201101384485817,0.0112373942379111,0.1549758051932048,0.4062199710238823,LFP,12,86
-297894.6573722189,2.293499031272199,0.049633286407357,127568.65716328124,-4.620049905205306,-0.1799500947947052,-0.7487450433855023,0.201707025388371,1.9438692346797517e-05,5.710901500218547e-05,6.718093579134111e-05,7.77072145088854e-05,2.567117674478833e-05,0.0924645320118864,1.7436707993547727e-05,1.9595068300287397e-05,0.0236220639853851,0.0163081718055461,0.0820583726583921,0.0828884121505594,LCO,12,27
-14329.76999124284,2.408455372398117,0.0112467047720334,9714.368105207388,-0.3205273910622992,-4.479472608937712,-0.6037820833229944,0.2255528054771071,1.4262975441753524e-05,0.0001284675531476,6.637527906804344e-05,5.8504223617333466e-05,1.3500791669515406e-05,0.082577635313802,9.755172224670606e-07,3.2186956826818935e-05,0.0040154185589315,0.0123952933264384,0.0487800869867119,0.2650425363638551,LCO,13,72
-744124.9842539399,2.484330631381191,0.0509281253672473,151261.8856577329,-0.8522806744378499,-3.9477193255621614,-0.2884611419739142,0.27515306813885,2.703036059373278e-05,0.0001684790391953,1.3302725954417391e-05,6.283992141115477e-05,1.2519049276745697e-05,0.0993955059403691,1.1689672307076888e-05,4.913585638898743e-05,0.0247103079673256,0.0231682837880361,0.5563347387719921,0.0620358354660575,LFP,13,29
-410376.0087191259,2.585866449043943,0.0184321435099876,256517.12382344736,-0.3935402384904094,-4.406459761509602,-0.2007663464051506,0.3322234663676132,1.829985280426296e-05,0.0001711846386364,9.635781962801165e-05,6.630395576700515e-05,2.2599696925106917e-05,0.0970035380467018,1.1947279453495737e-06,9.84789626406443e-06,0.0211777297793777,0.1338048098489435,0.471015067329471,0.1244137764164347,LFP,13,68
-176461.62136902526,2.77524374542899,3.2173866409088263,19491.63567285198,-2.801964322659856,-1.9980356773401555,-0.3970937226240013,0.2041413328881612,2.7946385364456064e-05,5.647207141142592e-05,3.9561508755389904e-05,5.50147447361321e-05,2.2622768038204583e-05,0.0986665423596226,1.825998977265758e-05,2.0354364885232986e-05,0.0245446596910646,0.0210721275673866,0.4217895531579891,0.0900445966506229,LFP,13,4
-320726.6659393955,2.1442387342710334,0.0114363498442627,465233.752843717,-4.362993311287227,-0.4370066887127848,-0.6334440638161994,0.2668042122812082,2.7540456367022176e-05,7.393565816103188e-05,8.576304911192342e-05,0.000122691089599,1.7916594671507535e-05,0.097741853156462,1.630808637925019e-05,4.641236865070021e-05,0.0238449231157074,0.0785352134680869,0.1094206552179194,0.1086000674977942,LFP,12,92
-397231.4210984197,2.3699865404263587,0.0102517455588307,304332.2144415982,-0.4395866400365165,-4.360413359963495,-0.3975796355904152,0.2081182602906633,2.7629693146146185e-05,0.0002019742749855,1.3119509518069737e-05,0.0001453027074097,2.745521135433505e-05,0.0660764050332117,5.10922546131426e-06,3.3155632098222346e-05,0.0244314749191772,0.0118626679087888,0.5095253880059878,0.0110323084948081,LFP,13,85
-94144.105500306,2.417479277537693,0.0112815621361494,122757.78284654474,-0.5268486891383901,-4.273151310861621,-0.620162962367425,0.2666496889324186,2.6623665707364975e-05,5.143394100861523e-05,5.750435982693676e-05,0.0001186167748023,2.9570468168117988e-05,0.0440184660673273,1.7678589132315583e-05,5.175414637548299e-06,0.0180177507380792,0.1354433052011748,0.161009783270055,0.0133839491613452,LFP,13,92
-112189.14070690842,2.4725030861156108,0.06222352746802,24250.608594475165,-0.967870581797925,-3.8321294182020864,-0.2206057294121816,0.2041750526198191,1.8458678140872336e-05,8.052757710962044e-05,3.79491181667587e-05,4.646755078036686e-05,2.7030829444169253e-05,0.0634504535020319,1.002179865467708e-05,6.134239503612643e-06,0.0143971806618747,0.0216243039640883,0.5886719489929386,0.0990980176307914,LCO,13,23
-185073.12672978084,2.108979792959752,0.0132331727684878,141428.59080218629,-0.4154859027637911,-4.38451409723622,-0.4537789112616425,0.2264432005120327,2.802840422037628e-05,4.41203921802824e-05,1.84833624897895e-05,6.425916325533443e-05,2.203365249315731e-05,0.0720246310698895,7.114293558899792e-07,2.652292056040828e-05,0.0171220121554072,0.1663783244368919,0.2569599789745935,0.052882785326872,LFP,13,83
-91651.50162276631,3.4457463704736733,8.769900703203195,9062.676114651698,-3.1430438200572297,-1.6569561799427817,-0.8061381033970288,0.204337160919454,2.6238605951833424e-05,4.246808336574435e-05,3.864948420832165e-05,5.308674493177627e-05,2.997306792889321e-05,0.0838882995804848,1.8263634064285303e-05,4.961088972696382e-05,0.0244618352275631,0.0210735192908742,0.012432506760256,0.0903558705518408,LFP,13,2
-142122.18814468166,2.55683306303661,0.0100050180201067,110501.62895722644,-0.5037094965895008,-4.296290503410511,-0.3850462406922389,0.2415130284552429,2.5750056085870173e-05,9.46694698350251e-05,4.479116773410452e-05,5.515006147316692e-05,2.952141311182438e-05,0.080474559787379,1.6777610778950212e-05,1.173810905852982e-05,0.0134554603067851,0.0408296492245732,0.1548864944706675,0.3492376156125203,LFP,13,90
-641959.7603040172,2.659994537390776,0.0174205482024959,319595.27954161825,-0.3923906917172033,-4.407609308282808,-0.603302404636815,0.2594847859834966,2.9421411680149207e-05,0.0002456743413044,1.3231954319685714e-05,4.518712170931526e-05,2.9804841052215677e-05,0.093949200601412,1.6676995178556676e-05,2.895417683779929e-05,0.0241521459372856,0.0671661016020258,0.0922262254991918,0.1673052682619674,LFP,13,61
-491085.1995372485,2.493296546849421,0.0100608769144006,312462.33437811176,-0.4402890342871828,-4.359710965712829,-0.3627409744507597,0.2083104279854432,2.7673302208323945e-05,0.0002330890080865,1.155050867684065e-05,7.864196543646872e-05,2.892381959591497e-05,0.070103435602998,1.7023886723137794e-05,4.976477188592735e-05,0.0243566430530534,0.0348184931092171,0.5218154445032002,0.010625087936823,LFP,13,85
-114235.84361195486,2.627717751606167,0.0213706455456322,49367.935530739305,-0.5099458167392825,-4.290054183260729,-0.4051256071429657,0.2364763382512057,1.5398572779708457e-05,0.0002491029809577,5.60115584332608e-05,7.407289089680411e-05,2.9767836929478023e-05,0.0921813362755606,1.6555023132575004e-05,2.2041873405565117e-05,0.0104695259479472,0.054275583231572,0.431033743051002,0.0395650665744601,LFP,13,52
-56362.75007109455,2.4472925592799792,0.0062240910882943,48729.414258017794,-0.3256528275824237,-4.474347172417588,-0.8602614102229196,0.2414992384170282,2.931985523696992e-05,0.000207397256828,3.953453790259591e-05,0.0001175125169167,2.9507833955592992e-05,0.080413758038694,6.061951805523141e-06,4.093543336630677e-06,0.0090148130726876,0.0213401695558759,0.0200160105571399,0.0283824096640645,LFP,13,70
-4326.882495225118,2.0990805202541027,0.0083701736478006,5355.744275513688,-0.5422995513391413,-4.25770044866087,-0.0408935810672452,0.2001268791447932,2.9020838832451772e-05,6.87176568259747e-05,5.957806467198677e-05,0.0001381165236308,1.524965605854632e-05,0.0441610498154147,1.1932862179689574e-05,3.681463257884031e-05,0.004040650014475,0.3041412292230905,0.3209304734137458,0.2640347162959183,LFP,13,95
-21647.32863569804,2.6732598834353007,0.1407077070197866,2527.833540010634,-1.1138670782374689,-3.6861329217625434,-0.3317260789796826,0.2054706663912532,2.933712578421013e-05,0.00020790134152,1.6836044967272066e-05,0.0001482680425384,2.709275451082986e-05,0.0730035129063798,5.853881672606886e-06,1.6922320347753577e-06,0.0044192453563778,0.0259792578020156,0.5611262047753949,0.0111684584429069,LFP,13,20
-411706.44418778416,2.8464118562183334,0.2091991292698294,59348.565619170025,-1.923123096200591,-2.8768769037994204,-0.7368459893577817,0.2340912138655519,1.5241900137895284e-05,0.0001993869831178,1.6589492146231953e-05,5.4799232934792055e-05,2.865148452689567e-05,0.0946385786128823,1.6785245536066972e-05,2.8966588725720016e-05,0.0246958603678293,0.0897273390502914,0.0151234577651919,0.0883032138267349,LFP,13,10
-136971.96305363893,2.2765997922206807,0.0052790109759201,129351.33774704926,-0.4905971241372171,-4.309402875862794,-0.5002880659503142,0.2446309449172647,2.918767114472671e-05,4.181705797163801e-05,4.631984105955852e-05,5.697139581874386e-05,2.9535792103746785e-05,0.0440304444809287,1.6777543558831045e-05,1.2044188906872613e-05,0.0200338792333134,0.1166340343643066,0.1541606934425569,0.1589172062428223,LFP,13,89
-12867.671509110498,2.182233375476613,0.0086911213232798,12328.852406284454,-4.331141846856767,-0.4688581531432447,-0.2383378430163057,0.2179810222582525,1.5768928874092977e-05,0.0001030910742499,6.499276301268022e-05,0.000136665041944,1.2943027302205948e-05,0.0977764057444001,1.925569864498764e-05,3.2518634405303575e-05,0.004136260266087,0.0232235255961186,0.155495461148772,0.5129431702388035,LCO,12,89
-217536.4059117185,2.296083533142645,0.1420714333818382,29417.056329711217,-1.6013259227217134,-3.198674077278298,-0.6794010100915109,0.2343397871610248,2.7929090454053684e-05,8.800162636743532e-05,1.541419171030942e-05,5.104062155573979e-05,2.378159908053026e-05,0.0402186731418279,1.6549132486046524e-05,4.798193942677276e-05,0.0249865925884617,0.0186730979048521,0.1211987950227871,0.1107270969808499,LFP,13,13
-46080.303478075846,2.472324187116789,0.0050872992110019,59582.91969298191,-0.3213926553229314,-4.47860734467708,-0.8744708798384876,0.2306401590827198,2.4134261662924648e-05,0.0001993857862917,5.049460620820762e-05,5.3177216252856255e-05,2.952066623587973e-05,0.0987467026115716,6.019310830785809e-06,4.042113011878929e-06,0.008950381203857,0.0277840898544875,0.0150235141674437,0.0127215161395811,LFP,13,71
-252950.6272824384,2.1159577270972934,0.0327684066954415,155845.8203792465,-0.5412049930344836,-4.258795006965528,-0.3327674459867773,0.2666957903848433,2.7735105928020497e-05,4.188855893282202e-05,2.2712805158014217e-05,5.579656206343125e-05,2.9179629309738177e-05,0.0820069078041031,1.6439951753860588e-05,4.440987364259918e-05,0.0222794126812392,0.0104016417564904,0.5228914891265185,0.0639394231302137,LFP,13,51
-75961.35409576718,2.4794938746975856,0.0753272584504467,19675.21909896314,-0.97912434388126,-3.820875656118752,-0.2223240787220538,0.2271809300874012,1.9566244278155574e-05,7.187719687546533e-05,4.5212267914117215e-05,8.769576032007173e-05,1.753848024545125e-05,0.0487251547365846,1.580169386396939e-05,5.734996390118802e-06,0.0144139764581157,0.1198797656344382,0.3466353048039499,0.241160850839558,LCO,13,23
-714017.5452083206,2.54565351659958,0.028972446825712,266571.4798150413,-0.5537106035057491,-4.246289396494262,-0.3779429164915162,0.2956148319598771,2.7521675731905956e-05,0.0002278143410384,2.27921425007331e-05,6.460819409200396e-05,2.1800139294197024e-05,0.0939633081321767,1.651597270181045e-05,4.739885995080411e-05,0.0248838005512969,0.0157741505154219,0.4856410731816443,0.0506418598114174,LFP,13,51
-108604.12485260694,2.1640879086427405,0.0510298934798541,38428.90341892107,-0.6131633290272447,-4.186836670972767,-0.1162724735941017,0.5511954933981277,2.011371654259777e-05,6.640173790514682e-05,1.2676972247330364e-05,4.742194556631711e-05,1.2818327581621322e-05,0.0523082530281352,1.5580431841647883e-05,4.951382175941561e-05,0.0131390197074,0.0285334691006283,0.5320425698124749,0.2531514874927951,LFP,13,56
-144393.0515246354,2.762592888155444,0.0635991307777764,21593.887533033285,-1.3757260158018738,-3.4242739841981376,-0.2439072788885091,0.2269446534776277,1.9575619352011573e-05,0.0001908412346634,1.1155451029910686e-05,6.820776432773769e-05,1.7537864269598544e-05,0.0960764867754291,1.5684697854353254e-05,5.707199967123245e-06,0.0127386510871219,0.1338418143723288,0.3116903959468348,0.2405605107923272,LFP,13,16
-362714.22689923673,2.998929609487157,0.2207097939926723,47997.63826993157,-2.0359831291153085,-2.764016870884703,-0.8209974157623908,0.2339820726661708,1.5146529400433615e-05,0.0002016201968246,1.6625737999583957e-05,4.928314981230246e-05,2.9116239885929504e-05,0.0809959613208096,1.689136156637953e-05,2.888948476124729e-05,0.0249928101523049,0.0158865882891777,0.0149121387248609,0.0782038572235705,LFP,13,9
-11336.327413255423,2.2016857015527598,0.0212273319541159,8657.842223428424,-4.241021986885144,-0.5589780131148672,-0.2059109923237282,0.3527219899251086,2.054540072244696e-05,7.711005043118336e-05,3.5331880969682435e-05,6.628444159045125e-05,2.491723521268164e-05,0.0793982777643834,1.926076765002309e-05,4.667360152341608e-05,0.0046527419443347,0.0187309097312395,0.4153819888766968,0.2899761090683353,LFP,12,68
-121913.1043856122,2.0884829473570425,0.0409578782751994,36379.10415547572,-0.8478542653825087,-3.952145734617503,-0.6761235357243354,0.3036624294175177,2.0085973445743052e-05,4.4592678186029866e-05,1.2078494172383515e-05,0.0001213524045339,2.298478348182993e-05,0.0439569933974235,1.7904653748861767e-05,3.891569928594833e-05,0.0173013209332246,0.1136694239618261,0.1194416880155044,0.020765352298334,LFP,13,29
-494632.3397299108,2.7667337712785347,0.0804246505528229,86049.159900863,-1.2247289230785228,-3.5752710769214886,-0.3096905602054232,0.2918597428466318,1.6669149361864154e-05,0.0001849273678827,1.195893816232765e-05,4.061172382729432e-05,2.124076214808671e-05,0.0834362828543074,1.8537326252958896e-05,3.890333265847983e-05,0.0248938295018876,0.0139562623822839,0.586610826159047,0.0197423512532458,LFP,13,19
-113320.36897874736,2.4633576323611166,0.011147188003807,114178.82965195682,-0.5104947794187424,-4.289505220581269,-0.4774112096272066,0.2687392246274526,2.925349073805846e-05,0.0001992959735573,1.7577913347650523e-05,0.0001359281241382,2.184094056141357e-05,0.068705092608553,3.33651476863277e-07,1.875771686422421e-05,0.01400563244877,0.0429877741861334,0.2579806682168376,0.1516203479698223,LFP,13,90
-489750.4221914029,2.5714339056334303,0.0091736267674999,326905.0520155269,-0.4995742626352566,-4.300425737364755,-0.4418848176603758,0.2181078068591049,1.509726891760151e-05,0.0001992887537057,1.6556045851125836e-05,5.25016477973177e-05,2.1472912834583947e-05,0.0925839563134452,1.5512280562794714e-05,2.8984118160269623e-05,0.0204542662120556,0.0410642359527111,0.360296748429622,0.0867541979572911,LFP,13,90
-46163.79219064619,2.321708140386817,0.0090804570547483,38922.34736699165,-0.4397806466216565,-4.360219353378355,-0.3458401754944391,0.2062160029262768,2.555807275225481e-05,9.442358884119035e-05,5.94575105446306e-05,5.345558716135687e-05,2.9558652126309588e-05,0.0659227809756458,8.143853551920615e-07,3.35886365688605e-05,0.0090817074021753,0.0541445459531394,0.5161143559565234,0.013900922595898,LFP,13,85
-38719.71038746656,2.8640023608633007,3.572193962350144,529.9717593121219,-2.798723281636839,-2.0012767183631723,-0.493566915255994,0.2059774123169947,2.9995494837196097e-05,8.633465622284195e-05,1.396582099155076e-05,5.455937469528494e-05,2.711189996268172e-05,0.0917300504473228,4.284600603010874e-07,8.027302657220672e-06,0.0041695408047049,0.0189311028323149,0.3733004555765964,0.0442015263350947,LFP,13,4
-9386.763252193838,2.3006151390432072,0.017058836954502,6770.45038294913,-0.5490076016136101,-4.250992398386401,-0.1421040310102915,0.3910311300179835,2.345462599017543e-05,9.528635971406388e-05,2.1356606013190632e-05,4.106878220044528e-05,2.1890423061804463e-05,0.0454033277651171,5.480880300402623e-07,3.695596437515309e-05,0.0046631339857964,0.0432782650778865,0.5047253674997805,0.2398923364120414,LFP,13,90
-51498.39142275496,2.1727273248437973,0.0098614298578962,44416.50628127332,-0.3612182979724636,-4.438781702027548,-0.2493147118878538,0.2270072213401559,1.9673656252139425e-05,0.0001052428348772,4.706264377582172e-05,0.0001218262215298,2.438176389676368e-05,0.0961724987645306,1.5613045922648365e-05,4.99376700363971e-05,0.0083390851393013,0.0208940980136851,0.3119911389814562,0.3478000511170048,LFP,13,77
-555326.8323160633,2.6420988480516074,0.0120303709001948,372423.5767626866,-0.3984114982937186,-4.401588501706293,-0.62795179393655,0.2591921159783168,2.963120664408613e-05,0.0002260854709705,1.1941434424502574e-05,4.5438953586489815e-05,2.983927229540385e-05,0.0785484772810741,1.856926577711188e-05,2.889769660396805e-05,0.0247577826712103,0.0688930177990749,0.1637877384018224,0.0693674498625527,LFP,13,81
-80860.65731672477,2.278364332706127,0.0175022101098283,56235.317913218,-0.3645247318012536,-4.435475268198758,-0.3119224127456574,0.2883812205972857,2.5604124297907783e-05,0.0001487413469414,3.3317136928413655e-05,0.0001304687345941,1.635664428543953e-05,0.0924966563336992,1.812093559168072e-06,3.090585705812117e-05,0.0100875950901922,0.0196661898244041,0.3813563496320983,0.21705504779784,LCO,13,67
-492908.8204178645,2.7933407475357264,0.7086377097772842,50911.69157314209,-1.981521477948462,-2.8184785220515494,-0.3102524843118882,0.2754915136010039,2.998420427953574e-05,0.0002040638774155,1.4261927888772908e-05,5.455476591879654e-05,2.59863667570592e-05,0.0970628775386567,5.31879141919797e-06,4.977440848983815e-05,0.024859415397603,0.0232587139610872,0.5604098765118422,0.0360789252151823,LFP,13,10
-119224.07416107492,2.539381254799461,0.0165608508395636,84623.82113377012,-0.5838794048987381,-4.216120595101273,-0.3462808352065322,0.2907776581516417,2.5245130375229604e-05,9.471624910812164e-05,3.001020495274388e-05,0.0001323103139105,2.9715400724470875e-05,0.0658569134754514,1.7028790290818945e-05,2.3612101578223816e-06,0.0174415587717815,0.0513084860180012,0.5191108419263603,0.0132998368491062,LFP,13,49
-675665.4654984601,2.2905258880219206,0.0167749372112939,206904.80563966435,-0.6375465681132653,-4.162453431886746,-0.4215623891005776,0.250226787052111,2.6113893699120844e-05,0.00010859300871,2.5359526698393964e-05,4.212084367251122e-05,2.801236182439027e-05,0.0953401975740179,3.0697713242969617e-06,4.892942722010241e-05,0.0247773850228796,0.1953137213087363,0.0540331053425038,0.2590907842481822,LFP,13,42
-13984.207678780467,2.24963787040332,0.013936944223186,9190.708750090016,-0.3807287844115521,-4.419271215588459,-0.3629341938784173,0.2046757498164394,1.996957469823526e-05,0.0001145828869349,2.829416546979892e-05,8.781065817522262e-05,1.2387722132424011e-05,0.0708232263345353,4.050217012372174e-06,4.086231311465884e-05,0.0048842506235398,0.0218033391940012,0.1208732652626222,0.4243892016649593,LFP,13,60
-45272.35629088706,2.15613196582651,0.0140670774654783,56862.27167873796,-0.5707242036538958,-4.229275796346116,-0.7590373093358582,0.321358696599038,1.9086323675405417e-05,9.812995304084582e-05,3.558385863354346e-05,0.0001432229299825,1.5334381442263127e-05,0.0760749104840601,9.968716992626722e-07,4.982833763035807e-05,0.0086287253518419,0.0258023153890564,0.09406205033428,0.0510983249408052,LCO,13,95
-26347.39563503464,2.205849473933479,0.0130021520043587,27509.651403699525,-0.3569092073418005,-4.443090792658211,-0.1812263064062015,0.2589621946098229,2.608875532388651e-05,9.196002565088408e-05,8.554976771246145e-05,0.0001080738487292,2.2347890461233613e-05,0.0717969298248405,1.1019175379683951e-05,3.377584522922516e-05,0.0078811659330796,0.0208526304817597,0.317767843973787,0.4101532191382517,LFP,13,74
-5392.012687983207,2.0858174879172133,0.0084325071606728,6240.776930724155,-0.5009991699371525,-4.299000830062859,-0.1930188812425869,0.2142296939289142,1.21688422601631e-05,5.88281475549049e-05,5.252659063988968e-05,0.0001474749096366,1.69790712034118e-05,0.0450779100672843,1.846450654016937e-05,4.270252691946957e-05,0.0041803119121101,0.2405529964156297,0.0218433579035677,0.4745847644382156,LCO,13,90
-115134.544497708,2.09898479795742,0.0098103047619192,83987.54613967646,-0.5204572223193651,-4.279542777680646,-0.6678521315590669,0.2205824608480156,2.920576281605841e-05,5.404005189299769e-05,1.2511968124783771e-05,5.5434938939571735e-05,1.5765382019116494e-05,0.0638969292696558,4.924439206931552e-06,4.739478386194392e-05,0.0127463279082854,0.0957046473762148,0.0464873483241477,0.1199558727405706,LCO,13,92
-141620.60780727287,2.214591728915344,0.1948074807324251,16382.3616101031,-1.7218476046266673,-3.078152395373344,-0.8144633683701812,0.2786500791282194,2.1654221647163734e-05,4.896217481330772e-05,2.4322527922228955e-05,8.086468883819107e-05,1.586905102051134e-05,0.0845946247757509,1.4499429628993568e-05,4.833610020124423e-05,0.0127518695870359,0.0141341583151642,0.0443011473553305,0.0571013259593241,LFP,13,12
-112184.8831571256,2.414203422249189,0.0157191822344008,64419.309660641,-0.3666487525905779,-4.433351247409433,-0.2595743388172825,0.3184266439394697,1.3013885756045667e-05,0.0001445489235256,2.047207798913472e-05,6.703918085917613e-05,1.3996239246967055e-05,0.0938609762005669,1.5027534810455431e-05,4.571330414523127e-05,0.0104288394620494,0.0426036671852792,0.3091175045517299,0.3187044894457084,LCO,13,71
-10595.720819578655,2.2219403661061605,0.0093626410014132,9853.588155887644,-0.5440396356470316,-4.25596036435298,-0.262491752474414,0.2318611501466572,1.8262080691416333e-05,8.227020516840728e-05,1.4489822373932403e-05,7.98666642463393e-05,2.67907458638064e-05,0.0431564252476721,1.4903756326550274e-06,3.51316447384666e-05,0.0054634588245871,0.0858579393926093,0.5404819537589352,0.0411683543740415,LCO,13,93
-32867.36335283077,2.105577187064484,0.0123122481262029,43461.70509876929,-0.5749823870783928,-4.225017612921619,-0.2309655859942451,0.2926714997651329,2.8117487767102908e-05,0.0001161936779253,3.109242772498251e-05,0.0001201239557915,1.5647400145611993e-05,0.06189206586978,1.768103963144906e-06,4.977263747128481e-05,0.0090599248509358,0.4717616195907858,0.0942655368852524,0.1330072575297167,LCO,13,98
-10147.415397055553,2.176551910200484,0.0608194250991717,4649.98278128243,-0.8152814868700275,-3.984718513129984,-0.7655718395858775,0.3312788864208049,1.556139629674766e-05,6.054814363831456e-05,4.573874049453706e-05,8.416912973354624e-05,1.2356110036738386e-05,0.0916732953661956,1.6017247894942677e-05,4.079591754723884e-05,0.0040260533723125,0.0192856062286064,0.0943800157030719,0.050762538482444,LCO,13,30
-15147.427693396015,2.4255665846965804,0.0322049238721173,6355.421740894482,-0.6013578904364039,-4.198642109563608,-0.2422983164921796,0.2989784713194216,1.5706433428804232e-05,0.0001385973705529,1.2216261014266596e-05,8.982787435880776e-05,1.2409702536653126e-05,0.0845124838788751,1.998161846552013e-06,2.908160262776692e-05,0.0042646214726583,0.1097442217183247,0.1469078037922402,0.4310496579972554,LFP,13,47
-282277.1010686856,2.166594953995288,0.0093403109384316,273588.6282599257,-4.289447259674866,-0.5105527403251457,-0.3172059084640927,0.2003989373577067,1.5970313469511742e-05,7.873184371513369e-05,4.376249749202376e-05,0.0001349154113928,2.6235862992060854e-05,0.0959997748483624,1.454806405153679e-05,3.7183183638026985e-05,0.0200835926196447,0.0535637704861881,0.1548012535703288,0.4044290674793903,LCO,12,86
-342504.6340741758,2.251365063108245,0.060205064914812,129334.43737825529,-0.8371333472506137,-3.9628666527493976,-0.2828455859021894,0.3147620365702807,1.4261668091890142e-05,8.675965616561909e-05,6.322205323660253e-05,7.731090341053204e-05,1.3014589809408973e-05,0.0820151609407617,3.656148296689907e-07,4.803508083664653e-05,0.0246451900895596,0.0189762365295811,0.1774602813932496,0.4507178961749797,LCO,13,29
-158635.51898647504,2.2279512880113987,0.0141449879701305,150056.85487440825,-0.5624963877570366,-4.237503612242975,-0.8236254044588625,0.2989865834350448,2.4030915548075757e-05,5.440482210534852e-05,2.8789279619639676e-05,4.674604085199313e-05,2.28511896055218e-05,0.0760061601645567,1.9869628920259025e-06,2.8866133859631937e-05,0.0148507938993614,0.022534178171213,0.0267769751827872,0.0570634421871371,LFP,13,96
-194493.29473631163,2.125508372661268,0.0205172411357731,156193.60435072368,-0.5436995728996763,-4.256300427100335,-0.314213830426107,0.2507068559759219,1.2939546689644152e-05,5.5306730506282034e-05,1.9035476963827425e-05,9.263974984654878e-05,1.774918547463922e-05,0.0581864852277301,1.5116445109602392e-05,3.508247589586091e-05,0.0248363977446644,0.0179903246109154,0.4502121357920826,0.1475837091708948,LFP,13,50
-39021.82134390514,2.342984762514284,0.0240380394285778,17573.806231626248,-0.5700770862850959,-4.229922913714916,-0.3655911482962038,0.2585809156614009,2.614824644981849e-05,0.0001606740541844,1.2154065083490749e-05,0.0001163341277466,1.2396949500437893e-05,0.0660975547188693,1.1035202801268365e-05,3.389895891723771e-05,0.0078878511247107,0.0186439304987914,0.1455153633946758,0.4002495578103289,LFP,13,47
-12427.882437849736,2.1541972796089324,0.0175520817817422,14195.715737566004,-0.4825856201767635,-4.317414379823248,-0.769938049497014,0.3266182864669684,2.5568229503300838e-05,5.718093227575644e-05,1.3798392160483698e-05,5.651026278263174e-05,1.5601748280411577e-05,0.0766842017232371,1.9408782406210625e-06,4.574937496002545e-05,0.0047822477851909,0.0213543005571545,0.0119918429786359,0.1267158069671954,LFP,13,87
-174677.34000844083,2.481271117662805,0.0188068261004709,85115.85216003381,-0.4146883957213134,-4.385311604278698,-0.2038536011409045,0.3194598704006555,1.24713403657434e-05,0.0001445776932302,1.2322309138371824e-05,5.533943872502954e-05,1.396262364143537e-05,0.0961479403476439,5.092115839319045e-07,4.740286424664224e-05,0.0128144252376677,0.0960478907586054,0.3094001111279565,0.3206983969725335,LCO,13,62
-153500.52587011794,2.517916903678074,0.385381810069645,13364.47465976912,-2.326295403515303,-2.4737045964847084,-0.3736236974968379,0.2041879532037868,2.3196737074382106e-05,9.77094398904443e-05,2.433382631703504e-05,8.087023554065796e-05,2.800300720810916e-05,0.0855001035627512,5.107692362912088e-06,3.480871198781097e-05,0.0161822754379911,0.0386514711994465,0.4603067084272736,0.057418122876442,LFP,13,7
-82704.55616418844,2.6226499119726685,0.7864382468337944,7193.934159167887,-2.5363028900483826,-2.2636971099516288,-0.6096178730505931,0.3293626623199317,1.376031925895824e-05,0.0001041344748942,6.284124779717505e-05,7.55636344942948e-05,1.4168064861161285e-05,0.0783047305131534,7.949050867411831e-07,3.249835900815695e-05,0.0123007255656438,0.0398094461517146,0.163049180311038,0.1175235004866543,LFP,13,6
-17467.872269017087,2.3577233714041963,0.0275585002634935,9586.041410772814,-0.4746907026807392,-4.325309297319272,-0.5686566790203089,0.351724712627998,2.506390366241548e-05,0.0002165141130778,1.9295685472270505e-05,0.0001199550211379,1.4349946517873268e-05,0.058781441550764,1.69688577120352e-05,4.995951077559837e-05,0.0054009225125788,0.0127505307400331,0.0147454112026745,0.3338473790369833,LCO,13,56
-23311.757947112877,2.2397345997265736,1.9874309117553055,2100.864460817228,-2.5319117730948197,-2.268088226905192,-0.2944332468979663,0.2399959875470173,2.629610465330488e-05,4.43859494757565e-05,1.539134840510547e-05,0.0001086675290903,1.3892586985251704e-05,0.0628330937228281,6.29485274788078e-06,3.569987694087089e-05,0.0081427816764714,0.5254097069100998,0.0869493385746519,0.023207707617282,LCO,13,6
-202065.4066131792,2.308188160716937,0.0159773729605213,161506.23013207136,-0.5953488996700358,-4.204651100329976,-0.0150728587762151,0.328981651477319,1.2186110521336488e-05,6.625029854169599e-05,3.655487753803726e-05,5.546166419718076e-05,1.3760927943582814e-05,0.0962620476763376,2.0656659894704312e-06,2.08728347720972e-05,0.0148641457520877,0.0305042426325295,0.4407607072094064,0.4436621913818489,LCO,13,97
-27301.59980939667,2.0865617736680635,0.009660626767225,42573.36939333611,-0.3697989481751804,-4.430201051824831,-0.572113314503025,0.2265421304707887,2.806023342915545e-05,5.0792452789365054e-05,3.120434719465973e-05,9.393918080500404e-05,1.587059194248433e-05,0.0855495570865489,1.9003850418066168e-05,4.571780081007768e-05,0.0083274184970376,0.1860658070721263,0.1166422982215198,0.0551785802033288,LFP,13,79
-15487.345414715146,2.1054332533069635,0.0108580233726155,19075.54352215283,-0.3289345792127918,-4.47106542078722,-0.7211530403707478,0.2265079418513494,2.750846767298644e-05,4.322499022150969e-05,1.4885361137798864e-05,0.0001003632818846,1.5647070098823913e-05,0.0944173230624863,1.9744035782305327e-05,3.022453089456713e-05,0.0054192548752635,0.0388762034052207,0.1146239238095072,0.0553468324145242,LFP,13,73
-58240.56560191228,2.258846529846568,0.0175206785656657,54860.07345342655,-0.3689247196654932,-4.431075280334518,-0.3814718816623553,0.2883559887423293,1.3750844843263375e-05,0.00011620934042,7.546823122396543e-05,0.0001117442989793,1.6354083624849805e-05,0.0858711342318552,2.2262493659623025e-06,3.2290054373668475e-05,0.0100578913693749,0.1736496102301752,0.1580035618717774,0.2168749462356921,LFP,13,67
-176448.84863618595,2.397360589337688,0.0152891064587271,129935.18472972364,-0.584681658263321,-4.21531834173669,-0.4408659609325446,0.3754559697161167,2.8995444777709376e-05,5.444416240338608e-05,1.976077091053524e-05,4.682033465062466e-05,2.5272930758261196e-05,0.0755110489012204,6.888147752191235e-06,7.183915112992305e-06,0.0151010128630946,0.0264760652299034,0.0160821250117133,0.4465758488258387,LFP,13,96
-193717.15199488835,2.186396604314411,0.0234831802083965,120847.98802865898,-0.527462618499456,-4.272537381500555,-0.5882897410628702,0.2664662806503713,2.6214519370303275e-05,6.277927355844042e-05,1.1821080965820016e-05,0.0001340141643424,2.151980769976042e-05,0.0863777160883479,1.6006396768575974e-05,1.2418629616712205e-05,0.0173063714212292,0.1375029154796303,0.1517929959473273,0.0524143475101721,LCO,13,50
-17772.156271562955,2.2265004329241718,0.0439057616540846,9783.418425996251,-0.6582703147549154,-4.141729685245096,-0.8241389291367633,0.2243805571749153,1.224036682432434e-05,4.664716182236325e-05,7.904467542927268e-05,8.674532419298086e-05,1.403932657799699e-05,0.0638485933125337,3.210330179193299e-06,3.504084016353319e-05,0.0061861227807918,0.0104448242429466,0.0712849401420235,0.0241313064782664,LFP,13,37
-98655.91032003894,2.485284219666677,0.0198746333887844,61838.97455076175,-0.3749364107181776,-4.425063589281834,-0.3471721936687041,0.3335013744167948,1.211198492414051e-05,0.0001445234851799,1.2319517944430783e-05,5.519045829202056e-05,1.643209629051071e-05,0.0961538167104774,4.84499791099107e-07,4.522399266385877e-05,0.0100707861524389,0.1301322027812629,0.2772775292605544,0.1754180742894786,LCO,13,69
-55148.58557979889,2.536617791286504,0.0648115467958559,13714.110281812107,-1.1523745896662092,-3.647625410333802,-0.6742812021239317,0.2283009170644829,1.2595596029678131e-05,0.0001044426399747,1.0175463409873446e-05,7.443482733423702e-05,1.2853277418410191e-05,0.0904368973755571,3.314571240353885e-07,3.210689404153621e-05,0.0088491761040758,0.0354592761679002,0.1456207756933136,0.0746387460148543,LFP,13,19
-44595.81471851288,2.15642074563106,0.0141445968983065,32660.33181852566,-0.346959209098145,-4.453040790901866,-0.6081434338517714,0.2127939581295098,1.3806015449015796e-05,5.535645812074351e-05,9.536295368873528e-05,0.0001338046070102,2.5437685106828864e-05,0.0407467786679474,5.756519185137939e-06,3.48180666748557e-05,0.0111786029379507,0.0198767300565457,0.1549766006856491,0.1470032354060337,LFP,13,64
-131129.61396313796,2.1238882161515527,0.0245403863562936,92909.4249802761,-0.5178829271633703,-4.282117072836641,-0.4125554984037602,0.2037357221653806,1.5512896692128925e-05,4.447524706735405e-05,1.702517769962992e-05,7.538907521127974e-05,2.761962715478892e-05,0.0483748519075349,4.659954604235541e-07,3.508786089876909e-05,0.021362349387359,0.017962770834651,0.4454113885718443,0.0540703421897444,LFP,13,50
-102604.6369358977,2.0885098183179496,0.0146655899586197,89767.75806339366,-0.355565270714635,-4.444434729285376,-0.607826349949693,0.2508534537864382,1.2674020010533186e-05,4.273900289399114e-05,2.761852689060109e-05,9.21802676547428e-05,2.8826481831223203e-05,0.0978541792126322,1.5486860193035383e-05,3.515229087424957e-05,0.012282446940033,0.0171287117980364,0.1579563755777791,0.1470885626744915,LFP,13,65
-19412.845908341224,2.1924050382546567,0.1936909064793761,3135.5990477132777,-1.6975145259866835,-3.102485474013328,-0.7581448993839144,0.2378278729722245,1.2474015924628118e-05,4.664306905574304e-05,7.906585111383058e-05,0.0001280047189451,1.4166054611619276e-05,0.062187953021033,5.8435490793826885e-06,3.50384458782772e-05,0.0062570066281047,0.0139101768659041,0.0700821134071076,0.0878628103430738,LFP,13,12
-25091.491771726825,2.543465016295612,0.086974992094907,8847.014614379523,-0.9345590813813018,-3.8654409186187095,-0.3377181828997412,0.2188201208705936,2.831687140367754e-05,0.0002143779974762,7.270903351408833e-05,0.0001229045798702,1.6024152512395383e-05,0.0999579015621024,1.6500624914953045e-05,2.484897276983265e-06,0.0063403673939521,0.0180818384512698,0.5271851573024925,0.0470148213464964,LCO,13,24
-74832.32739604279,2.275727337417514,0.0200592166698431,59252.936438790784,-0.3839374699441862,-4.416062530055825,-0.2942667023273323,0.3540833366969905,1.2029670661523373e-05,0.0001487595677887,3.362557377536193e-05,0.000140905592561,1.6343197662369294e-05,0.0907502435390446,2.417363055544033e-06,3.081551129978642e-05,0.0100703557894384,0.0514126170135243,0.4268183002584648,0.1575023804006785,LCO,13,70
-431271.20419479534,2.194028221476201,0.0419380386585807,194461.2267412713,-0.6889441379851533,-4.111055862014858,-0.1744519787622857,0.2893359917898369,2.6178233431363044e-05,0.0001073965812909,3.095702804511816e-05,0.0001124816258563,2.532622226852291e-05,0.0968158945104243,1.5628829363731646e-06,4.894597953341577e-05,0.0248455378402236,0.1963344292123158,0.0748052121892235,0.4844083798361749,LFP,13,40
-13859.34429123334,2.101400684670925,0.0190779675190759,6838.917073058504,-0.5707450450779419,-4.2292549549220695,-0.1744298750929619,0.2264851483278573,2.575240404702293e-05,4.856724776211917e-05,1.6165996820943133e-05,0.000116684204964,1.5757050679490544e-05,0.0657390148146171,1.096989018095312e-05,3.390024995649954e-05,0.0053107864093978,0.0482417992611437,0.1460757934285753,0.5612525322173191,LFP,13,46
-541318.7229558865,2.1987502692436065,0.0445092656861209,126137.8127832664,-0.993763606912168,-3.8062363930878433,-0.6971859141861921,0.2574346755256674,2.627766330396507e-05,8.524115391135657e-05,1.600698713402045e-05,5.974478486613398e-05,2.4134183354711747e-05,0.0971823003296882,5.308940502318258e-06,4.906250820949056e-05,0.0247774487535079,0.1734120954032992,0.0479553313202317,0.0114466590902769,LFP,13,23
-465652.9282524976,2.1993917768204665,0.0288570027539556,144126.5058406115,-0.7067766525932484,-4.093223347406763,-0.3792699437569155,0.2191426283267294,2.922414025988627e-05,8.100481021485373e-05,3.342320054752789e-05,4.318434847134123e-05,1.4631527607499058e-05,0.0813988131277221,1.975692926824401e-05,3.829688312643061e-05,0.0246504306813841,0.045422799339889,0.3437634632185107,0.1615437936846848,LFP,13,35
-5363.053984948227,2.1437947368936308,0.00852716035607,5173.26713871112,-0.5382144838822853,-4.261785516117726,-0.0187793421775868,0.2056120120610597,2.8839906337371615e-05,6.871819297422667e-05,5.717269954706455e-05,0.0001376954015014,1.524709303914721e-05,0.0442811966495634,1.0750236186276576e-05,2.8288628546982543e-05,0.0040037299218063,0.2328678470727305,0.3150946204647474,0.3632581902849353,LFP,13,94
-585922.3029809257,2.210150556245194,0.0506022649621098,150162.5948485836,-0.8930499768420859,-3.9069500231579255,-0.6614282948647205,0.3007673967291158,2.4638257658923487e-05,9.57296708089544e-05,2.627644376878565e-05,4.856240705385441e-05,1.364984710758873e-05,0.0970654825135871,1.4045316251098533e-05,2.7511318979755662e-05,0.0245363687979833,0.1213469277589762,0.109443674928494,0.0377811024478092,LFP,13,27
-29721.15305820321,2.4692392323490315,0.0099906699064211,26977.58494480803,-0.5133471639569223,-4.286652836043089,-0.2265475799811223,0.2433144201600575,1.4858300693069862e-05,0.0001647919120235,5.43448488502412e-05,0.0001413453112926,2.971310794857783e-05,0.0433016953466311,9.9721891307286e-06,8.430012501157181e-07,0.0115949787925047,0.1154988642354194,0.5552516348308097,0.0327019209526485,LFP,13,53
-4458.325420062909,2.11481356497526,0.0083701736478006,5390.061524703883,-0.5424401541425112,-4.2575598458575,-0.0366079134498099,0.2005701655242272,2.4560284207947255e-05,6.891901487570137e-05,6.295915767698237e-05,0.0001414530544329,1.3105601780780954e-05,0.0442013601115121,1.623407109650782e-05,3.68506889294891e-05,0.0040177850861863,0.3062107386896086,0.3233286136118914,0.26385273424869,LFP,13,95
-436596.70415984455,2.605022736700557,0.0501435556412319,75268.86935444725,-0.8998662420358983,-3.900133757964113,-0.6227015525478812,0.2751708142604376,1.359407747469734e-05,0.0001747451508561,1.3231850369564698e-05,5.815428653423458e-05,1.4362030134285316e-05,0.0995814525248829,1.672367182706573e-05,3.8956205367544616e-05,0.016925660976927,0.0284674947071457,0.2165528569334589,0.0622780958115142,LFP,13,26
-5183.14378094988,2.0847942870877736,0.0161037478529779,3591.450658271583,-0.4556366662006965,-4.344363333799315,-0.1034570081916913,0.226265293364984,1.2751920537927384e-05,6.396121996730199e-05,5.7000236356860566e-05,0.000121384817255,1.5535236680214157e-05,0.0451379194985503,1.0722399640125104e-05,4.098387772247414e-05,0.0041206031132236,0.2316753060062153,0.1575895152558551,0.4372781705462383,LFP,13,56
-327576.0973294043,2.193006184517283,0.0096111021985743,287631.1967866356,-4.290660639252756,-0.5093393607472549,-0.343826519206688,0.2163398032425923,1.5969611903490794e-05,0.0001136926532346,5.39260234927757e-05,0.0001372679702328,2.205473052891447e-05,0.0978418193017612,1.9439081500045717e-05,4.609775554204506e-05,0.0201017134158692,0.0250431076749509,0.1549284097195854,0.4062019633987755,LFP,12,86
-5015.448548168661,2.0926688801950197,0.0217567139371377,2978.190566530403,-0.5734940923230667,-4.226505907676945,-0.1984093197850012,0.2262568902651511,2.7621815556103315e-05,6.40923748307868e-05,5.704487010922018e-05,0.0001432797063847,1.553827399314811e-05,0.0442106144101153,1.0787465746610572e-05,4.864015018949048e-05,0.0041731812693924,0.1109114199755693,0.1022195883891989,0.5184596718502306,LFP,13,46
-5386.508326819412,2.1726387691370563,0.0343818690930162,1987.1501084645884,-0.7290624658565292,-4.070937534143482,-0.1933284760597522,0.2245712857556314,2.2704944406801268e-05,6.287899664844345e-05,5.059048320665108e-05,0.0001266750139665,1.6095959974905233e-05,0.0446006168384382,2.189163693359169e-07,2.8025099431609048e-05,0.0040036869600791,0.014902412728719,0.2137192909363069,0.5080498202752217,LFP,13,33
-4492.339458584814,2.525507417780225,0.0061310456534937,5374.841915033829,-4.284533354413554,-0.5154666455864572,-0.3762967712299506,0.2230423633624781,2.8526686619579397e-05,7.146549876639031e-05,5.27840321669856e-05,0.0001255374739682,1.479534963763874e-05,0.0472793449936057,1.6366377734991034e-05,2.957792130451725e-06,0.0040238311350564,0.1313895903232072,0.2984884367450728,0.1238252017017693,LCO,12,85
-655441.3223853902,2.5654988763832334,0.0465927069095313,127550.14339192612,-0.8550284610804368,-3.9449715389195754,-0.3172179341165211,0.2614474893073943,2.625602527395389e-05,0.0001555184114804,1.546675659283947e-05,4.094771178179194e-05,2.8301052953061856e-05,0.0966478742490781,1.875416029531833e-05,4.894294250111444e-05,0.0237977308050093,0.196695162595362,0.0749378395167764,0.3411490637713404,LFP,13,28
-504109.89761877886,2.1732431607635183,0.0373688212156568,167884.5998998,-0.7752162215662466,-4.024783778433765,-0.5194738365857762,0.2229005541547169,1.4872122942705024e-05,8.51215994332144e-05,1.0070070321005682e-05,5.089667239503337e-05,1.2141200159998938e-05,0.0961105741433554,1.5801512720735138e-05,4.746824856252441e-05,0.0247207116823588,0.2478161232499674,0.0593437068030182,0.1033663333612382,LCO,13,30
-467706.4462816487,2.307811775712911,0.0503719337252654,89739.52563436399,-1.0566561582737606,-3.743343841726251,-0.1830805758777164,0.2995331609940608,2.4474758069958057e-05,0.0001050027463854,2.627867194426876e-05,5.259312139643915e-05,1.5149305475325458e-05,0.0812098781834049,1.4049947572134888e-05,2.988249377462364e-05,0.024472345066066,0.1237263887637133,0.5856718125652475,0.0375212227933227,LFP,13,23
-464936.36535461375,2.174866530272315,0.0272844172438901,149006.8649815309,-0.6955786918910078,-4.104421308109004,-0.3004566661024215,0.2260687258650701,2.8811986406554357e-05,7.938724447091987e-05,2.077748265086788e-05,4.454532281158472e-05,1.6334619416114537e-05,0.0813664898541671,1.913686563627337e-05,3.827331573471151e-05,0.0246500139335038,0.2157914386128057,0.3928444683845639,0.0209074269002089,LFP,13,38
-430157.2028756137,2.1599416838897225,0.0414253542072735,135783.41281779608,-0.8822668548814505,-3.917733145118561,-0.3493932548845143,0.3159348573840709,2.4634243846719884e-05,6.745570527229155e-05,1.5312275608360747e-05,4.929363274372565e-05,1.6477387948525726e-05,0.0964511641698761,1.906248101686892e-05,4.939206913103553e-05,0.0248847208274949,0.1202347140234522,0.1102979457553976,0.3500740853366358,LFP,13,28
-577664.6768840334,2.2130181727763154,0.0463412934463283,99789.871609062,-1.0255556968566069,-3.774444303143405,-0.1071188488496744,0.2269320627464266,2.8851431383687607e-05,7.875848343061805e-05,1.5558059854089484e-05,4.432267978707252e-05,1.2032438346482551e-05,0.0966289692341659,1.9193790789551152e-05,3.818085443450035e-05,0.02468111698314,0.2733974281551969,0.529801433350653,0.0196822896444756,LFP,13,23
-539620.5859542369,2.1918867800010764,0.0380182157486567,150531.54450975533,-0.8055978991309729,-3.9944021008690394,-0.6513230298571469,0.2165440092165447,2.656008581042088e-05,8.540133863324458e-05,1.5138507085532704e-05,4.924713589278799e-05,1.6262506305602185e-05,0.0949425060319184,1.963486566821444e-05,4.947998588918118e-05,0.0248853438334676,0.0805399374594497,0.0334395202741571,0.1646975124092463,LFP,13,28
-571989.54532315,2.2974798488255037,0.0132327052795534,233148.99679530747,-0.627391489322811,-4.1726085106772,-0.5806831886015669,0.2616167508114245,2.610536840892837e-05,0.0001196035876149,3.255802474646142e-05,4.608810258281114e-05,1.5928101908923338e-05,0.0961240756976973,3.804902306586913e-06,4.8835129297641125e-05,0.0246799621129967,0.1762426396013379,0.1104434667656393,0.0626307050314559,LCO,13,42
-5474.31789533789,2.1765703204213294,0.0352030471302511,2018.9366196223248,-0.7258289364864723,-4.074171063513539,-0.0837573565841209,0.2304061872589562,1.4759301071781596e-05,6.644884878044885e-05,5.103061057309927e-05,0.0001438168862685,1.4858886585983643e-05,0.0442623161533371,3.304152917171152e-06,1.945236528068648e-05,0.0040118670067031,0.024878558284422,0.2917656428174381,0.5295984423140189,LFP,13,34
-4848.471310894649,2.070268224427528,0.0104613775322782,4359.648519107596,-4.1888289432314,-0.6111710567686117,-0.3860008421987132,0.2034521722361979,2.9198174049186515e-05,4.566005880469111e-05,6.176332421399918e-05,0.0001443539038564,1.2919291308242905e-05,0.0434575131897828,1.5955137710630346e-05,3.675033891441481e-05,0.0040130643207451,0.2125839719760409,0.2751786248691688,0.056236560956077,LCO,12,75
-4835.319747933271,2.099849104411971,0.0208320292412628,3161.447923529055,-0.5897640985837995,-4.210235901416212,-0.6498055269528771,0.2218203504098311,1.8395840559029623e-05,6.088639309466994e-05,5.892605103277423e-05,0.000119411497069,1.5536726790549037e-05,0.0441172869351254,7.637131502392077e-06,4.117606260908773e-05,0.0040228005985335,0.0837296960630668,0.1574893011611248,0.0389754758229313,LFP,13,44
-5051.700856112089,2.0817444021628715,0.0225856771830706,2605.083667199745,-4.432535126898728,-0.3674648731012837,-0.1012900669460105,0.2269373309464126,2.928526462426006e-05,6.451864192136888e-05,5.481480580492251e-05,0.0001448656757061,1.2847702690987995e-05,0.0445633049680028,1.832442063699844e-05,4.8653241852537376e-05,0.0041770572483076,0.2587702527592879,0.102066805838492,0.4678728744562096,LFP,12,45
-4061.677572811395,2.1084049671438523,0.0083701736478006,5053.910236644254,-4.38794902747442,-0.4120509725255914,-0.051305478802014,0.2033177142178146,2.800472582340029e-05,6.713750413740595e-05,8.486791556840036e-05,0.0001443688091876,1.2920720692306145e-05,0.044052932722423,1.595573814038192e-05,3.667637924016078e-05,0.0040264980611476,0.1483924173871232,0.32626663804154,0.4040354657693227,LCO,12,95
-5108.103541019565,2.479495820472728,0.0038010253275049,7285.389358195216,-4.375586280450392,-0.4244137195496194,-0.5321038665976188,0.2285255180883478,1.535169476653329e-05,6.242430472992694e-05,5.6447174736578936e-05,0.0001279274657335,1.4147095477802526e-05,0.0473766219052734,1.658783416039339e-05,1.2728860461934284e-06,0.0042475696550755,0.014313414455544,0.2985065848339999,0.0850761341128373,LFP,12,94
-4444.764461005428,2.5083271208025466,0.0066579927411524,4386.300176553158,-0.397455223439664,-4.402544776560347,-0.0807434699402815,0.2163523104298718,2.9208301345928143e-05,7.401777189544807e-05,5.961963444159085e-05,4.538838264430643e-05,1.5254194255603777e-05,0.043873805077311,1.202082204466049e-05,1.553736081513558e-06,0.0040409980773787,0.3084258337593001,0.2769044022456634,0.263926294054755,LFP,13,81
-5361.619105536762,2.1280943564479027,0.0172748398933688,3547.4355453876974,-4.302464908629041,-0.4975350913709704,-0.2563181082221708,0.2026799142765972,1.2193249078477328e-05,7.247599348943128e-05,5.698342767997209e-05,0.0001205831864543,1.6755116898052746e-05,0.0451641515529136,1.5958850726328422e-05,4.281965869875691e-05,0.0041700549242671,0.2039013083910133,0.3249135126912407,0.1448670706955751,LFP,12,55
-4708.5619510842935,2.118672120430781,0.008465100685849,5532.473530104236,-0.5024346105431761,-4.297565389456835,-0.1252095109326906,0.2039197710915056,1.252316537087015e-05,7.650939326293695e-05,5.717561274303966e-05,0.000146633703109,1.5679244199684186e-05,0.0437950882991208,1.8420534614206843e-05,4.275836991274251e-05,0.0040350583726372,0.2989571749677301,0.3258169723872365,0.1800163417123428,LCO,13,90
-488882.3437107136,2.1768510181947787,0.0377529016865908,150499.57473845605,-0.8530635137273563,-3.946936486272655,-0.5881433554713236,0.2614617505382154,2.6253665803405123e-05,7.761157857625112e-05,1.5558932311441152e-05,4.590254890577467e-05,1.215841201920973e-05,0.0966561983850456,1.874541699019117e-05,4.607903781868937e-05,0.0249110444891204,0.1661799497938483,0.1573814354882365,0.0182952592465916,LFP,13,28
-4474.63497750135,2.1154034593095745,0.0084110541339887,5873.624838182623,-0.5596973725118346,-4.240302627488177,-0.1645812061568592,0.2053160949200639,2.5065089949527425e-05,7.132970844251568e-05,5.2849861940919546e-05,0.0001466873409287,1.6700583074651335e-05,0.0442156722482003,1.8479199360926365e-05,3.5954910735621814e-05,0.0040352753161734,0.3026572066073847,0.322252067832268,0.140509519403488,LCO,13,97
-5066.657383187207,2.3553266791472085,0.0355641715112451,1918.0433256748345,-0.7570144236872878,-4.042985576312724,-0.2364701794978886,0.2236129039105897,1.4869807157507452e-05,4.0008104287369e-05,4.783003775709391e-05,0.0001188341934924,1.585788760595026e-05,0.0442616428691669,1.054569258039401e-06,7.477922455977322e-06,0.0040118281528467,0.0223281987741262,0.1562650624208814,0.5149365593071038,LFP,13,31
-467293.5177032196,2.2692119639657693,0.0530064419218758,96676.76743187135,-0.9906706461735908,-3.809329353826421,-0.3585780435298679,0.2437415365808815,2.3708845686568392e-05,0.0001044546446918,2.6272225083745284e-05,5.3027627891546346e-05,1.629983750492575e-05,0.080852996439213,3.3896513516889463e-06,4.23574433110655e-05,0.0244710493013552,0.1189728763391643,0.3894776294881935,0.0629714506427743,LCO,13,23
-5368.030140686751,2.281827179030956,0.0091396193824009,6044.664652078813,-0.5411079815496649,-4.2588920184503465,-0.3409884500477296,0.2321697316590784,1.3343790218989849e-05,5.510214084048762e-05,5.8416736727983874e-05,7.962885876556573e-05,1.5674347049519483e-05,0.0441964625248526,5.81109742497455e-07,1.5744758059748112e-05,0.0040206088602542,0.0586589445742859,0.1096808422264462,0.4206717631515382,LFP,13,94
-4986.104437581857,2.119516861487692,0.0100898529511949,4946.35649543236,-0.3817501020335996,-4.418249897966412,-0.246623350298259,0.2076822806208426,2.932394919720305e-05,7.130566473519107e-05,6.768241059580994e-05,0.0001389384268928,1.565857668629817e-05,0.0443283093128341,2.26721856841452e-06,4.189297393130482e-05,0.0040201028945546,0.3056058878972125,0.250734551868439,0.1270362099360895,LCO,13,80
-4202.742484108753,2.2823795300068968,0.0095010212185404,4654.072161371315,-0.3947172977374436,-4.405282702262568,-0.1358130307433642,0.2050912240774248,2.8905603263403243e-05,7.127147756656117e-05,6.278577728119045e-05,0.0001051689476799,1.4629613761510006e-05,0.0437174310305133,1.883913397569019e-05,1.5321161871419495e-05,0.0040411644701042,0.3108414878680063,0.3433412889363125,0.1400041924523169,LFP,13,81
-3955.427145108743,2.0802212909571933,0.0086876056335274,6653.135068555,-0.5521219646442148,-4.2478780353557966,-0.3608621006276225,0.2109649159846644,2.454241326085389e-05,6.489543978821645e-05,6.135896704444613e-05,0.000137830022017,1.6806751913163702e-05,0.0443821034291799,1.5418578639199378e-05,4.191020021220804e-05,0.0041121217683534,0.2904148421891543,0.2166481914095395,0.0620748657736836,LFP,13,99
-197879.7888166992,2.389596420864447,0.0213155504424772,134398.60910814107,-0.3846127660888285,-4.415387233911183,-0.2312077489431697,0.349862735433285,2.5428545039647564e-05,0.0002159952502778,2.238192215400521e-05,0.0001306344580081,1.4763716605705916e-05,0.0685377600533633,1.6796883218234016e-05,3.526889922456652e-05,0.0181389042922096,0.0129339923455962,0.3541577886392622,0.3317004700719718,LCO,13,68
-4084.5328539733623,2.1780444380949278,0.0103154847964392,4663.591172775389,-0.4007703552559647,-4.399229644744047,-0.2936402436758217,0.202976611036941,2.91936509292668e-05,4.542619315272388e-05,5.961897030436734e-05,4.3436967183745984e-05,1.6324813683679583e-05,0.0434510284081924,1.7815359550437964e-05,3.689944154099586e-05,0.0040533337786935,0.3087718767149193,0.2743711604795313,0.0532167191297276,LFP,13,82
-17344.846725911273,2.0991573059426583,0.0367591121071146,10109.736472975366,-0.5927811705864983,-4.207218829413513,-0.0566952824673102,0.228816991505614,2.1623802527912373e-05,5.317193064294191e-05,1.349205232300118e-05,5.0656704327440586e-05,2.979339258110604e-05,0.091504024430762,1.726059865576884e-05,4.883154121345421e-05,0.0060103195598412,0.03543042674374,0.3503585532719174,0.4875157375170323,LCO,13,44
