SpecificEnergy,SEIGrouth,TempIncrease,Price,UpperViolation,LowerViolation,VolFracViolation,C,la,lp,lo,ln,lz,Lh,Rp,Rn,Rcell,efp,efo,efn,mat,Ns,Np
-459607.08089326293,2.308879146257986,0.20615690486988353,41247.91234144573,-2.0529026353136004,-2.747097364686411,-0.23791131520934805,0.20100675305243387,2.4089062588460404e-05,7.476669650171434e-05,1.3078679823656835e-05,4.8624906599478555e-05,2.2230592552657738e-05,0.09779713146022319,1.8960105900360382e-05,4.969572943160693e-05,0.024631980669203368,0.25661231036963467,0.022533252411904372,0.412943122009113,LFP,13,9
-129692.56598816896,2.0756607797169173,0.017525781454438224,214138.20144382626,-0.5478923446526451,-4.252107655347366,-0.13130032608973463,0.21350018296559808,2.8890070289187552e-05,5.10397790236704e-05,4.106283398962517e-05,6.10047811257107e-05,1.532147186764841e-05,0.09088737861991747,1.9788768961181813e-05,4.195266289944455e-05,0.01789204009227584,0.5668527231940941,0.03504654275439838,0.19680040796177295,LFP,13,98
-67446.47070211041,2.464850898931773,0.03998926191309041,14973.485305312768,-0.8064146411531183,-3.993585358846893,-0.17709665709083544,0.22614348593905964,2.720018828579645e-05,0.0001311593911604726,1.5940853243761127e-05,4.908105536400478e-05,1.6405457361824712e-05,0.04958187198916733,1.9717378753570673e-05,2.813667301365627e-05,0.011057699147314989,0.2923434883584855,0.4063833752203443,0.054176479330334856,LFP,13,31
-183186.06681516193,2.0412302454597984,0.008943757502119712,384165.9670151189,-0.5496169267125737,-4.250383073287438,-0.1644277923594707,0.21343149148216628,2.889006250257818e-05,5.16094623848656e-05,1.0964239764930805e-05,7.079812780611485e-05,1.401863798958714e-05,0.09721909065277543,1.9888077946668617e-05,4.9556776424038436e-05,0.02307951851782611,0.5573210450572941,0.01092691377191196,0.19732424881132338,LCO,13,96
-170322.56207191155,2.1090530091704376,0.03515089243195253,186433.58110043837,-0.44898833282538675,-4.351011667174625,-0.637852539073207,0.5844658750640546,1.4883869861436793e-05,4.454114440582414e-05,2.1728515232189452e-05,0.00011146604366365889,1.5877833739482076e-05,0.05489062432889049,1.99258952575299e-05,3.125857293623318e-05,0.021870622747990516,0.019970567297931213,0.0588441652869406,0.21333272834192113,LCO,13,72
-252390.50131576796,2.1012481873445656,0.012092633699195499,328445.5321931017,-4.392266030812152,-0.4077339691878592,-0.15623815985401235,0.2818927510071768,2.9968379005259995e-05,4.068070949785421e-05,4.9341769709412825e-05,0.00011110630633432122,1.4828669327338328e-05,0.09955562936865173,1.920787047285739e-05,3.4694196529615996e-05,0.02200347811614501,0.0381509297171411,0.5915115468933505,0.1440993635354961,LCO,12,93
-276329.97257441893,2.240752073314174,1.192949511561317,32565.202268194615,-1.8340172473859582,-2.965982752614053,-0.4602016861007631,0.20734475551988715,1.383835115311428e-05,5.84987276794023e-05,1.0685919378267895e-05,6.026644881305498e-05,2.2972038176503005e-05,0.08219632328028395,1.800188180161648e-05,4.58377347429565e-05,0.02035125290141475,0.36488247347279656,0.08571417602688607,0.019201664399554303,LFP,13,11
-58505.11701169309,2.269230924428827,0.022509297347500436,58317.1905633407,-0.509804395445066,-4.290195604554945,-0.6562877085826546,0.36395294981516346,2.7946554602784866e-05,8.748353455190261e-05,4.509046133608491e-05,4.910395336622012e-05,1.966426074325457e-05,0.0793346379541384,1.9388017129066623e-05,3.959018638685945e-05,0.00945559409419226,0.05946422084671966,0.01691775380921749,0.19733031676140825,LCO,13,88
-19087.16525009162,2.20863244827587,0.024780175219025126,20259.139307145262,-4.260502378471685,-0.5394976215283265,-0.3484324573799671,0.39554913253943397,2.9971421354267207e-05,5.315332802262356e-05,3.0847270495379626e-05,4.0003086504097305e-05,2.8632646832058672e-05,0.09296088075844085,1.8880752568844674e-05,1.3942233542003078e-05,0.006801601672163455,0.46216501505496416,0.02415964134800415,0.09524288621706464,LCO,12,66
-84752.45168389677,2.1702705436700844,0.0048361896480707545,114385.15231811885,-0.5561815579742984,-4.243818442025713,-0.17218173996281927,0.27590627747017216,2.998688454433259e-05,4.025731170365908e-05,1.512758582405397e-05,5.9132005734709314e-05,1.2360454894874148e-05,0.05091242823901422,1.9310116392940723e-06,1.2259870868013353e-05,0.01800567290701906,0.2843790315467915,0.08714506991673476,0.38629415857365446,LFP,13,95
-154200.00949099511,2.101433077085314,0.009016419599714703,146465.2659684994,-0.4466736256685948,-4.353326374331417,-0.12061865962786367,0.2503959086404869,2.7393454319958e-05,4.11702638525882e-05,1.9894559517071343e-05,5.1878002893156506e-05,1.838165992057185e-05,0.06492550573987738,1.71191143467045e-05,4.771702045042143e-05,0.019389681833820102,0.1960703238783879,0.5890511026564393,0.024259913837309223,LCO,13,84
-41185.090380424306,2.1246741882104745,0.020597377882115027,37838.939846482666,-4.418224615795204,-0.3817753842048077,-0.45173587709553714,0.3755071808387451,2.6597280479572805e-05,5.170856054363084e-05,1.3177919638228907e-05,4.8458278786114015e-05,1.6471634906715142e-05,0.09704810091310287,1.8660810780120055e-05,4.78573718493649e-05,0.007394264174827057,0.03468209042080012,0.01881002660911571,0.42477200587454705,LCO,12,95
-110861.79742000814,2.270572013131236,0.014049433520990149,112094.0187562589,-0.3771469862755765,-4.422853013724435,-0.018736386356191237,0.2710702975772748,2.817423647432085e-05,0.00010501038364519114,8.205143112735718e-05,5.9831851735939804e-05,1.2457228615546928e-05,0.050979714006279604,4.590725699965833e-07,4.976613534921739e-05,0.01924741778923939,0.26588237129763587,0.08668998790245463,0.5586912544437183,LFP,13,77
-9603.720860772233,2.078714770455161,0.014068513666230496,10507.106900012943,-0.3522159782637999,-4.4477840217362115,-0.05455136345330536,0.2005325958813215,2.405698288433671e-05,4.599586679075661e-05,2.0033698187181866e-05,6.056888133260482e-05,1.2359167111986995e-05,0.08979112580324777,1.9757364582792545e-05,4.9842095810591585e-05,0.0049602865456249545,0.3324907702845228,0.030771979953240224,0.5121858863089317,LFP,13,65
-243314.5035312824,2.079701821243725,0.00587417299377239,228655.41244753156,-0.442985212956998,-4.357014787043013,-0.0046786552228937905,0.2462457892248271,2.7392473490897262e-05,4.1309555850419316e-05,2.023507105690045e-05,5.188372958498218e-05,1.8382796995939115e-05,0.0647715629697459,3.0202920845764485e-06,4.771690546458268e-05,0.024637247337696025,0.4355457400042756,0.35944209235090985,0.13033351242192082,LCO,13,84
-157983.33889256808,2.0876059344511457,0.011849978966322176,180697.24865205094,-4.3888230400511645,-0.41117695994884684,-0.4377056164596851,0.23727507527814268,2.5150387796705685e-05,4.462890862419206e-05,1.2274100264939068e-05,6.378835826902163e-05,1.8745838038219384e-05,0.05010159551093758,5.796586636876148e-06,4.828906611900751e-05,0.02236366715787543,0.08756775709109406,0.018712392691165133,0.38601423375805577,LCO,12,95
-36347.737135043644,2.0937253626431636,0.01706932675895111,32510.57841462124,-0.5644988268710946,-4.235501173128917,-0.08026660994546486,0.2608747919044197,2.9887380538899603e-05,5.1708753867313965e-05,1.3178073425699053e-05,4.196352948259875e-05,1.762366744820035e-05,0.09696880642179659,1.9490148417404544e-05,4.9646084226571917e-05,0.007048832828915387,0.4024713932116273,0.022228082164139278,0.4250339146787686,LCO,13,96
-161465.04237481207,2.139889973545618,0.0277470092391467,68536.2987603174,-0.6284864864251674,-4.171513513574844,-0.6212538561005829,0.24932280250990146,2.875253602024561e-05,4.609197964885475e-05,1.9627738925344476e-05,8.910722407307379e-05,2.4401513994904438e-05,0.08485802051457406,1.6949049034542326e-06,4.1867845154804184e-05,0.014938073740744405,0.09720401921150176,0.1882702553961645,0.02327186929175079,LCO,13,41
-10232.931068116915,2.1756732302700263,0.012244306650357608,7841.343765950339,-0.3501309391831384,-4.449869060816873,-0.738947920749564,0.24751359698713896,1.894177193677223e-05,9.307899219351076e-05,1.8089025814261362e-05,0.00013518513061413993,2.5595868612246015e-05,0.046999282757316026,1.8820638036816485e-05,3.8205099614668284e-05,0.004654284367408176,0.05572956287351098,0.12345686640660977,0.011865649970315348,LFP,13,76
-65312.32720846537,2.0628521237288306,0.031735188452148816,49603.84121469416,-0.5058497755886364,-4.294150224411375,-0.3852360654636766,0.20042608700095466,2.175862346261196e-05,4.587563414448409e-05,1.0496611796415462e-05,7.097318590692653e-05,1.2351348318942885e-05,0.08869322115263707,1.985327591371486e-05,4.9961275859559925e-05,0.011413871795171365,0.3323988963246387,0.0184423338695133,0.1939227043421714,LFP,13,51
-306599.6290658305,2.2575976279507888,0.04154645973908835,86836.863590331,-0.6788723171430604,-4.121127682856951,-0.13492371603135667,0.2262732988645525,2.406237140185085e-05,7.027558638503954e-05,1.5982656273515983e-05,4.929320613467544e-05,2.4993591396519876e-05,0.07803645367058404,1.971901762938143e-05,2.726732290801845e-05,0.019477464601790926,0.2563675016667073,0.4090829068625786,0.12962587543935758,LFP,13,40
-165245.78804974223,2.165239696627516,0.07969011916271064,60797.67563958558,-0.8646725601537071,-3.9353274398463043,-0.46467316422301225,0.5107100169735654,2.7485103190137264e-05,7.955814709860081e-05,1.4705532024919036e-05,0.00013121000573088187,1.2672890258613214e-05,0.050710710269428874,6.719316347425346e-07,4.620354348489056e-05,0.019313298686697074,0.05985812910198528,0.03552069703163585,0.36994800964336666,LFP,13,35
-14370.360749575417,2.3154245036434933,0.011534334851758315,12335.207980555137,-0.3284750026043355,-4.471524997395676,-0.24919562802383222,0.2043747458090148,1.6487073423048972e-05,0.000132249894730679,2.0024843559591855e-05,6.0639670834715183e-05,1.732796460295835e-05,0.08988194343756102,1.6366267504494737e-05,3.980816628423496e-05,0.004764751302064079,0.3331161478036038,0.028916773952586412,0.31877145021997755,LCO,13,68
-274653.13051369303,2.3535610408280796,0.013154305435751875,278387.81065333536,-4.389273201723,-0.4107267982770111,-0.31522094379767585,0.2980378438422875,1.3937249328236106e-05,4.5070918018029684e-05,2.234751116646596e-05,4.726727562632157e-05,2.6562924180247346e-05,0.08219566646607925,8.312785646187614e-06,5.797776065282748e-06,0.022088062195126424,0.19791046870755152,0.36938874758951745,0.04747983990525528,LCO,12,93
-7794.139377842711,2.0792747191201633,0.017803052949348874,4548.108165266381,-0.360199288575366,-4.439800711424645,-0.34175299423514593,0.28830171065494775,1.4840350346162693e-05,4.438229755043205e-05,2.1620318520374823e-05,7.650401719894288e-05,1.8016844691034968e-05,0.04006563658830352,1.2684223475473718e-05,4.275310207551829e-05,0.004420699321012347,0.24034135201132056,0.02864724772054346,0.31925840603299005,LCO,13,67
-185977.39444974862,2.060171455812048,0.013137870353582812,298171.9166762411,-0.44516742528841036,-4.354832574711601,-0.34674767058299694,0.28839932020782405,1.4858318446049228e-05,4.616666753107754e-05,2.1620414961706537e-05,7.629339191465047e-05,1.5806671942316452e-05,0.06522975790579437,2.88836162696276e-06,4.792823086483913e-05,0.024862943276989076,0.4323378204584425,0.09500457954490386,0.05590992941365683,LCO,13,84
-23803.296601279355,2.491705110806004,0.012236031775905081,23153.347210547407,-0.5778695955668738,-4.222130404433138,-0.1924156538033489,0.3154049102960693,2.7354472981234646e-05,0.00015255916695901863,7.776712743381064e-05,5.968882054626293e-05,1.795002002944995e-05,0.049570549633886817,1.3465713791854962e-05,2.8062106808500683e-05,0.0075297186088492205,0.271078736185208,0.410414598240736,0.05609101177070721,LFP,13,98
-9894.060540526409,2.1443364731462022,0.012539852388706613,9172.629384776048,-4.403028572514145,-0.396971427485866,-0.4733418030803342,0.29120591224052217,2.3045372397829452e-05,4.600967445918389e-05,2.0647289314426034e-05,0.0001116512940829093,1.337730628094131e-05,0.07221364255034476,1.774044759755612e-05,3.11197646413077e-05,0.004003174364270173,0.03587486305448706,0.3592986995719004,0.061484634293278384,LCO,12,95
-16811.427835195696,2.273723533062354,0.015900934659062973,13323.451726630012,-0.4795289352961589,-4.3204710647038524,-0.037581175906895026,0.32783165556119487,2.261854263878956e-05,0.0002042637391047816,1.3451738385580491e-05,0.00014836398746625228,1.5800330072255692e-05,0.0967621831708663,1.7906446649924248e-05,4.2211554447041494e-05,0.004420279816704396,0.2593207848506018,0.5101596858080906,0.12293835343441266,LCO,13,85
-297191.4517004442,2.34729697000529,0.013917293288786606,254226.69237844326,-4.182329309120988,-0.6176706908790237,-0.24125712075743377,0.2008398240255292,2.1518204771139904e-05,4.348027980322407e-05,1.5344368848611235e-05,4.0144810602242245e-05,2.848120936172758e-05,0.09292231855852577,1.884422013726146e-05,3.1838725766048863e-06,0.024750412915890238,0.2500812357600066,0.02251391550050115,0.41614772798205846,LCO,12,66
-309470.11554418615,2.1123549294674526,0.008849603935368553,350026.58251635893,-0.5539977545999406,-4.246002245400071,-0.4291456971196793,0.2172591237646133,2.9588556197018488e-05,5.121887255046131e-05,4.0942019580552446e-05,7.112821451839431e-05,1.2893111859374167e-05,0.08042045784588304,1.9946895728676932e-05,4.918500586696506e-05,0.022906956118187112,0.2050453983518555,0.016532225799789118,0.2792766787286762,LCO,13,96
-215579.82003335693,2.1685559864837733,0.012269510246193325,154717.59198727293,-0.3410338517589224,-4.458966148241089,-0.21062990998043263,0.2115071464296749,2.252308770663335e-05,6.9710228971362e-05,1.5955434269092938e-05,4.77857734107142e-05,1.751833381896551e-05,0.07454038777733672,1.6137515363038437e-05,4.9381692551264356e-05,0.019417483611836404,0.18358623848149438,0.4058989244470235,0.12988492709104948,LFP,13,71
-22207.69327910557,2.474115732785085,0.014844451294465044,23788.02300303208,-0.4029340926192191,-4.397065907380792,-0.6583416313917709,0.314778042859978,2.7288640165787266e-05,0.00019802403152456143,9.097927804305363e-05,7.695476341005625e-05,1.9342031559624724e-05,0.05122887859841395,1.3467550810780897e-05,4.299370407469492e-05,0.007552523062329095,0.18182917025931822,0.02827349990615466,0.06155569844275625,LFP,13,80
-118082.63784110644,2.0678515347762216,0.013795357830858288,114185.76598924985,-4.180073968089708,-0.6199260319103033,-0.10283271698127772,0.200728519580731,1.4350862699646929e-05,4.213449491801452e-05,2.212237042867307e-05,6.99839398922888e-05,1.7297224741401447e-05,0.08977796848665065,1.622983600143464e-05,4.000922257607999e-05,0.015988259828483613,0.3339975952789709,0.031783255614576525,0.46138643212517494,LCO,12,68
-129214.66509760157,2.2151143589277886,0.0346709937184763,84926.64291263917,-0.626306605644686,-4.173693394355325,-0.2668785244923171,0.417928334287201,2.1761048306722582e-05,9.82495666817449e-05,1.044808542459634e-05,4.7031854562221046e-05,1.9012162702807604e-05,0.09826205192738838,1.1404143834663433e-05,4.6512012539967035e-05,0.014430447643950215,0.4208084333361437,0.04467454917685171,0.19763849299468755,LFP,13,51
-412272.0483001375,2.4130281119432144,0.08670364060005917,59751.034603225664,-1.5677240442437892,-3.232275955756222,-0.5094745054736615,0.29600858877601,2.35208740174151e-05,0.00011517483633356869,1.9147549961786738e-05,6.811969079298236e-05,1.373583325187382e-05,0.07416469354781373,1.9996990799834084e-05,2.782561379439031e-05,0.024700294549059143,0.21564298312731567,0.14070197536747747,0.06418053603154544,LCO,13,14
-250765.23434432968,2.209027111367085,0.014056556084752536,252409.9777218843,-4.347120966915185,-0.4528790330848267,-0.21764741052523606,0.20687573238633505,2.140575854104242e-05,5.446603938956682e-05,1.4888861786968514e-05,5.126396261890917e-05,2.872359294143291e-05,0.07570609455146982,1.9530361919120694e-05,1.9479030140134127e-05,0.022872561686987126,0.27115871442400846,0.022708758359044953,0.41848511669171057,LCO,12,91
-161204.10332505865,2.3902678405283937,0.04096734056655967,103565.90812757394,-4.52120191008504,-0.27879808991497157,-0.3490962842265315,0.38635272821868083,2.9939838205392982e-05,0.00012470956129295447,1.942192635323714e-05,5.03688501056519e-05,2.8671121475209476e-05,0.09863635309236779,7.916167840930553e-06,4.750216721093412e-05,0.017358370364806402,0.4628416703973036,0.023274830326604476,0.09478721504956042,LCO,12,44
-33210.579017935466,2.4451060019437802,0.007537721523663237,29758.18820644151,-0.4173707215163134,-4.382629278483698,-0.056146412473098484,0.3279872668330715,2.6547022537731787e-05,0.00022344863922948608,1.2765896444166524e-05,5.905044625073659e-05,1.7086277271990973e-05,0.04936929030662662,5.767624835698011e-06,2.4488871468442133e-06,0.009560988770662849,0.28450398540163657,0.07946799645245067,0.5098816056728143,LCO,13,80
-148744.78088465313,2.094954047641201,0.013872444450044435,160222.7951935619,-4.264738524230069,-0.5352614757699428,-0.40694815443040766,0.2336951621665324,2.302852055442993e-05,4.1126670002633376e-05,1.988125386879475e-05,5.190074532542328e-05,2.835271913411209e-05,0.06385271486083065,1.7149136499006733e-05,3.278776573812049e-05,0.020414125447483875,0.1753103371471425,0.3341756544899315,0.013565853932518458,LCO,12,83
-361206.2164363187,2.4784611429280243,0.008462325851927003,366802.863173514,-4.309407499575627,-0.49059250042438407,-0.7998608117423327,0.22869298642513286,2.2125054751793688e-05,0.00021416482972993263,1.5607466331386217e-05,9.259222114155367e-05,1.3563128707728115e-05,0.08966202283101753,2.5062100168943894e-06,5.003382256473181e-06,0.021614707548646573,0.0322978590273883,0.03928730909398061,0.05855402013629841,LFP,12,88
-16342.687839396956,2.4638964924796256,0.004217291658662862,11720.846414628279,-4.398166959007206,-0.4018330409928055,-0.1372534102300954,0.23860210495776035,2.805499071094078e-05,0.00024811116362626973,1.0195170979890578e-05,5.21194681199223e-05,1.810042544189742e-05,0.05498579884767863,1.6821090001025814e-05,3.217813107607289e-06,0.005453217487278349,0.010102036569321425,0.5210480017434493,0.2615965514571339,LCO,12,95
-7086.680837824711,2.5192467310158038,0.008151762685357573,7616.45176491229,-0.415573244167625,-4.384426755832386,-0.33903876630898944,0.23396676053576126,2.4488771269227907e-05,0.00022197951343567795,2.6148064751440515e-05,0.00010481898318065521,2.7044190025496105e-05,0.04000947633254746,1.9878061314184255e-05,4.739383478793667e-06,0.005047258556206306,0.40454856230595293,0.027504508372641887,0.1589081630124158,LFP,13,83
-333796.6858460453,2.450504767876784,0.024274222844683786,154531.11476160394,-0.5543663190145054,-4.245633680985506,-0.09986315730854156,0.2404124066441358,2.72183645517701e-05,0.0001315550696929309,1.5617042037777982e-05,4.7229357782596184e-05,1.706395443914814e-05,0.09009931610451485,1.8791121934436693e-05,7.994026320301104e-06,0.020669748020885823,0.3818117128588626,0.414895253155411,0.03342987667718486,LCO,13,50
-15939.336007803187,2.1572924854285227,0.16537917896153498,1478.6251767063443,-1.7206792596312113,-3.0793207403688,-0.4423021157115837,0.24355353511801603,1.5792002890710157e-05,4.867174767675967e-05,1.911889247389037e-05,6.211654285709235e-05,2.4776918884827726e-05,0.08048801319292641,1.557347351138201e-05,3.888815541392842e-05,0.00421448843323376,0.21567326058183883,0.07018314905176233,0.20184147465481522,LCO,13,12
-29488.468939323968,2.477697065879121,0.009118932547410755,26880.804612564352,-4.324918068911003,-0.475081931089008,-0.16594718574919654,0.22713114832519363,2.825193798915548e-05,0.00017158784356693032,2.8108779477419137e-05,5.389448705342669e-05,2.6732910859471372e-05,0.04038984569774348,1.7377743803746764e-05,2.907317100749105e-05,0.010035465270326558,0.5451406735893913,0.07019585811702907,0.14871628254438304,LFP,12,89
-338509.70254187996,2.3857945224662083,0.2478426525761055,37718.20826829771,-1.9164514431486026,-2.8835485568514088,-0.5891283591795131,0.21385666507804615,1.5461118496993606e-05,4.1487016442780396e-05,1.6400788757771603e-05,7.283827883928767e-05,1.6244070520232302e-05,0.08125082863244278,4.702887612682114e-06,1.1406612991584354e-05,0.022331024218865243,0.14107025742055596,0.1342935024509566,0.06550788094897438,LCO,13,10
-35005.37357529263,2.132151760453813,0.013558413306157974,30323.643339904796,-0.33686044434689677,-4.463139555653115,-0.6235779755369659,0.22868512827478932,1.272445851316745e-05,5.69731670219876e-05,1.7993329823054612e-05,5.118527176361805e-05,2.0801398093378835e-05,0.09488725910450833,1.9950410608579432e-05,4.0605361866029866e-05,0.006816333207678995,0.05825185764704087,0.1812016798683498,0.06696848694764351,LFP,13,74
-25353.03200204983,2.5445288593219026,0.012098075440689407,22824.721378327707,-0.4947758304473808,-4.3052241695526305,-0.6973805563173607,0.22580221855939966,2.6399195851339455e-05,0.00014415288412966977,2.9361519686707004e-05,9.047193749486837e-05,2.777848257782966e-05,0.04138300527233957,1.9790528308863154e-05,5.64710436764892e-06,0.007899499865595256,0.06740428950006845,0.11938530582602727,0.04582984835654358,LFP,13,90
-292814.3465450335,2.4983459194470656,0.15886187818569505,98084.28841356763,-1.071145734781254,-3.7288542652187573,-0.5005041512233425,0.6776742095124471,2.7424936984255897e-05,0.0001597792877518933,3.1398696567840904e-05,0.0001267730922886438,1.4768617611426233e-05,0.09781445584903442,6.534847881385113e-06,2.8143726407321608e-05,0.018717667991567526,0.025616471781391842,0.39150964855428594,0.012369728440979836,LFP,13,30
-11736.200708712422,2.514672502543359,0.0075138390835198885,8222.64316319348,-4.270826218101149,-0.5291737818988622,-0.11643192208031805,0.22837059804021081,2.4359011246091726e-05,0.00022221332496092684,2.106143058843581e-05,0.00010358768266798309,2.345816763350762e-05,0.05128614645092768,1.8887325560819616e-05,5.150179397269161e-06,0.0050499246008360215,0.1345187278151362,0.5927129949622971,0.08633635514224866,LFP,12,83
-143171.08581606226,3.5875068842680378,4.288780235373494,13104.17762966701,-2.9601088160671196,-1.8398911839328917,-0.4057497362965542,0.7114168020822126,2.9985328119847134e-05,0.00016010582218187007,3.1396258446503275e-05,6.040898113971753e-05,2.504502047511527e-05,0.07811410585896841,5.1351458818002065e-06,1.519810251440639e-05,0.0194415152465691,0.13786185392270112,0.33961795830280084,0.046770451477943856,LCO,13,5
-77570.95533176154,2.525894455004372,0.015654912001383036,49724.377219650276,-0.42555469814208635,-4.374445301857925,-0.4722663583429303,0.33869934032663634,2.81594244962781e-05,0.0002218049672391962,1.3698688808186131e-05,7.939636450060968e-05,1.4062221612512367e-05,0.053452496779301466,1.9834654812165662e-05,4.016884342678992e-05,0.011034737328834409,0.059218489679023906,0.21601774049518896,0.1824974114828569,LFP,13,81
-130770.79737527431,2.5155494555555102,0.0188790128572623,93999.35328413863,-0.4303660509819949,-4.3696339490180165,-0.8188422229429753,0.38586444331549874,2.8213157188439076e-05,0.00022190700449029662,2.1059226741687335e-05,6.743761390180032e-05,2.67689165662356e-05,0.08965128440874084,1.1162859919315699e-05,4.396387933579673e-05,0.01115946508218573,0.02893745542659425,0.026303780709219432,0.05591654092121111,LFP,13,81
-13140.497103013995,2.4211534958475056,-0.0053164483425398295,17672.30610575637,-0.3408467757916114,-4.4591532242084,-0.5297105188810809,0.2269758822123667,2.9124035871565166e-05,0.00018787748497690887,3.249117614405452e-05,5.4626003815002454e-05,2.60639427364667e-05,0.08818524320747394,1.6394459287132065e-05,9.523671433287289e-07,0.00539885980193232,0.20322716061967475,0.1816172020103637,0.015445118488880777,LFP,13,74
-19271.053526074345,2.5909432815154996,0.01658799006088952,12509.596229595309,-4.378004567702298,-0.4219954322977131,-0.3794602786839304,0.3863468305900866,2.8769222150057063e-05,0.00022221198916511708,1.3690262078470433e-05,7.924796213395541e-05,1.3123951745157296e-05,0.053116578320699215,1.983614230783514e-05,1.33630752009801e-05,0.0055828371619361895,0.05397104688903154,0.4196306152490515,0.0769380591779866,LFP,12,90
-70430.02860175101,2.083714664593529,0.01077066906695027,61299.70130121029,-0.3520500497912167,-4.447949950208795,-0.732357855790924,0.23219809554648144,1.9137618410451547e-05,5.4834172720948245e-05,1.8108720049070096e-05,0.00014599577691604495,2.559370761614146e-05,0.04291266385006552,1.9995719981555932e-05,3.785934573255338e-05,0.01364936277622619,0.057700301731374616,0.12804845598297082,0.011893386494730637,LFP,13,77
-81222.103924168,2.468830939520477,0.00863585416008391,88629.63464880301,-4.309158418364042,-0.49084158163596925,-0.722744729856941,0.22658313534602353,2.2165908682138942e-05,0.00021437767751319943,1.0933658021825446e-05,7.595830608034692e-05,2.8297204812061534e-05,0.08999228107395267,2.490023095360787e-06,4.887789968671843e-06,0.010918687878316076,0.12300916425355951,0.03378044395420573,0.050465661935293726,LFP,12,88
-16359.138552007813,2.5068867421433407,0.02313604587359491,5747.102005616468,-0.5684401682735043,-4.231559831726507,-0.1513864806487878,0.23664764711337355,2.7121788995452295e-05,0.0001099679325538382,1.8285142562263225e-05,4.4093577292048745e-05,1.5336837649993453e-05,0.0827814942317737,1.065712769918106e-05,1.570615932799762e-05,0.004273671037145918,0.1541583652665476,0.5511252141202545,0.07332993996441012,LFP,13,49
-363972.21074920276,2.4709075886315186,0.009411918938554318,332210.55450484215,-0.4332925501828697,-4.366707449817142,-0.7713417173277426,0.23297329344643075,2.0398394136549092e-05,0.00012754336656029339,1.1571975813270406e-05,9.288415464179778e-05,1.979812626613322e-05,0.08762130325232993,2.509391479346224e-06,1.5120869486465924e-05,0.02084810069735956,0.015449980436472954,0.06452249732629212,0.07868580490949234,LFP,13,85
-220694.44935886282,2.495930118765499,0.5122154848174635,20151.332192715854,-2.6315031360254366,-2.1684968639745748,-0.5674704978781149,0.20512939737212033,2.6316982403917872e-05,6.420814838761504e-05,2.8552326915879056e-05,5.929165625738937e-05,1.6677191342485974e-05,0.09232345278640965,5.77986750465973e-06,3.1410851465370954e-05,0.02213977638020001,0.16157208262440792,0.14876031857281402,0.05219710092466327,LFP,13,5
-298407.35897666577,2.9200678080908378,7.9042336786649425,16470.533109917393,-2.969007510145559,-1.8309924898544523,-0.7912122896756261,0.22811022022619137,2.252041103615733e-05,0.0001386475274964686,1.2851405297944861e-05,4.239981313366637e-05,2.636405170836473e-05,0.09088647764733414,1.2361227899311468e-05,1.5104433255207206e-05,0.02476663214680251,0.01506551796579806,0.045074311055933666,0.07864788130264225,LFP,13,3
-36964.28516468218,2.5907194851745006,0.008220526514790457,26828.514274012716,-0.4835368670215203,-4.316463132978491,-0.3632868534798416,0.2197001943119803,2.8113913960042295e-05,0.00020293927098230166,1.0116505240550102e-05,0.00010709478958963229,2.7955367537504743e-05,0.05505996649633737,1.8813930196417377e-05,6.788198375937593e-06,0.007901774708444814,0.03277187216096798,0.48986950176311694,0.04407177259607356,LCO,13,88
-240829.97576772305,2.066233255285119,0.011508427749057058,237823.79303973497,-0.46363865188040165,-4.33636134811961,-0.19190290565749601,0.4179196560404282,2.703352391742148e-05,4.08607330956143e-05,2.006601983856027e-05,4.026046719243574e-05,2.068980895618304e-05,0.06541020543061649,3.027941919287164e-06,4.776370037048981e-05,0.024636553868643538,0.5764468301620193,0.0947985629794342,0.06685170120105052,LCO,13,82
-367010.9511656164,2.2027173453611075,0.009115803320422786,362901.91818022594,-0.4730097350324911,-4.32699026496752,-0.6607281543484493,0.23167936456651012,2.0889464785858407e-05,8.878415996933599e-05,1.178856845165521e-05,9.345676144361098e-05,1.2250418964789978e-05,0.08966503180394363,2.8670107121994383e-06,3.489386518518847e-05,0.021608113887551413,0.0984839827865412,0.15770568628991974,0.013082176575089796,LFP,13,88
-45512.315784561855,2.3114496142588434,0.014495828050819578,38717.90150404048,-4.41232081197289,-0.3876791880271213,-0.4004542499559226,0.33881673297279613,1.3754450668204998e-05,0.00016930558510693186,1.565140629548168e-05,0.00011336829114208096,1.5906397651353967e-05,0.04949141666819509,1.2389124363915016e-05,4.820965563865399e-05,0.009662552360869214,0.019668077603399527,0.32815844408439404,0.1817192283562839,LFP,12,96
-15841.158124527548,2.4433067504647434,0.008191152100278815,19911.571374943807,-4.389266210900566,-0.4107337890994458,-0.3257406391319658,0.2464606506811301,2.9016762936839164e-05,0.00013142670478782519,2.8250926161202444e-05,4.362485942146394e-05,2.6103516518415404e-05,0.08734006726822846,1.9799676361156984e-05,3.671075610640111e-06,0.005427865496905618,0.5563384567740183,0.016859418401713355,0.031061485692302625,LCO,12,96
-14461.894482826616,2.0890234968612864,0.01646988021143532,12839.292472873947,-0.33873754282883795,-4.461262457171173,-0.45488397295254546,0.22864252235120386,1.2717815593461003e-05,4.4718350418346556e-05,1.7461360057608214e-05,5.103074918402557e-05,2.0664099608065506e-05,0.08008046334103833,1.9600606202559655e-05,3.813309464444846e-05,0.005005108893210647,0.02997768314852643,0.18127550046489152,0.26386284343403665,LFP,13,74
-352055.59123268904,2.5068170830451453,0.009553220016648841,330543.3531276482,-4.38720394988038,-0.4127960501196313,-0.6774092353076476,0.21159975735684472,1.5768299542478453e-05,9.047767818865374e-05,1.0913308635895538e-05,5.1709157102285597e-05,2.9925736510512025e-05,0.09308358505908222,2.0551441007321638e-06,5.784000845643197e-06,0.020423130655390153,0.0979080062038646,0.032215675321527616,0.12246708316696017,LFP,12,99
-41036.5675075202,2.1523264392266563,0.007505266978984844,35418.00329041748,-4.342347612115276,-0.4576523878847354,-0.20318341637822135,0.26536411217228445,2.1896465568948216e-05,6.1293967014754e-05,3.268887389781039e-05,4.66566063077868e-05,2.0618104593314968e-05,0.09979686527672117,1.9939957843183997e-05,4.1018522257324375e-05,0.007453252777995972,0.13836356352422002,0.5216216207417225,0.06683139935583612,LFP,12,89
-225786.04440605151,2.98226002102167,0.6632394486229493,19853.55593836786,-2.637605755887172,-2.162394244112839,-0.5118630077248344,0.2069271521990791,2.6325179874193553e-05,0.00015788390467645267,2.8779988336086647e-05,5.930184936483386e-05,1.8323756416151734e-05,0.08751031397639863,5.784780232010563e-06,2.5146920501393526e-05,0.022072994580898127,0.19161256700936818,0.1564173632298147,0.07010706203598274,LFP,13,5
-208395.1448265451,2.5226209333457135,0.00873153140799752,267086.2829386501,-0.4788619664484912,-4.32113803355152,-0.36923388480275054,0.2321692622973095,1.5334895398586547e-05,0.00016809217753029312,1.8113243718238456e-05,0.00014692626659819767,2.9527550260668706e-05,0.05671209366757444,1.9989832800815845e-05,4.469505318561852e-06,0.023793735462590837,0.38920627320505385,0.1280437722659984,0.04351606972619723,LCO,13,88
-14902.120835477132,2.3076688483637877,0.015981374357393517,11974.173317179406,-0.5946594610136273,-4.205340538986384,-0.4994391900525597,0.39043753496792943,2.3669218232002842e-05,0.00016935650188712996,1.565753599957194e-05,0.00011412367996420983,1.590619859045148e-05,0.05334869350514902,1.2325613072284885e-05,4.828294432730118e-05,0.0048670660675430594,0.016585811489682772,0.2320522457734421,0.18192275268431546,LFP,13,99
-656162.0310869593,2.45248752861919,0.012187673050472473,401421.59056982415,-0.3357925981692702,-4.464207401830741,-0.7047655488458346,0.23185866311714268,1.8579444222868305e-05,0.00016105975150564045,1.8236827661940346e-05,6.771032164785497e-05,1.9653485671934943e-05,0.09117516271819158,1.946657792290118e-06,3.794885426618879e-05,0.024193410114111857,0.07722735290758712,0.129016205852377,0.018990892394201278,LFP,13,74
-285200.464657782,2.4164517542637673,0.011535857394091804,172801.8040468915,-0.34731812938451156,-4.4526818706155,-0.8290891443864067,0.2508933033423163,1.506638331503839e-05,0.00013473101396648945,1.635109624580996e-05,4.719687197588861e-05,2.560939006232056e-05,0.04521370912537683,1.877984467551026e-05,3.883414809613318e-05,0.0220925689990421,0.0449144580976176,0.02760270494866655,0.028393692567309253,LFP,13,76
-51396.40578973521,2.3176631077722947,0.014668041735493112,35273.98677021968,-4.382381193212922,-0.4176188067870896,-0.2207354843580377,0.3261416147980536,2.2088480858217613e-05,0.00018505840314839958,2.08764975925605e-05,0.00010977940378033831,1.538448488641482e-05,0.061091492727891904,1.7490842736564286e-05,3.884724303201066e-05,0.008886328549731625,0.06944117855308829,0.5661662534586129,0.07365708363026113,LCO,12,91
-456917.5933583473,2.296708057418441,0.3202340108581899,44493.81990080653,-2.0483729246619617,-2.7516270753380496,-0.7651185064810606,0.26241407802254685,2.8140919505423383e-05,4.126816576822244e-05,2.1511621352836738e-05,4.470495076183981e-05,2.5252076449137136e-05,0.0931210626645511,5.881488624558883e-06,4.59477641571385e-05,0.02493291746261132,0.03059084954087582,0.02110676613617634,0.11318387784188727,LCO,13,9
-134928.20191599222,2.6879525721297126,0.03230326648849465,43671.64515878827,-0.6207674715408587,-4.179232528459153,-0.602736698371768,0.23637130862009365,2.2237178105804503e-05,0.00019997629950302236,2.8978918107801514e-05,4.144758023284365e-05,1.586595495008153e-05,0.09045304420081957,1.9951281527714446e-05,2.14226313942339e-05,0.010793207534921915,0.021280760630579584,0.2361562854205003,0.06982625557715219,LFP,13,42
-499689.48789765907,2.410544577752452,0.019611695855800033,330652.7613920987,-4.295220957413072,-0.5047790425869394,-0.8417369916615602,0.39211097418561597,2.1443722030943485e-05,0.00014995810165419895,1.5606558500958415e-05,8.401578046059874e-05,1.7004481553334977e-05,0.09014342349179787,2.2630974119973606e-06,3.1185470588606244e-05,0.021203172069383762,0.039527446313690984,0.03472480740392783,0.014010754620820933,LCO,12,83
-11019.302324605369,2.1778358248659737,0.010242676939704664,7826.669258453283,-0.3477524679371342,-4.452247532062877,-0.7429826538289225,0.2203004930359868,2.1874781667075537e-05,0.00010993799242129684,1.7948258849732232e-05,0.00013294211770255147,2.578914918336613e-05,0.05569622642455693,1.9514217198069287e-05,3.8160100055407184e-05,0.004245846355484667,0.05455883274356449,0.12193901163049775,0.010519501797015319,LFP,13,77
-116084.39563066699,2.6017367848912647,0.6471551577985214,9916.327609522501,-2.1444862745725786,-2.655513725427433,-0.8489985939112766,0.20658996962164,1.729268434287652e-05,0.0001166254251228901,2.6521233714307004e-05,4.3175236717303385e-05,1.7366968109032497e-05,0.07992469564336989,1.688526163066006e-05,3.993641141861877e-05,0.012169657722197186,0.03771481898500036,0.018494902747845453,0.02479168435587761,LCO,13,8
-18444.985665974527,2.371442866433431,0.28651544106639765,1312.299493963131,-2.1048559607438193,-2.695144039256192,-0.5879893956103149,0.3269277369799965,2.298668264271122e-05,9.725050641963994e-05,1.4411134475662276e-05,6.745964131098017e-05,2.4304614625659304e-05,0.09749007785762993,3.7797961207677864e-07,4.417213224010833e-05,0.004032032282904729,0.08691237481563019,0.10397505328514839,0.1511231762889065,LCO,13,9
-171720.21396408786,2.716331102494288,0.6378785501745224,11189.557980925458,-2.4439968483710857,-2.3560031516289257,-0.18519194342985312,0.3601381308941624,2.3639868758415943e-05,0.00011079308510380941,1.695736855348791e-05,6.183107680802013e-05,1.32846806376199e-05,0.07261171644126876,1.2426034939819192e-06,9.13811409266298e-06,0.016481327482997677,0.10347862153851874,0.5602835896258556,0.08104584540577267,LFP,13,7
-516466.90590853326,2.2797414254431727,0.012516815878000761,275053.71070372325,-0.3280158029062221,-4.471984197093789,-0.6848660680433194,0.24615443375751866,2.3617907207998975e-05,0.00010615518189869942,1.8893449909658178e-05,5.1725864783172206e-05,1.272572783433402e-05,0.07790536280237992,1.1047810896689863e-05,4.145504534850409e-05,0.022909666520943714,0.05596693688373604,0.0812496608962647,0.10791733417667992,LCO,13,69
-201356.82862544857,2.092810380344895,0.013884446308418974,106379.42295253562,-0.3285219295503552,-4.471478070449656,-0.360536930828126,0.21873812291681194,2.3395068708566457e-05,4.450657559537556e-05,2.0349616842502015e-05,5.198537276140545e-05,1.2986554680666333e-05,0.07800161501748537,1.1038629120775672e-05,4.168473762154265e-05,0.015550231212268086,0.0989732339397379,0.22228391161736943,0.24820592361476673,LCO,13,69
-123893.11590211745,2.3212714226778077,0.009378777663551415,104198.07336458605,-4.362670626726299,-0.43732937327371246,-0.43573447836226964,0.22696290579224732,2.878924178494272e-05,0.00019637308368135895,1.68438919062671e-05,0.00012088142284610783,2.8330066840441773e-05,0.09942919619219891,1.7889664003478247e-05,4.2293375365832285e-05,0.011585239209278994,0.04963214522221097,0.12584056981378217,0.3187928066017373,LCO,12,92
-531584.5547611109,2.4094216769703065,0.1688939269488659,56547.08711553968,-1.8264366831510728,-2.9735633168489386,-0.19946756331777415,0.22567068595710046,1.3435685156928307e-05,0.00010166141778137747,1.451355213659816e-05,7.092765021652288e-05,1.4422374764985922e-05,0.09833959244840466,1.9499573795638073e-05,4.062678544161282e-05,0.024869759167395488,0.013115122550580699,0.590656847855151,0.12676046627649412,LCO,13,11
-71312.81627983501,2.599060022376181,1.2701132127903272,6118.671501625013,-2.4224044512521488,-2.3775955487478626,-0.7513711306331887,0.6261762136198026,2.21134142946014e-05,4.44079317695892e-05,1.8403028747301797e-05,9.288248414423942e-05,1.398501684391507e-05,0.07701969004467987,1.996719213167229e-05,3.2083173777379616e-05,0.010072700366263072,0.036120012844229776,0.09534728137124997,0.04716157515133153,LCO,13,8
-41844.89674515232,2.1165943153320987,0.0260784391755989,15724.4649610061,-0.6134008120165149,-4.1865991879834965,-0.33228122666863835,0.28772733072806345,1.8477758307354873e-05,5.1665951659743326e-05,1.1385755063452757e-05,5.90924032512699e-05,1.980213463575284e-05,0.043557723767120714,1.7610952642728563e-05,4.5115889297240364e-05,0.009936742756976924,0.034695351547425674,0.4244163126107906,0.13860710917314545,LCO,13,45
-38192.33640685251,3.5205554574263176,9.34268364347307,594.9621454264989,-3.35287363562599,-1.4471263643740215,-0.3299034283915462,0.2055962172532313,2.9972026785932183e-05,4.576078593921504e-05,1.270890565543155e-05,5.18972747388101e-05,2.5191569460591773e-05,0.0554898666841494,6.035832775704753e-06,4.877814138966592e-05,0.01204135935421744,0.034869679375565885,0.1124891451753689,0.45273774705751907,LCO,13,1
-399883.6601932179,2.185276788443588,0.04165266543222026,198623.44913908246,-0.6831309778335708,-4.116869022166441,-0.7520751698283978,0.23904518274419712,1.7733862716782515e-05,9.061665536008559e-05,2.605791775389672e-05,0.00010104759008625371,1.2103901507607528e-05,0.08871772066545619,1.5542828708895036e-05,3.8877279592319586e-05,0.024736128298862948,0.059546365294683594,0.0839996700212462,0.03437879485567247,LCO,13,35
-41990.35655764198,2.486775575841828,0.7481554977214923,941.9880546277161,-2.384708834229926,-2.4152911657700855,-0.7165025441187571,0.5729630636264427,2.5350848601945376e-05,7.250054503415324e-05,1.2548119963567421e-05,4.0280820300372334e-05,2.4408233541602975e-05,0.08131262714025031,3.769697899332909e-07,4.954598315396437e-05,0.004041504597580299,0.03190305775499634,0.046871307019098044,0.13472309110714856,LCO,13,8
-338925.02665204625,2.305870188261009,0.17539721427880953,42150.27337804764,-1.7172633412663245,-3.082736658733687,-0.7697834374102837,0.28711584776197957,2.5214138393675832e-05,8.477423832802149e-05,2.1868123979177837e-05,4.0225441846203155e-05,2.5844326973784686e-05,0.07980858223144799,1.7402367981926235e-05,4.955000232694085e-05,0.0218106456325738,0.010875510895002933,0.0448225623061107,0.10451848938860274,LCO,13,12
-232951.92266112956,2.3699804131962443,0.02945036186682959,30600.402236021248,-1.2638845350607326,-3.5361154649392788,-0.3568547473861977,0.20170099779094497,2.4094109159237886e-05,4.785820464268358e-05,1.5583611852766765e-05,4.3407986535916516e-05,1.642846280114158e-05,0.07094917466898955,1.2333141500843554e-05,4.561931753827664e-06,0.01792611905063984,0.09651419543805889,0.2213386542715659,0.25529240290417754,LCO,13,17
-345262.4627325584,2.172582847734909,0.04960006849082421,58810.64169106571,-1.5324028241766214,-3.26759717582339,-0.5208653648991349,0.24348672891002274,2.219139571242435e-05,4.869334995709144e-05,1.9053749887278983e-05,5.9906486234489804e-05,1.3827563072430138e-05,0.08065414686498106,1.9993326992732726e-05,2.8519605641131453e-05,0.024246002342309458,0.21531000352012997,0.12961893164351465,0.06420569993722049,LCO,13,14
-84418.44544872598,2.4028198553153737,0.17377274883962773,9302.123501036283,-1.7821605367035076,-3.0178394632965038,-0.24756831641046573,0.20374058847633347,1.2607203025374405e-05,4.3490425360585335e-05,2.0363786461898672e-05,6.168172808355735e-05,1.2511413091164248e-05,0.09875200469370068,1.6426726015128253e-05,4.0562914199579213e-05,0.010074553743860421,0.03573750890077972,0.08589647859307328,0.5607976960956813,LCO,13,11
-227070.61973090965,2.265781243520366,0.18423161559108375,20820.970258170615,-1.670865906572132,-3.1291340934278793,-0.2557264645969545,0.20072156847605313,2.9816416233646427e-05,5.286165806618768e-05,1.3257057407268032e-05,4.701268326839155e-05,1.3210501525039789e-05,0.07150134404348615,1.66087638228234e-05,4.2441476259351166e-05,0.017961200924634425,0.03258922924800943,0.057899339709112194,0.5837849664459239,LCO,13,12
-152662.46013647373,2.514784812544943,0.4558455389505294,13924.299841656628,-2.358775199046242,-2.441224800953769,-0.519097176504346,0.2793312714090962,2.3677285124900826e-05,0.00011454060189721489,1.8051578290102938e-05,6.182382205352167e-05,1.7486405859646328e-05,0.08169108209991019,1.1795275907740202e-06,4.208102017758458e-05,0.016239396929754298,0.10447988943281614,0.22624914326741488,0.08017379079542306,LCO,13,7
-54961.659454161374,2.8122588286928014,0.4747817517463108,4837.949402710107,-2.437812326122881,-2.3621876738771306,-0.8031162947694734,0.2009874099757405,2.96943782879029e-05,6.93384611134638e-05,1.4156433095427981e-05,4.038051631521182e-05,2.1564171378114315e-05,0.07930310262977465,1.7153224367634935e-05,1.1875814129651844e-05,0.010639767522404229,0.04572805936294365,0.05757638959122126,0.023579256276361767,LCO,13,6
-152488.49074451302,2.6847617102161565,3.978158209216736,7206.856610112572,-2.784478653371586,-2.015521346628425,-0.4356831336202696,0.2121362763752935,2.393642212741339e-05,7.46971128963939e-05,1.0127270526233684e-05,4.026785603067991e-05,1.9283142512011013e-05,0.05367510469064944,1.7176077370708994e-05,4.2247694197491975e-05,0.020145869155377,0.04574267288250524,0.11733517987369621,0.331239013623529,LCO,13,4
-191539.08171713725,2.2588142577242514,0.18423161559108375,18848.833379313717,-1.695172587055339,-3.1048274129446725,-0.27115793668480903,0.23917901595463487,2.3977500348259662e-05,5.4837074870525995e-05,1.3154081366593859e-05,4.7079219000788717e-05,1.3195564530260434e-05,0.06184841577275772,1.6231631738553746e-06,4.0684312100592154e-05,0.017991153609178717,0.04021085893149434,0.03200612162367981,0.5866250827600169,LCO,13,12
-53089.49639843511,2.5812934492077426,0.5456916617575044,1596.359466337864,-2.474470410776391,-2.3255295892236205,-0.3318082149439301,0.2172595313904262,2.927067261065759e-05,4.095884014631933e-05,3.156726390160442e-05,4.0624198506382884e-05,1.2668817526103124e-05,0.07803087005771309,1.7130468050396282e-05,4.634230703319712e-05,0.006633304529927212,0.10017018758234306,0.15400076083250314,0.34402083664122374,LFP,13,6
-12147.684507064263,2.498345246775424,0.00838307749809637,10610.889544856356,-4.391603291040184,-0.4083967089598275,-0.12397116510034312,0.24712885279609914,2.8509185558400386e-05,0.00019765157183638588,2.2678808033020142e-05,0.00013249383444159725,2.3464682417226963e-05,0.06410442140175171,1.919980085797139e-05,5.018904413337191e-06,0.004805353902397094,0.13484298075484724,0.5821967389355467,0.08898911520926298,LFP,12,95
-35950.89754326459,2.1541585797288123,0.08886502075064097,3952.9437341650496,-1.5795885995763825,-3.220411400423629,-0.16811619672461187,0.31657098599911615,1.3694326020708558e-05,4.623709184479078e-05,1.2397281522790858e-05,9.414610842416582e-05,2.5615182118721784e-05,0.07525262135598089,1.7611735956369527e-05,4.3846079864207505e-05,0.006867447656627383,0.026914653262923697,0.42464693534532527,0.3103222146671392,LCO,13,14
-172982.90371668362,2.531535319799132,0.4275894723702116,14463.518313200988,-2.34459881814486,-2.4554011818551515,-0.6908091181645352,0.2800825132222573,2.1505224443600493e-05,0.0001148213333253871,1.8026242098129094e-05,6.183779246282949e-05,1.7805958301865148e-05,0.08024499090374812,1.173827458250505e-05,2.8478922180260584e-05,0.016184543173175008,0.05316669456995082,0.12927255082457623,0.05675163644093786,LCO,13,7
-28494.130525034278,2.4366231239392477,0.0635105160164022,8048.953336155768,-4.630987704048451,-0.16901229595156053,-0.5780653152638259,0.22368724704351733,2.912949296529964e-05,0.0002121373975828797,1.3375158335880919e-05,0.00013101979663749248,2.413680088867748e-05,0.09430811734816118,1.2216401459148602e-05,4.137400816880692e-05,0.005813471507592931,0.093787937497851,0.017974958268227786,0.24017178897009536,LFP,12,28
-293575.82582829974,2.6174747079429834,3.7796288292652633,18426.042128267683,-2.8389113209602073,-1.961088679039804,-0.7953655251761274,0.30836746698738005,1.772075137260061e-05,9.329912492146873e-05,1.9892132784010365e-05,0.00010151593968794846,2.878864826719475e-05,0.07960740878506678,1.8253099846709882e-05,4.991829783710168e-05,0.02387712089388497,0.05905104781137054,0.04419608335491566,0.03138734365758645,LCO,13,4
-32690.843300684362,2.3749466224212266,0.34100280169207675,1692.0445156331994,-2.0296537600531437,-2.7703462399468677,-0.3805019033106438,0.2029654698473475,2.3501307872144778e-05,9.654894149068489e-05,1.3459339057498978e-05,4.172101293940179e-05,1.4028086215418348e-05,0.09560018636455703,7.062212449825564e-06,3.983417798718815e-05,0.004789991746168499,0.09294486132007396,0.1373019400181776,0.3192512953511047,LCO,13,9
-363995.87026682985,2.5128121074571714,1.1253990681208172,31525.71484043593,-2.166142393057015,-2.633857606942996,-0.8146409202392403,0.63085002199612,2.4611993065029838e-05,5.71877016169813e-05,2.9903213734436614e-05,5.388859510185226e-05,1.61158390262457e-05,0.07628722054550469,9.942073643333126e-06,3.6264790333277505e-06,0.02069752462595617,0.026969865566034142,0.060601192700966575,0.027788021493759075,LCO,13,10
-56081.27287011702,2.201674145454457,0.047747792489506925,6121.210668703452,-1.277791693552139,-3.5222083064478724,-0.18023920767062973,0.21535309464071395,1.3704514403179228e-05,5.4466635581558836e-05,1.0963964848328042e-05,5.75748838750157e-05,1.7845505876280715e-05,0.09927683908852272,9.09889543100818e-06,4.737811793245258e-05,0.0067608267670524035,0.016370764921689252,0.42146767557947323,0.31192235182820777,LCO,13,17
-327554.44688575855,2.392363542561755,0.26993690952302973,26035.219320211592,-2.154602145971964,-2.6453978540280474,-0.4823014973950984,0.21141591727926304,2.675161648426274e-05,5.913631208962828e-05,2.2840280727015396e-05,6.742719502263875e-05,1.619236850765435e-05,0.09318167446284706,1.7871391842795643e-05,3.9524652908264295e-05,0.020088477736038213,0.038833345395225184,0.05695693309471028,0.35190822411496614,LCO,13,8
-75088.89997519607,2.541366111866808,0.3364463430991939,6216.842036476867,-2.2524822599273406,-2.5475177400726707,-0.3206655248430331,0.3275801157632795,2.3266632585811943e-05,5.0138651742696216e-05,1.134452041052647e-05,5.6543842560055177e-05,1.9759676306060137e-05,0.09764683438078686,1.4195776359728968e-05,4.3733321267179854e-05,0.010083186620366877,0.010515944684359402,0.4417983356213362,0.15702019485127136,LCO,13,8
-223363.6375638955,2.27258321076222,0.013055679865869446,221984.02259011715,-4.386953800975945,-0.41304619902406614,-0.2692872557958752,0.28794495168829815,2.309509860157595e-05,4.6020996098225086e-05,2.0558422867392424e-05,4.663241277761998e-05,2.7437686622053744e-05,0.08219856725311012,4.038347656402475e-06,6.413221348982868e-06,0.02041292626806573,0.23986286148239555,0.35926356251997443,0.06158632020175493,LCO,12,93
-48711.66653807544,2.4955017308004512,0.5327247214398392,3128.341676190222,-2.5048442377759343,-2.295155762224077,-0.06466011726292098,0.23201803802085125,2.3705651312750658e-05,9.652324542623841e-05,1.3434568254646187e-05,7.10629827226862e-05,1.4029192491651566e-05,0.09342658848401124,1.4457970770196195e-06,4.1150676539675706e-05,0.008533080972708499,0.09895160569595852,0.44096764772608776,0.3254206293150328,LFP,13,6
-38953.94527500342,2.092801898018984,0.036438311906989714,11357.632973982272,-4.7460031952087505,-0.0539968047912609,-0.3702556568283557,0.6624683622375187,2.8922025734472853e-05,4.436459900730761e-05,1.2258196196338198e-05,7.286692755327314e-05,2.5158767178465793e-05,0.08240011114259273,1.5011814986095326e-05,4.973664457434878e-05,0.007382904172266944,0.031930697431620955,0.046836021753267836,0.4809776239867556,LCO,12,35
-320347.4880346346,2.4578437090301977,0.21509166995873158,20493.617725303167,-2.1536861384028967,-2.6463138615971147,-0.4721136122678441,0.20781108158045877,2.6751786727996356e-05,5.467926656772056e-05,1.5798762756307375e-05,4.065679456533819e-05,2.1569240695704676e-05,0.07909213768130155,1.8167482965469562e-05,4.413017245978812e-05,0.02011814011123308,0.04857219466415975,0.05725731328959056,0.35205687977840566,LCO,13,8
-227070.61973090965,2.2704226963203404,0.13331361315959497,24853.164408305875,-1.7006777218569056,-3.099322278143106,-0.7809801292729479,0.25341966117682113,2.3483942288380602e-05,4.98465138804815e-05,1.0467655697604055e-05,4.216658065636491e-05,1.3738819792062606e-05,0.07037398805481004,1.5134421090337546e-05,2.782116373070671e-05,0.017937921069083228,0.06725831090383043,0.018815446784156822,0.06294611303906483,LCO,13,12
-183184.5931104213,2.259943981991891,0.04893519721883934,29581.256867046963,-1.2568427314938546,-3.5431572685061568,-0.4038265897290013,0.20145677772510318,2.3565093014003294e-05,8.648805414572702e-05,1.271004090457132e-05,4.124568236396408e-05,2.972199828461404e-05,0.06721335566504755,1.979465753916798e-05,1.4112804980109208e-05,0.017875841841479608,0.04519075381590271,0.22504269034509264,0.2559399661100034,LCO,13,17
-112324.02919878457,2.312381720783405,0.22481335964179,9945.052164800672,-2.107721800645109,-2.6922781993549023,-0.33137412743104766,0.33162171504927007,1.2662936316883508e-05,5.3956653069412516e-05,2.413851295265763e-05,4.175759786668458e-05,1.736910909828719e-05,0.0882003788228485,1.553724982814785e-05,4.110013576875383e-05,0.012155170984130286,0.056961230573605096,0.11096640890475251,0.43069823309059485,LCO,13,9
-427786.7022506453,2.6054433272959376,2.333874159254522,19563.54484060808,-2.793253527778475,-2.0067464722215362,-0.5352323865798454,0.22584780856104264,2.9785442542211376e-05,6.871040712171896e-05,1.4518782877645402e-05,5.884005946386598e-05,2.1600156645100547e-05,0.09266790230933333,1.715130967899012e-05,4.593115669319646e-05,0.02499962685094709,0.01272505431227525,0.20606842820164842,0.17597413090623093,LCO,13,4
-566560.5537255055,2.533013264062487,0.023216168669352232,186129.6956470699,-0.5833902026680775,-4.216609797331934,-0.7755472933879178,0.27520480749844434,2.3612254707806662e-05,0.00010931551007046551,2.1367757248032024e-05,5.205073809875895e-05,1.3717682674602293e-05,0.08126612447425045,1.8243148380476931e-06,7.728155590863132e-06,0.022291679685101037,0.05461644278458251,0.041957944473539996,0.05787831935395969,LFP,13,46
-406359.40013723087,2.339528535257773,0.21551110287465902,43898.407532874364,-2.077697402554236,-2.7223025974457755,-0.7465127773211611,0.3053287662317713,1.7276624014057625e-05,0.00010085681986103377,1.4530693121949292e-05,6.727505789108813e-05,1.742584949205613e-05,0.07889274529875168,1.661073978935262e-05,4.231206264080238e-05,0.024729567445261055,0.04226174083177031,0.015700937606234762,0.12552454424083392,LCO,13,9
-153125.89237699157,2.6499309067583012,0.0326983228742555,48548.3291146297,-0.6714986507176093,-4.128501349282402,-0.797221312219057,0.228107354794325,2.178682994832222e-05,0.00022238319148707296,1.0823424040657262e-05,4.237273958795507e-05,2.638945544883541e-05,0.05057613234551066,1.9159577812919165e-05,1.537652766390974e-05,0.01604779669737281,0.01089074830367542,0.043440991907253035,0.07844694757001461,LFP,13,36
-218174.03321382846,2.192274667087484,0.01658332534017059,163874.07207828216,-0.40486957706805526,-4.395130422931956,-0.5290398560965959,0.22713449108645764,1.5428762051347937e-05,9.979838522319104e-05,6.167299631863603e-05,0.00012055719578200067,1.275901010045306e-05,0.059605678762323776,1.757150740681494e-05,4.822636380334047e-05,0.021808586805894814,0.0799656852598133,0.17821255963766702,0.1427818990059238,LCO,13,58
-19453.054677209737,2.1988380448988782,0.1402083925894137,2493.174039505915,-1.3715282335686325,-3.428471766431379,-0.7559758840288271,0.27921513541362125,1.6438532949225625e-05,5.763108919484225e-05,1.0844450778541806e-05,0.00011718699504924638,2.0610722830267003e-05,0.08765642731181673,1.146222344139702e-05,4.920483191861543e-05,0.004190970779190511,0.12726992085341854,0.01516596389444757,0.031588231223306854,LCO,13,16
-309021.3200459844,2.229182936688446,0.011337249933690735,267114.03183652734,-4.280189996017064,-0.519810003982947,-0.42741804769335323,0.25224620412273724,2.9831323363923193e-05,9.40553159805545e-05,6.489174154739395e-05,9.289628349499893e-05,1.2774290138378075e-05,0.07644670757817917,7.465000318293412e-07,3.956467352779725e-05,0.02227420140901877,0.07588799384849468,0.40948846786173276,0.01720549059641935,LFP,12,84
-8437.457566995134,2.565987276623983,0.017403980411478802,3307.3263926431578,-0.47813000371663605,-4.321869996283375,-0.0809049041025478,0.26514402931052744,2.2645288190848353e-05,0.00021292619239993876,7.051396944348803e-05,5.058676043062749e-05,2.156998438504458e-05,0.04219450725115462,1.853114144818845e-05,4.8564574944705876e-05,0.004143946616523279,0.043633612753656084,0.5025970479760656,0.30286443516773054,LFP,13,56
-165184.18149475538,2.3235067866667984,0.016201837172636756,149027.08905892953,-0.5596339757550979,-4.2403660242449135,-0.758658816986074,0.34040587940194966,2.8213843973760882e-05,0.0001143587804281379,2.240285123025746e-05,6.641951467379466e-05,1.6691191368789955e-05,0.04328172756120796,1.792115113263696e-05,4.163105767891374e-05,0.01927356377193147,0.05023889380574565,0.014932905555177352,0.10616938365300313,LFP,13,94
-29674.251780560026,2.5853898534900064,0.00999631211378069,20205.503060584044,-4.39736364367532,-0.40263635632469175,-0.18095395205032105,0.2423228510448884,2.3344059653177934e-05,0.0002490469410262303,3.9850887288880735e-05,5.6208214592929954e-05,1.2085497828538267e-05,0.04895559001082253,1.0669448006016165e-05,4.759429568905031e-05,0.007379865478722019,0.0451465342703304,0.46898312900891914,0.23491638467042944,LCO,12,95
-233847.46991479135,2.330942533399155,0.00875850142291642,144578.17911128912,-4.362580769822365,-0.43741923017764606,-0.05895875907387049,0.21078870827148186,2.8922963235357496e-05,0.00020732578281598782,1.939051664452173e-05,0.000113915433856427,2.130102255136685e-05,0.042770884492898384,1.7499742102800617e-05,3.875698950793408e-05,0.022390191755487152,0.058229232276796786,0.5067240362530818,0.30608797239625096,LFP,12,92
-12727.257607550084,2.141895191229347,0.02381106362185968,13084.609538403636,-0.5667232902307973,-4.233276709769214,-0.18628925843821043,0.22678117128928904,2.5668479791579627e-05,5.975010005472418e-05,6.023652821721054e-05,0.00013137420310720048,1.7394481509637927e-05,0.05368750798081183,1.960522682126821e-05,2.527353583740919e-05,0.007823456737513614,0.3557025234097882,0.05541156454689769,0.33259665360510376,LFP,13,48
-8453.3891495602,2.2053687549846517,0.02131333710291602,7793.91328304965,-0.4234737778602735,-4.376526222139738,-0.16840232917650333,0.2297499076901512,2.4148007411998017e-05,4.738892059475752e-05,8.330438123725971e-05,5.6277146199686265e-05,2.1644122718464485e-05,0.04104994918851317,1.8969756054217267e-05,4.856782655720399e-05,0.005358667891512677,0.029692347573736504,0.3503067663335705,0.3815985569161897,LCO,13,83
-50362.65681315585,2.3578436223267913,0.28522391073837344,7606.107403419243,-1.9984536199450105,-2.801546380055001,-0.06678214094112034,0.24994135443746063,2.0778901432760532e-05,6.432610500100083e-05,4.111858899118888e-05,4.4356078919639304e-05,2.1801700700522443e-05,0.07876456985773571,4.3399832860427867e-07,4.2581788074662905e-05,0.011184817680839641,0.5422843784911557,0.14372666037642262,0.17720682019130132,LCO,13,10
-68145.93301990887,2.583587647965303,0.007973658021552244,41539.825023841164,-0.5156818521544437,-4.284318147845568,-0.06094129163090589,0.21039130384808324,2.9042730254370815e-05,0.0002146713372434563,1.65834041200861e-05,5.012204869340479e-05,2.129886855580435e-05,0.04277257641110013,1.7477441536769392e-05,3.416764928982072e-05,0.011715244153282416,0.06505228508731914,0.5025612469803902,0.30144517630138473,LFP,13,91
-43940.77611847047,2.259065704707165,0.010576249388966523,30231.439068132346,-0.5780575899729001,-4.221942410027111,-0.020628026088684637,0.2539496747094314,2.9588257322942822e-05,0.0001578482788322563,3.2975372719012096e-05,0.00010409079807826553,1.2338262468042837e-05,0.05487901056137752,1.7167279714486084e-05,4.174749376920501e-05,0.00834521932785635,0.24946014908547404,0.5864167794729486,0.07349504535289278,LCO,13,99
-14401.633961795913,2.4626191768020433,0.01282476510814642,11702.319960142237,-4.27342803630475,-0.526571963695261,-0.7176246636488095,0.2647723927749342,2.97101487522352e-05,9.665779586169326e-05,9.96961416766556e-05,5.1072217628046106e-05,2.608395986424567e-05,0.040270603430994464,4.467382541057453e-06,2.1824777854567548e-05,0.006200434273270465,0.11106034103953345,0.04194467242208259,0.059370322889574514,LFP,12,84
-65911.90219876714,2.3039411778700463,0.01734314680228135,44429.812228196686,-4.411151300535785,-0.3888486994642264,-0.17439846863938935,0.3450217132997442,2.8403749328573118e-05,0.00011647742732927025,2.3598152341346793e-05,5.905263489942767e-05,1.4727051688427603e-05,0.09868306538240851,1.9763447544311266e-05,4.400962016601943e-05,0.00801966245156663,0.13712594193403504,0.5299867601429309,0.08848882928364481,LCO,12,94
-343435.2775133612,2.1905605211382273,0.01745479965349301,273104.71078382584,-0.35838422857924,-4.441615771420771,-0.7136009051374731,0.2897077220906159,2.9983553107738878e-05,0.00011386761685369125,2.4682298084806606e-05,0.00014999963246185776,2.9411284903408875e-05,0.08304798355902625,1.1143145777945157e-05,4.777878608213927e-05,0.022313010698279002,0.023836444991426245,0.14329038562283516,0.04927226424826556,LFP,13,67
-58793.732169975585,2.2507057559533967,0.010058870171374629,47758.24862476427,-4.376396097415956,-0.42360390258405545,-0.11538166698920271,0.25375905012175193,2.95888417712403e-05,0.0001587643628535698,1.8809092777863187e-05,0.00012362716092530744,2.052219502984483e-05,0.09862874210005447,1.712994038356268e-05,4.235958564039152e-05,0.008380051899912136,0.13176770898680076,0.5871398354693287,0.0957107885546679,LCO,12,92
-366295.2098372248,2.4739252677387347,0.010047804829898324,318651.492111583,-0.5650209797808543,-4.234979020219157,-0.15277369636609672,0.26345956508732205,1.3827038380711539e-05,0.00018817310460711187,1.1781817206447634e-05,5.1151477577222586e-05,2.9553041078510486e-05,0.09521295583127282,3.372214955406253e-06,4.6590987932968085e-05,0.02034246263385816,0.3608310489497623,0.3974417720513499,0.01895348263279103,LFP,13,98
-330525.1478554856,2.2457964778090806,0.013758080374691544,184409.43728705452,-4.1951394232264505,-0.6048605767735609,-0.7749083261884531,0.2382913605661348,2.926422770839445e-05,0.00011990798427079913,1.4345638077178699e-05,5.754676718560875e-05,1.3842247541511029e-05,0.05697821081918987,2.0263232246435756e-07,4.963208942128777e-05,0.023383304579906703,0.07555301582032393,0.014624061075784123,0.06491459691543894,LFP,12,65
-21023.205359656968,2.4174121459459537,0.49894514704240295,849.587856478505,-2.4749810591396795,-2.325018940860332,-0.5055943178372135,0.2330373438238605,1.650362734971252e-05,0.00010007245462971312,3.213260895518456e-05,0.0001173154265349665,2.3309746859107667e-05,0.08759228440938464,1.1442362453966378e-05,4.9460885510771525e-05,0.004122758719946209,0.06312667602741096,0.10831468703633972,0.2529643190990358,LFP,13,6
-467573.223601971,2.5458679010944354,0.012850688656142301,209371.65287635644,-4.198415122388816,-0.6015848776111952,-0.6385059411477467,0.23286414945860978,2.9800762025269907e-05,0.00016207701021670416,1.643188761398837e-05,5.130637243884928e-05,1.605149586831611e-05,0.09412703904091924,1.2679982380093643e-05,1.0562335862681938e-05,0.019793028162374722,0.034880502891151535,0.22263931884534993,0.033974237115751885,LCO,12,64
-21852.514776919223,2.0977365298180346,0.019519308560375072,24055.95644759363,-0.5677804191294769,-4.2322195808705345,-0.23010289166534292,0.4275912170419369,2.9318785047036238e-05,4.50410024642421e-05,3.675008575843532e-05,4.1905595577057045e-05,1.7917716251981592e-05,0.06441563345798283,7.229617431293761e-07,4.909327199040621e-05,0.007353478272639909,0.2920274848827681,0.3877764721542477,0.020093151297641332,LCO,13,91
-18714.90875285343,2.0971901381258964,0.009688320294317663,20180.885906353815,-0.4733821944115988,-4.326617805588413,-0.4996023531017557,0.2270047246379316,2.5430129991323043e-05,5.4060667142059946e-05,6.154592740393202e-05,0.00010080171174884407,2.6069630839337792e-05,0.04969801056827945,1.7197195790055096e-05,4.756128425201967e-05,0.0071518818931715425,0.050065701289013616,0.07349892975624492,0.3068330158529858,LFP,13,88
-8061.840541168907,2.2581873368755576,0.01638089620206473,5970.342035542358,-0.5601845973151569,-4.2398154026848545,-0.07050825145052075,0.28166181251652656,2.544999760283013e-05,7.363535931697518e-05,7.457833185140743e-05,6.269762229300115e-05,2.5940357099181787e-05,0.04984207248454227,1.8784089822816084e-05,4.7291145543900606e-05,0.004076730946190999,0.04339308070890123,0.5132623352323982,0.30283633260817994,LFP,13,94
-35659.98831988398,2.3704340341318333,0.0092980216514983,41634.51606072981,-0.5585539161389903,-4.241446083861021,-0.585710052916963,0.22701943565536586,1.3100245031242926e-05,0.00010136789418566756,8.22944027719458e-05,5.291201263246955e-05,1.274744722715117e-05,0.0595730074736619,1.7113956843462797e-05,3.094216250832959e-05,0.008489480077016956,0.03715648920072871,0.16847684680441968,0.13865661107788865,LCO,13,96
-137490.33317747733,2.1132009978961683,0.027693788991277068,72889.68360698114,-0.6234153769688362,-4.176584623031175,-0.7945893978253018,0.2253537595535915,1.379809488498932e-05,5.85463185117182e-05,1.0697606429606092e-05,0.00012073734073603267,1.2578871254127778e-05,0.04272738055235315,1.764797310824986e-05,4.8233588085335634e-05,0.020322802635647116,0.04343391731608935,0.073584080270929,0.01839260458767991,LCO,13,39
-10550.30289801224,2.4475348785401296,0.004176884778478924,11666.729507551638,-0.3794987820931084,-4.420501217906903,-0.6554911238407767,0.339066538854066,2.227000097335327e-05,0.00021877959118879947,1.6116227042466912e-05,4.390130593556952e-05,2.456746682698674e-05,0.09375316185165215,1.6359459669960648e-05,2.858083002149534e-06,0.004062983618967246,0.04574428376680753,0.05796346179250432,0.17080113059991153,LFP,13,76
-278776.90228959505,2.211037431104967,0.02343361582869546,153392.56650877005,-4.356227585750972,-0.44377241424903957,-0.17279000817802082,0.252307640882297,2.5400558908395308e-05,8.793478565062052e-05,7.250940963667628e-05,0.0001009229759135245,2.5226893415853764e-05,0.07945481689155268,6.811804475927016e-06,4.683115019659207e-05,0.022151499620590685,0.041024375256192167,0.40975319940424126,0.3064324171615458,LFP,12,52
-299454.8583597144,2.4693528420741946,0.00925772260840656,149635.75266213433,-0.5122596863144935,-4.287740313685518,-0.30079086747110173,0.20977903853797894,2.936884832835857e-05,0.00011870191606953151,1.756354279140843e-05,4.6773491755046556e-05,2.1421639617441253e-05,0.043908326015024216,8.360391765745041e-06,2.704641302187496e-05,0.02149670191045355,0.06021263437161124,0.5042610559135933,0.06473544224369372,LFP,13,91
-86145.49013760289,2.3168846518499238,0.01778544766108324,55768.04433094729,-4.314708261684032,-0.48529173831597916,-0.22689633471139536,0.3762445513797266,2.924074035820723e-05,0.00012182344903682292,3.67724379475989e-05,7.504949394104724e-05,2.001769769337502e-05,0.06461450615560461,8.196848662706303e-07,4.930506228577021e-05,0.01164436986231842,0.29095101666959733,0.3924057679355444,0.01974688068346297,LFP,12,84
-14722.2104486525,2.184133202984798,0.0087126442303333,16498.185347877825,-4.379011708886097,-0.42098829111391467,-0.22845802429278617,0.22002091367006077,2.186390737064038e-05,9.330354141292443e-05,2.0778825538587417e-05,0.00011027598847313837,1.2444104077724523e-05,0.0821520194234621,5.389500692509651e-07,3.9567884812604684e-05,0.005224569583138132,0.06646920838576673,0.5609342133196512,0.07413855400179598,LFP,12,94
-346609.63700340065,2.451002530898074,0.1187002647674533,79704.23903349228,-1.1945494068661517,-3.6054505931338596,-0.8704090968864362,0.31105883731730555,2.9469600167832985e-05,0.00014423409803869674,1.988839532383563e-05,0.00011831697245370419,2.1793759813646675e-05,0.09217488201554602,1.147348034337194e-05,2.6818456761505022e-05,0.02080639059027297,0.029052021654806734,0.01354381502357338,0.016995066435183708,LFP,13,19
-24591.692530882632,2.2756867902071805,0.021972141650659076,11303.543153237562,-0.5396594430493167,-4.260340556950695,-0.4898013987943196,0.20931576150948458,2.418298645796027e-05,8.452127934036045e-05,2.330103167702996e-05,0.00013381986169532943,1.5619228501222935e-05,0.04207029943212965,1.735712124946987e-05,2.1258893891610568e-05,0.007808938589379659,0.06369769104453155,0.030260972152335835,0.3462399380088131,LFP,13,47
-701749.8457020142,2.544861621505294,0.03135309848594176,285225.70625357307,-4.318195715073465,-0.4818042849265467,-0.6711254372316748,0.5056635697284242,2.7206690704384546e-05,0.00014905124306353185,1.51249977241638e-05,4.900333220425052e-05,1.6120930786688726e-05,0.09430127630922289,1.2696296187959924e-05,3.4717750354971665e-05,0.023187275670675682,0.03325886349086954,0.1934164005555284,0.03219929872192723,LFP,12,63
-23012.03258540422,2.182340919710149,0.08043056799355125,3042.291397155404,-1.5048783138703499,-3.2951216861296615,-0.4398427010605843,0.22578014193497178,2.9898003046804563e-05,4.1240532261938854e-05,2.463192999873104e-05,8.850861376622242e-05,2.5499544884892514e-05,0.07305118299068367,1.8340127619645277e-05,4.7183891451323253e-05,0.006007513386094614,0.05125853614736966,0.1934529967699268,0.2454457660221193,LCO,13,14
-15656.357717387658,2.138168254523947,0.028483384194915064,12579.111837505467,-4.328992235720023,-0.4710077642799888,-0.5169992074192669,0.4183368868122573,1.5464753831501334e-05,5.617478302771625e-05,4.3714226940207595e-05,4.8672931379094594e-05,2.629867154528513e-05,0.09121322919817876,9.010004585757013e-06,4.8229074471961525e-05,0.00533454261252838,0.17584935996939638,0.037343770189894356,0.19980766242144243,LFP,12,59
-66306.34196193569,2.5736249164415925,0.07672265585323743,12101.091792319396,-1.1654559333714474,-3.634544066628564,-0.14201458331725814,0.20950530997409372,2.886840828412527e-05,0.0002158483438344942,1.657818607425546e-05,0.00011937829739196363,2.1071320067433978e-05,0.05709892957316615,1.977627610072105e-05,2.6756986727045323e-05,0.011625851812314668,0.011903281042854194,0.47336479646042173,0.30271733917946597,LFP,13,19
-496267.473553066,2.46396715384139,0.010524309338570074,317583.09257976984,-4.404333922627615,-0.3956660773723968,-0.40992472134084745,0.2634778268177702,2.986529420006113e-05,0.00015007578440303607,1.838168147841613e-05,5.1306426405174556e-05,2.480768273956786e-05,0.0952508411318454,1.2691106103201697e-05,9.863747001306762e-06,0.020600035927334958,0.02834991310265131,0.47227946531663223,0.019445900239869,LFP,12,99
-198804.68862753382,2.6100450952682848,2.142506064238911,10755.503716407173,-2.830871440506982,-1.9691285594930292,-0.7775417858619915,0.2995297717195839,2.705310448758763e-05,5.3821355938479346e-05,1.3399241976205259e-05,5.409321981636166e-05,2.6198314802695602e-05,0.053936928297418994,8.742247823419086e-07,4.4994618481456557e-05,0.023743447275730346,0.04008921292230001,0.03979794329155871,0.07257105792414975,LCO,13,4
-342557.8910089225,2.298217102902914,0.2802302918056764,31731.22080614781,-1.9814857699971924,-2.818514230002819,-0.5378883257300361,0.479935035169299,2.9309957234345493e-05,4.478818548579971e-05,2.36467658145062e-05,4.770583173720983e-05,1.672173631022043e-05,0.08792115835082892,1.7473190198366236e-05,4.962508350706006e-05,0.019815410863630388,0.24347026579787126,0.022258086811305547,0.1263833216607871,LCO,13,11
-72897.60842877715,2.5184266252765664,0.024693174206205943,42627.645389386445,-4.3486961495411975,-0.4513038504588138,-0.023171111443876846,0.5038894886969278,2.8037771945876646e-05,0.0001491342307632398,1.9179542811140885e-05,4.972623440195287e-05,1.3144908764583999e-05,0.04501243034317247,9.019913657416048e-07,3.415219573159416e-05,0.012673296772490718,0.29639875460337695,0.2838140632642423,0.32661607068850396,LFP,12,84
-28426.19052206814,2.3956606810570618,0.009882166155727089,32361.231037708843,-0.5596551526801647,-4.240344847319847,-0.2048883070232289,0.2349302535080957,2.617263636815701e-05,6.725173329589648e-05,5.300733803333277e-05,5.223366858936306e-05,2.9700044620856828e-05,0.05296363064338061,3.6575113681600815e-06,1.2815428341248765e-05,0.008946688254523051,0.24834371682429313,0.0804175627422996,0.3963504134101784,LFP,13,99
-360579.30990240024,2.5121150027877737,0.01689479149763755,199668.1812339408,-4.213612058789195,-0.5863879412108162,-0.5878972473123592,0.3167553621638741,1.5072577949707272e-05,9.62133479678526e-05,1.3971519055274592e-05,5.241504535228923e-05,2.9425411954648363e-05,0.06268128328881277,3.1893079386884103e-06,1.4351941661125529e-05,0.02303692755955631,0.121220030977971,0.19967670676895682,0.021206014940713027,LFP,12,71
-469116.9223623189,2.611269035571415,0.914706260208697,37116.55429572575,-2.3371247682007166,-2.462875231799295,-0.2636608204154385,0.22342357135890778,1.3313785860658431e-05,0.00010151734698929011,1.9441332832409988e-05,5.7708625890902986e-05,1.7861767264478244e-05,0.09917844078186355,1.157483068450588e-05,4.6244838299250925e-05,0.02498724360846435,0.010348310051313803,0.59994502080741,0.05604584872583784,LCO,13,7
-19710.688408946226,2.5051300244411925,0.008647421428538195,16627.032729029608,-0.46943308150400753,-4.330566918496004,-0.13803447357018406,0.2037045516584515,2.8033639838913556e-05,0.00015538147435627047,1.3263245293337923e-05,6.450683514566429e-05,1.523791098287109e-05,0.09058291995237874,9.55210943253216e-06,7.972233940848724e-06,0.005092848550531482,0.33399601577974847,0.0190166382438731,0.4389528724061944,LFP,13,88
-361447.62065533316,2.4207253264818,0.0133923102630342,344541.345383199,-4.3874730900157175,-0.41252690998429387,-0.6455292991681402,0.31279573751844786,2.0333483960048753e-05,0.0001203056029303289,6.167931060591344e-05,4.916287142549558e-05,1.6521761137845805e-05,0.0972558254342686,2.011134527734092e-06,4.091664068982221e-05,0.020389474319549072,0.02452593213281396,0.020166315637975815,0.23977845306107012,LCO,12,93
-71282.92796392096,2.5975512847707902,0.010363871972237764,53611.11182329937,-0.570772178556922,-4.229227821443089,-0.31745621654853806,0.24588378883481588,2.779976796836625e-05,0.000249079219547026,2.0373114347438852e-05,4.501527249809707e-05,2.353558706146831e-05,0.057790139047991976,4.513905787537699e-06,2.771254852266217e-05,0.010395679290047094,0.08957052024690913,0.2804819020196324,0.24249136118492048,LCO,13,97
-177110.6187846071,2.080274017123866,0.013738676062411173,103734.75644694563,-0.34212796234162823,-4.457872037658383,-0.568083856813637,0.23932418335966127,2.8402544192267204e-05,4.438332366847161e-05,1.995218245999578e-05,5.587139214723936e-05,2.271442616749295e-05,0.07631863088386598,1.5252812382959393e-06,4.021921369595099e-05,0.014902138347057423,0.0916354775657352,0.18030732258174312,0.08997334303888468,LFP,13,74
-338250.3977419414,2.5105759133519006,0.016806021439116466,265098.9267558991,-0.5859318624430472,-4.214068137556964,-0.005926912977699539,0.34562312450857413,2.7097054030812527e-05,0.000131866464397607,1.546743820447269e-05,4.075096072317537e-05,2.6366008067192593e-05,0.09257085789984087,9.849534803559572e-07,1.6211939166740265e-05,0.020137319304974526,0.2607097821832219,0.5505958689233748,0.11276743591570396,LCO,13,95
-32630.48682356519,2.2139609669350624,0.01590002260831117,21543.747173858792,-4.245171792307076,-0.5548282076929354,-0.4089448858723611,0.2066866956837112,1.2636226870155453e-05,0.00013259461382707265,4.581556648829786e-05,0.00012759782349988234,2.826056245431586e-05,0.051559612431420494,1.535488170230908e-05,4.1337599713973354e-05,0.009125799573078878,0.03400602667086086,0.02645829407278072,0.46059079338399733,LFP,12,58
-95054.07367531242,2.090399463779357,0.008692366816525481,96957.19354803316,-0.5516341969586733,-4.248365803041338,-0.5787440915597579,0.20319789171906377,2.5821505426831727e-05,5.019084119228994e-05,1.6339883614908047e-05,8.945887122672693e-05,2.5002590648749737e-05,0.07660255895876017,6.607039400404456e-07,3.835355307388738e-05,0.012220230524589917,0.09169532516812061,0.09323158270625964,0.16632900056586183,LCO,13,96
-417230.06479485024,2.534474861065214,0.01326546555096059,319276.57882522646,-4.4014392008952825,-0.39856079910472886,-0.19783516521543432,0.3108613483833107,2.875253854584445e-05,0.00024874903933902573,3.961635542354644e-05,5.1545395294042286e-05,2.9881534945556155e-05,0.09983257219849344,1.1094534937425193e-05,4.945067119646641e-05,0.02077784479664891,0.20403804521621935,0.4082291764063498,0.1198976131619966,LCO,12,94
-228333.8979019124,2.411619504179813,0.18528759656284854,33642.414513433854,-1.8248560721462326,-2.975143927853779,-0.44756985780995084,0.24799944687322334,2.94151923304017e-05,4.422837964876152e-05,4.897334487348513e-05,4.434708973198784e-05,1.4458656737940742e-05,0.09226685491262741,1.4327237261633758e-05,4.25458677793622e-05,0.019882721887186008,0.10730871427682293,0.197575563511463,0.1775458644017633,LCO,13,11
-41362.90289033432,2.403738938709477,0.0006214269968795777,43488.92756568549,-4.216455739105449,-0.5835442608945627,-0.4046261028865469,0.3206782011449835,2.9590637505924237e-05,4.331742113708834e-05,1.3141425321910885e-05,6.37356034249993e-05,2.815556030621179e-05,0.09433716536084868,9.307490809949613e-07,2.548984506090763e-06,0.00951794026108871,0.08091159498971473,0.20371286455708737,0.24074943756665113,LFP,12,72
-220702.23217567144,2.222021501634473,0.06351551639814054,66134.14715828255,-0.9994452034379506,-3.8005547965620607,-0.71909431219121,0.4772161640231516,2.8975253344012062e-05,8.559445877568649e-05,1.5969080448188254e-05,7.760960636245493e-05,2.443543253354402e-05,0.08798547892553167,3.2180552343698406e-06,4.023303391963412e-05,0.017587634429478922,0.020837411886782786,0.02192086721414074,0.16814740870786649,LCO,13,26
-282206.10136323556,2.157448301666013,0.06218254422325955,106151.87327124274,-4.617134250854335,-0.18286574914567666,-0.5915277783645386,0.3927692901522094,1.809213566612615e-05,7.842306794547919e-05,1.3226680238140023e-05,0.0001391346452665229,1.9769116839303945e-05,0.09101395156205733,1.885173075848094e-05,4.397312364374719e-05,0.019267637791314608,0.032750036337937743,0.2061866021958748,0.09953558310164885,LFP,12,35
-297185.1255289735,2.511338936235401,0.008555843045860248,385304.368073671,-0.48314590655494527,-4.316854093445066,-0.6484147410705992,0.2023416695202377,2.7906526351747442e-05,7.228293338548877e-05,1.1962018195525973e-05,0.00014542202881651943,2.9675215563353967e-05,0.07575706259711687,3.7646839387110483e-06,5.354069699517879e-06,0.02464680820366367,0.017277742704505727,0.15910696677392702,0.10520054945096814,LCO,13,89
-254538.98107631033,2.0792120639406493,0.05522261041818246,158262.77889256753,-0.7593574359158595,-4.040642564084152,-0.5284723429476248,0.47495493043010223,1.8903329017794622e-05,5.986265638598838e-05,1.042028612967344e-05,0.00013829557499640095,2.3262760890268593e-05,0.06809271791054283,1.6067764363802796e-05,4.568162659891601e-05,0.024639358256579817,0.09800664525118996,0.18996951111957666,0.11355150068160856,LCO,13,41
-13280.568850802234,2.0510112404065937,0.011017394547830838,17913.84217515252,-0.46733055753943376,-4.332669442460578,-0.24084002755098355,0.36686953235450315,2.889031095235296e-05,4.1265268230121266e-05,1.0067209241050515e-05,4.000297740382051e-05,1.8379100709485017e-05,0.06524773117972199,7.088467414123584e-06,4.772878470654864e-05,0.0067015660178864084,0.5818886774190216,0.010491046838446354,0.09678024819154854,LCO,13,84
-409732.7689547896,2.2441244741156674,0.052967184133058565,78097.94747710165,-1.3478179180338685,-3.452182081966143,-0.6298735619072962,0.23901587457617823,2.8183596958691363e-05,4.046445359600659e-05,2.153391857147264e-05,5.493162339681373e-05,2.2674920749923788e-05,0.09308978311152374,1.851551746283862e-06,4.014554485682851e-05,0.024924744538607192,0.09747329027794999,0.08937838993945299,0.1132747578753009,LCO,13,16
-442483.8279924573,2.2783786104646664,0.018089779916997336,369081.7302178139,-4.2691408517337806,-0.5308591482662308,-0.594441432175961,0.372796888512671,1.7744553187662783e-05,0.00015955697329131136,1.90908405214307e-05,0.00013002165763586427,2.8408901999360585e-05,0.08809583365516656,1.98310805858283e-05,4.553782312741465e-05,0.024011805823524822,0.013067187396833643,0.28834354190061645,0.034147838526588994,LFP,12,80
-175995.1053970746,2.4117878513841453,5.179376140003362e-05,222355.00621798285,-0.5143999839869196,-4.285600016013092,-0.400306502047061,0.3477104217669981,2.7938952803055058e-05,7.128508810824326e-05,1.704872631597283e-05,8.865070281340521e-05,2.9678190345456315e-05,0.0752594459465574,6.514771479768668e-07,6.347098087135872e-07,0.020034765174118018,0.37127407200380685,0.04553495160692615,0.1128844743422061,LFP,13,89
-433534.5541453789,2.620684483136047,0.014812521638139235,248079.48951044178,-4.215401679789103,-0.5845983202109082,-0.4600586349539677,0.31055159358501166,2.960093564946584e-05,0.00015453310073569983,1.9449105354651882e-05,6.381809329707755e-05,2.9895408770444516e-05,0.09766557745768387,1.5234079088739948e-05,1.9316345744455793e-05,0.020841428443718946,0.20414390987406766,0.20325117625436545,0.0625462789175992,LFP,12,72
-200144.82236469345,2.4614153974705255,0.00835304383711207,158958.50463876783,-4.3285845638811224,-0.4714154361188889,-0.7621543367090464,0.21137935557197726,2.354214296272212e-05,0.00010102236520714133,1.4706850169438858e-05,4.7168447230119305e-05,2.9110690342113522e-05,0.04047467316937117,1.9878913461327654e-05,2.3097478761431762e-06,0.02245183526567771,0.023421528302428964,0.029211476767918368,0.11521265822060632,LFP,12,90
-287649.0853500372,2.2821823578858265,0.022701181809181025,207780.37350284783,-4.2951014631337685,-0.5048985368662429,-0.48846695775028104,0.4518977195575467,1.7830130346355973e-05,0.0001595743113279371,1.2416960134164876e-05,0.00013114502736725507,2.8216150307986586e-05,0.051185558255228636,1.8166035349660748e-05,4.121836905988087e-05,0.024121454590039452,0.016854763122262077,0.39119261343474976,0.033485665692707195,LFP,12,80
-9457.6273441056,2.1159417074180507,0.025630211112343353,6170.321372443061,-0.5310521095249428,-4.268947890475069,-0.1268666593864265,0.2396140151334168,2.8169607382991386e-05,5.1847539014730473e-05,3.797309582018713e-05,0.00014076865604212928,2.9863069516833823e-05,0.08993221399519419,1.5745644133259087e-05,4.8546329848255066e-05,0.004156294008644033,0.035090859980453325,0.5007944256577435,0.26724805497537674,LFP,13,51
-302251.0415526954,2.3171328419691846,0.03579501754953558,72787.17277105208,-1.1063254482440357,-3.6936745517559757,-0.647446667950251,0.23344740801443584,2.9669640084250587e-05,4.356442768206323e-05,1.8351374108056905e-05,6.404068106504062e-05,2.924144793500836e-05,0.0978017922668958,1.8582640921563536e-05,8.342050942534017e-06,0.02111371766129197,0.03937809208270175,0.20380010289351025,0.03937513707353706,LFP,13,20
-467888.4210496055,2.2824762531530967,0.011566163091275549,434448.0015064482,-4.241436955003593,-0.5585630449964185,-0.7996110734791603,0.26866769047465244,2.7134821433801196e-05,0.00015977955640495296,1.3349325250487859e-05,0.00013014958913368355,2.617900529484806e-05,0.09646458296494909,6.873811292024057e-06,4.4965428206668665e-05,0.02413291173090923,0.01965212106555253,0.03781093829981505,0.0729258671554722,LFP,12,81
-470564.9222921414,2.1734996045048183,0.04577151140768253,95610.7447412082,-1.1848281830263474,-3.615171816973664,-0.4886417841471483,0.2713866725026103,1.8710522100487286e-05,4.412653594858007e-05,1.8430525697700433e-05,5.1140547802371866e-05,2.9552285310921848e-05,0.09881557289909002,1.5990784047502118e-05,3.897695069605508e-05,0.024867804889625797,0.12283753959237399,0.2044781202805763,0.11404255597990143,LCO,13,19
-296387.6134160853,2.5030971193677223,0.009448956333389862,312505.015831916,-0.5477417844365746,-4.252258215563437,-0.45828443514508715,0.2227221995636114,2.752881782759402e-05,0.00013072484522666134,1.485810318849808e-05,6.570298460168381e-05,2.5413663516309386e-05,0.08878705724818631,3.7325179454217932e-06,1.2712956981680979e-05,0.020298205686360243,0.2608321750424658,0.056856103329655724,0.15402728648279135,LCO,13,95
-129639.16468165771,2.350735158863697,0.012375528827519886,100359.15336691655,-0.34434509999483964,-4.455654900005172,-0.42891002132840994,0.2394151475999687,2.752648784384443e-05,0.00013527615258274883,1.4771905525518782e-05,6.951358095002115e-05,2.6669111209169618e-05,0.08888770387987144,1.4871864108945451e-06,4.0552837404377944e-05,0.013223405373048433,0.2630928522322551,0.055688352596806365,0.18230877384252864,LFP,13,74
-303677.9908426892,2.106859450741735,0.008520811491355673,496509.18481025985,-0.5563882286522457,-4.243611771347766,-0.5704582990419822,0.20231990047155385,2.4168233329452933e-05,5.276490606614583e-05,1.7178116304950707e-05,0.00010792950774809329,1.4204633005427292e-05,0.09904738921183494,5.924213668861797e-06,4.449561345305378e-05,0.023532171623135593,0.09165738207711194,0.09032213669773116,0.1775621821831748,LCO,13,97
-108988.27589075283,2.3881591280830676,0.05970694173979394,17386.283764355463,-1.0658310943252047,-3.7341689056748066,-0.4145038732522458,0.24786167799452297,2.92279783349132e-05,8.630933468896695e-05,1.1767869037818759e-05,0.00013650773392587023,1.4296472604568293e-05,0.05913792117428761,1.72970050148989e-06,4.709861300473449e-05,0.012482307174024897,0.1069944792911437,0.22318286191026632,0.18531878554634426,LCO,13,21
-138274.97175030533,2.132187931011115,0.041588648742863846,43831.53613203361,-1.1736220818591718,-3.6263779181408395,-0.5459712539756418,0.4728133858802086,1.4597757703608575e-05,4.19727456101731e-05,2.7289716050466587e-05,4.391870326737712e-05,2.326208552115543e-05,0.05599972368694363,1.3190925238592021e-06,4.598028573054034e-05,0.02018501541177038,0.0803682204813364,0.19004961656866345,0.1136109089743584,LFP,13,22
-492754.1896239539,2.3422318188614772,0.010485740647181467,416359.6148174969,-4.389550196232932,-0.4104498037670794,-0.30236140945998535,0.25964855558522015,1.8246808833925883e-05,0.000132615628179485,4.657355847050531e-05,7.735064637557296e-05,2.8290985108439123e-05,0.0889498041521849,1.603188745774369e-05,4.674782035529398e-05,0.024773499454840392,0.024040340070872496,0.025580697280997267,0.578017553188145,LFP,12,95
-326732.7106765926,2.5896524315718965,0.03215200867475452,115909.69696395744,-4.518991412496661,-0.2810085875033508,-0.37351069490589794,0.35301512039438615,1.5053058427176e-05,0.00011413247286895941,3.801628370653918e-05,5.050206203243426e-05,2.9414957537084355e-05,0.06106208234408072,2.224899189505425e-06,1.3231007976679873e-05,0.023364419358688333,0.03499738558651186,0.5023578635296437,0.019134055977946485,LFP,12,43
-252994.2834581455,2.332371127952837,0.3758652917005353,26955.715272362122,-2.280073376059576,-2.519926623940435,-0.6741810983721469,0.39858486801188403,1.3277043218402205e-05,4.0402026948367735e-05,2.1604314913249874e-05,0.00013925675197006565,1.9675434857113796e-05,0.09099230472451811,6.661698739788953e-06,4.5747786812821e-05,0.019169562829691587,0.0983232568651513,0.037855011700419855,0.11964063306228201,LCO,13,8
-277269.20978181,2.2834179554943943,0.5561882082762073,30447.775909352116,-1.7988834833873852,-3.001116516612626,-0.8321484119154552,0.23154959507702247,2.9831478623622922e-05,4.527924159332997e-05,2.3721115929074194e-05,4.0122785772893496e-05,2.9393968986896484e-05,0.08784558086657487,1.8606264397153545e-05,3.07129670312589e-05,0.019218563976754022,0.037688276705269155,0.017414849518889608,0.04274846186038611,LFP,13,11
