SpecificEnergy,SEIGrouth,TempIncrease,Price,UpperViolation,LowerViolation,VolFracViolation,C,la,lp,lo,ln,lz,Lh,Rp,Rn,Rcell,efp,efo,efn,mat,Ns,Np
-422853.9311210442,3.062409467317537,0.8065076757859,40607.082741700775,-2.075200240409238,-2.7247997595907734,-0.36213220049912465,0.26116216456534097,2.95862968197037e-05,0.00023534850463738987,2.80998938153568e-05,4.1731206652355964e-05,1.5149561164602876e-05,0.08733425162508326,1.9482090761665037e-05,4.981707459405972e-05,0.023968233518121267,0.0312899128490098,0.37890117359536996,0.1576767130564957,LCO,13,9
-84625.07303559047,2.4494197391075563,0.01565015012766668,50134.412942818046,-4.328634637678391,-0.4713653623216203,-0.04832964322392408,0.32875871593835704,2.8039554623717304e-05,0.00022993440467793168,1.274799336656501e-05,7.558317839000128e-05,1.2129498196010352e-05,0.07216761178786156,1.8412051613331907e-05,4.138381024730076e-05,0.010478323048768261,0.25714725992879517,0.5984507979645379,0.026072298882742928,LFP,12,86
-189875.52981775143,2.132300218758859,0.009499066081530016,213758.66148996662,-0.4340147972508248,-4.3659852027491866,-0.3328967221709018,0.2019676192507493,2.8548838792864764e-05,4.9500513307024283e-05,1.8784834805638755e-05,0.00014824925566562196,2.9942259106724153e-05,0.049786987151412096,1.60202546299928e-06,2.800791825946369e-05,0.02466713938567547,0.2329891969340338,0.2559414104031013,0.10817267049196314,LFP,13,85
-100125.14872994587,2.1095059466176584,0.011182324748712544,166070.0300173387,-4.207781571585137,-0.5922184284148742,-0.16987622674667635,0.23617422116475975,1.547518230094065e-05,6.510985985551649e-05,6.0087853843102046e-05,5.1543283741772426e-05,2.981338368210439e-05,0.050403582592869665,3.998680905483382e-06,3.958290490098353e-05,0.02446401462132872,0.48361292835715797,0.19164493988339523,0.08486590501277048,LFP,12,75
-370400.2655672959,2.272228118881403,0.01141742419334772,267241.25905763527,-4.404710007341713,-0.3952899926582987,-0.11413452163035898,0.2620310118176095,1.8318272368109355e-05,8.149602417457613e-05,2.650201228363015e-05,4.996043034596841e-05,2.8609826736719313e-05,0.08362959902539283,7.1503080039740365e-06,4.909884894418885e-05,0.021368247221513693,0.12436916476682777,0.5658808222955989,0.12561549130721433,LFP,12,100
-253577.09538976997,2.5501311258197394,0.04638887372237466,117718.42062281583,-4.692419374525507,-0.10758062547450464,-0.3073792531674805,0.21417566201102647,1.2814102869429834e-05,0.0002484688106267792,6.016328277663179e-05,0.0001158448631889077,1.997319865811434e-05,0.08218854189574043,4.714907923628683e-06,2.6988451099388393e-05,0.02486061853853084,0.33077524742156506,0.26706724498606105,0.024778254424893453,LFP,12,27
-459008.91017816233,3.0028581950824456,0.26404408885028885,109900.30919179338,-1.3244920345931703,-3.475507965406841,-0.7304929795156266,0.5993514892708693,2.2286937303293302e-05,0.0002489636404730911,1.576535651796996e-05,6.043132301319273e-05,1.3480562842792555e-05,0.095161416933726,2.710486081716637e-06,4.9108233962545116e-05,0.023381437680075567,0.03166032447925396,0.126995112376807,0.04085158362831248,LCO,13,20
-13358.476780786024,3.1357639261010406,2.5561560862007364,1724.358067486091,-2.3932413874598453,-2.406758612540166,-0.4219897381538539,0.3630102549171146,1.4363941307542142e-05,0.00020624975749469168,1.5133669331599523e-05,5.9359681983583754e-05,2.7201385537230402e-05,0.05715859845642142,1.9007666209732965e-05,1.754583405772777e-05,0.006798823008900996,0.04126674602220897,0.02086287202118338,0.44588064380275383,LCO,13,7
-218072.81703478174,2.1303003989146307,0.009855745535708579,197914.29772255235,-0.43823895778947985,-4.3617610422105315,-0.2590104278120665,0.21541573807727793,2.6939948997799595e-05,9.813688442954272e-05,1.1692099654724794e-05,0.00012314646398103044,2.9961840074994137e-05,0.04572915015268944,3.5902285150124338e-06,4.275026916366013e-05,0.024919471370675954,0.31041520658261856,0.23080685566727616,0.1297675099380389,LFP,13,85
-313394.7517300788,2.23153147147758,0.01073028027011643,220384.67228041257,-0.37773859689910694,-4.422261403100904,-0.2829291505302548,0.25128395733263487,1.265758236675981e-05,8.289271523938111e-05,1.9467207256573267e-05,9.37237795865409e-05,1.991913836191804e-05,0.08284779723332118,5.539587216449e-06,2.0883620027153422e-05,0.01978019941257231,0.034435296425347456,0.4321671703039459,0.1804683827404518,LCO,13,78
-41453.59934822451,4.862562917698419,18.79312913194465,3130.4624145932576,-3.53352770824592,-1.2664722917540914,-0.09497991470293621,0.40595497798055147,2.3887577425722217e-05,4.1670776264282576e-05,8.947224914935032e-05,8.576194641200772e-05,2.5491459230178546e-05,0.0850291412923825,1.644614779638088e-06,1.2575981915031481e-05,0.02167834712318626,0.1890439181085614,0.569416259207125,0.07655990798137743,LFP,13,1
-209612.38270981962,2.4704108180695163,0.00792003000078414,220533.61800293883,-0.4715016353937429,-4.3284983646062685,-0.5835542779404956,0.24607657564030413,1.2885431467342861e-05,0.00021224323926737304,1.3929073494349009e-05,0.00014958099216852362,1.819641575246249e-05,0.043913741704870266,2.072357093430341e-06,2.689682488307355e-06,0.02371967348075176,0.03327221721138886,0.2775881397976008,0.03558536505051485,LCO,13,87
-13525.531078953625,2.2049109156342412,0.01037150735204639,14310.923787676158,-4.328344129026554,-0.47165587097345707,-0.052269880109932165,0.21612916839478596,1.6556607176905883e-05,5.281400972448993e-05,2.640604436169018e-05,4.996613181036923e-05,2.8562511271788942e-05,0.0854703802273543,1.572165358248962e-05,1.5216035026387703e-05,0.0053078265001100175,0.40002347688465256,0.3495348807075252,0.12817176229789004,LFP,12,89
-710688.0334146437,2.6348274940211747,0.02415015438737142,325969.9783733688,-4.248259393087906,-0.5517406069121051,-0.08602268356389275,0.38684687894062003,2.7440976723842062e-05,0.0002471092595893475,1.2201767290229243e-05,4.169829291541226e-05,1.490105567668485e-05,0.09487288503349875,1.6600684490384017e-06,4.988036415024491e-05,0.024720944166040943,0.25884876108542254,0.3860250146397321,0.19910354071095265,LCO,12,73
-20371.03158477725,2.6193578427484994,0.015006970327009529,14857.591140738814,-4.241946200038015,-0.5580537999619963,-0.3412765444196396,0.3124060775387485,2.7248245235798144e-05,0.00014586560700486406,2.137726623045706e-05,5.5028325201392625e-05,2.995661223071808e-05,0.04415730091463496,4.349397659148135e-06,1.5426118244053472e-05,0.007454812779646084,0.30918713594149877,0.22457283298399855,0.05496348665486317,LFP,12,78
-18374.957573433705,2.126113061053591,0.036953018156034585,9664.115566951003,-4.5358308722841585,-0.2641691277158529,-0.4085322258515325,0.37363243522073203,1.9621648837494482e-05,5.9817960062657866e-05,1.2561493135628715e-05,4.915484537069371e-05,1.9597467989597598e-05,0.09246099417914011,8.463621041185556e-07,4.678286677731129e-05,0.005775343990391194,0.011783258511104594,0.49641373441364733,0.013270781223715628,LCO,12,41
-185802.6249987027,2.1323522896117804,0.01775594066555066,163923.06049284976,-0.44334701418191,-4.356652985818101,-0.42788240713983816,0.2052290031472066,1.6731271598290515e-05,6.08939445810683e-05,1.1636311404868046e-05,0.0001407337758366468,2.723940483188404e-05,0.05297012458717329,7.706895176844496e-06,3.334196345576102e-05,0.024960888999013203,0.1934968198424793,0.2575565786207805,0.051064194396902074,LCO,13,55
-36310.82107647704,2.159273098270252,0.011859067549541882,35595.32743030297,-4.337504958900972,-0.4624950410990394,-0.19407867943003843,0.21611290705038283,1.5108611828037157e-05,6.790091971182394e-05,1.3627764663216894e-05,5.460349470142192e-05,2.8030643773089437e-05,0.08916870880978864,4.083389666743895e-06,3.8070117134913226e-05,0.007868134405577414,0.3248548038603232,0.3495483691087309,0.06151814760090757,LFP,12,90
-471183.26895926346,2.4127435361773344,0.009276148725290968,449034.6923929932,-4.387294356602524,-0.41270564339748717,-0.3511148933067515,0.20301515119358762,1.2622866785463524e-05,0.00019818020473619225,4.575256829842151e-05,8.875945862784696e-05,2.9885993380358094e-05,0.08929380937459022,4.6145394554068995e-06,3.780754680606586e-05,0.024748644792020328,0.12286502131503209,0.34801928667659277,0.10800079870162371,LFP,12,97
-424031.2491529073,2.606389574105574,0.009738456845086813,270630.7800176621,-0.46801926421370155,-4.33198073578631,-0.3597075692354569,0.20815669543489546,1.2668018121619944e-05,0.0002137081715499456,1.19239232451947e-05,4.4686717796242406e-05,1.8193865806128154e-05,0.05884503402790181,2.637174259288462e-06,3.250908833688758e-05,0.02391743893304174,0.03329805226452281,0.5005623881199611,0.03643199038005927,LCO,13,87
-196332.57846239457,2.4619832518319984,0.013713039870755398,155573.4049474243,-0.523188428129103,-4.276811571870908,-0.17668636511514613,0.4188240624279461,1.43720132978955e-05,0.0002123155221665954,1.5196630616351566e-05,5.847004882040642e-05,2.8701398931051132e-05,0.05716244742623104,1.3313979493211375e-05,4.8876949688645235e-06,0.019263990333600933,0.025971775776194517,0.2784821463522593,0.44885971275640013,LCO,13,87
-104622.83055476873,2.2127230508415052,0.010825182031893022,181274.83826275045,-4.203657784023989,-0.5963422159760228,-0.22922727507906115,0.22517906142877217,1.2782770299342555e-05,6.385533108094484e-05,6.0118650600842205e-05,0.00011619741175360499,2.5539077547271814e-05,0.0493697211432683,4.29937173487566e-06,2.0337696296442584e-05,0.024861521806374694,0.33048071659828426,0.30333883949242857,0.06695316883022609,LFP,12,75
-115777.62006349539,2.455250673172821,0.008553605042777728,241914.6553102196,-4.304863508726804,-0.49513649127320747,-0.16993568000623838,0.21472494898176148,1.2877361506129663e-05,0.0002488416558125342,1.3807892886636229e-05,0.00014986426313882102,1.8107866032227554e-05,0.08945684502625557,1.1418441538736537e-06,2.6904005559812387e-06,0.019031098521048312,0.5658017984642103,0.18035891971164242,0.013903601817908912,LCO,12,87
-30112.600223309455,2.563470282202282,0.01537989308925716,15595.940415825573,-4.318006099802275,-0.481993900197736,-0.051942578800046935,0.3301577931972122,1.2936850095252598e-05,0.00016670297057054452,1.1768109094760293e-05,5.607114917369649e-05,1.9791412042567632e-05,0.07196191463167183,1.5176163956289143e-05,1.676028851384347e-05,0.005870917447636726,0.25706538406471396,0.5595517866448935,0.06144025049034566,LFP,12,85
-51144.39576973078,2.503479348401423,0.011399065092435705,38174.552998911175,-0.3455345121450435,-4.454465487854968,-0.18785916623233667,0.22411494990447123,1.347797330149914e-05,0.00016666532371038446,2.032842096101773e-05,5.49431002471478e-05,1.851181542149433e-05,0.09083920308940698,5.099467856109587e-06,3.222344418822338e-05,0.008065808141542164,0.3236326461671717,0.3535712691472895,0.06493691845320222,LCO,13,73
-147825.52937533648,2.51108032069984,0.011071730044003737,159177.26327099794,-4.204490751970454,-0.5955092480295576,-0.21549116607316554,0.2235283497860761,2.4661714236263462e-05,0.0002205910177411846,6.017033048470196e-05,5.5381597182411923e-05,2.3859867112852766e-05,0.04342482278025168,3.3735656216879634e-06,4.197109072976108e-05,0.024860443955363902,0.33416737824995135,0.3447465446811912,0.035594910995691995,LFP,12,75
-9408.709622500552,2.4010100660645195,0.003968842926740291,13606.397271209386,-0.3914740218967765,-4.408525978103235,-0.5888708148394177,0.26438914063349583,1.643999904529028e-05,4.1354583169729626e-05,3.812874448180739e-05,4.746988959117433e-05,2.8981389766461252e-05,0.083262440128381,1.3101504116693894e-05,4.092432490438119e-06,0.004816124754104303,0.08523880592603525,0.22171301600456506,0.03417736322998206,LCO,13,80
-301784.0388715366,2.4700905189739766,0.010663825857995624,192114.37372708705,-0.4456848083346685,-4.354315191665343,-0.08931355337330948,0.2165502241296717,1.3727747283329113e-05,0.00017396461602157975,1.2162927623473878e-05,5.444854589884645e-05,2.8740817234599877e-05,0.045209005362099194,4.6786696320739415e-06,4.3489265372907754e-05,0.024992698422857326,0.2820721710501769,0.4978204686271426,0.0607938069493711,LFP,13,85
-343295.14531317924,2.149021038145411,0.03347334841345225,232549.8442910867,-4.413883362533127,-0.38611663746688407,-0.5695492409398965,0.6011765634835696,1.4811049693861721e-05,5.069169917673497e-05,1.716191807626753e-05,6.899825688751734e-05,1.229794289917722e-05,0.09672794585558746,1.0752034156256193e-06,4.3786176597354826e-05,0.02198497805584204,0.030405683911945147,0.09519071818070413,0.23485435696745435,LCO,12,57
-112537.84242380768,2.1511635825484596,0.047880284043169276,22954.553406802337,-4.6641886616167625,-0.13581133838324888,-0.0754559251365341,0.26204055788241426,2.898218694892543e-05,9.209071444544667e-05,2.2285935518379056e-05,4.842859738816826e-05,1.8583279115674968e-05,0.044446829549197944,3.4103948275195712e-06,3.95226932671532e-05,0.016074764497918455,0.17402296042943233,0.5360091530943555,0.14451196133967817,LCO,12,29
-89445.63273226607,2.4327028960198382,0.003067872857992707,117843.9829977831,-4.405986410123461,-0.39401358987655044,-0.23066099098241577,0.2349242325558664,2.262019242812773e-05,9.257342575594554e-05,2.5641470611464363e-05,4.0043452818167195e-05,1.791244462153571e-05,0.04559194900279101,1.4067013813539423e-06,2.113915691574249e-06,0.018552420892125637,0.1599046932527971,0.5024662620090659,0.0369680537557213,LCO,12,100
-271648.96769519954,2.2685074237346656,0.008447391500636496,252671.22322665722,-4.390368042880404,-0.40963195711960765,-0.10837236242318782,0.2081059989766893,1.9303553973394204e-05,9.879807749828632e-05,2.770950948173511e-05,0.00010490999360121843,2.1553346160022235e-05,0.08928196348925212,4.812310580867276e-06,2.6726659843725498e-05,0.019972473685535966,0.11535073344578606,0.539465204958653,0.16681169917237315,LCO,12,95
-30631.39732392401,2.112113748135892,0.01346788619801004,30792.47562479519,-4.326704352232824,-0.4732956477671877,-0.10914251691365151,0.21362753839122633,2.2668562562687678e-05,7.10901565653478e-05,1.3540021507613884e-05,4.8969776743374256e-05,2.8757787895625674e-05,0.08936970570284127,1.5714439193866092e-05,4.79869593572372e-05,0.007625064074628478,0.4388547589495165,0.34955080085845064,0.03245192327838138,LFP,12,89
-629697.5639251077,2.7255861046476513,0.08262557462421004,208571.41607164298,-0.7901872717787413,-4.00981272822127,-0.18306138957144846,0.6998090882381285,2.4160034734218966e-05,0.00021073321999495184,1.000383367048198e-05,6.830991662983388e-05,2.3216191427405332e-05,0.09932648703069602,9.261544350355558e-07,1.8697581680375627e-05,0.022670398760219777,0.062354661096674174,0.59783557893003,0.08674837040184735,LCO,13,49
-143260.75925344095,2.0940262462776067,0.03162366257274227,122757.31767761985,-4.328943883388575,-0.471056116611436,-0.2816873706580344,0.45043257930651637,2.2603437830117732e-05,5.742060985249289e-05,1.412520812554592e-05,4.073696210763499e-05,1.931769465205465e-05,0.04536627709303052,1.6852844460357561e-06,2.7319313327364638e-05,0.024770286194966018,0.2625431551535411,0.3325811609689317,0.053188313219492744,LCO,12,61
-13256.200020107111,2.085834833696782,0.010835372024831928,14054.648029292986,-4.211004795948469,-0.5889952040515425,-0.1562923413564522,0.22568663943501813,1.3481525359981301e-05,6.379575421675053e-05,1.7159715269745606e-05,0.0001172875850351065,2.556543316823842e-05,0.0489843626444174,4.2892634446401e-06,3.758359919509682e-05,0.007094348166034419,0.330712662687422,0.3759717875485916,0.06702320840753415,LFP,12,76
-128280.18805817282,2.541170857494075,0.009910169045884137,72302.30381546884,-4.250725435185572,-0.5492745648144393,-0.19768499703892173,0.2170340827163632,1.2803941498360506e-05,0.00024105901560827494,1.0833348496320136e-05,6.074531973170693e-05,1.600259239493599e-05,0.08069331876236609,1.9292905103268095e-05,3.214833992560455e-05,0.011605439264591483,0.29896716557755776,0.2589695276657176,0.17437830971780294,LFP,12,82
-403881.6093940832,2.358321702472245,0.008784759595964645,463218.5307731305,-4.39288231614465,-0.4071176838553612,-0.5010983315040005,0.22522974805473234,2.170611470261312e-05,9.989043131609325e-05,7.548958916070748e-05,0.00010467121299798022,2.7247593390950202e-05,0.08929276695783242,4.292378465644173e-06,1.7958351397787563e-05,0.024900328966976512,0.11426758400489039,0.29417692698585385,0.020457157505255313,LCO,12,96
-51666.227486497744,2.327519600064189,0.012827399778661083,32582.98647843255,-0.35587229908852436,-4.444127700911487,-0.14756294760886646,0.21181525993861852,1.7014319482398104e-05,9.189307457222136e-05,4.509221153206951e-05,4.179476071394362e-05,2.6485790833117557e-05,0.09085210778330428,5.113954423377854e-06,2.6944334755045266e-05,0.007601810258797822,0.37757499766065444,0.35900255206682274,0.04585950266365649,LCO,13,76
-138955.2163732681,2.57952362400688,0.010097027280324055,145822.9150320054,-4.285591078577745,-0.514408921422266,-0.2556496383957708,0.22271709021420322,2.541906123471262e-05,0.00019744123569353277,9.718813871506337e-05,5.484747608699201e-05,2.9215872765769314e-05,0.06401425792208913,1.9797136415811536e-05,1.7974130762360342e-05,0.01805349681035908,0.32040025032050073,0.29233687393899843,0.06161323734472997,LCO,12,85
-643266.6573109254,2.621979762714777,0.015017532775629672,366562.93331202265,-0.3381144230480544,-4.461885576951957,-0.71859313393908,0.2732421244076963,1.4166263907289755e-05,0.00016765634986199319,2.300895677111667e-05,4.379187850392858e-05,2.148392934403307e-05,0.09567733335437649,1.0484466785021761e-05,2.1594139475742157e-05,0.02335409270953248,0.06806866445035342,0.015419910440327485,0.12791829117023917,LCO,13,68
-253218.4926943648,2.091514516199102,0.011760752635779791,429558.4823742678,-0.3239653221490073,-4.476034677851004,-0.7630560290987526,0.2434828406490114,1.2987670711763438e-05,4.2288596486623785e-05,1.2358603065166953e-05,0.000145841723062914,1.9762681830998357e-05,0.09581864206484507,1.971394579995499e-05,4.9596319276709526e-05,0.02450549006303747,0.010192603740895393,0.028795823099328623,0.12795554406102344,LCO,13,72
-127909.75535366072,2.2383699223393867,0.015935152203175266,140346.6036723449,-0.48665250588466336,-4.313347494115348,-0.676488718949474,0.22610746321285338,2.7724679237500603e-05,7.348145069771222e-05,3.732318076880484e-05,6.237851753828528e-05,2.5999412834537788e-05,0.0611822648499026,1.9947947708244818e-05,3.3792746964722705e-05,0.016753644460469678,0.05876101429924261,0.02249118163261233,0.17225908511867105,LCO,13,89
-11572.543847175015,2.219685661402704,0.021133011003574197,7010.338302242059,-0.4039140483737711,-4.39608595162624,-0.2687520195281762,0.39369728851698227,2.410707622654321e-05,7.096410813743293e-05,3.7265359053056624e-05,4.79375593259588e-05,1.2036679249637193e-05,0.04202548338065673,1.4158186344797678e-05,4.9506959595689066e-05,0.005229965095566872,0.020869641932027852,0.5121616724380815,0.12821666610171442,LCO,13,74
-534509.1452556569,2.472112134384778,0.015346895847427522,320112.46584565664,-0.3633594613053148,-4.4366405386946965,-0.7230670732151009,0.25200888893005996,1.2975832835715763e-05,0.00014561124205125754,1.2173553625198247e-05,7.473249077706458e-05,1.8474691868051843e-05,0.08240922367643679,1.2358802401720418e-05,3.516444292692084e-05,0.024539023320275955,0.01755804136772526,0.04120988087955062,0.14816500453762327,LCO,13,62
-21827.487512281812,2.123019329517939,0.027099816703220113,12962.161831638672,-0.4102681358037046,-4.389731864196307,-0.5990458616927553,0.43257874121901757,1.6706394796316138e-05,4.7387586436876475e-05,2.290691302314964e-05,4.802210515091676e-05,2.180433575019125e-05,0.042008876084807405,1.2284307590683064e-05,3.88896638620428e-05,0.0071752534841035935,0.10282963256072432,0.09974251973351614,0.12838198601300424,LCO,13,67
-493065.93290547514,2.3636400013730343,0.01780007161383091,247551.17940969206,-0.4493836191913232,-4.350616380808688,-0.3899236192278043,0.2189955995010611,1.672115034520594e-05,0.00018201799954075965,1.6205535298148596e-05,0.00011271175696133889,2.75322399648611e-05,0.08813921604925658,1.9648045245363068e-05,3.318434500866177e-05,0.023543841931188053,0.0556701247682769,0.4337759027913407,0.050630353212578104,LCO,13,55
-211300.14430014245,2.1422870270832024,0.011842484098330315,197258.3467945497,-0.32600155065730263,-4.473998449342709,-0.7444412508327333,0.2504366814542727,1.3529863077991886e-05,8.150021444243611e-05,1.9378307109351692e-05,0.00014891718466858664,2.985586026750154e-05,0.05216951390708453,1.33781840361246e-05,3.802508586084528e-05,0.022766931468949436,0.036422924045113325,0.02793221319665032,0.12120361192550315,LCO,13,71
-13827.983571980814,2.5914550575466397,0.027255500713163978,6487.259460742855,-0.47361268981816806,-4.326387310181843,-0.6665103488099453,0.4192212398531422,2.9503935144087863e-05,0.00015928323814710157,4.2662059915630216e-05,4.783185978248782e-05,1.825135205917293e-05,0.04199575743653497,1.4095492017666606e-05,2.1453859514394146e-05,0.0051534985857341386,0.12025404882961796,0.015266049317665436,0.12796955304277133,LCO,13,59
-293683.6376432303,2.5881907015150323,0.010604496887874026,184005.46991653493,-0.515763644068663,-4.284236355931348,-0.3501404535552689,0.251177626446852,2.97695625043454e-05,0.00022079663640212294,3.740659284958564e-05,6.201983529166334e-05,2.894592909385486e-05,0.04125802295666314,1.1889280094467718e-06,3.568932097489199e-05,0.023735368917509176,0.025803095586277497,0.45145827935657545,0.1025981715018782,LCO,13,90
-11393.642032486488,2.1157008136206636,0.016136611285950432,8500.449286659627,-4.2196376820674,-0.580362317932611,-0.3950641220765624,0.22635504294550668,2.430762826309336e-05,5.594759648165663e-05,4.785250260031809e-05,6.28909463649584e-05,2.491643496400195e-05,0.06232408925078603,1.5960531703850815e-05,4.215054005405315e-05,0.005309229947325344,0.12208617734284909,0.27389411370885774,0.13895558687173076,LCO,12,62
-124550.9687939642,2.4880734863708005,0.0108062181566929,132791.94240965127,-0.4044773402299029,-4.3955226597701085,-0.1603440912758386,0.25145112481434956,2.218422164778122e-05,0.0002462715556065324,1.1414372933177062e-05,9.742620681007299e-05,2.9975192494945632e-05,0.06419090815619742,7.255217992653868e-06,1.977120092158167e-06,0.020157540986195807,0.03456630830762092,0.593206468740433,0.14188313167610753,LCO,13,61
-275758.2932543624,2.5859632024054213,0.02228674161215785,175929.39009688428,-0.49923009986345335,-4.300769900136558,-0.14847428942599927,0.25302451248680663,1.229036602108673e-05,0.00012277360753473992,4.306597366535771e-05,0.00014831926481250038,2.4982552599927865e-05,0.06600597085861915,1.984973738097212e-05,8.058513640676632e-06,0.024083362155171886,0.10035272044079772,0.44968742997666655,0.2314855601565366,LFP,13,54
-150548.59984403657,2.2493438184508383,0.024823027197750022,89333.22070144062,-0.44966988125316476,-4.350330118746847,-0.8428521006988388,0.2526722430108162,1.257463302661368e-05,0.00012287425743586503,1.225204014588444e-05,0.00014864793343186147,1.746745669183636e-05,0.06577072513403251,7.572538207130679e-06,3.0700872863263155e-05,0.015091819487412006,0.028728874112947344,0.012758970748118159,0.04566005444009573,LCO,13,54
-169173.77718971157,2.3835273621717077,0.029577153361765706,78644.5083534263,-0.5194314183333333,-4.280568581666678,-0.6764292792952847,0.253451707315582,2.9056378028440542e-05,0.00011521838194341186,3.732478060088751e-05,6.238778929475614e-05,1.8938494694481994e-05,0.058789856414013124,1.9908018820686905e-05,3.3851652503345977e-05,0.016836168038222462,0.05881215511336501,0.02248325347200058,0.17227531211934974,LCO,13,49
-260079.02555670188,2.2224956976863033,0.009935673948002561,260967.63985307788,-0.48948156041907254,-4.310518439580939,-0.4750877782250739,0.24382554909947404,1.5253978073734486e-05,8.724534018776799e-05,2.6987067159262798e-05,7.359831170893465e-05,1.8008011468207678e-05,0.07672665627086701,2.761309901112824e-06,4.401965851771403e-05,0.020303426107168704,0.1852187164125629,0.1171712600314272,0.152522245330936,LFP,13,89
-165350.96282916545,2.115829994323863,0.00894433099815697,202243.88274340887,-0.5888432927633431,-4.211156707236668,-0.13392066084136733,0.3186168539592302,1.785488598486145e-05,5.308674415462828e-05,1.939580512176558e-05,5.624081616484893e-05,2.3539550503458546e-05,0.049942738841533066,1.817878535066934e-05,3.728954020725726e-05,0.023048317057426937,0.22227268846435277,0.5306302577642419,0.043176392930038,LCO,13,100
-131703.1059559113,2.4761603062928677,0.003356372051429151,173524.33106790725,-0.3859980501312066,-4.414001949868805,-0.7079205248744047,0.2270439589235832,2.573093847350257e-05,7.640131206333554e-05,1.3981110853374278e-05,0.0001401547076428236,2.99868706863772e-05,0.0419219680405011,2.782217889169948e-06,1.138260247155445e-06,0.02298596168257827,0.03524114145987513,0.08024146974594931,0.10659686391977084,LCO,13,81
-216618.82744260514,2.1710249080087562,0.013083131582876587,156111.8267207483,-0.3276175547036644,-4.472382445296347,-0.7962743411217883,0.2173828724480468,1.526802686061281e-05,8.606078761404726e-05,2.2277257087959876e-05,0.00011939886352868877,2.9841606885736284e-05,0.08430151730227234,1.2389599761691042e-05,3.743947143357952e-05,0.016654428556567468,0.0337127685705854,0.053505723151575736,0.046507167156050605,LCO,13,65
-294090.2961045011,2.4881121759137352,0.008765595900269065,332404.74483340175,-0.40364062463900297,-4.396359375361008,-0.21385288256894164,0.2329939076073237,1.7869385215290843e-05,8.639118117006854e-05,1.9398123140978805e-05,0.00011962367422314787,2.7212024870972648e-05,0.08532684166690305,1.2382453354071207e-05,3.2833103761005207e-06,0.02394456681404011,0.22370875376436405,0.4452576606007781,0.04718070306591624,LCO,13,81
-10964.338900727076,2.1037666335083998,0.019658842463842526,6814.3608884741525,-4.260709150231875,-0.5392908497681361,-0.28604226006809175,0.31911213915355185,2.4130069874804284e-05,4.695310645508361e-05,1.4485240494319122e-05,9.709966835215402e-05,2.4950385844886315e-05,0.057715270661538226,1.929008319502908e-05,3.428991980784458e-05,0.005059735071009862,0.1808763006542748,0.28130967878839896,0.1817717604892346,LCO,12,62
-116872.22692244977,2.0907078601348217,0.022490312038079746,76164.43170328319,-0.48266262697875817,-4.317337373021253,-0.3583201061764728,0.3194990838210363,2.464127116401601e-05,4.921547273932319e-05,1.4504604449087108e-05,8.749151152527062e-05,2.7996080759323637e-05,0.05748815162555011,1.9424171886275543e-05,3.9186693318952685e-05,0.0170573706160466,0.18159473438149576,0.20819484692451387,0.1818903125175176,LCO,13,56
-25513.7176889052,2.1655033226525027,0.008885476019620439,22860.887666306066,-0.45897454390900094,-4.34102545609101,-0.5421975677378665,0.20096627969615757,2.87656116516012e-05,7.096136059346747e-05,4.527439169920786e-05,0.00011938134492927476,1.2380806606760258e-05,0.04189437524663636,1.1901877501332172e-05,3.182396187827409e-05,0.008150937054750316,0.02001745438369818,0.2012439638145405,0.16654101406389488,LCO,13,87
-11683.378574134482,2.214949895990893,0.018675008091080803,8593.901650078516,-4.266304180096171,-0.5336958199038406,-0.5973847753739746,0.22236753838282908,2.4011438968554388e-05,7.77357037174038e-05,3.7095369531313694e-05,6.985065165872403e-05,2.5690771134411446e-05,0.06424465193001187,1.4141585589109923e-05,4.82860003944449e-05,0.005311125633707533,0.047235303327381115,0.1605109448415691,0.12486897645707525,LCO,12,56
-470495.79543745547,2.5290063622228516,0.009822876197617151,312640.09840747755,-0.5348051382843835,-4.265194861715628,-0.5255286165264563,0.22492323440033657,2.9849066524306536e-05,0.0002208996600644061,1.2191235825478744e-05,6.237395089907857e-05,2.2695136345560526e-05,0.06290503965989092,1.27854555679789e-06,4.394409541244124e-05,0.02373851115647701,0.1102010107170407,0.19184799147684617,0.10242238127965679,LCO,13,93
-102581.75916243764,2.1832766372335284,0.016768408163475794,75754.11227845456,-0.35605416520452593,-4.443945834795485,-0.8080389781215758,0.2753030828281472,1.2573805956574992e-05,0.00010974291836110276,1.2830374046948723e-05,0.0001333586859091666,1.7360112386212353e-05,0.06785595141351147,1.6060425518989977e-05,4.8001948960112466e-05,0.012683703986858641,0.03440307879987126,0.012749175740287513,0.07480876733826552,LCO,13,64
-420668.4228659059,2.4792234364681986,0.03122378795184775,185379.02712699547,-0.5552201371734924,-4.244779862826519,-0.7567971435414045,0.2747418827548685,2.2616159913751615e-05,0.00014474085446019002,1.2199386536385481e-05,7.474795738739948e-05,1.653704980696392e-05,0.06203457501126376,4.166937775648006e-06,4.734262007797758e-05,0.024899573763177658,0.04598526507749745,0.04645336644557728,0.08076422493552077,LCO,13,47
-47271.64579420055,2.600792262481394,0.046345909117760604,14874.281233380212,-0.7867282492818646,-4.013271750718147,-0.5942172317249113,0.23874360262697628,1.2335988809107575e-05,0.00021431861016051482,4.724758811422022e-05,4.948559156055631e-05,1.4474450706773512e-05,0.09695630046806404,4.593421382030505e-06,4.689625065540274e-05,0.007160323950276541,0.058452532243501235,0.13333911221664055,0.143991123814947,LCO,13,29
-164736.76308033452,2.1041888985520223,0.012687798320664485,155313.87035842717,-4.192996437531448,-0.607003562468563,-0.7049828232803639,0.22438575558592253,2.9201686009625774e-05,4.48738932645237e-05,1.4457400319873422e-05,0.00011209886525375979,1.862202565743238e-05,0.057247836091062196,1.9286377436902833e-05,3.449101422195994e-05,0.022300386750136066,0.0178163573640053,0.020984540755533326,0.18621627860009757,LCO,12,63
-342352.75563618477,2.1218300401706793,0.01184131334468604,278539.77898150915,-0.327961970833762,-4.472038029166249,-0.3645987631425862,0.2243472277636225,2.4391730655124e-05,6.838022985686192e-05,1.867014225605695e-05,0.00012023867435522224,1.64175961292061e-05,0.08549338754679854,1.1458488535745926e-05,4.316341297167246e-05,0.023023443157566804,0.05765961967455932,0.21178649762026697,0.2959551195625876,LCO,13,70
-132525.39976590293,2.156924534851007,0.03496351401154028,68021.80177295128,-0.5342255893049099,-4.265774410695101,-0.39921099032628427,0.22279059993105998,2.462782371323777e-05,6.106370242348585e-05,4.788949230292569e-05,6.216555379412265e-05,1.8609557518243998e-05,0.05879405714495562,1.942155043732864e-05,3.9187765774600994e-05,0.0167309594309522,0.05854296565744449,0.2902397622696524,0.18200628174661884,LCO,13,48
-113662.57005987255,2.208065301180858,0.3318111158330196,11182.854421111462,-2.085750127176752,-2.7142498728232596,-0.22963924964611582,0.235055142973099,2.013179631888107e-05,4.082369030985648e-05,1.9154003212401387e-05,0.0001375734708239342,1.4541874146173705e-05,0.0516453912232257,4.20230816590815e-06,4.3548183036201955e-05,0.016910636955767947,0.20746659632091874,0.2887287353847291,0.2041654186482364,LFP,13,9
-96116.97774734334,2.1817689463729737,0.00958624449415504,89985.66428503767,-0.422491987747712,-4.377508012252299,-0.7021476339470455,0.22734187338532033,2.609826792513065e-05,9.801886883928968e-05,4.674063703413858e-05,0.00012790040830183371,1.3810720472598097e-05,0.05984371026916595,1.1588266535605108e-06,3.5086840258938555e-05,0.013252556667814863,0.042553886992505785,0.08033698036054601,0.10496149869990279,LCO,13,84
-50673.38698023263,2.153646841172473,0.013459665109775708,60995.64468083084,-0.32133082614813446,-4.478669173851877,-0.797709780744712,0.21159138105417172,1.3399735357469195e-05,4.93076131560456e-05,2.8350212930248565e-05,4.896405132811137e-05,2.9609034232105696e-05,0.08918450188418559,1.4205609553891795e-05,3.313464066033959e-05,0.010428734446469135,0.09140374961281221,0.021027352341287327,0.019859117301188493,LCO,13,66
-206768.65573643992,2.071306438313749,0.01999432188089988,169542.70043917588,-0.38116400424981833,-4.418835995750193,-0.35695152656781726,0.3525524819112528,1.6147631348099285e-05,4.227445493856859e-05,1.4505355343735928e-05,0.0001310229549844344,2.714082439504662e-05,0.08599628507433865,1.8988136509571864e-05,4.322408210140691e-05,0.017766402935154232,0.18224047673400812,0.2828538231800513,0.10795417351812334,LCO,13,72
-376165.16284295113,2.4151273186491324,0.020573585871854608,201620.74900314744,-4.2422801516599336,-0.5577198483400778,-0.49711808684055947,0.30045704074712054,1.2955442663108531e-05,0.00014755258951892542,1.132128312182082e-05,7.543609389821151e-05,2.7488860044788887e-05,0.06166567408596067,1.2296329031536067e-05,4.215812193586406e-05,0.02463886662188914,0.016677793389922667,0.2645473327841682,0.15165678698534973,LCO,12,62
-290938.96648765315,2.1079110592375763,0.015741470341530464,218861.44562533314,-0.3798829871510847,-4.420117012848927,-0.21483595360546104,0.23983562942559036,2.9819558863550635e-05,4.091183599192682e-05,4.8273153274343226e-05,5.716554525478379e-05,2.6803191276360562e-05,0.08117956509563942,7.694199673758906e-06,2.9787075913150685e-05,0.023689412439528476,0.025964192935920054,0.560384347571496,0.12881550588712298,LFP,13,64
-388653.2504035301,2.334960127834392,0.0050547990245569515,425276.8085347185,-0.5682691368636483,-4.231730863136363,-0.4847736393004115,0.22585855309506217,2.689024386577121e-05,8.874802605801151e-05,3.717801853505896e-05,6.250758233621129e-05,2.5618104783406487e-05,0.08975528113549641,2.0558803657832877e-06,2.9692266757204538e-05,0.0233554053675689,0.07218845882191986,0.24483020137780384,0.12820770049986485,LCO,13,99
-474452.89520956547,2.2456980158274873,0.02201500816862107,248346.75998938383,-0.5301019493956503,-4.269898050604361,-0.49557968069899283,0.2535028516696133,1.2037339794124012e-05,0.00012185294882487514,2.246726555639622e-05,0.00011680972344438317,2.51045604615692e-05,0.08923842731961017,1.6673324327074448e-05,3.58769374655921e-05,0.024072230469786956,0.13871625923477537,0.028714437138305654,0.2669896229279262,LFP,13,50
-95590.3853362884,2.388121948830135,0.017730135055307666,61172.98137865501,-0.4180494188966506,-4.381950581103361,-0.6033727046042416,0.3202825574990723,2.4639690986961015e-05,7.727777289610837e-05,1.4510063456983068e-05,6.235826432873627e-05,2.7073047751360595e-05,0.04165210343905068,2.56367039685148e-06,1.6644667688230112e-05,0.014310431925335133,0.054580921115289824,0.2006984049731018,0.07134796930736674,LCO,13,81
-57777.319450101546,2.222823084993109,0.05543204245885014,12485.855688988682,-1.2864311151902612,-3.51356888480975,-0.1457550946147247,0.312780253579126,2.7648382160173844e-05,5.045101501901323e-05,3.8745707981671006e-05,5.158400315699024e-05,1.4155056212640346e-05,0.08504583197046413,3.5953975428439524e-07,1.8839832632014104e-05,0.0103979562467275,0.13583994479960607,0.14354127300077738,0.504863687584892,LFP,13,18
-329321.6379013094,2.5780736136648814,0.013929779056496908,210956.3869347999,-0.35629566578539595,-4.443704334214615,-0.23916876669169407,0.26240777598572157,1.3516400102834165e-05,0.00020590016899286852,1.907663639798688e-05,5.54506338251933e-05,1.8491942893590123e-05,0.08271491681151663,5.0980913938865995e-06,3.2257448198249835e-05,0.019806925099266834,0.3273770266104499,0.3533272657172301,0.010126940980625929,LCO,13,71
-441454.9760139561,3.6181856623390507,13.961638712800385,4877.9919636543855,-3.636074386782795,-1.1639256132172164,-0.6262709251141099,0.6464409690225021,1.2678130636257928e-05,0.000249408638122536,1.035597818094718e-05,0.0001363315456122689,2.945307772664574e-05,0.09261894221460931,8.57439511219145e-06,3.6255486149925395e-06,0.022660287064349357,0.02277623494042553,0.20154498356321146,0.07940785638225319,LFP,13,1
-120998.81903221805,2.1485099127004563,0.09060052875476705,32582.30764786349,-0.9527922358971637,-3.8472077641028477,-0.18351207389803115,0.26001033184224154,2.1754390217516234e-05,4.264290661965689e-05,7.198921654364756e-05,0.0001333557073621034,1.911713278180975e-05,0.05725438867321019,1.925561422505865e-05,4.120318252358131e-05,0.01680071068201994,0.03728872452552835,0.32948922037673745,0.3797099811997031,LCO,13,24
-108982.39313358985,2.4840164839010117,0.06086868234633987,21070.64203088043,-4.649668675978241,-0.15033132402177074,-0.0006727320464993136,0.2900618358107903,2.7348225646998096e-05,0.00017900679970583476,2.157041091928974e-05,9.631196485837413e-05,1.201106431222847e-05,0.06390531074155795,6.556232536224656e-06,2.8972517576630626e-05,0.012353209320727462,0.032792669118673706,0.5818986668853051,0.3146359319495219,LCO,12,30
-178337.16627530538,2.229867681383484,0.04900737193721529,41870.1125079248,-1.1333850719743168,-3.6666149280256946,-0.13127198314544786,0.2390234217855829,2.741962391901877e-05,5.903425921611613e-05,2.0928863036045102e-05,5.271933099143878e-05,1.2222946183812696e-05,0.06347143676144693,1.9571010011040526e-05,2.9238351500022956e-05,0.020982485100099223,0.08072472546731597,0.5822537480330578,0.13574954335417833,LCO,13,20
-64429.24768486696,2.57732863566661,0.2937039379001036,9254.40727827817,-1.9192687661060361,-2.8807312338939752,-0.1148250157556241,0.3152917248219833,2.2776553078301396e-05,0.00023565128388266846,1.6138181683633738e-05,0.00014435684627490876,1.2265080710342303e-05,0.06379950744725628,6.531398953606035e-06,4.940670291247161e-05,0.012463582673805752,0.419661039509884,0.13972509788859286,0.2557888468458991,LFP,13,11
-367980.8410570012,2.9192411261413027,0.1472656186898318,45873.542526470585,-1.5431859100424603,-3.256814089957551,-0.2557741278729747,0.3858851015689048,1.3056319861580524e-05,0.00023670736952290046,1.1744211924388548e-05,4.558736886949704e-05,2.013618585053373e-05,0.07516441109597888,4.715454954044337e-06,1.953167856229588e-05,0.02136351349802968,0.058928347169610595,0.4204175493899438,0.19487997556747094,LCO,13,15
-118809.65877410129,2.695925838498412,0.4469004614455684,10590.963558207215,-2.3344664117120075,-2.465533588288004,-0.5593882698899308,0.23686314588949,2.3517036744166014e-05,0.00022245959625338,1.0120844441533839e-05,0.0001391351962121779,1.2168698312490468e-05,0.05164377301040182,7.015070124387023e-06,4.67472620653584e-05,0.016952792129993993,0.19691633964260596,0.09481250919617008,0.07888288127129313,LCO,13,7
-29164.038293095433,2.303340885499021,0.26893559237173126,2541.3975747958784,-1.615959132941157,-3.1840408670588545,-0.2366927606534739,0.754473835753044,2.7693981579874443e-05,9.556285163555174e-05,1.4831501026660126e-05,5.145791824013792e-05,1.2113873087834427e-05,0.09971312392983567,1.688302685734324e-05,4.477709113039912e-05,0.0043127164913528155,0.051988731445726945,0.13704709994154027,0.504271407959259,LCO,13,17
-468974.96008136915,2.3450591636504527,0.010031432321378462,488046.0380284169,-0.5709651400150833,-4.229034859984928,-0.6281013333535759,0.2603300537379452,1.5526907544334422e-05,0.00015029426425171237,3.9422276837050045e-05,8.372185596207854e-05,2.1088595212742313e-05,0.09235043680203371,2.777814941639452e-06,4.1583696068138104e-05,0.023067310283540903,0.08557716113000217,0.014040655425156881,0.20228085009126517,LCO,13,98
-21023.205359656968,2.9929347906330586,2.053181045711778,585.883390828611,-2.839342183710393,-1.9606578162896184,-0.6566482684845151,0.301380573375722,1.417732442842062e-05,0.00010780303630715205,4.7989179016700285e-05,8.773933635074634e-05,2.119545080360486e-05,0.08778827587228485,1.2038086554758678e-05,4.3291355985815833e-05,0.004054919428899416,0.06367729732717918,0.08911223455217386,0.12056219963613193,LCO,13,4
-277468.86816133396,3.115322874148407,11.30734889168439,16894.47540244288,-3.0168566074274423,-1.783143392572569,-0.48769950485634506,0.527066535734438,2.388160457749748e-05,0.0001530870580466049,1.6803213491724324e-05,0.0001397740754687849,2.7488123162336556e-05,0.09461902463732023,7.094773968080958e-06,4.5045310555171355e-05,0.021840074708435114,0.2032303253157815,0.2020393085184129,0.037030861309460594,LFP,13,4
-159366.93923856472,2.6469663111767026,1.0068509957542626,11892.279807633215,-2.6394241236526597,-2.1605758763473517,-0.7259361756384267,0.2623512444364505,1.420114023535099e-05,0.00010761852006432374,4.800237071846454e-05,8.773736919108561e-05,2.128829036271486e-05,0.06224801730996136,1.2027445261712865e-05,4.269177691834003e-05,0.019187088567054075,0.07136738396550207,0.012098499529156106,0.12059794086691514,LCO,13,5
-425774.8737503672,2.3066509675124944,0.07165431021618177,98189.89375993,-1.022469720958476,-3.7775302790415353,-0.15013214385257845,0.32296062811514625,1.5150725479192517e-05,0.00010589868480711402,2.0153913502003643e-05,0.00013330454011670353,1.9641176152007732e-05,0.08990647654096084,3.4726506758076456e-06,2.3917763372752887e-05,0.02330977584166108,0.011180007969929143,0.5983335742915195,0.17035427388597305,LFP,13,24
-44634.91834678907,2.508956370685644,0.7372833723484461,5106.791018554431,-2.076861876042429,-2.7231381239575825,-0.28381381993806776,0.22866973944759292,1.5174531503208591e-05,8.552640080456278e-05,1.2533522178124762e-05,5.794438686642061e-05,1.2736632409913945e-05,0.0909641985543861,1.7493001237877117e-05,7.288271076756606e-06,0.0085438304766069,0.03130437518918172,0.5815368173157827,0.03334498755696791,LFP,13,9
-73036.56139703954,2.7232548872868962,9.10638154131163,2291.590779842353,-3.1732813813747995,-1.6267186186252118,-0.5841296170703345,0.21654677071522568,1.3892252486020781e-05,4.1597911252220574e-05,1.0121710352470461e-05,0.0001375459219353973,1.3869430724490489e-05,0.04041431124835212,4.336987683491745e-06,4.6760217453626984e-05,0.016955609221222568,0.1977024517572734,0.07016472195755688,0.07800320921483532,LCO,13,2
-436870.84745747474,2.427652106809076,0.011120964322567296,332914.7197082883,-0.5315804901586887,-4.268419509841323,-0.6224813824457538,0.26493120474431137,2.988421564007198e-05,0.00014560069960767896,1.2166355557206704e-05,7.513647587223243e-05,1.8386226577373904e-05,0.06253108261369117,4.14170721508253e-06,3.5122333898823446e-05,0.024553063950719274,0.11065184293882198,0.046959331990465245,0.1499074426249591,LCO,13,92
-41329.381865802054,3.1297929581639625,1.107542003874229,3202.318471225982,-2.3721859328571,-2.4278140671429114,-0.13410420847123927,0.2569336941861641,2.9428632709720022e-05,0.00022813682803482507,2.2529068595589607e-05,4.340413376140245e-05,2.82700938106669e-05,0.09342833789740804,6.865050042246273e-07,1.0963681016803009e-06,0.007839432152532428,0.041816805976243834,0.5961471971031471,0.15793178844936986,LFP,13,7
-192874.30651123618,2.1855754087061703,0.23206182876437978,25345.236937327885,-1.8138542306128116,-2.9861457693871998,-0.611305495028095,0.21616686959779197,1.3842727294051434e-05,4.124456797556754e-05,1.057079470555173e-05,0.00013532668355479863,1.4743269749293114e-05,0.0791367970198775,1.6403427117676725e-06,4.729927371497389e-05,0.017182231197206337,0.1922520299022549,0.05607042024119015,0.07037205482846011,LFP,13,11
-37648.26699945474,2.745015757127887,0.4480672820700168,826.7407694863294,-2.19214747589659,-2.6078525241034214,-0.20362797687862522,0.20237652233524253,2.963245724620001e-05,0.0001402539730443721,7.021049847948215e-05,0.00012862240196557877,1.2199220377591765e-05,0.0532431927300942,1.6787830346358573e-05,5.624803896986287e-06,0.004739512238416428,0.09168123894519802,0.5841799275627442,0.05051085661343266,LCO,13,8
-710830.0867870471,2.3270472626743173,0.023641245042964137,240157.9014716475,-0.4917899299099133,-4.308210070090098,-0.26941745074085843,0.26413976757666874,2.7343110743410575e-05,0.00011784646725091397,2.5107550729363323e-05,5.0621811423305787e-05,2.7512085594217783e-05,0.09947339559335479,5.899385173914261e-07,4.824725378816335e-05,0.0235643111978388,0.026768498257475418,0.5976873950723596,0.036126655929306604,LCO,13,54
-401023.18316649215,2.6857628180030924,0.1382761263947664,67857.22558416119,-1.4567262160866505,-3.343273783913361,-0.4682289659904529,0.28776673274785325,2.767052602231224e-05,0.00024883174494969864,1.0350680683428352e-05,7.998071548828126e-05,1.9619301627828132e-05,0.0949752519297713,5.607125830110848e-06,2.9825084218630523e-05,0.022489940272393705,0.018088986946309896,0.0219207079547597,0.4217613391084776,LFP,13,15
-529109.2130017971,2.523928857190807,0.010650403959722322,427966.30243196763,-4.386370647416143,-0.4136293525838681,-0.223722945325052,0.2454965263103868,2.9383503845015124e-05,0.00022752643903927664,3.4746892393280185e-05,5.364051845893183e-05,2.5503816785603785e-05,0.09612950482416845,1.8233583475992802e-05,4.189976313560574e-05,0.024345117054049046,0.2595876238017637,0.4111470019254494,0.035542428947735,LCO,12,94
-620868.055459268,2.5778157135686337,0.03261042520310348,199346.76146110764,-0.5797699134690149,-4.2202300865309965,-0.3340153970226206,0.3247759380012817,2.7670004693438642e-05,0.00018120938729373706,1.8160884358381575e-05,5.203553681299104e-05,1.9923166473433856e-05,0.09383960388452979,7.668366564157156e-06,3.0014316365809954e-05,0.022380430641136755,0.021084059543058028,0.15266709973476383,0.42223344369955756,LFP,13,49
-57336.90520895339,2.8944206121157356,0.18974680043457723,4587.870816454376,-1.5042786842332632,-3.295721315766748,-0.1153380374878944,0.3126776318176745,2.885807674297788e-05,0.0002109282663544694,1.1923789994217521e-05,4.199123514587077e-05,2.0266141181349596e-05,0.06455722945993321,4.106817078889063e-06,3.378902932887419e-05,0.007722289513190568,0.032779726641364804,0.5837442432164968,0.1981379926542441,LCO,13,15
-32694.980307230442,2.1434557506097103,0.035304932053901075,6493.48029908107,-0.948852921619519,-3.8511470783804924,-0.6046243977931401,0.21665554214239374,1.3890939380551494e-05,6.203044040030615e-05,1.0139606600370575e-05,6.499563237988986e-05,1.2526593987673585e-05,0.04031315621494397,3.956117194390555e-06,4.677392030262267e-05,0.008517602936888913,0.11634888083022338,0.06947132037486091,0.1395554010017756,LCO,13,23
-261559.1045253065,2.368852445836416,0.09558941697739692,39752.5164279328,-1.4677801807643434,-3.332219819235668,-0.18911136328645772,0.28292225155035156,2.78256026903782e-05,0.00011559200988838867,1.0158969335396862e-05,9.048232270845596e-05,2.0258242251033088e-05,0.05610782242372049,1.275895256398505e-06,2.962223957050237e-05,0.024236674725546237,0.02011712777136316,0.36012895480001283,0.36064255414216634,LCO,13,15
-40933.03306320782,2.186641049332615,0.027057469254002958,9303.113219732426,-0.7858283103401931,-4.014171689659818,-0.30126307433335575,0.260285489381065,2.4859779010258668e-05,8.598051466091877e-05,1.127629825809201e-05,5.5929899646327174e-05,2.1866351184256165e-05,0.05590605997163002,1.9264071783833883e-05,4.367390940938006e-05,0.008299805503661682,0.028445288216459492,0.2128988054324661,0.38739283201771874,LCO,13,30
-77831.05922289293,2.1006122551188637,0.017671798265191538,40392.751563510516,-0.44952277224030013,-4.350477227759711,-0.5938798718581837,0.22964892564175973,1.754898427026241e-05,6.557007510964264e-05,2.0989515059504373e-05,0.00013675195852504425,2.6436312113709283e-05,0.04249803856440339,1.6799402084105184e-05,4.400149910417677e-05,0.013551068509526955,0.018480739514618767,0.18060836554561926,0.13703102308157838,LCO,13,54
-99119.39137215316,3.921102177632384,5.901523805148203,5711.0268016473,-3.046226050506192,-1.7537739494938194,-0.26688684241321736,0.3017454866162221,2.7826908054556062e-05,0.00011585695841947888,3.1796220096177434e-05,5.330547809504027e-05,1.7858761922444923e-05,0.0528642160820426,1.2710864181324315e-06,2.9371709640503082e-05,0.02088134062374982,0.024226986524351537,0.523756046359694,0.11513012470273724,LCO,13,3
-217583.9405770915,2.957068113848803,0.5572823618565679,14698.440427572741,-2.6096743601343064,-2.190325639865705,-0.6510472570519845,0.20978167301530004,1.4068779678303688e-05,0.0001308890986696933,1.9512634472830918e-05,5.248139616268325e-05,2.4704810228245572e-05,0.0632855240082859,1.693616677145732e-05,2.914100767681094e-05,0.021707846836088673,0.06331418297656215,0.07921027365110633,0.13642828632034698,LCO,13,5
-180536.21939880142,3.2006838095063967,3.047392767561063,6809.323641415588,-2.9163461076876587,-1.8836538923123527,-0.24605162388696333,0.3672705603122265,2.8914348653468043e-05,0.0002121227685798064,1.0023058663135456e-05,7.530087750732318e-05,2.633395733901908e-05,0.0462723410891626,7.126971268396363e-06,1.8484633742512374e-05,0.020899460055033826,0.05360380083318177,0.5960505502752957,0.03429402500455929,LCO,13,4
-572287.6498204941,2.833169743796865,0.06476568906218773,110876.81656163558,-1.001136423030772,-3.7988635769692394,-0.3085930747349235,0.3860812628111064,1.2081188327039817e-05,0.00024058411508048354,1.2269848473886152e-05,4.233968806383135e-05,2.0151307334295936e-05,0.08991870590772813,5.306913260987699e-06,2.590460848069955e-05,0.023321278052199714,0.010740361143315908,0.41507269748999415,0.1955938666317665,LCO,13,25
-328394.34581254184,2.404597511569652,0.15769394453112767,56720.692359772285,-1.1887277228113575,-3.611272277188654,-0.2024230487064561,0.32316872167212096,1.5071070336618283e-05,0.00012870898942242027,1.841877770734966e-05,0.00013390755997717943,1.6883478588163177e-05,0.062125582006554755,3.507435557120717e-06,4.758593180418374e-05,0.022918590602276898,0.08332497236269336,0.5983237485341183,0.04592823039673233,LCO,13,20
-268241.04752171075,2.271098650426632,0.10901864447787273,68046.24790541617,-1.179742222057186,-3.6202577779428253,-0.4272626043289208,0.39221345774806665,1.2577914638670266e-05,0.00010729560525643081,1.5587627345567745e-05,0.00013415033840010544,1.5159761401460012e-05,0.0926757136278049,1.2035197822044616e-05,4.428046765405268e-05,0.019188320551497808,0.09842566738958348,0.34171878744749973,0.062592940833996,LFP,13,21
-296916.6276509356,2.932469175360247,0.15826401315795166,33554.79095693527,-1.5201921033995447,-3.2798078966004667,-0.18838476630740875,0.32324096980041733,2.9236328681425056e-05,0.000248160617444772,1.1067985087238968e-05,4.1266032571686736e-05,2.0280068391987615e-05,0.06569637677395049,3.487730554060265e-06,4.605190886508529e-05,0.020153915915275933,0.10423668557291837,0.5949634303960577,0.04241511772361524,LCO,13,15
-471522.59609286144,2.3788293701087655,0.031151153004333403,127750.70032231207,-0.7533328104239772,-4.046667189576034,-0.2962297453713211,0.20102657707081706,2.7961292673377645e-05,8.979964002705982e-05,2.5063287410041947e-05,4.982782671558207e-05,1.5160269490540217e-05,0.09752008842185808,5.899283626656322e-07,1.4320641388366682e-05,0.02276902913105054,0.01508446039232947,0.5954131224475467,0.023272671788802816,LCO,13,31
-144115.21137459166,2.069237576634495,0.011205432201269561,106527.42198821998,-0.34653668588510556,-4.453463314114906,-0.5456371704360133,0.22688545507659458,1.7496514479227978e-05,6.29618760273454e-05,1.0040841578145995e-05,0.00013755706399666876,2.6536358007372603e-05,0.051764935612738455,1.9233899789089195e-05,4.680587268353748e-05,0.017003435049263337,0.08661428824113064,0.21944610616761667,0.0783024351552394,LCO,13,76
-475292.2101747684,2.337149235839943,0.04477275030297505,100309.866893331,-0.9054865127066378,-3.8945134872933735,-0.19545568184227025,0.20252379952180105,2.7609191593946565e-05,0.00011776439366833841,2.575829315520092e-05,5.8550946543510144e-05,2.8432642421523935e-05,0.08358503701915962,4.721685887164891e-06,4.967684912687689e-05,0.024660557589130327,0.08240800687689034,0.5983586807441722,0.053777630536667294,LCO,13,25
-752925.7434010146,2.573002189893644,0.03134356111488859,295527.54110058415,-0.5772800648570353,-4.222719935142976,-0.7150140442167401,0.3342384380157307,1.226615825314991e-05,0.0002478094569746817,1.1482615539570437e-05,4.960485703229919e-05,1.442334222018107e-05,0.09483280870365651,4.5847296607824e-06,4.684658985448725e-05,0.024604427036265593,0.032058389742724,0.12159580378468218,0.061331762255853794,LCO,13,48
-37889.51860383773,2.4823324955016957,0.007452681899134098,21846.00215362153,-4.205037304588387,-0.594962695411624,-0.08739988372031238,0.20968443154585104,1.2673284174709108e-05,0.0002424246618616663,3.886142797341811e-05,4.047519949545942e-05,2.9769750401389768e-05,0.05834231769521871,7.042931381275838e-06,4.152703788479992e-06,0.008110924475491577,0.17867485395304367,0.5783584173691778,0.0855668449574662,LFP,12,75
-128686.18536470502,2.5554258924223334,0.019110102584279958,69241.85145528804,-0.5152789334946135,-4.284721066505398,-0.3690351247568817,0.2229611021525779,1.8114249268327926e-05,0.0002457634774857475,3.6149055229415926e-05,7.99387314071151e-05,1.4108829442080463e-05,0.09666249807751538,8.758564811967516e-06,4.02250527990153e-05,0.012424078874352823,0.0765760289697206,0.13777471602053548,0.34661413025286225,LCO,13,49
-99872.0694757253,2.4724532110922075,0.022816412006050134,77797.21333709742,-0.6640856118228768,-4.1359143881771345,-0.31235762196232764,0.27874843590796927,1.3035958993768114e-05,0.0002258349080870563,1.4964511286324301e-05,5.958791940364121e-05,2.6139697149756423e-05,0.04800627585695885,6.969168705845127e-07,3.504594723305029e-06,0.02094877869492933,0.03832491314667359,0.5294558517962383,0.049861613094760435,LCO,13,41
-135343.0220465521,2.592551693340502,0.024427830777301252,74891.06493761824,-0.4153513037435772,-4.384648696256434,-0.41722095504577517,0.38231989046066284,1.4706736279620237e-05,0.0001723096741999035,1.1079933685073945e-05,0.00012323508069029973,1.2712306762214116e-05,0.08206809692162938,9.389233571404194e-07,1.0060531569595753e-05,0.012034564642485743,0.038847494047289086,0.4125667354003095,0.06136481550662622,LFP,13,66
-13201.320755791647,2.2223609048920636,0.018120514606757482,14066.401156447322,-0.4027830089102906,-4.397216991089721,-0.21560659373981428,0.3586683016797001,2.7950668707230616e-05,7.116368942066599e-05,3.659513817199477e-05,0.00014928173543330792,2.149544375518792e-05,0.0778231146748476,1.897155017811584e-05,2.014560806596177e-05,0.005401015491689925,0.18098510627149175,0.515699639595817,0.017708660392876954,LFP,13,75
-66744.10065249112,2.642551427894536,0.041476602363501106,21673.39703709115,-0.7635045290199187,-4.036495470980093,-0.6601790998074859,0.23949512436302192,1.211284321671215e-05,0.00022498377905335988,4.715448203702251e-05,6.139825184181826e-05,1.2122106564035704e-05,0.0969162004315088,3.871162238462493e-06,3.614185596447455e-05,0.008365231442685868,0.057831953367184906,0.09157909284864886,0.12040985397668046,LCO,13,30
-12616.762805847404,2.5607130270987293,0.057599990049080806,2318.6636212356557,-1.093981429881822,-3.7060185701181894,-0.7007872312827791,0.2552185464317214,2.5931138904918285e-05,0.00017574298360046892,3.5122536568058214e-05,9.61406373482429e-05,1.214163567326375e-05,0.05072842291836898,6.926753174793117e-07,3.1449484653342235e-05,0.0046986544577030925,0.034469065891344366,0.018909024822655978,0.1758346780032206,LCO,13,20
-56618.699583048874,2.2160399329652414,0.01520405952432923,64439.26728236484,-0.3695900774454657,-4.430409922554546,-0.7253976935201847,0.2638425495703737,1.570839472848771e-05,6.794546298177346e-05,2.886127354720057e-05,5.8415167551824454e-05,1.2385502084699579e-05,0.09808140685281497,5.755503766951022e-06,4.0530000101441445e-05,0.01026176361995264,0.033224577848716075,0.05368696822309647,0.11769076040800283,LCO,13,62
-10214.885913853766,2.4774355526580853,0.030286122194189146,4496.039264488715,-0.632358133227612,-4.167641866772399,-0.5907529000956413,0.2794625007667305,1.2580359460521465e-05,0.00019069123244292886,1.4792117180446133e-05,0.0001496406374784817,2.6380718283519006e-05,0.048002982793496615,6.371200955582823e-07,1.8433011243228202e-05,0.0046892828370833275,0.04113792841550268,0.24826660288587146,0.04984256860298461,LCO,13,42
-53686.450839214274,2.3818433024174315,0.009655843066467284,47299.30471996654,-0.5636876914789894,-4.236312308521022,-0.3973344689874384,0.2338252578253953,2.5113000963926257e-05,0.00024222595879638668,1.1259252245253783e-05,0.0001241456430601385,2.7522512610469648e-05,0.07426010448879658,6.849609781543556e-07,3.4443272737297104e-05,0.008375310604330045,0.039329549406155594,0.45896497967517436,0.03437100193123177,LFP,13,99
-106010.39678056506,2.430261909288819,0.10005414032750662,17623.280524716854,-1.4919555562180875,-3.308044443781924,-0.6847250111659731,0.2128951802985082,1.8186875248313338e-05,7.582505248853141e-05,7.50126665731618e-05,8.892130732053383e-05,1.4704603903732687e-05,0.09368953652908608,2.1928934665906357e-06,1.5316035724159915e-05,0.011455547625827974,0.05130849697536174,0.17192915594105462,0.022037335917610562,LCO,13,14
-63481.79792267914,2.6411025705006086,0.680547273206752,8021.49022076656,-1.9231681420803852,-2.876831857919626,-0.7644374875542768,0.23608738990027242,2.6142560840482923e-05,0.0001754879621912699,4.3706653754619373e-05,7.431660651864561e-05,1.2038542454787847e-05,0.047422515840621536,2.972503028517869e-06,3.140782782214422e-05,0.01269889088237092,0.03830820535716449,0.10285837844219296,0.024395928646365875,LFP,13,10
-23484.321843288817,2.5594988048083644,0.008976125357849014,26988.47067186258,-0.5598230399372355,-4.240176960062776,-0.6439420379085372,0.20356089568982197,1.2827199196358299e-05,0.00017466259123256734,6.273256760686913e-05,6.090910146666442e-05,1.5865659098160487e-05,0.0989536783227121,7.841772118752706e-07,2.4688342874252256e-05,0.005110290052788182,0.07496403680919062,0.09051200557087219,0.12058191971140009,LCO,13,100
-16561.437045606806,2.2878538301639164,0.032651005140057816,7435.237985585101,-0.6530104826143202,-4.146989517385691,-0.6054927738130278,0.25611263997588346,1.2723966212791038e-05,0.0001899336938124221,1.612934846918605e-05,0.00014985802598154222,2.8374907783799292e-05,0.09543286258043493,6.178309472728433e-07,4.693243717220503e-05,0.004435672992540544,0.03179568271534041,0.2483272986865785,0.044384244785053324,LCO,13,39
-93511.94985000511,2.404775731603265,0.01116524545330909,84896.41363911926,-0.5691410684270721,-4.230858931572939,-0.11724971787106786,0.26425361016953663,1.3032043679965173e-05,0.00016645669079324739,2.9581456104909673e-05,5.8728031878470916e-05,1.4234691697811402e-05,0.05899203367410498,6.079943894125143e-06,4.047767449126883e-05,0.013126135665518648,0.31184732074577004,0.3624455722134989,0.1384573891696633,LCO,13,96
-115055.1633272442,2.2754361751436565,0.0430274467094631,41806.07704522942,-0.816025030523555,-3.9839749694764564,-0.19505199589279176,0.2790450146081451,2.380864458666221e-05,0.00015570022207660905,2.825404745883697e-05,0.00014154512092328628,2.6168912125920425e-05,0.04773627889657674,1.741626064820977e-05,4.1009772942483645e-05,0.018366427214078784,0.2795066485793951,0.017710425827620044,0.4377309297001931,LCO,13,30
-21991.932655436238,2.608024834469362,0.018612044359067652,20403.972154358802,-0.6055303782173027,-4.194469621782709,-0.5392557108393001,0.4309435361034615,1.2733724247445861e-05,0.00022065527172172769,3.6487602258576375e-05,5.9275311010262666e-05,1.5820534185843835e-05,0.06834953513738556,8.192384934247873e-06,1.7990780851208816e-05,0.0054021758836792005,0.18134536578501934,0.08848088172411814,0.12091804165156245,LCO,13,100
-15038.981713706406,2.461508101892868,0.014272779211942466,12511.588504433994,-0.3594958760008282,-4.440504123999183,-0.8040859310597274,0.26019687184666257,1.742882775075141e-05,0.00016837438245525423,4.452872435506927e-05,4.9070328095818834e-05,2.8983672503892936e-05,0.08321955351230294,9.342922353448226e-06,5.168594907769595e-06,0.004772084148330795,0.08536733644228527,0.010570734575138973,0.029975997922848465,LCO,13,63
-22826.55812175305,4.177142141839798,9.969717097438442,416.75090698330615,-3.3731973257965535,-1.4268026742034579,-0.4700655549643648,0.24632705760353502,2.602608744413786e-05,0.00021883955629808374,4.708750408448752e-05,5.605336377863719e-05,2.872444028661342e-05,0.09704033787633126,1.0247361397415448e-05,2.126252138233853e-05,0.006794704791473746,0.03509615841565966,0.05186816303072907,0.3729701235892465,LCO,13,1
-336569.6509554849,2.38164358649557,0.051125026096845494,71938.03097742109,-0.8139974556337677,-3.9860025443662437,-0.5749029978214639,0.27596394247884104,2.2345447274264064e-05,0.00012902190287693315,2.1954565427247517e-05,5.7487786533053647e-05,1.2743591465003097e-05,0.04142019415845745,1.5257651201201702e-06,4.930178169231325e-05,0.024912054935917444,0.081383949421425,0.14277453792500322,0.13093851483210786,LCO,13,29
-20966.177236435695,2.7251231377540424,0.05349051164528795,2936.1890167364854,-1.198353721831225,-3.6016462781687864,-0.47967545487354657,0.28125172702576773,1.2493835112073302e-05,0.00015281028084173766,3.557978385932584e-05,4.139141266434754e-05,1.3639676075411283e-05,0.06435928647063306,4.6533419889667774e-07,8.135424670123681e-06,0.004986465262738812,0.04110364584317849,0.27039007323613307,0.13883082604714195,LFP,13,19
-14895.067874699986,2.4359093516761616,0.012491571527682098,13864.584998216045,-0.33208228589062116,-4.46791771410939,-0.8255601452539253,0.259408236290599,1.3544418470104717e-05,0.00016331797633020956,1.581752173885852e-05,7.175565838349336e-05,2.8456114764837695e-05,0.09141054299735282,6.543998738588413e-07,4.943553664409296e-05,0.0044342062310313,0.011498127208325583,0.048407286593540946,0.04453444094420827,LCO,13,73
-108288.02103187167,2.399024022938216,0.013020367775605978,98589.13155247307,-0.3477657672813166,-4.452234232718695,-0.6994650051981939,0.2558346890380256,2.595095211994145e-05,0.00021977812849576045,3.481206983462764e-05,0.00011794974400748155,1.2050558132436244e-05,0.04949169376728954,4.038189702605493e-06,3.25005368291115e-05,0.01579173161571055,0.03618822729076201,0.018747885262068678,0.17559888224897552,LCO,13,76
-112535.9423778274,2.349511436491697,0.013075435929187706,90301.01292435726,-0.3245477896945417,-4.47545221030547,-0.6203797171017431,0.20060222405303865,2.793033364425867e-05,0.00017451481179482436,6.295003071639973e-05,0.00011820025128621655,1.2015856024726258e-05,0.05022402887194042,1.1012155534103685e-06,3.256282289496694e-05,0.016491033078606703,0.07609735740321387,0.03291775200987568,0.20060517348516732,LCO,13,65
-293320.1035553463,2.3882457563219317,0.011084341423800985,286050.9425649624,-0.5622229949904778,-4.237777005009534,-0.6280420258386964,0.25595138936458456,2.5954368437341192e-05,0.0001217940719121058,3.684573456912729e-05,4.420916467340756e-05,1.226449695705251e-05,0.09717225389239137,3.816783968168865e-06,3.6114601204595276e-05,0.01779586401457916,0.08445202864032074,0.015559475706935139,0.20194646981404776,LCO,13,96
-243121.65812710355,2.313794703041588,0.0334156850232748,86273.48573644724,-0.6580681837461526,-4.141931816253859,-0.6767105645934415,0.23903858915990453,1.3629622262196817e-05,0.00012309886241667213,4.662541230416554e-05,6.13807540162243e-05,1.212891905837531e-05,0.09639010441211744,2.962104499712843e-06,4.48880874508747e-05,0.015246490122908844,0.05697919941288834,0.07600560742176321,0.12030462857190705,LCO,13,37
-22186.063534471945,2.499209710618591,0.008894372016249364,20861.471761508186,-0.5575002530004198,-4.2424997469995915,-0.497700926714602,0.200214188833053,1.2728067196695202e-05,0.0001742898544058594,2.4300824347126294e-05,6.0940818092893196e-05,1.586638746685011e-05,0.06820631210509985,1.0673777890420079e-05,2.772835901849587e-05,0.00553755244917249,0.22067719231096067,0.09054437049675303,0.1210775104776844,LCO,13,100
-498174.1350896136,2.5868138498963673,1.0998020131226487,60177.39762241947,-1.832862129785319,-2.9671378702146924,-0.09539437232473291,0.5205442873342864,1.8732629048910773e-05,0.00020155531005776092,1.6792893067523495e-05,0.00014206155629894378,2.651921359793559e-05,0.09329798539186065,3.461117018860459e-06,4.557866029430055e-05,0.024578213680458028,0.06820363765231596,0.5978740375504019,0.16852795247254926,LFP,13,13
-56387.08734364711,2.2621900435639843,0.09669871622055232,8654.298577260197,-1.4288740604464607,-3.3711259395535507,-0.7408450886129931,0.26396809701470786,1.5761170685555046e-05,8.441282449659665e-05,2.8789277419691218e-05,6.142292197584133e-05,1.2393467940889689e-05,0.09808642804266077,5.768141002649547e-06,3.4374041476469964e-05,0.007575540529559338,0.03290592448267505,0.03578994385811745,0.12045904304621435,LCO,13,15
142804.3479133866,4.241451496313054,10.117397642822183,223.60587319522577,-3.430571905667719,-1.3694280943322923,-0.27969948048125737,0.2838359829756707,2.063626288324896e-05,0.0002261551494604209,3.369508323644491e-05,4.579078220966629e-05,1.4732088547302736e-05,0.047821047638588805,2.228771485567795e-06,3.3763604203698387e-06,0.007227564820481144,0.05738122894315344,0.5300442892272532,0.06287500134833601,LCO,13,1
-37104.18337402142,2.241429693593102,0.009204442865380167,23559.822373051054,-0.42884437009707455,-4.371155629902937,-0.6163327674030128,0.2010264389430644,2.798124345965078e-05,0.0001429082078622635,1.0135933452652753e-05,0.00012416107453114,1.214637051244243e-05,0.041169373978638076,1.1034571579256194e-06,3.445157963492527e-05,0.008266482789900135,0.08963329748687528,0.19041588714455873,0.033618047965553274,LFP,13,85
-33026.3308228327,2.8487033920266542,3.624807604573199,1436.2016531662198,-2.843583719829674,-1.9564162801703375,-0.37599086489312616,0.279562253574162,1.4118780740222416e-05,0.00021751270281564138,2.791839034536068e-05,0.00014998793816746505,2.6440363727964574e-05,0.08888498302148932,5.897177247649102e-06,1.5200099175761723e-05,0.006542652135564459,0.06677165960149198,0.32531860437561255,0.16191887112976927,LCO,13,4
-130823.75175492493,2.2960531874660184,0.03251038946566583,47911.36186758892,-0.7172759218013312,-4.08272407819868,-0.3873952182092416,0.23213222111421372,1.825134768682417e-05,0.00014270514514180233,1.008863054419606e-05,0.00012450749923443842,1.2132467730405056e-05,0.09683108058635607,2.9525976327703805e-06,4.025835056672362e-05,0.012476439472011151,0.07626340689510895,0.11618256281906872,0.35015881207658084,LFP,13,34
-175218.83815236742,2.5451421799699254,0.011517225855288957,188176.17393437965,-0.4953101693502475,-4.304689830649764,-0.563956069190464,0.2546361257683899,2.848405877693166e-05,0.00021936897542579084,3.7241152686520563e-05,0.0001441584423360939,1.3717919561276738e-05,0.04929760073187901,3.965715988737127e-06,1.1604239114389689e-05,0.02059408586210122,0.1815231073731646,0.08903854058991068,0.09548228284646079,LCO,13,89
-39215.25917882757,2.3865231620357337,0.07778921339414288,13301.951229554128,-1.0486079196686902,-3.751392080331321,-0.5992335612549392,0.21271587458607952,2.083494244303726e-05,4.1194277847736733e-05,7.525359869112923e-05,6.110725407675719e-05,1.3636138898232505e-05,0.050436114938948694,2.9168460960557497e-06,4.839449232381728e-06,0.011460550281256173,0.036445991667580814,0.2728378695476657,0.02148257752981428,LFP,13,21
-589081.2411899145,2.400601674858892,0.04108907323675229,169121.74384374864,-0.8127127252521547,-3.9872872747478567,-0.6896781412989181,0.2554567069036484,1.2400307326321377e-05,0.00012909421073951124,3.887204989072492e-05,6.365898651994473e-05,1.75992661343458e-05,0.09896095540113999,7.243639932164766e-07,3.837949450483112e-05,0.024294686361087964,0.036992610115353264,0.08761728977057655,0.11571195881515209,LCO,13,28
-11964.715805781292,2.5691892648893093,0.00915920472298884,12928.473490725004,-4.397013970885517,-0.4029860291144942,-0.4841860437890836,0.22671238806491387,2.6035699553180036e-05,0.00021936092563306769,3.7254146727041364e-05,0.00011935140661738244,1.203718389722329e-05,0.04946557359106342,8.291979604700508e-06,1.107342675776267e-05,0.00533775165012694,0.2506863207443992,0.01832493898939861,0.1768026964771186,LCO,12,100
-44686.64227553891,2.250446680807205,0.010598053814679851,29449.266602853928,-0.4302890300318438,-4.3697109699681675,-0.5985460817549333,0.24949542893300788,2.800535434834705e-05,0.00013772667894285432,1.1288777211154573e-05,0.00012413992157457365,1.8719039366928982e-05,0.053806620805079274,6.838061763841174e-07,3.191853349543686e-05,0.008216515612579684,0.112935736345297,0.18520673800251272,0.03331144389725701,LFP,13,84
-43722.29299853458,2.758342910951085,0.15766584667855704,7990.1673364313365,-1.3196049939502146,-3.480395006049797,-0.7038374772028948,0.38756869606167305,2.228177454867215e-05,0.00020138393530098832,1.0111956503335997e-05,0.00012842491479435938,1.4090838083922603e-05,0.09561301657929405,1.0876554019538926e-06,4.391006259035143e-05,0.006659380224640292,0.0898925734077986,0.10265486914436303,0.03361508024494368,LFP,13,18
-754346.2029245065,2.6357950927908442,0.09766079261810125,211935.99055907712,-0.9556854669256083,-3.844314533074403,-0.2520892274788882,0.7487535279713555,1.6259475683981033e-05,0.0001904004828759085,1.5083376292759865e-05,5.1850022983176777e-05,1.2115593931261631e-05,0.09538634423742615,1.673162438543571e-05,4.4551755484221325e-05,0.024999882642584362,0.07766235921575489,0.5778874693211516,0.022360943984205284,LCO,13,40
-40041.537367841884,2.4552961469276964,0.03500079995632514,22031.925024233355,-0.6210595382529576,-4.178940461747054,-0.4031602856004195,0.2715726377008476,1.2431865113176713e-05,0.0002470595861401335,2.810964997624865e-05,0.00014147690835439436,2.0012881513948317e-05,0.048260638836241106,7.703505355299756e-06,2.857236375750149e-05,0.010389803327533033,0.20584927329499803,0.017733700749510268,0.3032567403550723,LCO,13,43
-108321.40511031472,3.852925262862429,9.297142758436864,6989.975624413942,-3.098370552750282,-1.7016294472497293,-0.18292666849583072,0.34061924225922363,2.2239578304179065e-05,0.00016843471369918037,2.4537579591539614e-05,0.0001300261216901968,1.4219062521650902e-05,0.09053711808530199,1.2305710393090807e-05,4.4715656506842915e-05,0.01694878367242591,0.4834289405827268,0.011831735369449186,0.25181265555199334,LCO,13,3
-307882.2864190012,2.6371713896459856,0.03608037867688598,79231.38451640858,-4.48831129324725,-0.3116887067527614,-0.3664880809894001,0.34509623590818495,1.3459604679636672e-05,0.00024131244660380343,2.7536875673394468e-05,6.945722755185583e-05,1.951864962408514e-05,0.04038498487117344,1.5248452403260287e-05,1.3381815839797716e-05,0.023221407259326303,0.025097492042173607,0.07142097892834155,0.4669934480400848,LCO,12,42
-257340.90408865415,2.444815079759973,0.007690488016866767,325020.8257050496,-4.245594470317435,-0.5544055296825761,-0.21369924869778123,0.3183281082940779,2.877084274838033e-05,0.00020234121809381417,2.439055722973779e-05,0.00013546419983485043,2.3016019475316933e-05,0.0975052514058212,1.4111699249278669e-05,2.376817992673391e-06,0.0232854000137552,0.03599329284454411,0.44990888631596115,0.2303985721417136,LCO,12,78
-100405.06884037057,2.638923504988529,0.020193764403813645,46746.36278581492,-0.5277802093454795,-4.272219790654532,-0.6159219661479423,0.22815835383158292,1.2063538445134607e-05,0.00024574627860989224,1.4928581045639808e-05,4.4710026120517394e-05,1.4850720870526874e-05,0.06900004047901806,3.7012360934541217e-06,2.3864854975746133e-05,0.011642343078629477,0.08011488971210223,0.1418051678950262,0.0921579762449294,LCO,13,48
-476252.6694089606,2.6221316272843773,0.009474549372172281,482939.94738908764,-0.49878555118489487,-4.3012144488151165,-0.6273288935558398,0.22212036679195327,2.1688706058913673e-05,0.00022931654803639036,8.687710959085843e-05,4.809559478473489e-05,2.0491959725484194e-05,0.09044061156468991,9.83444528323755e-07,2.9328146212472113e-05,0.02412464515897082,0.05198943512028688,0.027042132070036595,0.22363953925383678,LCO,13,90
-58804.38152727188,2.437174947960038,-0.0013912534358516027,82884.05954681506,-4.382855864904997,-0.4171441350950147,-0.3213693952570803,0.23022581942379897,1.3099457077921745e-05,0.00023859635617174543,2.0858237700690842e-05,6.786898114178951e-05,1.9589218280831166e-05,0.04019889078344377,2.374757397902667e-06,1.2244543299527417e-06,0.016044503086890156,0.045253365950405175,0.09628605268766886,0.4670911861048457,LCO,12,94
-282736.5373179918,2.124091419882908,0.018983995218294483,188226.61777645673,-4.251956468803897,-0.5480435311961145,-0.5743981946592783,0.22278758464602208,1.2799455696568908e-05,4.852054320246088e-05,1.2424053306991228e-05,4.557997077169899e-05,1.2485941249904863e-05,0.09072010323021676,1.174750192162001e-06,4.3591486611715566e-05,0.02064065189501923,0.0304064121831485,0.09512418015175035,0.23007121300582287,LCO,12,57
-504787.64568633295,2.208359670719752,0.028683806507346955,103334.3797650875,-0.8767351746003769,-3.9232648253996345,-0.27593745308590323,0.2517925768410173,1.4239428202164924e-05,0.00010102167068229713,1.3964445607669728e-05,8.896624859310491e-05,1.5039719558601166e-05,0.0981833658414997,1.0283837452446714e-06,4.458514239717022e-05,0.021385971083167348,0.08877517178038681,0.13533052854853916,0.4299568465851709,LCO,13,26
-372152.7416519142,2.2032442844681164,0.020054452847223406,294171.6236780779,-0.4366414532525482,-4.363358546747463,-0.7470408416773533,0.2114159912496423,2.8469155142853203e-05,0.00011670374984566338,9.266120544621194e-05,0.00013322793314149957,2.7515558195979907e-05,0.09639113275808915,1.794865165855819e-05,4.1898406706000804e-05,0.023446439844913382,0.059380092237629606,0.0876119056493112,0.035967160435706004,LCO,13,54
-352626.53675232665,2.4116206048693156,0.714481763483962,36519.538485388955,-2.0696165322614775,-2.730383467738534,-0.2838896429922434,0.23081212812915802,1.3060703715968927e-05,0.00010094856840613128,1.2840035967712636e-05,0.00013576915517299023,1.4881999067597503e-05,0.09899698725040304,1.0636072669488118e-05,3.583965501596455e-05,0.021392585803631566,0.04086375590686546,0.5679257774423035,0.03732082365858769,LCO,13,9
-500528.74442376604,2.3158503806305903,0.011197794654981294,296701.0453795729,-4.179735544537394,-0.6202644554626175,-0.6329913161583653,0.21694678116965138,1.7565024957229834e-05,0.000126379814518208,2.8739736279529828e-05,7.014612219861089e-05,1.2522473812618038e-05,0.07885254326604495,1.3868456092174763e-06,4.67034206635308e-05,0.02323609488280742,0.033175075247549646,0.011432991708597233,0.2524006168854878,LCO,12,75
-222145.57948184558,2.5353175166732016,0.03368031377227538,89262.46581116079,-4.477818353750315,-0.32218164624969603,-0.34750902868417377,0.395217185035307,1.208205634757077e-05,0.00022005856890364896,5.3260004105709704e-05,8.72666905078794e-05,1.4124250146319347e-05,0.047466535203201085,6.1496333089824495e-06,4.5917042236924605e-05,0.021385731364740312,0.036685741955317167,0.5197362453032197,0.026068984057289378,LCO,12,47
-124760.13332817894,2.1164340163869886,0.012676331391757953,114993.28420268503,-4.199108311781615,-0.6008916882183968,-0.4939008328292055,0.2579979127694624,2.686778025954183e-05,6.732249096382144e-05,3.338076995105925e-05,0.00012252200137387553,1.424474903360478e-05,0.049376765311879726,8.12988138268342e-06,4.841995003409983e-05,0.019077804561466807,0.033116073276060067,0.19608268290205705,0.20690041099267745,LCO,12,75
-15820.110070695047,2.2525651258740638,0.02315855094376478,8402.193447416486,-0.5189351921711491,-4.281064807828862,-0.4225820853054467,0.2576260408069475,1.4536368471237772e-05,0.00016441675745051615,2.818578728922143e-05,0.00014145879486440033,2.9015320801984846e-05,0.08841129929415986,7.73575196472012e-06,4.8175437559124884e-05,0.004465696995397152,0.14587644005507266,0.017742904766518658,0.343798569872962,LCO,13,50
-582606.5348134714,2.342284928606202,0.03533517750033822,218176.45392133557,-0.5698864348458201,-4.230113565154191,-0.8069090844132869,0.22254930662272807,1.4308648559284744e-05,0.00012269169855825242,1.2502583857876656e-05,7.418512172315544e-05,1.4908191638359018e-05,0.09481567997620753,1.4175021207781269e-06,3.487856108649553e-05,0.022425064475834,0.016926711285910785,0.020075540833147693,0.08608866346765473,LCO,13,43
-204939.1580558163,2.2864796554485918,1.9528260012358323,29432.879256453634,-2.343224941113931,-2.4567750588860804,-0.44492395155244135,0.21668690108580604,1.9141019827491752e-05,9.208688976158403e-05,2.8246949130635604e-05,0.00012611618335473229,2.891562811178756e-05,0.08258649727347574,1.762925847071326e-05,4.093732083961687e-05,0.023423601445861336,0.3951586064200997,0.017982377658178644,0.07193506436928031,LCO,13,7
-182101.3891795884,2.512591259338465,0.008957869956782095,148260.5510916116,-4.393661498538492,-0.4063385014615193,-0.6797340780133225,0.20205821016328246,1.7443017835288373e-05,0.0002487378505976803,2.896755710372939e-05,7.016932230838671e-05,1.2522486538498422e-05,0.0938584917739845,1.299234039351938e-06,4.672511614409659e-05,0.012848047809326135,0.03292221288268187,0.031123394393743058,0.18622031471025263,LCO,12,98
-65602.80373444177,2.5192259905672807,0.012024116357313614,39030.36459764312,-4.207216643565026,-0.5927833564349854,-0.31776883163308633,0.24877811508666506,1.3064746875580436e-05,0.0001555356416209307,2.321533418208538e-05,7.432191461601207e-05,1.2489052350199108e-05,0.09232292945444798,2.2447431734754248e-07,2.8248125016031996e-05,0.008108187296602443,0.028166177537491243,0.33117676655839556,0.25288822427102686,LCO,12,76
-410129.3231448664,2.521166299937186,0.010138479968529193,181849.30134103677,-4.217944382570465,-0.5820556174295461,-0.2552570816236355,0.23868025799729214,2.8866692386977967e-05,0.0002078663723755833,1.0121293265736284e-05,7.103357344096174e-05,1.3280356386697236e-05,0.05132267214285934,1.9658257975415526e-05,4.694965699267571e-05,0.02407080973557189,0.04179733481786254,0.5836727725417727,0.049272811016729326,LCO,12,77
-351280.49092959176,2.109066966535167,0.051747217250273335,138336.01602401971,-0.8895877840533188,-3.9104122159466925,-0.7970971310455803,0.48359394814408246,2.084704281647415e-05,4.199298026495105e-05,1.7133773825655084e-05,6.846781280727383e-05,1.2922686235447244e-05,0.09494484566573547,1.3878036759962808e-06,3.387277685005246e-05,0.021979014923213407,0.030728533174733678,0.0494634251102237,0.05271091066946233,LCO,13,31
-260974.4513970254,2.2432314926131527,0.022918028746999643,143551.4487234381,-0.5199553900182536,-4.280044609981758,-0.2749517286733697,0.27219149220764915,1.5085709426232481e-05,9.952765501992012e-05,3.339304908841188e-05,0.0001420673394192318,1.4955220222841954e-05,0.05501566698760502,2.517797920508236e-06,2.854433481612612e-05,0.023702865580665623,0.2062146626905057,0.012107045800306956,0.4367265628358177,LCO,13,51
-529308.7548596709,2.537227087965338,0.010613435140902442,263418.451085768,-4.249094922629368,-0.5509050773706434,-0.13463840589830078,0.23472294071545957,2.6527338548774456e-05,0.00022627130985104722,1.9689979350323058e-05,5.6502908373919096e-05,2.552952194119368e-05,0.09620703611914365,4.370206445878303e-06,4.158258548869913e-05,0.021242803653976107,0.25906826530807897,0.385424491004403,0.1508688377892172,LFP,12,81
-173954.5798932869,2.5589926916264405,1.3129541706191894,11217.0912991698,-2.720895198561763,-2.0791048014382483,-0.3861067025905839,0.338189207523608,2.2057404420186263e-05,8.321201760082194e-05,3.895032242549602e-05,0.00012424502418539868,1.363306528855015e-05,0.08473636295404116,9.688962580957809e-06,4.708049540640851e-05,0.016968513725504557,0.2018748835674582,0.21096892222723057,0.13104949161472743,LCO,13,5
-419735.14861451334,2.2810325173633594,0.024232447159804594,220978.59983417587,-0.5612209212760746,-4.238779078723937,-0.6877017192521314,0.22179926087746574,1.3828042801543685e-05,0.00015646361227759036,1.159723675387666e-05,0.00011595382027410762,1.47185708203795e-05,0.09483449272957681,6.452122305753695e-07,4.860296501303619e-05,0.02242404860219287,0.036937269108013614,0.016873167113819365,0.18848784452603567,LCO,13,44
-377384.64775189426,2.148588074761408,0.10787610196640707,76279.32484799578,-1.4470586997246073,-3.352941300275404,-0.8102433745417509,0.2956487712673765,1.3820881244775478e-05,4.500149231580377e-05,2.6965707427079376e-05,0.00010328561052331529,2.4552285997384458e-05,0.09392291882291351,2.8192050512761974e-06,4.623321702582251e-05,0.023063240983375966,0.030552473318218046,0.013275710188552541,0.0759284419514786,LCO,13,15
-107186.73519268667,2.2544922165462205,0.009356279299048288,140382.78548392642,-0.4078572407108183,-4.392142759289193,-0.7331349820720943,0.22641922002268886,2.4925225270390682e-05,9.110948530689336e-05,4.6058806064818874e-05,7.032916742789582e-05,1.4108121627142361e-05,0.05971198254109079,6.215329175454043e-06,3.3910032866166025e-05,0.016829230550781848,0.01945208844038014,0.012550727111516037,0.16486220237600963,LCO,13,83
-65356.965639676564,3.999914000526722,10.719998207613509,6983.772963221584,-3.177975661711926,-1.6220243382880852,-0.21730637943480857,0.22687873105781262,1.3624613527512533e-05,4.4803854522961e-05,4.883034761877094e-05,7.838323799340054e-05,2.5366396202662337e-05,0.07832283902803672,1.4692055078359648e-05,4.18004651672225e-05,0.023170610382518327,0.17130537426180728,0.024024866109818008,0.5173633801935662,LCO,13,2
-292951.1476505901,2.6617191486348193,0.3342468653031463,36477.15751899152,-2.152082991820187,-2.6479170081798244,-0.8235497514584319,0.21753247387519753,1.3894720492865237e-05,0.00015715710535928144,1.1026868835204024e-05,0.0001157299657090918,1.4640615675647222e-05,0.09476020704217158,1.5229743197936897e-05,4.7626652198617704e-05,0.02090210651391117,0.04196068847916811,0.013215297014547139,0.051274263047852944,LCO,13,8
-185174.74808641226,2.4259708927102315,-0.0012881583204967322,407118.7756371332,-0.5576017842005072,-4.242398215799504,-0.07313038520336723,0.31811220661164064,2.9132050332140895e-05,0.0002121345739657104,1.2165364790416191e-05,8.017062592596556e-05,1.2352925668116861e-05,0.09845423002609499,6.863408681036509e-06,9.693171707773397e-07,0.023605586736184955,0.07871278706461857,0.531295169227367,0.24686165850464725,LCO,13,92
-88058.00620068629,2.4101977685825897,0.024943623021039172,49176.81668394761,-0.5289792552987151,-4.271020744701296,-0.4056273760458641,0.2768957543505322,1.552935626581926e-05,0.00015976492620868737,2.8109091059650043e-05,0.0001414584585772306,2.911141663066771e-05,0.0941095523460336,7.688142535175643e-06,1.9503763810143704e-05,0.010527895341299214,0.14427743713461125,0.017729631423243318,0.36236555539628146,LCO,13,50
-402569.1606111031,2.4860518722981517,0.009409158204405486,539463.0513210597,-0.5214142383063347,-4.278585761693677,-0.6531479201540803,0.22165454596174788,1.3868125491662043e-05,0.00022970446147821863,4.3994652408549384e-05,0.0001433110291198537,1.4612820509335626e-05,0.08876809310515328,1.1376329284483857e-06,2.093544896524513e-05,0.024911860076006053,0.036015978400693295,0.0168256934628115,0.22401040798241498,LCO,13,92
-160348.27109230796,2.198797868134649,0.01338958667288331,217791.68844919105,-0.5731853772128801,-4.226814622787131,-0.1883772684611147,0.3185908272472796,1.5132151381167725e-05,4.6482004064590075e-05,2.8215050063947725e-05,0.00013897231644876662,2.5267909970223055e-05,0.06769922870624047,1.4165286477800887e-05,1.8512915002310026e-05,0.020279392633146383,0.05319934368420312,0.4303746699969756,0.25804871785770667,LCO,13,94
-363403.9450867822,2.331896910259409,0.0092584166552703,408212.5876358193,-4.39899722253071,-0.40100277746930146,-0.40294096350000197,0.22178388544733096,2.6877087388012896e-05,8.885360293928256e-05,8.999840114379636e-05,4.742069395527972e-05,1.2619137370691032e-05,0.09118876517085678,8.770612438987695e-07,2.8681356325880604e-05,0.023548687190124113,0.052249687142006715,0.27557186072918993,0.1992374886288014,LCO,12,97
-165560.6662693189,2.2213656080316917,0.06962336784225212,101911.02674718187,-0.6308729200375112,-4.1691270799625,-0.4704462244709292,0.21887721133469817,1.986068735480887e-05,7.727375893669333e-05,9.079299520946515e-05,0.00014587076235954904,1.2157764352162402e-05,0.09407406235291847,1.3884221256412236e-05,4.7098481355548054e-05,0.016902850031503762,0.049220337507385845,0.18032942543435318,0.23000401258733186,LCO,13,39
-20676.747697956067,2.315032960060691,0.012984832701143886,16649.751222912557,-0.35903130807834316,-4.440968691921668,-0.29906722662064855,0.25550257383567604,1.588689836872872e-05,9.518417782219591e-05,4.5328658103009456e-05,8.45560929179286e-05,2.6357516601417797e-05,0.043818845168473626,4.009592722843598e-06,2.6979992767423093e-05,0.00760368230566973,0.17811113603696746,0.34777912453958537,0.10504251280279861,LCO,13,75
-177701.78236776384,2.5610106328277613,3.150245747075657,8325.86502004835,-2.8361522552787974,-1.963847744721214,-0.2320062923950752,0.23753630708749063,2.741983248544659e-05,5.824376261027753e-05,2.5120577753457462e-05,5.36575370024405e-05,2.5261538165993635e-05,0.06291655162218718,8.746678234668615e-06,4.279453947944549e-05,0.020925316515346442,0.08138447969796281,0.5821865035824175,0.03442272432454448,LCO,13,4
-584008.6790295539,2.3814676919655104,0.011006986505309294,399479.6949566635,-4.260676836838094,-0.5393231631619173,-0.39693480615732357,0.256739642411639,1.4303080774258344e-05,0.00012252555557078996,3.5668442742477715e-05,4.579101287142774e-05,1.46875718065476e-05,0.09422193833084357,1.879131925449145e-05,3.172113305781132e-05,0.024689977196113905,0.011839240503918519,0.4129084608893816,0.10831749244937643,LFP,12,82
-419890.5978569515,2.360001170826696,0.10248549295480917,76964.11832964412,-1.5266863898473346,-3.2733136101526767,-0.2752923376611055,0.2433627559233939,1.4232125607279594e-05,9.751544852552209e-05,2.072999049281243e-05,0.0001442957729210544,1.4954917368799595e-05,0.09818743585361268,3.2151582323961787e-06,2.1176762073809522e-05,0.024790873399136527,0.20717754220925438,0.010719211215202834,0.43681090891443736,LCO,13,14
