SpecificEnergy,SEIGrouth,TempIncrease,Price,UpperViolation,LowerViolation,VolFracViolation,C,la,lp,lo,ln,lz,Lh,Rp,Rn,Rcell,efp,efo,efn,mat,Ns,Np
-321239.3685182447,2.3809847463023157,0.12829054051556973,5268.937432402826,-0.38785239653535086,-1.1121476034646491,-0.005984864649461574,0.5646455906269288,1.3970493840549971e-05,9.26337163115072e-05,2.321555252395074e-05,6.6316160408323e-05,2.7075117301741096e-05,0.0975741726008268,1.9603997853416803e-05,3.9241043493396194e-05,0.01822385200053323,0.05852644309409061,0.4187862740511501,0.44670241820529777,LFP,4,7
-105995.65170839545,2.0984247799818996,0.020625407387275953,5562.810335805809,-0.3240947398344609,-1.175905260165539,-0.5409334891802919,0.3271759844449922,2.5736240959591753e-05,6.544753446503438e-05,3.1136265800042574e-05,8.675029781046842e-05,1.4072833330640255e-05,0.09073629866501942,1.9881936861429623e-05,3.906017434057914e-05,0.010976875593317063,0.01717298593914656,0.24243440007794942,0.1294591248026121,LCO,4,18
-90848.42360039301,2.116851303828208,0.03150269920419425,4266.024098245755,-0.14007452841849144,-1.3599254715815086,-0.5532125896105148,0.40274027290046766,2.5783919682830136e-05,5.344691476963408e-05,1.5619238675490115e-05,6.291750992539841e-05,1.3149054664403069e-05,0.09070730606199644,6.264937937673912e-07,3.952633008933907e-05,0.009821791385519803,0.08613890673056004,0.24377152109581512,0.04687698256311014,LCO,4,18
-18144.620379738575,2.088704501634386,0.012072377683495335,3087.062196862029,-0.30307753263093673,-1.1969224673690633,-0.5454740260201139,0.6689090704857629,2.8777480355367552e-05,5.677776274820398e-05,2.0830347547301226e-05,0.00010694840546220947,1.8212535889639312e-05,0.08464641116897545,1.499127980574069e-06,4.603832075943077e-05,0.004894448625285382,0.012513184617534224,0.27000128914796023,0.1020115002143918,LCO,4,55
-68375.15918391537,2.187065734309149,0.005636869772028252,6611.270633383367,-0.27184897281503595,-1.228151027184964,-0.4168350117738183,0.3732409689961057,2.8767668082046103e-05,5.596987516953702e-05,1.3040050021356466e-05,5.9889431449089965e-05,1.4691843735688042e-05,0.08266988279841589,1.761354171812308e-05,4.508122814651104e-05,0.006955890275423504,0.07831272588089871,0.36561464968219515,0.06923761266308791,LFP,4,66
-55946.451150983296,2.3139270188537853,0.009585763835115368,6067.644507117369,-0.29754182393035045,-1.2024581760696496,-0.659646186590095,0.2519964492862644,2.9375362840987205e-05,9.474983416513888e-05,4.6780130288061545e-05,0.00013102767438172684,2.5876239864901336e-05,0.060966601359509126,1.7259793530382166e-05,1.5164976818993164e-05,0.011111959839692327,0.013494080283757592,0.22632170960451498,0.0305380235216325,LCO,4,27
-324245.98138456605,2.284576063716431,0.003090294936900992,72395.24379820828,-0.32039434140858347,-1.1796056585914165,-0.5860064315030301,0.2381596090299301,2.57058863593342e-05,0.00010620090119844338,3.00258667525999e-05,6.0491497956420605e-05,2.3175150725426617e-05,0.09953567794246596,1.8896602036790947e-06,4.985082269858216e-05,0.016505153674436,0.05920783944659178,0.23748658196249237,0.04729914708788578,LCO,4,94
-19700.955086041333,2.5632396428688566,0.005868189481318982,2101.8275266189976,-0.45878706254031343,-1.0412129374596866,-0.5013106345707345,0.250079014193475,2.90271588581892e-05,0.00010111740577288239,4.043114708039137e-05,4.97774147908401e-05,2.88011653214458e-05,0.0843596727658035,1.26695575219605e-05,1.425673027462108e-05,0.00411694749959486,0.013228972373836263,0.32244509628992873,0.0930152967655005,LCO,4,55
-98581.5375920564,2.3940640404426934,0.00396550494446017,14431.881592871847,-0.36074928404451967,-1.1392507159554803,-0.4649909887979021,0.26405665650801735,1.6185566975606386e-05,0.00011561938949609021,3.167921655243953e-05,5.166445285378716e-05,1.5473650199211243e-05,0.09318969263867229,7.236933604710608e-06,3.9401277219239464e-05,0.008895205272191205,0.051069833446902996,0.34796993351475813,0.06596924424043685,LCO,4,68
-8107.01945867585,2.5492741187011907,0.026444407680521496,647.0869201226739,-0.3447773220529058,-1.1552226779470942,-0.1920282126409022,0.32277399258639844,1.3485088917948795e-05,0.00016339840914129952,3.125990900068693e-05,0.00010359502927230802,2.5177926675331735e-05,0.04573808016954624,1.374447181715146e-05,2.0098529698420807e-05,0.004618206640517482,0.1504296996307556,0.015535855089539544,0.5720062326388027,LFP,4,25
-49793.06916659264,2.3056162065622066,0.017643325303587674,4369.523761229719,-0.39182294439814846,-1.1081770556018515,-0.8020632486997187,0.40286987197491864,2.2244945320646522e-05,9.503179361203685e-05,4.052896446001237e-05,6.287681384399243e-05,2.1472386647052673e-05,0.04410185966004093,1.7611483310416385e-05,4.7465743399074104e-05,0.01108529412276809,0.03057591285228291,0.0725545339325713,0.02480630451542719,LCO,4,26
-27128.35990174424,2.201837222838755,0.007520038584679566,5343.977805031306,-0.328701714110613,-1.171298285889387,-0.45426935689313513,0.48278217415364366,1.6167447773939485e-05,6.339589441726196e-05,9.21751603389831e-05,4.5934148011333513e-05,2.771117959315517e-05,0.09815980580180629,1.9625982150157267e-05,4.290288949299172e-05,0.005027011599128918,0.024541157158415906,0.4201877211261139,0.031001764822335055,LFP,4,77
-722286.6149352266,2.327614878930392,0.003636134812467807,133924.0319702328,-0.25849429174361305,-1.241505708256387,-0.4988939323516003,0.273818900485523,2.354060092596788e-05,0.00010699577559222353,1.375895095738394e-05,5.4833584510157366e-05,1.7666826285921893e-05,0.09972046832431397,1.5565324954350972e-05,4.6609519586870186e-05,0.02491902359448069,0.06864711430608372,0.23646615797407955,0.1259927953682365,LCO,4,78
-33816.49163425431,2.536603625871535,0.003616716841093039,8136.979507733012,-0.388756046802067,-1.111243953197933,-0.5737871472866183,0.2355403082582898,1.4281447943411479e-05,0.00014231213178872407,5.4700011817751694e-05,4.91440516453705e-05,2.8809606575957318e-05,0.09471163120342935,1.3568131617491555e-05,1.4428242616673032e-05,0.0064162405749663256,0.03450474599006992,0.2123131904879274,0.10939491623538442,LCO,4,70
-22560.608965257907,2.2792148646839636,0.011190839895244126,1601.5333228311467,-0.2900285215920917,-1.2099714784079083,-0.4928190642184054,0.2727741401890009,2.8561812889541032e-05,8.961995354362852e-05,3.0004871021433886e-05,6.757657966529555e-05,2.3201036657711633e-05,0.08076102584718074,5.291210286409619e-06,4.995579661376901e-05,0.005314819135154169,0.05133807197415806,0.23725904477363297,0.14858381903380366,LCO,4,26
-19613.65882824253,2.3810742097164184,0.11641737565867552,949.0682447677552,-0.5766670989306881,-0.9233329010693119,-0.5559722008852143,0.3654113275619667,2.5992522174613673e-05,8.473036420136944e-05,8.180733198620864e-05,0.00013667775683985373,1.4412603178205022e-05,0.08936617680006231,1.0129234472992684e-05,2.107412770041482e-05,0.005665045861495634,0.08467450997251239,0.012649816754798981,0.27670347238747445,LFP,4,11
-30972.87120048569,2.3149174637930687,0.0053799838052496236,6915.911714995267,-0.2970963540016047,-1.2029036459983953,-0.7275570257459258,0.4874197073053529,2.425480941123559e-05,9.997242149378796e-05,1.5063690506281908e-05,6.374989615953554e-05,2.2064195040806765e-05,0.09349034473692583,6.4255406990699625e-06,3.782656498320318e-05,0.005309258553430228,0.09811602618728964,0.051214220844450264,0.05311272722233424,LFP,4,89
-17374.032968248754,2.3269935835265745,0.00753178355378916,2563.500140695398,-0.3086361026066804,-1.1913638973933196,-0.3526062351362541,0.3765450160650573,1.586039565969669e-05,6.990001296556614e-05,2.8352355445777692e-05,4.035589059969119e-05,2.1179028937344215e-05,0.08454346703423683,6.494089921635669e-06,4.867408480623284e-05,0.004653076167467275,0.1785370604862687,0.34635750165604995,0.05249920272142729,LFP,4,54
-56408.74914523326,2.3460326080341063,0.0025177280398673905,11872.94364829509,-0.2542382165418182,-1.2457617834581818,-0.22012609347091727,0.22821141908655085,2.4788058506355604e-05,6.21183774743165e-05,3.9310855844188665e-05,4.5941981238540066e-05,1.4434694016114003e-05,0.06313421158141685,1.8011681189585933e-05,1.777176207871928e-05,0.008864919911498265,0.023727676930390573,0.5638509044493287,0.1222953251493635,LFP,4,98
-23636.419903422317,2.0619951449888445,0.0037293094978165403,4530.164173708579,-0.21248378646705746,-1.2875162135329425,-0.5979289255686713,0.28109096426394087,1.5833356446660442e-05,4.382830196438167e-05,1.9755555650110673e-05,0.00014638248175802808,2.7643370294295575e-05,0.07838747599365656,4.365604728522547e-06,4.983546836958516e-05,0.005299968836747543,0.0116287667566286,0.21225168691569868,0.10819062075900156,LCO,4,70
-29289.107088671066,2.414886624442554,0.007737269066254521,3225.798862817425,-0.31072289852842516,-1.1892771014715748,-0.26916979148608045,0.2654215515773318,2.9606226548518542e-05,0.0001009870013543681,2.985398593480298e-05,6.121755235350563e-05,2.8279477255703878e-05,0.09831198995786831,1.869522180288902e-05,4.57311208901787e-05,0.005861930952815602,0.014042627961127502,0.5993969784503895,0.04739060210240255,LFP,4,39
-85139.2811261591,2.177247581549322,0.004782625725216333,27960.616073489156,-0.31152680043679837,-1.1884731995632016,-0.6062716988874979,0.2735950027315551,2.8263588864774932e-05,9.46640199945859e-05,2.723926855578405e-05,0.0001329917698052213,2.2154999694227913e-05,0.09673600548677164,1.9915437927203627e-05,3.364124704181506e-05,0.01115231490325884,0.06817571820473728,0.22604133224264528,0.02951125066511965,LCO,4,79
-25650.497313045955,2.4742845125646307,0.264268327278883,328.9875954004352,-0.13977605145679206,-1.360223948543208,-0.6527427243819508,0.6039323755620996,2.51228751852708e-05,6.822171519909156e-05,1.5853399199032526e-05,4.1305740619384924e-05,2.914434422318174e-05,0.04558214453399784,2.9486627408723874e-06,4.925370137677078e-05,0.00828466028521097,0.09722145908861106,0.04874443535107277,0.13129138117836542,LFP,4,4
-654912.7645062145,2.186257362656447,0.03831504164169644,14483.204894390537,-0.3907016209169889,-1.109298379083011,-0.010220057105187363,0.38781945397503687,2.5230255284815264e-05,4.1461450250014655e-05,1.4244495093341296e-05,5.0141558457773406e-05,1.7721794726580553e-05,0.0922320172469487,1.5529042632919208e-05,2.7784940590202524e-05,0.024983634451430665,0.03400728896376551,0.30905955606047864,0.5767130978705686,LCO,4,12
-69736.82428204957,2.666472472200655,0.43555436233579437,964.438955878787,-0.5512668243606065,-0.9487331756393935,-0.7234582832453191,0.2720916050321791,2.9258669546861432e-05,0.00010912292199792833,4.2562797921015356e-05,7.366083694354697e-05,2.942878639613816e-05,0.07423691215969994,1.725902995519553e-05,1.5113267257081709e-05,0.012118292382384098,0.012327394774942747,0.03398002947568038,0.1602342925040578,LCO,4,3
-25795.219282720536,2.5487065216557796,0.5407907201355313,357.84078577242184,-0.6693671566935571,-0.8306328433064429,-0.43676693860597426,0.5218554390506863,2.581088698542889e-05,6.539965876326748e-05,4.233884418198702e-05,0.00010671115467309763,1.401841925516773e-05,0.054310133971059577,1.9899883014975823e-05,4.840857352767829e-05,0.00889079930066126,0.015160166081839344,0.3499767398175119,0.12809615549467457,LFP,4,3
-25677.580051494693,2.4118154249090806,0.005860847293856256,2295.1809060965948,-0.3629803034852763,-1.1370196965147237,-0.5413590050913033,0.2706635125899395,2.4918480382680413e-05,0.0001224340361087244,2.7705030868481684e-05,5.249844527968496e-05,1.4167291146656617e-05,0.09731897480680626,1.2675321499197742e-05,3.963297829993242e-05,0.004095501646067439,0.013144885292855811,0.3213475347496673,0.05414857486617368,LCO,4,49
-32918.24640125806,2.2251341511097777,0.025997427332679523,1130.499693748071,-0.34130125104641174,-1.1586987489535883,-0.4041876305829045,0.274716441717402,2.960725423040035e-05,6.206099323648098e-05,3.81470094883209e-05,6.12841331541681e-05,1.4931423846134784e-05,0.09028403108280637,1.869722554601319e-05,1.6422665684184326e-05,0.005675026471602982,0.09372932704356006,0.38542194365389426,0.04666109871964123,LFP,4,15
-285839.2002617293,2.204725193761045,0.03045615248283499,6920.9204227272385,-0.6145488204846856,-0.8854511795153144,-0.7485055388476173,0.31902291470331556,2.8525816294032937e-05,6.958847869424433e-05,1.094941808792737e-05,4.586186962846878e-05,1.2262461416481775e-05,0.05924803820589443,1.3690630269965917e-05,4.389765854415248e-05,0.020328884131655692,0.13437045122794092,0.014758165891228026,0.03236584403321381,LFP,4,10
-87563.17641707839,2.2060519873669517,0.004853882116010035,22936.008441646485,-0.28848903855428,-1.21151096144572,-0.5976152387966258,0.2889480304140764,2.9425804464186557e-05,0.00010729875956384973,3.209526340399096e-05,0.00012986652417220962,1.9790318676678604e-05,0.09623308120519751,1.1320805606087085e-05,3.034830856404738e-05,0.010247542549648068,0.06815341938957012,0.22865148753050835,0.03557985428329573,LFP,4,77
-54513.86914155209,2.152230537569233,0.00359811785062164,10494.0344404384,-0.27711206962208124,-1.2228879303779188,-0.6251298757640708,0.3726973382481994,2.245086508481221e-05,5.541529149322325e-05,1.3019183941573179e-05,6.453526948145693e-05,1.4198613972658984e-05,0.0785924013543696,1.732319007776935e-05,4.843969046041851e-05,0.006933560326031485,0.0850029712647693,0.14998960836238484,0.06987754460877514,LFP,4,99
-8904.628172083874,2.1372824020388657,0.0058689078689393645,3334.8197404756806,-0.36165123775895225,-1.1383487622410478,-0.191914067262962,0.52620305754095,2.9757481726551247e-05,6.191062369652056e-05,9.34724798265726e-05,0.00013695347299023797,1.5800557469707028e-05,0.043464691311228223,1.4635662056203932e-05,2.739292343554711e-05,0.0055257198609056256,0.09538213035081883,0.5962276638142587,0.04647613857196038,LFP,4,97
-21194.82474830372,2.4056009377405836,0.019419270490116897,908.3025124212435,-0.2955639668801435,-1.2044360331198565,-0.24329803119496396,0.26162986406150524,2.962725758754587e-05,0.0001010785841005008,2.988585215451193e-05,5.732459890224852e-05,2.213569250016871e-05,0.09672218133057395,1.952215177204922e-05,2.78973203851686e-05,0.004271910321357764,0.06960643168850722,0.5880257958109986,0.0290697413055303,LFP,4,21
-35820.72790295561,2.0925729267454667,0.013874663007464295,6215.47304298568,-0.2512592927695607,-1.2487407072304393,-0.5611950642869634,0.6756134771467595,1.3937192748662546e-05,5.545394362538263e-05,1.964295098229889e-05,0.00011076555751390547,2.8935966329283034e-05,0.09519013430406986,4.405088495959512e-06,4.056464810431181e-05,0.0064302533719219155,0.04471910686465897,0.21151779958148997,0.11256802926688762,LCO,4,55
-31570.36831163587,2.6387068135545664,2.2012715409995325,510.2997427228753,-0.7321384010332626,-0.7678615989667374,-0.46972240395297993,0.33150490619367073,2.9957717384150166e-05,8.878630383140569e-05,8.022356884360966e-05,6.240412865331805e-05,2.9026029987067286e-05,0.09382105856073672,1.999923597532295e-05,3.892857989509024e-05,0.0070698279134131506,0.07560708125754746,0.35105363062907013,0.03361688416040255,LFP,4,4
-18620.016733712313,2.33065783961484,0.00843999899909189,1293.4320036155543,-0.3583452730431613,-1.1416547269568387,-0.5715325362519624,0.26538337202325285,2.922463244546422e-05,0.00010150423893050783,2.9871419338663178e-05,5.63302005342299e-05,2.7640455072965855e-05,0.06889923796137205,4.305075514884667e-06,4.989791027596626e-05,0.005044953026881276,0.011577097000110323,0.21076982411441347,0.13612054263351384,LCO,4,27
-11541.795315271254,2.195685039443731,0.0024175714128663955,3271.587145112909,-0.27435703523991606,-1.225642964760084,-0.5613523377626817,0.22798768741360123,2.5382183862719177e-05,4.3350510005627096e-05,5.127994337262018e-05,4.196222470640452e-05,1.2931693912963753e-05,0.045654493499281586,1.8031122534252558e-05,4.3853865879113664e-05,0.0053044383510216335,0.016553989427886332,0.22979948268270328,0.12229419012672872,LFP,4,93
-20912.580940652126,2.2612537380066846,0.0036377769087851002,3589.5579468579353,-0.34088861631921574,-1.1591113836807843,-0.3746344536213564,0.22122079958889934,1.567552122657309e-05,6.339890058857037e-05,9.233954167155074e-05,4.54334809092265e-05,2.82821426429162e-05,0.07830879878638469,1.966005436571264e-05,4.984267227987851e-05,0.005011387552779984,0.030480279034202643,0.5065199977171422,0.018365269627298796,LFP,4,67
-166851.8923904591,2.448154833000584,0.007042402605783139,13475.26256636126,-0.35850597848280685,-1.1414940215171931,-0.5096011696463651,0.26404270535017776,2.8495797760273684e-05,0.00011286312029745453,3.1753495159379854e-05,5.2863935804490944e-05,1.4125370636035127e-05,0.09917611294611448,7.209999755835389e-06,3.971952514316637e-05,0.011013517850247845,0.05143402865303791,0.32018895691485555,0.048775844785741415,LCO,4,40
-12097.927584207757,2.3892622920580555,0.006768814656462797,2591.010789601329,-0.30411951068856524,-1.1958804893114348,-0.2303890921948223,0.5361118380443513,2.994672385327455e-05,6.155469566485206e-05,8.135456062366822e-05,6.910922923097919e-05,2.526148528891684e-05,0.04116261163759577,1.1745157755515575e-05,1.4220647662574412e-05,0.005526234819990773,0.1298819430784115,0.4767049374669332,0.09302402725983311,LFP,4,83
-318068.79127078486,2.064800018994663,0.0062762254611947385,142652.78996064918,-0.247755700821509,-1.252244299178491,-0.6910409677932063,0.5945185102212779,1.678724449859164e-05,5.459253150522949e-05,3.307986707699362e-05,0.00014055009336551102,1.8324759980268037e-05,0.0854734493290544,4.373679495049421e-07,4.843246182024692e-05,0.023345808721306406,0.0694851578024718,0.12004277482956024,0.04943109957476169,LCO,4,98
-142993.85924537605,2.40723720958462,2.0192470037835855,3794.801401638626,-0.12066193301596684,-1.3793380669840332,-0.528024613887497,0.24992698765019977,2.9044713485273875e-05,6.83888460552595e-05,1.3117657572377028e-05,4.7519480805743056e-05,1.8885509982234746e-05,0.059159621254861676,1.2866363843702537e-05,4.749025084876417e-05,0.024975187087201707,0.05351688812807718,0.14804426861795414,0.20041422936647174,LFP,4,4
-195812.39127225135,2.4710804595831144,0.0064949908027663395,38994.394161608114,-0.35951855554175793,-1.140481444458242,-0.327219362032539,0.4786143510493456,1.3196043224074234e-05,0.00023084273793940987,1.678137802177525e-05,6.759090117170451e-05,1.9620901492403376e-05,0.04150579703631061,4.555249890204998e-06,3.1517520667956486e-05,0.02132447309839857,0.2962742650306473,0.2586966465927519,0.04780972634406189,LFP,4,73
-284706.19833713054,2.261256910118471,0.0037756416484456827,57838.77087529691,-0.333523917707506,-1.166476082292494,-0.5662751674723132,0.3466792762685483,2.24217979521746e-05,7.860189223162265e-05,1.9973499587851228e-05,4.915309190823934e-05,1.7884388189750222e-05,0.04050581504248456,1.7562259462041945e-05,3.998243534991585e-05,0.024419297798457053,0.0997257306269866,0.1403971713531869,0.12360193054751333,LCO,4,86
-162709.10371774324,2.5832877087660058,0.0058888328883818656,23316.40194999403,-0.41098194262591825,-1.0890180573740817,-0.6866883525058388,0.312905984282088,2.2234510854586797e-05,0.0001856512878693847,1.4861797640338649e-05,4.0026034861793376e-05,1.6843500150631984e-05,0.04686515311891532,1.230376794222836e-05,3.799868052831544e-05,0.016896740399464476,0.08361279893835086,0.010785134959707853,0.14891371359610253,LCO,4,56
-127535.47068306024,2.1817520216979194,0.00242692254925961,22497.335314068663,-0.28774952366284445,-1.2122504763371555,-0.2761279169154953,0.21209888551200606,2.555836241309531e-05,6.213264724785196e-05,1.550876193065877e-05,5.65030571103414e-05,2.6939734276149013e-05,0.09991687363941873,1.9800296914108324e-05,3.134026053147976e-05,0.010240018986164147,0.0797520347485675,0.45532802873921474,0.11879201959672252,LCO,4,91
-126932.60755570012,2.2293710495083814,0.006295486325404993,17151.372639442758,-0.25802307811428626,-1.2419769218857137,-0.25154796233023236,0.2978156641693883,2.8324568734751502e-05,9.175657242785091e-05,1.027588184802055e-05,0.00013452613138883082,1.3667261706511188e-05,0.08465595035028056,4.990446997439639e-06,2.4528291333115062e-05,0.012043528401268665,0.04206879746611239,0.5755799727129842,0.06080326749067114,LCO,4,54
-16879.976100935128,2.278372007398671,0.0742889035936292,526.2767891148425,-0.3589841838299268,-1.1410158161700732,-0.23629278473038884,0.35512515993561866,1.2034860111386536e-05,0.00011079756997929452,1.206309710445647e-05,0.0001377981407960183,2.6517031284245363e-05,0.04365143083709995,6.220209455691774e-06,4.3420820573495804e-05,0.006385534727513206,0.09106585199638503,0.010366780537820964,0.5922745827354052,LFP,4,11
-32311.576503199594,2.5680494435983205,0.05494174991265938,850.9175398380186,-0.1585797562504716,-1.3414202437495284,-0.7718545055996742,0.5960436441675956,1.582962403437991e-05,7.561210136804047e-05,1.6139316899274958e-05,5.059530657200197e-05,1.8022294069285742e-05,0.04123402957985994,1.3017521941087597e-05,5.725497160001114e-06,0.0074955153822511104,0.10801150787199368,0.01622560478564466,0.03390838174268755,LCO,4,12
-21418.67500558502,2.1368654348099314,0.006536744064382731,2918.4627639352557,-0.30817660513978673,-1.1918233948602133,-0.11453827336576705,0.32277365376377826,2.9577072258741693e-05,0.00010008423263302955,1.0212567760971407e-05,0.00012970074702279023,1.9736032277193758e-05,0.09683139578479427,5.586444515295138e-06,4.5217322370907533e-05,0.0048097480713522045,0.02486038325528926,0.5748776476575169,0.21572369572142683,LFP,4,54
-646024.1495200334,2.135136622782632,0.031242751405109633,15748.099914781867,-0.37138361717788726,-1.1286163828221127,-0.45757415721608147,0.32018610456953134,2.970595512472193e-05,4.156080870316706e-05,2.1497511854797745e-05,4.379556469876811e-05,1.3337752749883103e-05,0.09353351733921654,1.410941435227705e-05,4.416076526855653e-05,0.022964027088595174,0.015719909911083716,0.07107423026169792,0.38563170261113694,LCO,4,13
-11850.435355336054,2.5991688799516623,0.014446171181494544,1136.3537351585423,-0.41192976176554374,-1.0880702382344563,-0.6822630697501151,0.5132118664759766,2.3305368091289336e-05,0.0001573516877741041,1.994268379637796e-05,4.5803981612705896e-05,2.522975020446348e-05,0.045726946792117716,1.726574818157691e-05,1.773403969753778e-05,0.004679190025984358,0.1105870614177646,0.024297563719596516,0.11285230511252392,LFP,4,38
-325726.946126498,2.143162900400759,0.00418620990015932,55654.863733674974,-0.29739145143966184,-1.2026085485603382,-0.7807973224148186,0.23758621486908857,1.8871709202388815e-05,4.237238148332758e-05,2.3740285043264802e-05,4.830653846546299e-05,2.950838473227561e-05,0.06241273558189422,8.375449146039483e-06,4.8107446806474386e-05,0.02294416062493719,0.07679930305962575,0.037090362245979974,0.03531301227957581,LCO,4,61
-319034.7926949922,2.1840998918572376,0.020014434303627857,9314.040879589282,-0.3871778491412634,-1.1128221508587366,-0.4876420461950237,0.236635098870549,2.064096808066176e-05,4.220353944203564e-05,1.5680188040968717e-05,4.190247299963856e-05,2.3993008869837657e-05,0.0619654654036836,7.165933591631072e-06,4.808837976796688e-05,0.02351098719205732,0.10503640916175809,0.2080391038604752,0.129282440782743,LFP,4,11
-493954.449842015,2.1329139005011646,0.005590659159353036,100706.50688217003,-0.27513487040825524,-1.2248651295917448,-0.4122270349099332,0.5060263091515633,1.8939081647594463e-05,5.112099358731728e-05,1.5886821617789703e-05,7.059349682713781e-05,1.2527364798198487e-05,0.09480135842488939,7.540220102764206e-06,4.416831746443452e-05,0.020557053618749897,0.09619608977709411,0.08373377053345969,0.33784310477951307,LCO,4,93
-46468.17951505216,2.5291810318609844,0.042825173754883185,2427.7136046224946,-0.3431822690916366,-1.1568177309083634,-0.7144232907384193,0.7290617121388325,2.492320218762643e-05,6.885716138614056e-05,6.232276225261689e-05,4.044261471114485e-05,1.6855240549059174e-05,0.09732842867454733,1.7551599216455035e-05,6.922329904228951e-06,0.007484492067793948,0.10787289535817333,0.024110376227819863,0.08359343767558756,LCO,4,15
-140755.49629145348,2.1021378053707167,0.010197989868741824,29057.13630394728,-0.30222425260466856,-1.1977757473953314,-0.3522742070954632,0.6724424086886034,1.8111877224482683e-05,8.311820867597753e-05,1.0199488550852314e-05,0.0001375792528327693,1.7343914933573687e-05,0.07204309708807141,3.154205448586188e-06,4.522267968433828e-05,0.014690097560934829,0.07034897829541845,0.43857570540817203,0.06880110920094638,LFP,4,68
-181118.7103865309,2.229547480266598,0.00660618126200394,21873.9834109364,-0.36262937316388744,-1.1373706268361126,-0.2361904310398738,0.34303236633070466,1.2067130602097923e-05,6.616921285056073e-05,4.10920154862142e-05,5.129597483460369e-05,1.2449359283673326e-05,0.049568440827094475,1.3498611414299332e-05,3.6091433898782407e-05,0.01742113670640628,0.03697701480118322,0.220819880924485,0.436012673234458,LFP,4,55
-23040.101007307625,2.4310679273294173,0.017238559227057224,1636.3256078183056,-0.30254919225142274,-1.1974508077485773,-0.24861346958531128,0.27016889208341055,2.497647813740095e-05,4.496271027429162e-05,1.7656425263476298e-05,0.00013353907506303658,2.856924973103239e-05,0.055691577711584526,1.758209091063554e-05,9.209888087616531e-07,0.00884284754781391,0.08920977359397617,0.015347519458085934,0.5768292373626267,LFP,4,15
-140788.5388221997,2.1139200245137792,0.003246425336316903,41728.653798609856,-0.2873746557487209,-1.212625344251279,-0.5837880098425988,0.2090419565981683,1.3724399271183647e-05,7.093885729474666e-05,3.293345948954415e-05,0.00013045684156936025,1.725457501860944e-05,0.0995507231421112,6.906433026372175e-06,3.4650200412089764e-05,0.013780251054646862,0.02092997942124769,0.022427257458033617,0.3028547532781199,LCO,4,72
-368560.7377557929,2.2459295694724486,0.011645138714814329,30380.31862110859,-0.4010604825587514,-1.0989395174412486,-0.4922908089461316,0.3615854226175823,2.9715551431976683e-05,0.00010007720742730543,1.0550302748551967e-05,5.493053909572068e-05,1.978080339559265e-05,0.09670696563882653,5.586094655947488e-06,4.638223975473494e-05,0.018962629629836355,0.23585934201758146,0.07523009247268547,0.12661975656360153,LFP,4,33
-316826.60359445075,2.065843090725835,0.006583335654802718,104388.46247976895,-0.2964802933582469,-1.2035197066417531,-0.4306172567876727,0.6250396970867397,1.6810747785064708e-05,5.442930854351946e-05,3.3080009535339276e-05,0.00012568074989014385,1.8326850915635456e-05,0.07876180597922613,9.714906430577036e-06,4.605970848220394e-05,0.02249027802535812,0.06963191306985962,0.021514617779911115,0.4082362123625566,LCO,4,92
-162127.22615006485,2.5519704574119038,0.003125817816726451,38415.74675777986,-0.27876594459815784,-1.2212340554018422,-0.21079815956067238,0.2389687437452783,2.0246565416101555e-05,0.00011023947710122769,1.6447914791299386e-05,0.00013386986125977745,2.043564768979375e-05,0.044029571386269145,1.5947926699228474e-05,7.495515098544406e-06,0.020908175697880556,0.12097652283819055,0.015400013180385311,0.5828253044207519,LFP,4,76
-15768.746911809252,2.349978420280708,0.00360316502653504,1463.3784340548816,-0.2207442046247028,-1.2792557953752972,-0.4227910368423856,0.36217248652203765,2.286155889151175e-05,4.428505123592564e-05,1.0192100645671237e-05,5.4753573655212975e-05,2.8639705218807865e-05,0.08429626820360521,1.6962766155571878e-05,6.929672762973844e-07,0.0041540732872167516,0.2895707377846851,0.0985562578893328,0.11908196748359653,LFP,4,42
-361283.2606658024,2.510128615549485,0.04776895486097154,9752.830562023075,-0.46419741016848626,-1.0358025898315137,-0.2099333914894882,0.47402878278046306,2.2969444319714603e-05,0.0001891969891063258,1.6348627766926157e-05,5.2590897257900834e-05,1.3405861834192905e-05,0.05599962247860296,7.4378570534059875e-06,4.8469843807697936e-05,0.02097302089341221,0.09607202000697607,0.27963541637260625,0.3443591721309296,LCO,4,15
-110457.84637883984,2.5735726142402533,0.0036172840695953374,17080.67833904239,-0.3791912558564885,-1.1208087441435115,-0.6755840203094077,0.21082373744130314,1.8858521084319372e-05,0.0001260637626209392,1.787892638335687e-05,4.5152127077460876e-05,2.5346459703493965e-05,0.08731403174832161,4.346433968985241e-06,1.4812291344709486e-05,0.010379509704439412,0.07591415750084841,0.015898986215721236,0.16260283597402267,LCO,4,61
-84884.32641889749,2.4651692149317292,0.0020854253212347303,15190.011928974976,-0.09761416488380448,-1.4023858351161955,-0.21873984866012375,0.40127616293195084,2.3175524163237954e-05,0.00016414543472996734,1.9325646946161365e-05,4.3237528763740156e-05,2.8743964843748004e-05,0.08438593690102876,1.0042714696572877e-05,6.699588747010113e-07,0.017669134108659265,0.1249450427826637,0.11526171850044527,0.47105339005676733,LFP,4,23
-440519.67103846965,2.328139433029328,0.007327725404592409,52781.92639868948,-0.32955834995771127,-1.1704416500422887,-0.34033590336947117,0.35240868999563485,2.792167851533515e-05,0.0001888738897448211,1.2167496949277927e-05,7.945579358821016e-05,2.2949733622772936e-05,0.09772204376556239,5.525423635713446e-06,4.522206328826038e-05,0.01947825366443141,0.12783190931491786,0.36519490209730077,0.09663728521831033,LFP,4,53
-6042.144561161172,2.4334216226599716,0.019500383948426805,331.58308588711134,-0.3643549999736617,-1.1356450000263383,-0.24687240537337074,0.399049125596457,2.4984034465271206e-05,4.52713768745829e-05,2.1102101950160867e-05,0.00013280992795048892,2.85391292711897e-05,0.05310017359676343,1.667815906087991e-05,5.90141176352758e-07,0.004072899467154658,0.08905630037351146,0.01139968279450855,0.5826716114586094,LFP,4,15
-200568.97093582217,2.3380550395568025,0.014523171887479503,12848.090290581842,-0.4247361774134877,-1.0752638225865123,-0.30625465032278487,0.28250356308274854,2.0090760209432543e-05,9.428050699573988e-05,1.9247295952684625e-05,4.322779767857345e-05,2.922610350164004e-05,0.09359428284510876,8.317753168083643e-06,4.442842432390403e-05,0.015463712118167536,0.04412899349749573,0.06989545298048391,0.5097209031992356,LCO,4,23
-80587.01928998478,2.4765547996607644,0.06323128045935048,2941.377964756145,-0.4261133357259492,-1.0738866642740508,-0.24758867037287724,0.5389887439813691,2.7370916526152472e-05,0.0001515248356019103,3.1292723316366754e-05,5.146956075171357e-05,1.3001669596448688e-05,0.06084566457497583,1.3799499393320192e-05,4.891313077145064e-05,0.01114246813037413,0.09524423891489854,0.014205281566120997,0.5729618091461033,LFP,4,15
-664978.4560710115,2.17737844074094,0.005213186469726799,62828.93845833698,-0.32321519428032275,-1.1767848057196773,-0.6827257266031621,0.23530567407319564,2.9771431902380264e-05,6.39662671656745e-05,1.186795907024392e-05,6.062966397184243e-05,2.4079877514371454e-05,0.09778070114298054,7.879720159764346e-06,4.636456640962183e-05,0.0235805630477076,0.10363471445589238,0.013141756221874551,0.13049780271907102,LFP,4,43
-25743.469592515594,2.486323523383951,0.0027274867591409783,9059.655832867686,-0.3357348583227484,-1.1642651416772516,-0.25823265456897915,0.32893722342474974,1.2890730390401359e-05,0.00023420148437599633,3.837655160900768e-05,5.3914248555473843e-05,1.2192290959625282e-05,0.09886191019994703,1.5604220422446336e-05,3.771167155071312e-05,0.005864663336973256,0.3887317632663345,0.26843930993639165,0.014596272228294765,LFP,4,95
-4883.683438730519,2.1096920503404917,0.009435407540832663,512.4578148459568,-0.28410207999685255,-1.2158979200031474,-0.016099177789039465,0.2665557410279651,2.8827991523344952e-05,9.15841870871844e-05,2.0354566552083912e-05,0.00013453356293668055,2.9915249027113486e-05,0.042071402786499804,5.307087229284718e-06,4.0305268668636066e-05,0.004004051363075975,0.5836186212786556,0.2317399132379676,0.09854228769433737,LCO,4,32
-40812.41465381418,2.237036288314817,1.0775304528279583,411.22789296683453,-0.4071772929805011,-1.092822707019499,-0.18391949017749065,0.2347156764459546,2.0641487240330145e-05,4.217490179316725e-05,1.5582527864340865e-05,5.163340828026906e-05,1.681468024927544e-05,0.048227112836670916,7.537906143790597e-06,4.819775339312905e-05,0.00958349327648849,0.10922335261097929,0.19737824441139196,0.4394789128001382,LFP,4,4
-542200.6200267966,2.157675861274525,0.03585887379990983,9996.72188777661,-0.4607213665728409,-1.039278633427159,-0.1140383108341626,0.3192984566422572,2.025201503917695e-05,4.12653671906781e-05,1.829142514676324e-05,4.3797492507165226e-05,1.2438644579529475e-05,0.08007967127688446,1.4207165410419255e-05,3.529138445758412e-05,0.02455228593661818,0.1739290477683803,0.13580345046319828,0.5062291909342589,LCO,4,9
-581468.6838672077,2.2540077497776716,0.003817177217000194,115297.89528031294,-0.25239732581960617,-1.2476026741803938,-0.5689472881544663,0.3681202672432034,1.918003806407683e-05,6.861013128860735e-05,1.3823415751686441e-05,4.6570640024069383e-05,1.9783908148082847e-05,0.07678233311216881,1.7307962399171033e-05,4.942796119485489e-05,0.024443530334266612,0.09824104757208872,0.14060644272762773,0.12220522154581728,LFP,4,92
-108416.70470579683,2.3344734485691063,0.048099969682406575,4211.044871876297,-0.3689871646054179,-1.131012835394582,-0.7369029697829147,0.4517118440408593,2.491331229229367e-05,4.526181352975941e-05,1.8503918077583515e-05,4.038658185036788e-05,1.2979822795688803e-05,0.06371635987359082,1.3699720427243268e-05,1.4034394845133787e-05,0.012641949630894257,0.1138375626415213,0.013905787097261108,0.06535368047830298,LFP,4,15
-300086.114949944,2.207582197888312,0.020380093554351438,6874.461827498722,-0.38643279089189164,-1.1135672091081084,-0.22090323631259645,0.2470062486150509,2.9947903588285053e-05,4.102668783731655e-05,2.1750976771462274e-05,4.0041743186313805e-05,1.361880891217936e-05,0.04154243859303074,1.4159170580385386e-05,4.949289706043743e-05,0.023884447323642678,0.04050267573578234,0.28289289251285654,0.3857011954387647,LCO,4,13
-248902.9893851752,2.4464634564993264,0.005205162024549012,52860.18550600603,-0.3222420037215272,-1.1777579962784728,-0.1165861341722556,0.4787563669192695,1.3808293084245762e-05,0.00024808717904113253,1.4861048280655528e-05,8.01922951749816e-05,1.6697714110957707e-05,0.04688218926714571,1.5902296828584652e-05,2.8949261066254423e-05,0.023067706419165383,0.29706657140498305,0.36718199757302417,0.14916529684973723,LFP,4,81
-727412.0052992465,2.1138072463171635,0.015715690393133155,24641.99200164103,-0.2668055307441932,-1.2331944692558068,-0.021681200935368405,0.2247577272267478,2.6942798414281684e-05,4.133104516101879e-05,1.267464988737139e-05,5.0133347054353744e-05,1.8320547467427895e-05,0.09229415645106105,1.5550330142194675e-05,4.161384028549938e-05,0.024752683776009674,0.03403947306832454,0.3091126233022088,0.5651667026940983,LCO,4,21
-132455.68136709524,2.145068742685251,0.010459058017665999,26094.75466266627,-0.31958304583916153,-1.1804169541608385,-0.32377256416175604,0.7041947362900751,2.960780944230507e-05,5.1057842670338804e-05,1.0283972651363639e-05,5.25508301205749e-05,1.894460795492532e-05,0.05723486018960612,1.8121894780321673e-05,4.4693224653376035e-05,0.016875120012631816,0.30885220387702667,0.21964784927575504,0.07772738268546225,LFP,4,69
-19941.75212963278,2.235210939371319,0.01794515432958488,1819.375462711447,-0.3373745830684758,-1.1626254169315242,-0.2161915491585561,0.3007763608530878,1.5421557345612337e-05,0.000162755970204751,3.565006088491199e-05,0.0001165893546640251,1.7791880589398583e-05,0.08149685718140459,8.976641131148014e-06,3.8222367891978885e-05,0.006126344289154191,0.3692081418283376,0.2116414064507452,0.13295890256236118,LFP,4,22
-6301.820977942577,2.0910496527301854,0.005791943303808154,1453.6692487824537,-0.355322111875747,-1.144677888124253,-0.27543133942356135,0.4501548695816932,1.3164776025899705e-05,4.594344167692215e-05,1.4208832122048008e-05,0.00012305760211250838,1.2215476432273994e-05,0.0417621160050794,3.15147621214056e-06,2.957411240447744e-05,0.004127224291582279,0.05918913953286853,0.23188419231174012,0.3634953287318301,LCO,4,75
-271817.5919401005,2.4388651638723076,0.002072882345892114,66466.22479281349,-0.4224702604890975,-1.0775297395109025,-0.6283155997968788,0.21787885127704448,1.7626299015323278e-05,0.00023446747170351845,2.0575912631246686e-05,5.4849533919644746e-05,1.845231098718396e-05,0.041078207029019695,1.8067853607485116e-05,9.810189730642499e-06,0.023104204690540562,0.06712210289180492,0.1454242171036928,0.08913808020762351,LFP,4,97
-10524.971787428945,2.2156708241104557,0.008042552430572239,4499.537150241586,-0.30647405964088037,-1.1935259403591196,-0.16525290776375268,0.5933699730175086,1.3097230677315401e-05,0.0002098543005879731,4.909085410151909e-05,0.00012041430730001682,1.7205651805299877e-05,0.06564121089708619,1.9875418460066866e-05,4.518060360385245e-05,0.005858821848962015,0.4617790207815413,0.09402738103746201,0.20894069041724406,LFP,4,74
-534253.2273453581,2.1247939767152935,0.006377703021267615,107856.5561366199,-0.2754348694158857,-1.2245651305841143,-0.6014141309948051,0.5713212040406908,1.8877558161981633e-05,5.115797087358916e-05,1.6271534029163444e-05,6.962099739636255e-05,1.9750850091045258e-05,0.09685726886118404,8.426232829530883e-06,4.5708904937406195e-05,0.020689040172293376,0.029153749505669135,0.14050706008136057,0.15892505941816526,LFP,4,93
-122962.24719725102,2.5140237916220034,0.014583855974292325,8789.261372758412,-0.3833386846090061,-1.116661315390994,-0.3972893883636587,0.36984342918502694,1.5045989428104717e-05,0.00014532561848072572,3.374869682863946e-05,4.106388996608273e-05,1.558107305931578e-05,0.07634631563021439,1.1492146872422093e-05,2.941419355337726e-05,0.010934706419402883,0.122809827020221,0.04992326196131559,0.35997752265480476,LFP,4,34
-103705.17205815767,2.3473683210937657,0.005446627914756729,22302.212350488833,-0.29102757402418966,-1.2089724259758103,-0.6171863806197649,0.5147762318557911,2.8575913656149892e-05,0.00010692593889137496,1.4711985546169551e-05,5.733548908198205e-05,1.8225511541909305e-05,0.08130725680066284,1.9924774058622444e-05,4.163374062013694e-05,0.010260310017003135,0.035226577710107836,0.03922270131124658,0.23836434035888068,LCO,4,92
-339021.3645647179,3.38671182112791,6.949840182313163,1688.5954588971701,-1.015155798244061,-0.4848442017559389,-0.6025049863265582,0.2018440884259226,2.7221202800264296e-05,0.0001529002688258907,2.3441162643276974e-05,6.763538024534443e-05,1.706469550455944e-05,0.09765992483436473,6.579583731959963e-06,4.1884447743071454e-05,0.02398789081227605,0.19183467449317831,0.07934320904787812,0.056317130132385394,LCO,4,1
-75298.5103251772,2.3230227040507017,0.0029668733852429444,23245.708918887834,-0.3070457593879521,-1.192954240612048,-0.5311741511501065,0.21851661167575198,1.7736053136980304e-05,0.00024288145312359786,3.4164280216724994e-05,0.00014324697574201638,1.7729224892722486e-05,0.09883701185677839,1.6586254706463667e-05,3.632105638210429e-05,0.009159814982425607,0.10578590825206165,0.2067521147843246,0.08628782581350739,LCO,4,90
-29849.836160346174,2.530662131744764,0.0031431652184639716,5862.6920789240785,-0.38192995395799656,-1.1180700460420034,-0.38350942174791736,0.20350005895995804,1.4765220408940423e-05,0.00023944064276644838,2.169857983430435e-05,4.294478754061985e-05,1.3480106670155383e-05,0.08753327149045965,1.800582381348807e-05,2.0773121758155945e-05,0.005658271569673303,0.1947994764544153,0.07557223859268591,0.27611886320498147,LFP,4,72
-6505.659138201003,2.364407569533293,0.03830899613671455,322.78584789479703,-0.3290036038837485,-1.1709963961162515,-0.1340759938512993,0.3025393012926262,1.2912762127638496e-05,0.0002475076310976382,4.9099675277331115e-05,0.00012049014730285464,1.242967492944916e-05,0.05836965613093544,1.858914071567868e-05,4.46880381109687e-05,0.004426542011024977,0.46931637873599896,0.07763530766637017,0.24897231974633166,LCO,4,10
-458461.962018843,2.6464613850817047,0.038345346191195714,11615.532663493424,-0.5608633272088248,-0.9391366727911752,-0.3446640347653934,0.28584036692256765,1.4046082291101597e-05,0.00017351720482576495,1.4564709636247918e-05,4.689793782327765e-05,1.8876110952817196e-05,0.099693277343153,2.50219926391905e-07,4.383697799145106e-05,0.02047954436970152,0.13435198811183066,0.22046829396303325,0.23051568315974263,LFP,4,10
-18754.456233543184,2.5102947472391914,0.004145976709607372,6059.385248166464,-0.3857324263295059,-1.1142675736704941,-0.5946443918633008,0.4149862773088566,2.94008600016182e-05,0.00013739990424947986,2.2190763808355925e-05,0.0001171463497582351,1.487783998252502e-05,0.08362710521195224,1.0285981149618105e-05,5.675752853678499e-06,0.005079875962561138,0.01646637993968449,0.2076935915541376,0.11119563664287715,LCO,4,94
-108785.220698172,2.355616942844849,0.00810871220869109,16494.79653107136,-0.29916125539358873,-1.2008387446064113,-0.5296806813508618,0.5236107752697906,2.4893768637227102e-05,0.00010607949654483507,2.1749904484616888e-05,5.736895714281524e-05,1.843951013125291e-05,0.0875630658594512,1.9934417408702755e-05,4.927615261026712e-05,0.010336491382987346,0.03197024039707702,0.09178871111919945,0.2765603671328618,LCO,4,63
-219035.14637735198,2.1664458123301085,0.00323233299007639,77447.95651706515,-0.30195731829845407,-1.198042681701546,-0.20409690290280957,0.26908625049065016,2.644853385032226e-05,0.00016547648050769463,1.1626324424127306e-05,0.00013949152993756396,2.6932458949004308e-05,0.08378761459976002,2.2915634743740507e-07,4.913534535103373e-05,0.02043749740538067,0.37642808753648094,0.09716561856830075,0.25230939099240884,LCO,4,83
-352645.9165415751,2.1788334395879847,0.0027145092679402684,95380.05914551968,-0.22338111454253706,-1.276618885457463,-0.30630654368696164,0.20362133758172962,1.7730071951025563e-05,4.713179433956325e-05,2.5539836571593805e-05,4.220739135418148e-05,1.6619815500802657e-05,0.09467572228428321,1.801676390363939e-05,2.606964641488927e-05,0.021211169620309965,0.3830446700200333,0.20634655412736727,0.03430223216563788,LFP,4,90
-209201.18418674314,2.0549879022485977,0.004719453110437791,81716.12147869729,-0.263004055345192,-1.236995944654808,-0.2488982354037258,0.4309069971763554,1.8223307633711838e-05,4.378143926027455e-05,2.390840784215044e-05,0.00011776396676084867,2.6815026025657456e-05,0.09967893935722738,1.0411882303233408e-05,4.042068057464135e-05,0.018802638557009733,0.27329639000222883,0.38713917879656734,0.02066619579747804,LFP,4,92
-369937.4017019166,2.406330985671081,0.005894852911961743,88452.85005882848,-0.17012950211031352,-1.3298704978896865,-0.6787755725895946,0.41384691972319965,1.7560614919704147e-05,4.490005904581471e-05,2.1655585766754894e-05,4.2117584142489964e-05,2.6533745267810926e-05,0.07859728553111378,1.814329654231028e-05,1.5297834239914782e-05,0.02363624481011542,0.15142834699254776,0.08488293802903511,0.014913142388822496,LCO,4,74
-122699.1715643192,2.2453047109886173,0.002900866418306848,56989.81964208753,-0.2381591601423203,-1.2618408398576797,-0.1638108964795172,0.29729731195624376,2.6384493004076263e-05,7.338026100113205e-05,1.1451015785179885e-05,5.9858808549921733e-05,2.8731667465764096e-05,0.06359999325730152,8.792672423523226e-06,4.913969129599838e-05,0.019784818605690063,0.3765707992095936,0.0965908210996906,0.29302748321119865,LCO,4,98
-45227.81709702955,2.1318701633746397,0.002983235475305867,13789.0846130273,-0.372798093471431,-1.127201906528569,-0.3477598651984779,0.2829436705563632,1.2727655296061524e-05,0.00011781552257178193,4.9462780409407394e-05,0.00012071706612983737,1.2312739723340807e-05,0.05669672006866034,1.859122417873937e-05,4.468803224472567e-05,0.00936126530098941,0.23367130628086583,0.27258081169097104,0.07598801682968523,LCO,4,95
-15587.094902660081,2.515570753574014,0.03308994813805045,706.876955226637,-0.4784980310849196,-1.0215019689150804,-0.6224939584179637,0.36428056949245735,2.2413383979737746e-05,7.339791255781488e-05,6.32481297975553e-05,0.00012477986561422683,1.4406649816778702e-05,0.0836200154867471,1.0286692053419823e-05,3.5839653526979285e-06,0.005005447869970857,0.014597016848304417,0.21875239558817716,0.07415662914555476,LCO,4,11
-17693.822155802445,2.2425702599473665,0.005763223676778124,3597.67043125352,-0.3147218012353399,-1.1852781987646601,-0.239304423395431,0.37486021514800116,1.7757475850590644e-05,9.095721267194836e-05,2.0603779426345415e-05,4.871145005945542e-05,1.843425412545579e-05,0.055976669599458885,1.8439741692098584e-05,4.61725976575299e-05,0.006201156771586376,0.3966993235354877,0.20485580210007237,0.08914045096900898,LFP,4,66
-211926.31287602716,2.4549608985424896,0.009605126923237098,32999.042225809164,-0.2946646908858952,-1.2053353091141048,-0.562937952216522,0.20479244416400477,1.553961767999127e-05,0.00016648411699078091,1.773425635489906e-05,0.00013792551422863453,1.8497971508925298e-05,0.09210883382767328,1.0291897645379313e-05,3.54815562618972e-06,0.02070714344005519,0.07418252285459201,0.21891149583612154,0.07396802909276448,LCO,4,27
-55902.703359960564,2.053068784565143,0.006983117741348616,19080.831400885316,-0.2135066129658636,-1.2864933870341364,-0.75091752873897,0.5310008420946022,2.925727244162847e-05,4.633763292975033e-05,1.322299329384447e-05,0.00012339231056895093,1.4642802768599269e-05,0.05876225127959233,4.201249261730768e-06,4.814578585542286e-05,0.011867655689637,0.1010350487031162,0.017525290808676194,0.06052213174923769,LCO,4,77
-26587.581375083206,2.5970158892691138,0.0023383982522273065,6195.608460304627,-0.42742134909848595,-1.072578650901514,-0.767698909557533,0.2705735623007445,1.2407030334044987e-05,0.00023079873001689366,4.729351749287108e-05,4.014670309465305e-05,2.4008888908934356e-05,0.08906680394424192,3.2518845303250647e-06,2.336617354295488e-05,0.004662853940706502,0.06113000839538117,0.03998168680619296,0.06118939524089297,LFP,4,97
-285691.4150004528,2.4286848259653246,0.0038924017361876193,65593.01966275866,-0.31234696501723747,-1.1876530349827625,-0.6307198696199108,0.2059168988230704,1.757886733337171e-05,0.00019015867836210293,2.0571258876731802e-05,4.996896180042735e-05,2.412432045160262e-05,0.04015212302772248,1.8121505062266445e-05,9.692205984823197e-06,0.023313191314055667,0.16203220446949984,0.048548444534221594,0.0886994813763678,LCO,4,97
-311069.11014016194,2.3887896007219505,0.0022307379457549735,144007.39446101562,-0.3322020639397891,-1.1677979360602109,-0.60352269708884,0.22465755189259246,1.3421345982225067e-05,0.00023428078359158456,2.1699732449725143e-05,4.214960311879259e-05,2.08256466311306e-05,0.08864489445345546,1.8003309629263232e-05,4.715635587460377e-06,0.023213087004488563,0.0614024940191945,0.17847413190926686,0.0866006769826987,LFP,4,97
-19021.2163793022,2.3477246922916835,0.004478352863748719,6062.7586960659455,-0.3295468003288704,-1.1704531996711296,-0.5522133585341327,0.437181966657497,2.5835151365662923e-05,0.000137473524316263,2.588806999001669e-05,0.00011705524514439755,1.4409187882051165e-05,0.09182683768758286,1.0057406157700936e-05,2.1369044471579202e-05,0.004838077902214137,0.08566467225231884,0.011646669783380068,0.28047529943016847,LCO,4,94
-254061.02857830367,2.1033981310968226,0.006798147062931759,70795.6038362744,-0.26996375436161735,-1.2300362456383827,-0.6469865690536878,0.39369094139926697,2.2383532800181503e-05,7.337990709735618e-05,6.484553463223988e-05,0.00014486399701533603,2.4701979478119434e-05,0.09258359320588909,1.095814766470405e-05,4.932441190041337e-05,0.020100888427296553,0.019598383861235174,0.21899576098633322,0.04441928609874386,LCO,4,62
-23348.794806416205,2.3765792792205973,0.002312702175736017,9966.686438211624,-0.33312998159747664,-1.1668700184025234,-0.6163365015611997,0.3314518873444812,1.9963932783585766e-05,0.00022569268203187634,1.2319780402499105e-05,9.396601363082303e-05,1.4780347400489387e-05,0.09801805637069456,1.5605156247137296e-05,3.496147926351267e-06,0.005786770364447897,0.06851910424788493,0.2063456688520328,0.03879872533888258,LFP,4,97
-34597.88072822933,2.491138817445815,0.010341622265184928,3090.9000424682986,-0.3428179215357918,-1.1571820784642082,-0.4852552355897615,0.3156060743644207,1.7183662422510753e-05,0.0002071748033467778,1.1544353194018069e-05,0.0001443390438252459,1.4238958031664421e-05,0.09807171712952947,1.809994448410819e-05,2.1099752622080535e-05,0.00578693136310365,0.08497451138543974,0.07492068776634278,0.284849565258456,LFP,4,31
-30236.71639986158,2.3641997459183406,0.004542683286624465,4639.231708118213,-0.3515335085914053,-1.1484664914085947,-0.44152773516746746,0.20342344146456498,1.8398093479075228e-05,6.485131963474207e-05,2.6947379565041125e-05,4.2936717623754105e-05,1.6729554424134568e-05,0.08612033589850858,1.8007966792256954e-05,2.0654726050662933e-05,0.005612436199493791,0.10912365316695555,0.07409875095766597,0.30524986070791105,LFP,4,64
-318599.2407519616,2.1770494861504606,0.0030686506601788235,78215.20691581095,-0.31709016108277766,-1.1829098389172223,-0.21599193568379194,0.2043894770637208,1.7432056360200657e-05,0.0001387911917670068,2.5340281011830414e-05,9.429484221564854e-05,1.844850738436963e-05,0.09242894645765048,6.643723186739917e-06,4.550234738591157e-05,0.021540398132291975,0.4185756477441481,0.20051918463891155,0.0949132319331485,LFP,4,69
-476060.25376515614,2.5930316294975015,0.0026243248657630922,83351.54768861088,-0.3978280754627317,-1.1021719245372683,-0.49800695135919004,0.2233138583384777,1.7779197502015136e-05,0.0001878332773132224,2.7899288573689208e-05,4.214565784864226e-05,1.8460159770243625e-05,0.05897861301516295,1.7992539779955315e-05,3.366657532796471e-05,0.023127692379571563,0.09071773388603833,0.22754750241008337,0.11372781234468832,LFP,4,90
-48729.475333927294,2.0864598656693385,0.006964928113637037,12791.893980958383,-0.25056874340676316,-1.2494312565932368,-0.5203283137102838,0.5350667958232636,2.651216256519278e-05,4.2452307378865314e-05,1.1897358374538253e-05,0.00013737755949053482,1.458340816251925e-05,0.040806186395014314,9.339149594844806e-07,3.1250021035294086e-05,0.012044461089386378,0.054902818647651494,0.2941577899390747,0.06061107770299004,LCO,4,77
-15585.370817606177,3.2618490655746584,8.103253146368187,49.9741781774603,-0.9652754623721815,-0.5347245376278185,-0.28947938373636795,0.2559320123491596,1.3170933908801846e-05,9.327340248595511e-05,1.921365774745773e-05,0.00012122764267411054,2.101693879001816e-05,0.059191941934646365,1.799500067141158e-05,1.8127341040261682e-05,0.005548782027140727,0.10796701539231884,0.22452412534090704,0.3080294755304062,LCO,4,1
-10244.202973246374,2.58011023621576,0.0034798969414800113,1641.8409071848175,-0.3825835618533482,-1.1174164381466518,-0.6045056667707372,0.28138584285539453,1.7891377870913215e-05,0.0002428758404872195,3.2537477666154627e-05,7.351894539603734e-05,2.1268644371005525e-05,0.04553329218640502,2.135281639824674e-06,2.9560131061518726e-05,0.004096316383025822,0.07511974120027912,0.22551122049340616,0.024863371535577477,LFP,4,69
-631632.9865171445,2.352860028894562,0.036618783934806796,15494.260790650866,-0.3827369774047984,-1.1172630225952016,-0.429528529872102,0.3189587961188378,2.9419622251326912e-05,6.931942476032762e-05,2.796651107162697e-05,4.033189392451921e-05,1.6678567103664557e-05,0.09631929309966579,1.7859414539407073e-05,4.887645247458242e-05,0.022113703079666622,0.011219058514246288,0.03437848870677189,0.4548739229068799,LCO,4,13
-749352.1497862957,2.152239913874545,0.04119374573273499,19649.478992153352,-0.3218917506332506,-1.1781082493667494,-0.3338952457938509,0.44575970051766156,2.9943537015234335e-05,5.551535449404908e-05,2.009325141193983e-05,4.5018403991251966e-05,1.3039506730795493e-05,0.09434584948324284,7.807484197195695e-06,4.4597855350765944e-05,0.024873506297693405,0.032407734527504076,0.5095319712836648,0.054165048394980306,LCO,4,14
-72506.5651188299,2.1867981297111405,0.004857840326406493,14524.875584988764,-0.30330968417844417,-1.1966903158215558,-0.49333235035204237,0.2901036128926404,1.5468614752288573e-05,7.056937038104029e-05,1.2474151213202246e-05,8.547487302070574e-05,2.4202191199017925e-05,0.048032882553743106,1.8180349955019003e-05,3.255544260639832e-05,0.013550499256336598,0.035963073266901985,0.025496637582032574,0.37520793879902314,LFP,4,59
-100167.88583147878,2.2093699788938417,0.02044873792228803,4248.84221331728,-0.34358342952002374,-1.1564165704799763,-0.8648722588610886,0.28998272807964565,2.8411774060565248e-05,6.955735491125797e-05,1.0330666912281645e-05,4.593821987198186e-05,2.9180741592193933e-05,0.04209041327696397,1.9928502621090513e-05,4.417891327130177e-05,0.014241708912523696,0.014231925764579465,0.01738423067639459,0.03351158469793736,LFP,4,18
-263649.45141848235,2.419686705013993,0.012464702907403523,22272.629547250428,-0.37317544099300903,-1.126824559006991,-0.39065453864822,0.3173002007055066,2.428754503251129e-05,0.0001241807879675726,1.018980983479211e-05,4.929407507166049e-05,1.6629309576478218e-05,0.06690417292947834,1.1632458592625506e-05,3.1392709347488815e-05,0.019137854231432428,0.23704148809659664,0.018839913354495363,0.283464059900688,LFP,4,34
-101399.02709021082,2.3270277444496994,0.012724587718943301,7694.840242071412,-0.34091277476548143,-1.1590872252345186,-0.7626398136806611,0.20148935496493717,1.5396737637613256e-05,6.905086605592981e-05,4.783288743582459e-05,4.10608431043981e-05,1.4562673604743643e-05,0.04168691554376395,1.9026405519685554e-05,3.51395004003747e-05,0.013608237603896529,0.038467558485092056,0.01720308963972425,0.11168953819452263,LFP,4,32
-30848.946147691586,2.636920408447271,0.7086341886212122,149.83461388548398,-0.4379324052526723,-1.0620675947473277,-0.5779272728867049,0.4286292325473424,1.2965928079217307e-05,0.00011755574678848054,1.621497494133955e-05,4.115694807851527e-05,2.3108405596251534e-05,0.08674851360031317,7.212950660160044e-06,4.482420300142691e-05,0.0044428990238262155,0.03388445855292274,0.010477402690812487,0.30771086586956,LFP,4,3
-279765.7781608715,2.555062993083913,0.009474005343084855,19618.185624783076,-0.3597857694493847,-1.1402142305506153,-0.11477546737959132,0.25582462101776143,2.434067781531155e-05,0.00014964154791299736,1.1057967235354623e-05,4.7386453343229936e-05,1.223577981422273e-05,0.0972481213288796,1.7470991218374914e-05,3.2637880286048434e-05,0.01659029045327036,0.09755805484107372,0.5740402245110718,0.14362625326826317,LFP,4,30
-38327.372372068116,2.363450268402067,0.004364499874228672,5012.266051812456,-0.3432966927610579,-1.156703307238942,-0.4820402602214899,0.20467685106086345,1.6069767048891768e-05,0.0001288500511758072,2.415662504423576e-05,5.603716393944907e-05,2.0598395868831058e-05,0.07638609262042298,1.7810641200534556e-05,4.7486594873179964e-05,0.00602114986416377,0.04074429116858644,0.11260828896794481,0.2946071596419789,LCO,4,63
-325417.06761923444,2.3813172076674167,0.02377379041513689,15969.818762611783,-0.17752941553435697,-1.322470584465643,-0.6083879468422959,0.2744636675068581,2.568197245255693e-05,5.3858062421230563e-05,3.0861084563739015e-05,4.4009488252456164e-05,1.726390829123644e-05,0.07923073243385444,1.9911684828744927e-05,9.83572136964365e-06,0.02035511850155483,0.036470451969485784,0.21375959068608322,0.0713820105021351,LFP,4,18
-559444.0107635543,2.3897245751573077,0.08248885705196723,8944.235325853595,-0.3749066352312589,-1.125093364768741,-0.10324041660916106,0.22330996416185409,2.552119499137999e-05,0.00010841552281837052,3.7292465365630926e-05,4.2943580697994504e-05,2.7692909620722666e-05,0.09949529254630887,1.9995874116789033e-05,3.5967951411265536e-05,0.02199421755044024,0.020294328135956323,0.2956301847436689,0.5108350705112137,LFP,4,8
-78999.77976187236,2.219677017158892,0.005161102740275734,13407.894911701364,-0.3062832222148195,-1.1937167777851805,-0.28447029220612774,0.32787218170024074,1.3956490715781852e-05,7.083650047419403e-05,4.3047115334424434e-05,7.230338143736196e-05,2.411141069201619e-05,0.04296866435509364,1.8203299469091074e-05,4.142212925779872e-05,0.013946414901557494,0.1643021770644252,0.04743559428343333,0.43379193644601377,LFP,4,61
-218306.57369162017,2.4555595922939917,0.009660246944461987,12465.836002704613,-0.35671552376662774,-1.1432844762333723,-0.23651217646210065,0.31780120187892286,2.4262363273561148e-05,0.0001128881707668624,1.1061681381408496e-05,4.93798525601571e-05,1.2228020494448144e-05,0.06680778296511436,1.998478314055726e-05,3.1382937231536045e-05,0.016268336405850178,0.03395649595015421,0.37515422142467425,0.2843771061630709,LFP,4,28
-7133.590563185763,2.3458537060775897,0.028000758465093884,490.5857293206366,-0.4061243938846495,-1.0938756061153505,-0.5773299755192978,0.34511234916234557,1.5416103800586164e-05,0.0002416398391140785,4.238284364650197e-05,0.00013688052658843592,1.7339127179389647e-05,0.0410812497568747,6.643715775352419e-06,3.606793467654495e-05,0.00414353139907005,0.1919274353429486,0.14991497376798135,0.010827615369772392,LFP,4,22
-34227.49433129675,2.190407145959938,0.005742976041270485,3724.0106246774676,-0.30938393051114055,-1.1906160694888595,-0.3762342295391612,0.21197371577649812,1.4275659756313954e-05,5.9026456587029124e-05,4.71217461803828e-05,5.542530332346304e-05,1.6896397912597778e-05,0.06693568078611645,1.3342295562162056e-05,3.4509636140471115e-05,0.00774382056246934,0.19180775700809782,0.2645457701154389,0.09741224333730213,LFP,4,34
-27739.525926737864,2.2680406970776152,0.021796558911573106,1197.0450852845363,-0.28255078312349724,-1.2174492168765028,-0.3270346963063835,0.3193472319547144,1.8038159936766548e-05,9.2327021366649e-05,1.2453325478534328e-05,5.915526266537923e-05,1.3220847324585356e-05,0.05247725163066518,1.1804011323981504e-06,3.3859887437034464e-05,0.006883336170335313,0.09540151821959457,0.45849380194048317,0.04906998353353883,LCO,4,18
-693709.0665430973,2.1641877114745807,0.00819377542931855,50085.17652499392,-0.326828178986565,-1.173171821013435,-0.33151756783301145,0.31737324051487276,2.4320567582275586e-05,5.066893969973147e-05,1.0938724963456531e-05,4.5885097988586245e-05,1.2227421930193217e-05,0.08684631595870268,6.449390715360857e-06,4.481005157975242e-05,0.024934469387514705,0.09615912305955307,0.3193632717085425,0.18296003739889297,LCO,4,38
-76607.86906378463,2.271085133497847,0.0047974390450053845,13703.6657706547,-0.32146172947422613,-1.1785382705257739,-0.20246679016705116,0.33280367629135854,2.4384545695506176e-05,0.00012465216180031793,2.5140573552261227e-05,8.199541856753164e-05,2.4862066609923317e-05,0.04629961962333515,1.8693992878301296e-05,4.146953560813538e-05,0.01376683078864603,0.23834981470230895,0.014778857800646136,0.4744045373299938,LFP,4,62
-118099.5950419037,2.167888558389113,0.0031236201268653356,23912.747723360713,-0.3122343024107863,-1.1877656975892137,-0.17466957027652097,0.29012600584435727,1.2550999603461003e-05,4.467194236788192e-05,1.231207623623946e-05,4.466520971181538e-05,2.2972052804016886e-05,0.048101284858171674,1.482929454036559e-05,4.2133361850931215e-05,0.016093380518718343,0.13997362764789972,0.23375264039655894,0.38160416167902045,LFP,4,82
-390814.9411557837,2.188448145931843,0.010691587634426063,37389.60530318059,-0.3842543027824483,-1.1157456972175517,-0.5147780181501718,0.4322892494426431,2.9669461374954053e-05,5.053827191867208e-05,3.0993602793451005e-05,4.441011072189029e-05,1.2728087059864657e-05,0.05781081692247852,1.1838290947265038e-05,4.500351076773741e-05,0.024940439726895164,0.036513741911321645,0.23378384165587188,0.1449243982826347,LCO,4,40
-67735.96459933714,2.3873842996374375,0.1098219648720796,1247.764450020268,-0.3633740586719316,-1.1366259413280684,-0.6195945092449743,0.2732660190630276,1.626659359191541e-05,6.897996025131625e-05,5.8021531417411675e-05,7.289839842967348e-05,2.1795615733574767e-05,0.04303833033346739,1.8174535276955118e-05,4.525530284202849e-05,0.013945725672885108,0.0764609342979249,0.06067727493020449,0.17326728152689638,LFP,4,5
-154573.45472199912,2.1645437868186708,0.013791264426262537,16537.00682799389,-0.344365988429292,-1.155634011570708,-0.1649571188239688,0.371787984038637,1.5412316300388287e-05,7.057283576356614e-05,4.799830202270411e-05,8.555036784121084e-05,2.356657418231326e-05,0.06483370835546266,1.5107355830291789e-05,3.654364011012478e-05,0.018034822912086048,0.05381190739556227,0.3336713108617955,0.3775596629186735,LFP,4,31
-154676.20695407895,2.1547466954636154,0.005036616183500781,28235.658931451257,-0.3034604770415914,-1.1965395229584086,-0.007049018600863821,0.3258781186373995,1.6028276229132947e-05,5.885205586660581e-05,6.0762888793032694e-05,8.608719032590474e-05,1.3906808229150724e-05,0.07533516962419753,1.307456227009095e-05,3.2501444992133846e-05,0.016201375375450355,0.16988011377320017,0.3758989952669044,0.3771718723590317,LFP,4,59
-11051.455427559002,2.2626944308301877,0.012376901919683481,760.1533643509243,-0.2937089590215187,-1.2062910409784813,-0.07086800955482275,0.3339010260228178,1.537630092827655e-05,7.012836276826827e-05,4.8000320597890406e-05,5.2373506271537423e-05,2.707266460583627e-05,0.06474080498943846,1.5091180179202951e-05,3.709035797397369e-05,0.004003909947380739,0.053980444637637834,0.3014194877982544,0.503732058009285,LFP,4,31
-56799.98182549692,2.4411164186241825,0.0036040110398048953,11179.752126397632,-0.294993129286917,-1.205006870713083,-0.3688624032711658,0.28371857856170263,2.3561482185425187e-05,0.00010989272273198622,2.9671898262701547e-05,5.604429701652912e-05,2.9728995233403387e-05,0.09975313925713791,1.5692791315102388e-05,2.5169104290591624e-05,0.007117144807769919,0.03982288232748346,0.44366555188725443,0.0776491625140964,LCO,4,85
-104264.99543640451,2.3816431727699108,0.04683412386228658,3912.5597030148074,-0.3477472849756076,-1.1522527150243924,-0.5439929344059022,0.3265631102739518,2.509990923577193e-05,5.423388538058362e-05,6.428165330267479e-05,5.993954590595585e-05,1.6650786035159418e-05,0.04949337989666225,1.039103007944996e-05,3.445965637201184e-05,0.016804910362331203,0.2713087626352516,0.017221486503386216,0.09747681645546002,LFP,4,10
-30492.901660098818,2.4507741339877027,0.007475074242537452,2037.7185442757338,-0.34106183122095146,-1.1589381687790485,-0.6388424515659581,0.2758372472945623,2.996091983320568e-05,0.00012377078768476262,2.2539409757441555e-05,4.353588204575665e-05,2.5663339142878665e-05,0.0430101965743736,1.8175772925074033e-05,4.030429630447441e-05,0.006760529198978541,0.03905897075775153,0.1856154403193992,0.0664831373568912,LFP,4,37
-61103.13117389313,2.1975093554554723,0.022723553920933084,1405.7792873366461,-0.2518580565311428,-1.2481419434688572,-0.7644316683062443,0.3299996229381868,2.8454195565959056e-05,5.025269821211687e-05,1.0939052360675164e-05,4.594103918564242e-05,2.315204809436375e-05,0.05758066659779066,6.3006883737662994e-06,4.415408371070408e-05,0.009623978427499834,0.09705748182948942,0.013230151584925465,0.05528069827934087,LFP,4,10
-66698.63296686504,2.3002953106911246,0.008917366922514122,5854.635791525591,-0.3941659853002797,-1.1058340146997203,-0.34140226837344356,0.27146636982523564,1.356538698288686e-05,7.250187510415666e-05,1.9509163199851408e-05,4.22605049385092e-05,1.6946923799043094e-05,0.06725331701942529,1.288418225334647e-05,3.567070471429094e-05,0.009716122785939894,0.05359611964602326,0.3356750724353298,0.19932653954520346,LFP,4,35
-249243.1495626709,2.563472373841642,0.009991792936806276,15489.137561075111,-0.3846634505665829,-1.115336549433417,-0.3691934536128345,0.3382032229438684,2.6339187551396556e-05,0.00013929351157621476,1.1026503295515464e-05,4.373383533137275e-05,1.9508358437385916e-05,0.07968528491316192,1.998652578752777e-05,3.060980983193668e-05,0.01626454088982547,0.03287957361109858,0.1444133911761429,0.38351358159992405,LFP,4,28
-130138.28810515592,2.399142131512732,0.01827906030667939,8976.902623234546,-0.43208551873745726,-1.0679144812625427,-0.6972673859362155,0.2067463263339508,1.805054863752542e-05,0.00010229498005280179,6.453943555952718e-05,6.623374240608316e-05,1.320413868119137e-05,0.05703288557953372,1.3772296943969782e-05,3.328279806800436e-05,0.01659670441677414,0.09582505581173018,0.025002465552706445,0.1119050926993479,LCO,4,18
-759371.3139650953,2.1303879176799376,0.007399495123780504,45158.27854568426,-0.30962380993643634,-1.1903761900635637,-0.28195951537267694,0.26364065564018435,2.8839283931914333e-05,4.170157090660315e-05,1.0580926605064816e-05,5.5625573215631736e-05,1.4620325667990965e-05,0.09839350733443018,1.5527605550008207e-05,4.657859389729444e-05,0.024114370635868694,0.042894752381775786,0.06944080667923143,0.5357049255663159,LCO,4,34
-231976.63416842272,2.178275657898498,0.02068775028081909,7770.214224539533,-0.38643279089189164,-1.1135672091081084,-0.33254872325361196,0.2113157577705946,2.3769271725518214e-05,4.110743662639645e-05,1.8205424476980356e-05,4.28637171016595e-05,1.353658781647569e-05,0.09434615575768006,5.695862606726031e-06,4.4610277420758506e-05,0.016892809337110126,0.03325889286748625,0.4958143285320179,0.06837805534688389,LCO,4,12
-522295.1832864983,2.155272513168579,0.0032130690964632513,84324.44884356137,-0.2752500272310776,-1.2247499727689224,-0.06771819013700764,0.2466644368492439,1.2350480686365588e-05,4.45592616710524e-05,1.1931439782959295e-05,4.459969342843485e-05,1.2624279200898071e-05,0.09718559022647619,1.8223505812314198e-05,4.1130018878821745e-05,0.02101870116582965,0.15996094900961327,0.2333353938352256,0.4689854670181535,LCO,4,83
-30575.42595611044,2.3808937129659147,0.010903237742152905,2084.1311819786865,-0.3798261371314062,-1.1201738628685938,-0.8236881084151764,0.27400906260284275,2.3951632726303888e-05,0.00012345630060795742,2.2476530705804287e-05,4.301026283047273e-05,1.2987827381196609e-05,0.042667104696289176,8.587284995982337e-06,4.5505877297460744e-05,0.006750801012171853,0.01794372327318305,0.0267907572218482,0.06157741108979242,LCO,4,34
-758863.4081084522,2.1226132466525565,0.0124625304453805,35826.24831067425,-0.2714910807160855,-1.2285089192839145,-0.35565944634971913,0.3274927341998569,2.819976308563974e-05,5.0106779828814775e-05,1.3027114490660626e-05,4.304947235568098e-05,1.6309888580938345e-05,0.09865927041674205,1.5103818723507817e-05,4.557556693241301e-05,0.024315325224902064,0.02146280507026955,0.0668153183949209,0.4860624301850905,LCO,4,26
-28481.08696621048,2.150787002209947,0.01395649330258939,1845.1672055157085,-0.27276537147805513,-1.2272346285219449,-0.39643725719901457,0.2000279458065679,1.50755947615453e-05,4.4959168221673e-05,5.877311044161576e-05,4.330189333012761e-05,2.3458900508414857e-05,0.09237321103193975,1.9032111243100875e-05,4.7054187151272744e-05,0.005489263206782531,0.03846729686021458,0.11365635250247293,0.3814390934382979,LFP,4,25
-245531.37459988805,2.1516859470567917,0.019375622535286782,10341.29622707476,-0.2677297670306338,-1.2322702329693662,-0.34267993060441193,0.35042885275211133,2.482330092012087e-05,5.384233772613746e-05,1.7397446758406053e-05,4.300800098631603e-05,1.671253224592868e-05,0.049117123934125255,1.5679749604527166e-05,3.479926731884039e-05,0.021988821744897746,0.27562725489498974,0.21414656515557623,0.09754624934502219,LFP,4,18
-206183.83309364694,2.544928553818352,0.015161935079454578,12269.714097082102,-0.38782094436477266,-1.1121790556352273,-0.48126199117027046,0.34734417276322804,2.3327421901939053e-05,0.0001343966680690782,1.1368603190469656e-05,4.3556249631351344e-05,1.533469340126888e-05,0.06686907112727745,1.1526614454972083e-05,3.060599089234323e-05,0.016228070109398897,0.06492735417548247,0.1459850801630424,0.23782557449120476,LFP,4,25
-303007.53539997217,2.2318879109337475,0.00665115368466576,41818.611520595485,-0.3114805465440007,-1.1885194534559993,-0.0159274002633244,0.44642520693451215,2.3776750740092167e-05,5.898590632431736e-05,1.963984716538076e-05,5.3149831929398514e-05,1.3031129241015994e-05,0.06677691589892623,5.365737825115354e-06,4.970573980457289e-05,0.0209895512392705,0.2240846589395895,0.31258651493067635,0.3774014258664098,LFP,4,64
-302447.0321173585,2.179737504524888,0.03768542764874178,8554.382923326719,-0.4248088230324303,-1.0751911769675697,-0.12314231853185598,0.3190100616204354,2.565636886445418e-05,7.469710722691252e-05,3.221594648267113e-05,0.00010409819033769987,1.3958926950359819e-05,0.07641703845981246,1.3055832155631601e-05,4.9209834954979616e-05,0.02032925317122212,0.17002616694991296,0.12777556878323001,0.5090559457350011,LFP,4,11
-5000.2057317475,2.1926227585102667,0.06178329330465808,173.06288378577588,-0.3996162820507756,-1.1003837179492244,-0.14209932556184268,0.27421195811973254,2.5430473705580972e-05,7.620363326936151e-05,4.60240398179411e-05,0.00011830464190660023,1.510147282978199e-05,0.04147793330930758,1.6177828063197202e-05,4.322232575358873e-05,0.0040346986414330445,0.4708180827546009,0.1915742732343596,0.12550831844919688,LCO,4,10
-654395.1783807055,2.0987530218034065,0.02992088114012359,22300.737668772425,-0.3938892363472526,-1.1061107636527474,-0.19843828805211505,0.384655259693662,2.270161912335765e-05,5.323314744394202e-05,2.159857117016227e-05,7.188230347847762e-05,1.2005081624077597e-05,0.0980668340033944,1.7035438944832388e-05,4.8549599165993715e-05,0.02480599215989654,0.0112425247630294,0.22720700438407582,0.49311218280077973,LCO,4,15
-5719.018075859796,2.0976687362576296,0.0059373288278869035,1230.8663298281838,-0.2609304025336403,-1.2390695974663597,-0.2494964074610998,0.43480380244784855,2.5803906457243332e-05,5.001648126894552e-05,4.3114169699646595e-05,7.195167056220527e-05,1.2084421933589397e-05,0.044215357805617916,6.068166991582165e-06,3.547243346206362e-05,0.004033008689220207,0.3842031437673478,0.013013768655943975,0.2832866801156084,LCO,4,67
-5485.032678230992,2.06875156010074,0.00395543288305604,1607.5863783253396,-0.3591230606998863,-1.1408769393001137,-0.1141347048316449,0.4287249440257182,2.9853284376757433e-05,4.455620239190304e-05,4.828586983619647e-05,7.17484925428715e-05,1.4527008783037152e-05,0.04157602534569954,8.210008605416196e-06,4.2746277319536286e-05,0.004217046461260661,0.4081718691641867,0.015072749215987377,0.39262067678818113,LCO,4,92
-642341.0017165992,2.3393005716904707,0.010092767143156304,35679.30667872902,-0.3144513442899495,-1.1855486557100505,-0.23379509844921909,0.3205363740716336,2.5148148995581468e-05,0.00010067219004274017,2.602519532681544e-05,4.355192135893994e-05,1.2966288164245837e-05,0.09299182988931233,1.578937827770382e-05,4.7490011518047225e-05,0.022221886554942605,0.02208410150933727,0.07684752437750657,0.5972732756639372,LCO,4,31
-4944.0755170791845,2.2007417266038276,0.008942655682595637,575.7803135214454,-0.17339765844399757,-1.3266023415560024,-0.002631641742584123,0.2563342240903607,2.676969354713935e-05,7.925489604713232e-05,1.8549588303482523e-05,5.3892483589826154e-05,2.4348793498698834e-05,0.04015626309935635,4.727072634116394e-06,4.92913775311228e-05,0.004020680023124162,0.5506816735921646,0.2014108110990365,0.17527587356621482,LFP,4,41
-5523.60176381189,2.0585803980138286,0.005549927446660633,1537.3047117281772,-0.29613124363871535,-1.2038687563612847,-0.1868991183116535,0.44737724218736513,1.3213252608123864e-05,4.40292844599642e-05,2.5724247282889857e-05,0.00013436409019008537,2.947058266801595e-05,0.04011166126823748,1.1848938333312185e-06,4.433420776453229e-05,0.004016766464431412,0.16084520775062489,0.23377106073456672,0.34848461320315494,LCO,4,93
-637923.0874207858,2.3471900908804146,0.008858135403435852,40178.07038118467,-0.37068262496148563,-1.1293173750385144,-0.4441414541650383,0.24191991055761947,2.514952965539315e-05,0.00011599689557111718,2.613546324056723e-05,4.2855223585912977e-05,1.563877522211883e-05,0.09299342790461504,1.5788535962502178e-05,4.4665547364414685e-05,0.02225418206463702,0.022163676157940765,0.08430681377558656,0.37938805590143443,LCO,4,32
-754178.9702884932,2.1157525069254026,0.03696558824483477,17095.94883432508,-0.3150187507782025,-1.1849812492217975,-0.030896474172201427,0.3862037674025439,2.6679442954846312e-05,5.0212451456548184e-05,2.1505926111330444e-05,5.000254904548125e-05,1.2000045910510897e-05,0.09813907489672054,1.604355187338831e-05,4.798458433766164e-05,0.024754339755562793,0.011162460441877357,0.30894474297090024,0.5789963224150211,LCO,4,13
-5049.0454524910365,2.220292373633168,0.04073483922169226,262.941402806393,-0.2728795600782714,-1.2271204399217286,-0.15268134353355423,0.42815570062710234,1.3569292037967122e-05,5.312079474029551e-05,5.724864227398561e-05,6.993696813091383e-05,1.452448166944508e-05,0.04145330119870603,2.643461438357984e-06,3.371423988624599e-05,0.004034108941965416,0.3843150584616124,0.08501928503378976,0.3079843129710437,LCO,4,15
-748490.4385256503,2.1509092993010093,0.012389853037877879,38353.172629727014,-0.12652801511667633,-1.3734719848833237,-0.007694352556823492,0.319793603776714,2.567680751050564e-05,4.1461758586578205e-05,1.4294775125587087e-05,4.530698188482435e-05,1.5879890092353892e-05,0.09228416306561883,1.5681235550494204e-05,3.429199212569171e-05,0.024982179738270976,0.03392701777752191,0.3040771946293884,0.5843014350362662,LCO,4,32
-34586.17376224327,2.5353205224581727,0.003825966891555873,9101.53142381519,-0.3416329633164388,-1.1583670366835612,-0.3022633073850377,0.36192464629619286,2.3202303058573617e-05,0.00022691735260390423,2.237305085764682e-05,8.256996352876329e-05,1.4658740748370977e-05,0.09814308141164793,1.544432425510799e-05,2.507830929753401e-05,0.005790682136735295,0.10930913185833327,0.20619615390231688,0.31223140685431217,LFP,4,100
-4627.294330412567,2.135532626132311,0.010674716203029722,466.47503427996725,-0.27107630560007934,-1.2289236943999207,-0.052025064437630775,0.2689439724607302,2.8824434373898545e-05,9.127374826051895e-05,5.5575767011656075e-05,0.0001116788519363926,2.984232063839097e-05,0.04203983266040528,6.058308318606281e-06,4.321084621450509e-05,0.004042895281075077,0.5816793785679591,0.172881648172564,0.12341390882184607,LCO,4,28
-4855.094001395295,2.3486125912455984,0.03291755259789667,200.21906726365717,-0.23924037894668615,-1.2607596210533139,-0.23399314973388108,0.30632181263391217,2.9840982746169726e-05,4.814540492561059e-05,4.769231176000261e-05,5.604610481568134e-05,1.238054221104043e-05,0.041560967261148045,3.6767848527461503e-06,3.472749467228271e-05,0.004655966675814473,0.45097018716577825,0.13616261295106674,0.10887405014927394,LCO,4,9
-728407.6634380578,2.104792085507874,0.02654910367060455,22903.389863125,-0.3938892363472526,-1.1061107636527474,-0.3679949483542784,0.37293493230853275,2.8146359525210165e-05,5.319930191497442e-05,2.0852059670808072e-05,6.914373583226463e-05,1.4976807151639416e-05,0.0981808766876106,1.7045992713099227e-05,3.991324864631549e-05,0.024782457085897953,0.01755399061721467,0.0295872291903166,0.5148638318381904,LCO,4,15
-76014.86593404697,2.516112643597891,0.004296416975596017,8688.617981554886,-0.28439842730845655,-1.2156015726915435,-0.22471164692688583,0.28301464437113305,1.5923985466356162e-05,0.00012169520107660092,1.22215553456072e-05,5.999509899022204e-05,2.8831020460093508e-05,0.09987976851643851,1.768675351514265e-05,2.4301409938032887e-05,0.007224501442247349,0.040281205140845114,0.5959626089076687,0.06904453902460042,LCO,4,66
-4427.930327098192,2.059534734442592,0.0107685856125688,469.8902407725132,-0.34952419397543544,-1.1504758060245646,-0.2390853793273836,0.21721657383950072,2.6920887615356832e-05,5.698078955015417e-05,1.4204556118499085e-05,0.00013059740331551842,2.4355289180528288e-05,0.04104612482478817,7.039224073004649e-06,4.428470169613069e-05,0.004093524844091725,0.4636864331856778,0.1381598118051941,0.0890683756817445,LCO,4,27
-759371.3139650953,2.1945505479699055,0.01439910630207479,44215.72982740138,-0.1446379221665488,-1.3553620778334512,-0.14805784636262598,0.3728757126219044,2.6846663583621968e-05,4.169228632649957e-05,1.0850689125068295e-05,5.1098021537901594e-05,1.5041672351656692e-05,0.09783504443496642,1.5516273406366633e-05,4.9924347881646265e-05,0.024906269232081352,0.03883580436884347,0.15511712571287467,0.5879892235556559,LCO,4,33
-732103.5069603317,2.190152089172201,0.021145277734428754,28428.03518256299,-0.31421346972934927,-1.1857865302706507,-0.24523508241641734,0.37311918148309303,2.8750669766323444e-05,4.429103195818264e-05,1.8801026998988984e-05,4.2353578502392785e-05,1.2029388437792719e-05,0.09826354043793269,1.4824093424214339e-05,4.98677883171215e-05,0.023955183517324962,0.02162558215799059,0.11608958216444035,0.5470497532611518,LCO,4,22
-5879.8684588672595,2.07850577208202,0.005661744004775725,1357.5208130756762,-0.3225689561407563,-1.1774310438592437,-0.11304875148425653,0.44934422231580706,1.3188042887421972e-05,4.0040657632358715e-05,2.2799584651236457e-05,0.0001290381182128482,1.2041954449330862e-05,0.041484202117992995,6.428775359455498e-06,2.9754061716444665e-05,0.00408952260626082,0.2258202242480047,0.23218231436944436,0.35894870989829447,LCO,4,76
-5725.25542346775,2.0433057826226846,0.00919955592872427,1101.2541982836376,-0.2570461950424665,-1.2429538049575335,-0.04936599986484835,0.4317705041748117,2.9532335571298208e-05,5.022101794281249e-05,4.0743774259226326e-05,0.0001432487705664615,2.8825236002601944e-05,0.045752009028847754,9.57337158885806e-06,3.462535574268292e-05,0.004026293021268152,0.3755835828562511,0.012079951839996881,0.4929704654389037,LCO,4,63
-5422.524566922517,2.105662936133178,0.042408045271626324,298.61093915096234,-0.2797982519929523,-1.2202017480070477,-0.043584024530649024,0.442851913731791,1.2660488477563632e-05,4.140185533039957e-05,2.2907318177506318e-05,0.0001344418887339291,2.2452708495285255e-05,0.04211792699187088,3.0056536726452125e-06,4.436959750395726e-05,0.004007348533609269,0.1461747815298427,0.2516112464943938,0.4886299474451145,LCO,4,18
-5498.222560261124,2.38601203360653,0.0455148261353161,138.86014045004643,-0.1299089911871416,-1.3700910088128584,-0.11895405625313893,0.5132552562451411,2.8867735547978628e-05,4.9061571420875125e-05,3.722407406052192e-05,7.190133076991748e-05,1.9428332639617126e-05,0.04112899897334084,6.072855759462298e-06,4.6881895571147624e-05,0.00404296694627823,0.3823461211290661,0.07114009085602198,0.35755973176177314,LFP,4,9
-753457.6443965512,2.127986599556719,0.010343496925027989,41256.5145784748,-0.31421346972934927,-1.1857865302706507,-0.2632514729666049,0.29717310384592255,2.8198574058904498e-05,4.076963160036273e-05,2.092547797983919e-05,4.095529594963967e-05,1.464385592426958e-05,0.09838908422829759,1.5103231781569709e-05,4.6599899518062343e-05,0.024338644102353334,0.04286121181107255,0.07158766296611305,0.5522996522562096,LCO,4,31
-4427.930327098192,2.089585883258113,0.02211730311935347,336.853095311204,-0.3628611332525544,-1.1371388667474456,-0.10145933736086199,0.27440894872580307,2.699106983650837e-05,5.696046605296042e-05,2.041180042203292e-05,0.00013345128823001373,2.4345876272410073e-05,0.04104630213392057,8.051888466046156e-06,4.942090624795135e-05,0.004127703400590895,0.42314742365199537,0.2296321282773979,0.17576111070974482,LCO,4,20
-19494.904013927207,2.493189266107708,0.008173968486922109,1370.3029534659445,-0.31742822476526555,-1.1825717752347344,-0.10363312859250684,0.3205941025911473,2.9677200462725914e-05,0.0001547440792466574,2.522117694154955e-05,4.6997834070574154e-05,1.6275347219990067e-05,0.0422243664878979,1.8319871337116963e-05,4.4844186514945056e-05,0.006033714341063933,0.038220613968855385,0.5556021084769598,0.23254414896167802,LCO,4,37
-751241.6288944555,2.132912449048037,0.016263048976472388,35053.064555296085,-0.28117613121279916,-1.2188238687872008,-0.29346981145627515,0.3732000672891168,2.8138392129713063e-05,4.4263310146208404e-05,2.086056046575675e-05,4.2278275938373656e-05,1.6246687454423797e-05,0.09826495486469124,1.7058031929311617e-05,3.9758816991587685e-05,0.024823447557912628,0.017552522823984763,0.1167512142544596,0.5022264514652806,LCO,4,25
-757155.2984629995,2.115950500308362,0.02604968289893041,19462.816306102264,-0.30064626856988674,-1.1993537314301133,-0.21649480337738802,0.2239049561413235,2.6971676487924522e-05,4.6667377296962796e-05,1.0179386438524713e-05,5.0629841390589945e-05,1.6568038087742214e-05,0.09848077445976673,1.4733863727819633e-05,4.854794772273385e-05,0.024957913557290483,0.011129895437263605,0.10447453490584308,0.5979007662795054,LCO,4,14
-4116.914576802367,2.075162187257005,0.005229669045943565,1541.7341998872862,-0.3483539514325429,-1.1516460485674571,-0.19694475885675922,0.43291445138769585,2.8816278179879054e-05,9.131148288634278e-05,5.862707510969414e-05,0.00012772125003034188,2.9972232442458212e-05,0.04157590635993648,8.913057961975838e-06,4.272495497414688e-05,0.004295539085220572,0.5358524286826575,0.17420162527841881,0.023001187182164578,LCO,4,78
-6115.72850284382,2.063081264770972,0.004261449642919092,1556.8247441462763,-0.22614853458603967,-1.2738514654139603,-0.1324850300092547,0.4473760548273915,1.7305231341170644e-05,5.3188116528129844e-05,1.693871922320921e-05,0.00014190953749713912,2.9984591736888076e-05,0.042531055417575535,1.1701910146843017e-06,4.432846480305709e-05,0.004007097020540007,0.20818368811102622,0.24123113513860822,0.34810014674111084,LCO,4,92
-55178.09680633814,2.198058772755313,0.009064061793768246,14555.378796235862,-0.3135390507954128,-1.1864609492045872,-0.5214555244622376,0.6262636206621163,1.901950805013669e-05,0.00013573836506593337,1.7362754598581175e-05,0.00014333445646506486,2.9709825601032732e-05,0.09493784115153137,6.059480365718924e-06,4.216373538351397e-05,0.008492845272026104,0.06951318803700988,0.014368851516077091,0.3246624359846755,LCO,4,72
-4627.294330412567,2.131314722111279,0.010446804307996669,473.39610777698607,-0.2556288888799454,-1.2443711111200546,-0.08905787810018673,0.26033042044676374,2.6752418624667057e-05,9.652863252035063e-05,5.612956307396284e-05,0.00011233022912230761,2.784255354344581e-05,0.04214032341921335,6.197464807889621e-06,4.934530296359469e-05,0.004011207557800207,0.5821423588146969,0.16000832896712253,0.09879143411799396,LCO,4,28
-754178.9702884932,2.1126958690759503,0.010415108872862143,39021.26321546126,-0.2090768887844625,-1.2909231112155375,-0.048515980318273866,0.32005072578230087,2.4519458395654473e-05,4.146355385952439e-05,1.379004510000639e-05,4.719071709709213e-05,1.597330958873314e-05,0.09889718414619829,1.5685074731548477e-05,4.7608393664753026e-05,0.02403192963788177,0.03369435779725513,0.3091213068105696,0.5386683550739014,LCO,4,32
-759371.3139650953,2.1303962183343894,0.021287558633110885,19431.34223096309,-0.3921949904197355,-1.1078050095802645,-0.29007431209557877,0.22300140640693,2.8208876376214943e-05,4.506264810803564e-05,1.117821648774982e-05,4.038367273655399e-05,1.630836579553939e-05,0.09848005039197215,1.4733714505553764e-05,4.4377639260662104e-05,0.024971868505110687,0.021556768505512913,0.06671638679113319,0.5516525326077751,LCO,4,14
-5924.457568373348,2.2390797686486175,0.004426513210664406,906.4588227603837,-0.4067269613371174,-1.0932730386628826,-0.14707321842365928,0.25482717135320854,2.6821797215720555e-05,7.968467497255444e-05,1.4237320270859816e-05,4.835741511737458e-05,1.7503687437253733e-05,0.041067266470513286,1.555785179277753e-05,2.7702576688479973e-05,0.004131013021466965,0.4231183391217065,0.1980813093678319,0.16172713308680245,LCO,4,54
-5849.625719200857,2.0822265185578317,0.007733037628712754,629.2156090925357,-0.3055499232349579,-1.1944500767650421,-0.24666129961394745,0.20242738809764943,2.5224342629421618e-05,4.038514887692633e-05,7.260292768235058e-05,0.00011247907671867416,2.7950335995464004e-05,0.04171923319668616,1.8329618637974395e-06,2.772606802170748e-05,0.004052477171877605,0.23142228759288178,0.3099358687395743,0.14198054405359653,LCO,4,36
-6002.365828717032,2.0685398883934054,0.013987652560697244,972.1997448437544,-0.2873453972976705,-1.2126546027023295,-0.37797474813168674,0.4997905923186382,2.532445164881135e-05,4.841965496559812e-05,1.412244720196607e-05,8.103483199490183e-05,1.747731574549894e-05,0.04012967941026323,1.9008079342588667e-06,4.904597765925035e-05,0.004160421986340517,0.3814257513911527,0.01127976521850797,0.15931973525865262,LCO,4,54
-759371.3139650953,2.1397456354916327,0.008731750971954909,49397.49279970434,-0.25301977276929577,-1.2469802272307042,-0.2700990461610182,0.3321280862630987,2.81985288637672e-05,4.126067651556176e-05,1.097470784249916e-05,4.098012096932429e-05,1.707415328725907e-05,0.09848075401612241,1.4732310798904002e-05,4.763787711337274e-05,0.02405143729900841,0.042955608166318035,0.0646172760594086,0.5523280696132552,LCO,4,39
-757155.2984629995,2.1094430030441473,0.02341095429997762,20111.504619536143,-0.3254037550052207,-1.1745962449947793,-0.2981179344021727,0.23786960094798215,2.879925963068932e-05,4.741220945249349e-05,1.022286020457604e-05,5.5467614522802425e-05,1.65689608090507e-05,0.09848111292421138,1.4733866768735947e-05,4.428309646035278e-05,0.024972331213230333,0.013841112604439206,0.06640650738353818,0.55163444560985,LCO,4,14
-748816.277195187,2.126512462047636,0.017695284448843565,34596.943898087484,-0.39779696843372037,-1.1022030315662796,-0.40775976672593506,0.415272150138,2.8246268158130985e-05,4.222318027620948e-05,1.2583715288816441e-05,4.303483669445614e-05,1.8374377438651643e-05,0.09845922684315922,1.490522095482802e-05,4.562546722680294e-05,0.02400831609333391,0.015202529272451299,0.06429191459960237,0.44274578940201137,LCO,4,26
