SpecificEnergy,SEIGrouth,TempIncrease,Price,UpperViolation,LowerViolation,VolFracViolation,C,la,lp,lo,ln,lz,Lh,Rp,Rn,Rcell,efp,efo,efn,mat,Ns,Np
-27858.079236186924,2.5497643431652723,0.006411359770625517,2210.3874115648878,-0.33148491575113326,-1.1685150842488667,-0.08680199924458765,0.2611907468715807,1.3807892909151191e-05,0.00019359364269858152,2.3024385168922403e-05,4.376693688102541e-05,1.2718118526510142e-05,0.05639428975490558,6.57269496226073e-06,4.819279071445132e-05,0.0062021582703907525,0.011171815024281717,0.40862588169619757,0.4234003040349331,LFP,4,40
-288169.6922832359,2.4012589160411846,0.004615645917323492,36529.92521666101,-0.3152143573243329,-1.184785642675667,-0.2825249336985697,0.22133492631506096,1.2321811563605868e-05,8.504012217611653e-05,2.1728645098299492e-05,4.9308169669125446e-05,2.5637385537847868e-05,0.04433648498516108,6.189026807303422e-06,2.724125700961481e-05,0.02369480487818118,0.06588196340774827,0.12176394793535003,0.45982915495833204,LFP,4,57
-176504.56842769397,2.345996724030818,0.0006765752218111983,32003.677144408714,-0.22729004444395073,-1.2727099555560493,-0.4670998135502007,0.35312232093001633,1.4072419376559196e-05,4.6670283943815324e-05,1.0092179156207977e-05,0.00011332152463713462,2.8998785971350485e-05,0.09757982665172386,8.15969264069763e-06,7.162802963583736e-07,0.022359304957749303,0.0584876993038463,0.3144074186455206,0.0900050685004325,LFP,4,24
-347271.6640771048,2.4099800374889213,0.003106726330270489,79485.83219428732,-0.30950506614993323,-1.1904949338500668,-0.5784077392970486,0.2100832635702957,2.27207744169657e-05,0.00010479417718149848,9.113778900118259e-05,4.551967383149017e-05,1.3963327054769089e-05,0.060983328887414194,1.789049638071495e-05,4.8592523074842593e-05,0.024960892511303307,0.06974517891486,0.06812125179159703,0.21372582999649442,LFP,4,70
-15334.511568058215,2.2687892005876606,0.18174502781456925,409.39562871058615,-0.25479710200884575,-1.2452028979911542,-0.08559216270079661,0.3710010414448754,1.5128854259975856e-05,6.309982301094316e-05,3.245922295445271e-05,7.388581730953695e-05,2.321603583979078e-05,0.0607642129310427,1.9919921051320388e-05,2.2143022267345975e-05,0.00683829346079885,0.10962425776938048,0.28259370899402164,0.45218987053580134,LFP,4,6
-232369.20011075013,2.166059610057175,0.0042838577238374686,24184.96744862978,-0.29880090435427675,-1.2011990956457232,-0.27451129540181973,0.21716650391484904,1.2820095056819645e-05,5.479004554223922e-05,1.7200998421482847e-05,6.493649192095031e-05,2.985822063056945e-05,0.0414437320544977,1.0485084672901315e-05,3.4249354409694744e-05,0.02064709782674694,0.03200742966188584,0.3429715939114487,0.28050968102484575,LCO,4,55
-150466.15348182936,2.548962135901531,0.007510494428094455,24601.987938329283,-0.33270467265317016,-1.1672953273468298,-0.3853006020474875,0.509606957857832,1.8279749653578565e-05,0.0001270016745153061,1.4711513623881775e-05,4.618232656428196e-05,2.249464149045084e-05,0.04768564882267661,1.8861924931059787e-05,2.4250930019427572e-05,0.01717545419032882,0.0884440890875606,0.2112026120078356,0.2450526968571163,LFP,4,65
-146356.1249910807,2.7337395226726406,0.17490168643097845,2977.2548818917585,-0.541895910695894,-0.958104089304106,-0.17303664004996355,0.35034199875421246,1.4072567978563946e-05,0.00020630627798684086,1.0026626901163817e-05,0.00014822972382667985,2.908797608309297e-05,0.04098270870464496,1.2661321343736738e-05,2.3746404089348975e-06,0.021409343034727066,0.07348447652710936,0.30467116978185393,0.37880771364107313,LFP,4,6
-45976.31940348593,2.421392799582081,0.0031638672123095075,8826.039096500426,-0.3191660156127263,-1.1808339843872737,-0.19999671176068223,0.31592362614227965,2.0094671480697567e-05,7.959389844477113e-05,1.0740124026094088e-05,5.169302418563399e-05,2.8358047404517742e-05,0.09305043118222377,1.129993798478405e-05,1.7961378200049508e-05,0.006724437114416752,0.010454818658513873,0.2285490873602227,0.49099938222058126,LFP,4,89
-33224.00391935027,2.1301727676654134,0.010144750371692782,2382.8231942817515,-0.32385014448037985,-1.1761498555196201,-0.5375792102443604,0.2873658437774629,2.649498435118476e-05,4.357718622263838e-05,1.1352165953685966e-05,5.064086037404626e-05,1.3160877726101896e-05,0.05502480285515336,1.3087838084048515e-05,3.563108029229988e-05,0.007165676026996463,0.010414000344777258,0.3620050381946224,0.020001751216239965,LFP,4,33
-64057.57765213526,2.5063106744879393,0.0260108274266553,5735.088000210588,-0.4180643599317797,-1.0819356400682203,-0.1310305908335655,0.36185116343021456,1.4500397187775301e-05,4.364640249449525e-05,9.723635692912547e-05,8.211841638245757e-05,2.474018563136487e-05,0.07826963912656872,1.9891569845420386e-05,4.77766498558737e-06,0.011746305857289264,0.023840838747557828,0.20873890309312032,0.5663896673257564,LCO,4,21
-43719.380333490015,2.0655051564966334,0.004945536461978377,12204.393303860465,-0.2895292709169244,-1.2104707290830756,-0.18930384035097358,0.3092805794636174,1.970682005769002e-05,4.4263150680524745e-05,7.82417938923179e-05,0.00011875440060477501,2.7316501158843643e-05,0.06648592743759588,1.9979829009572222e-05,3.845296908675817e-05,0.010441790975737207,0.12848566642276577,0.49739856624430134,0.1148119269819594,LFP,4,66
-261704.32556431642,2.223385589154546,0.01253349755244861,13826.966545999854,-0.34433965271780664,-1.1556603472821934,-0.5483161202653045,0.20261878206103576,1.2282591434248265e-05,4.4144684358926966e-05,1.0416222036266667e-05,4.2065825089608674e-05,2.2323684192082828e-05,0.047032763984026796,8.020460607399096e-06,4.871118767900554e-05,0.021032121529824956,0.08851417415871102,0.2104156826164095,0.08275402295957503,LFP,4,25
-30958.34917605124,2.147728309709357,0.009390674696235456,2803.373967352948,-0.328156275963682,-1.171843724036318,-0.45662257734785067,0.3552636287361992,1.7549670928671992e-05,4.2643130461147736e-05,2.547061408370488e-05,5.0511336500891555e-05,1.3757495522007577e-05,0.04139331346133322,7.539679337103567e-07,3.5545967054125634e-05,0.00816173703886454,0.08983910847942027,0.36352744455354025,0.020010869619188874,LFP,4,38
-41223.37183727925,2.79165858564141,0.07771317979119552,482.83355163616386,-0.5405356759605695,-0.9594643240394305,-0.0783828650961973,0.2611704285386621,1.4257748655187903e-05,0.00023780462385517367,1.0287545671787373e-05,5.444027895250282e-05,1.2483860489730603e-05,0.047644341558006675,4.329221627616441e-06,1.960949487102906e-05,0.0075251329893657945,0.014963485466109172,0.34858336971857956,0.48807027971911404,LFP,4,7
-33453.22351546654,2.3063237916800716,0.009679428837055684,2100.7034498952485,-0.2719442378256307,-1.2280557621743693,-0.3897008632302752,0.3555608022351893,1.9284402243112384e-05,0.000103617775307273,1.7465851562402864e-05,4.5012495755007266e-05,1.3754246103852748e-05,0.04135127491960937,6.218325115826534e-06,4.308613751137064e-05,0.007121680157764813,0.16264158831244732,0.3634375150385781,0.014220033418699513,LFP,4,37
-189031.46173104717,2.059504646038418,0.004008977790480778,73480.45514079764,-0.3253544425895907,-1.1746455574104093,-0.4466703367014813,0.25765147916783204,2.7400768951265386e-05,4.6626393416833254e-05,7.501121644002505e-05,0.000149279783887479,1.3914725017063942e-05,0.08784266571942026,1.9213456373986264e-05,4.884162178278245e-05,0.020911845290624405,0.06997412068374533,0.19998548742278144,0.21337005519199198,LFP,4,67
-605219.2912360666,2.5182101731014095,0.011641174325181795,35310.98778681778,-0.3679701993910065,-1.1320298006089935,-0.3434321568607528,0.28303510955834993,1.5129658167554755e-05,9.473846004721457e-05,3.5791008508316654e-05,4.89942186328281e-05,2.6793856483904502e-05,0.09118314885879401,2.6734081869991426e-06,2.1515510920651405e-05,0.02373253121795728,0.01726005647606276,0.12093975865266214,0.4483680280105224,LCO,4,26
-8262.349057220188,2.0348906579883534,0.008700563265230284,1438.2881654510732,-0.3264222980365368,-1.1735777019634632,-0.014154315978667453,0.2620846462134516,1.7374919310102083e-05,4.7760940073996766e-05,3.863758364439473e-05,0.00012209621951418721,2.4283373769777798e-05,0.05519471605759633,1.9901567753003212e-05,4.727952599250135e-05,0.005746232969552011,0.5219345193830687,0.36232686057879204,0.03158430405947187,LCO,4,33
-15321.881438320434,2.598835531703545,0.2443350543823433,101.88437414905782,-0.3965830788766507,-1.1034169211233493,-0.09833824629928423,0.2636169261471667,2.864096014361838e-05,0.00020685750856851013,4.004981680491073e-05,0.00012044800337995695,2.894244047365516e-05,0.04231656700793254,4.737219418599606e-06,3.3314806383570635e-05,0.004012854033411865,0.013301053395510937,0.4184232197827626,0.3999374805224423,LCO,4,6
-50154.00692376867,2.261754755585457,0.0039440165825781245,7776.805109489659,-0.3414951358677989,-1.158504864132201,-0.06714534158159358,0.3589424283388324,1.4144806930324348e-05,8.993540848954891e-05,1.3466862724011016e-05,7.060879113142995e-05,2.9919913367471373e-05,0.05054961053744423,1.4498244593086318e-05,2.6292666410167804e-05,0.008715260375664903,0.17516810363709945,0.23754488864743312,0.45014166613387396,LFP,4,86
-22975.3003299232,2.287094789850544,0.00802496538288523,1643.7751961927977,-0.3776554500594749,-1.1223445499405251,-0.056809462800612054,0.2983856171342307,1.3621129416643806e-05,8.078198137927473e-05,1.6658012653645156e-05,4.082453296930978e-05,1.3590644074196238e-05,0.0526671490504996,2.6684875151182823e-06,4.866230940838709e-05,0.006202274538951493,0.06222433991454385,0.2729290464651112,0.538037150819733,LFP,4,34
-13752.8520941633,2.1518740980366022,0.00449868630911214,2002.1846103184155,-0.26784482471990145,-1.2321551752800985,-0.43137489000006785,0.3531454357202344,2.714859170159004e-05,4.702106165860223e-05,2.386755206362666e-05,0.00012410523484553392,1.914585762549221e-05,0.06178213393633588,4.983193574887725e-07,2.2544144606990546e-05,0.004034753483291438,0.05071215635358223,0.39565737230722575,0.05225558133912424,LCO,4,74
-57024.35560405408,2.24040397891623,0.011420795172313262,4028.2158122216924,-0.28070184735217296,-1.219298152647827,-0.4537488945395415,0.28705385044227116,2.9744594321975326e-05,9.24666456810347e-05,1.0855263345483583e-05,7.04191649873323e-05,2.8892677483450332e-05,0.09331363208444367,1.565434632714532e-05,3.626297323305643e-05,0.007133558230094161,0.04520552810591284,0.2239333715017482,0.20711220585279758,LFP,4,33
-297848.91138364584,2.349906070970606,0.0028018664741539198,50615.09097872084,-0.22104009894804832,-1.2789599010519517,-0.35048667480299434,0.2214905706584437,1.2313415788766485e-05,9.796654250956005e-05,2.5284025857056602e-05,4.907620260528388e-05,1.337720400847006e-05,0.04425108604101813,7.777175422522085e-06,4.227145968631568e-05,0.023468458749785103,0.07596367335816688,0.043979428353015965,0.4595702234858228,LFP,4,75
-51889.41659550224,2.574547380001205,0.0034005598290579976,6896.25658894146,-0.2652016704490059,-1.2347983295509941,-0.12264533584240656,0.3795149587809004,2.0129818563830362e-05,9.538178523183839e-05,1.0345930277711557e-05,5.095851517344513e-05,2.3815290494768436e-05,0.07312095370317917,1.1496877716898345e-05,5.987365370578281e-06,0.006716854811567007,0.030445535036401523,0.19401247322149362,0.5828966558996984,LFP,4,89
-36677.23745980229,2.213335513899943,0.012773690538996501,2442.2139793443253,-0.37080361808609474,-1.1291963819139053,-0.348442848265456,0.281046824600642,1.4998296253157717e-05,4.2917630698420453e-05,1.1269108338447215e-05,5.064679038327218e-05,2.7202368638103944e-05,0.0536738640873171,2.130960163630641e-06,2.1308187870756265e-05,0.008471254814929278,0.01733104287301945,0.11562743522874983,0.4485986736327747,LFP,4,26
-560436.7791213365,2.3071275724646565,0.1093718242148398,14816.834614030377,-0.39729944232115066,-1.1027005576788493,-0.3929545802361126,0.3608559079569099,2.1718522386920936e-05,9.077273020973516e-05,1.521666176509044e-05,6.882021822376112e-05,1.3288506428481194e-05,0.08943097691851219,1.7760970129832654e-05,3.167235266452831e-05,0.023598857477629045,0.035358688105903174,0.49095284180843635,0.010733889849547932,LCO,4,11
-409119.2439920784,2.3402389004572917,0.0031319206285799345,66330.86484956006,-0.29627880355826264,-1.2037211964417374,-0.22222489252541544,0.2217800824944246,2.3070877775964647e-05,9.367051649539358e-05,2.211500117647819e-05,4.3856383032566475e-05,1.3485492164185132e-05,0.06093854454816711,2.9680057144958272e-06,4.6651438996254466e-05,0.024999000485375057,0.08181780952960785,0.06929783425912099,0.5566594636858557,LFP,4,70
-41895.21184191389,2.7061661152402725,0.34134785729863426,697.6494355051019,-0.3691621169086652,-1.1308378830913348,-0.120041500076431,0.42383082447145415,1.2098122050177566e-05,5.997674475637678e-05,9.761891442666178e-05,8.261690072836393e-05,2.2404842330202677e-05,0.041288590723119176,6.131666933501477e-06,2.6874629288947653e-06,0.011477582179561008,0.035867693904589784,0.20745868324508807,0.5666321227738912,LCO,4,5
-36881.15413571401,2.5466718719375634,0.0026127388820449886,5119.402610670786,-0.23505327501183615,-1.2649467249881639,-0.45979142577633103,0.36722845138222265,1.4280151062565704e-05,6.108012332467302e-05,1.9362282049439284e-05,5.173334665018439e-05,2.9898422303475454e-05,0.04103086249970645,1.230345574046359e-05,3.34997416998103e-06,0.007314304035061546,0.10865332284503516,0.14022886723669467,0.22132638414193914,LFP,4,89
-286746.2119542848,2.255678300845323,0.011009464666172277,17101.57811061233,-0.3940118807662376,-1.1059881192337624,-0.5574607366469657,0.3422177062190355,1.2309619282760411e-05,5.28622364546676e-05,1.9570910871811287e-05,4.081201873741532e-05,2.250807460780018e-05,0.0443832143547461,2.869701712422144e-06,4.873452178722706e-05,0.021301626871928762,0.0893436859323687,0.20730068877353597,0.0758948886471297,LFP,4,31
-524307.0403261429,2.3247872810104666,0.004419275216365695,83863.40003566846,-0.35109160004712336,-1.1489083999528766,-0.24747382378349747,0.38000256150996814,2.3718216759119713e-05,5.209627654453057e-05,1.3896189968731284e-05,5.57674689699783e-05,2.1898056143213382e-05,0.08624603863162647,1.6323834086602624e-06,1.5242447411585906e-05,0.021968084544488325,0.10702801517901014,0.1938631791022986,0.38163498193519385,LFP,4,86
-99660.89022430225,2.6325581141812626,0.011608583729413459,10043.70327920724,-0.3795827296154606,-1.1204172703845394,-0.17468202554893664,0.3751437075194905,1.4141222985170739e-05,8.964420553528267e-05,6.330304278279235e-05,7.048784754218568e-05,2.8435932364110896e-05,0.04814188538556541,1.5475072849050794e-05,1.0393089413708859e-05,0.015761871191401374,0.04069656093224197,0.22402659184785398,0.4905948216709675,LFP,4,33
-13578.096874706836,2.060389883851622,0.003592525939581175,4205.952007867924,-0.2928798018503276,-1.2071201981496724,-0.3654746144308817,0.24361698501488727,2.779316739674134e-05,4.671501888464634e-05,7.538185924474215e-05,0.00014929396350349503,1.3149215374683388e-05,0.05424543651196942,1.930826283275002e-05,4.9304754557361066e-05,0.006363210194340688,0.07068431714622612,0.19228303708952188,0.30155803133337034,LFP,4,69
-14236.41782132067,2.2377075804572395,0.0033418193027045487,1794.2520446724009,-0.300336528339761,-1.199663471660239,-0.0007579745373059721,0.38160500131719177,1.4502679005144063e-05,5.46640795278148e-05,1.0343634328325137e-05,4.0327490124599105e-05,2.7607362009913442e-05,0.053286642673322365,1.955507015198942e-05,2.5508359636655102e-05,0.0041156458685745485,0.045448867885937216,0.29550050303006503,0.5882926545466918,LFP,4,93
-12741.204847382272,2.362066607726068,0.004597959576749652,1687.8658823219885,-0.3456244051035302,-1.1543755948964698,-0.02774118723676755,0.3609301631897653,1.4462779479313355e-05,0.00022495350751247005,1.0215071339637105e-05,0.00014139694784515855,2.689187785906205e-05,0.05249227624969295,7.314452540119842e-06,3.358638001812226e-05,0.004109578065576813,0.02209219763140336,0.28783543975693016,0.592331175374899,LCO,4,76
-17414.00183937596,2.2509744078591343,0.00474838639503346,3304.8013475705357,-0.24024426783467945,-1.2597557321653206,-0.06042973857332212,0.3716480874075859,1.2308611921668272e-05,4.75199126029349e-05,3.2523505578779715e-05,4.046456921721513e-05,1.3218206757864245e-05,0.044104371254699216,7.422907336860531e-06,2.2128096755886583e-05,0.006350937227798831,0.1236542947492068,0.2941455580901621,0.45177040858730905,LFP,4,78
-11356.248870121819,2.1612500718060814,0.005466882540649704,1467.4396020946633,-0.26155811252046135,-1.2384418874795387,-0.4063368481217585,0.2887999762078918,1.4489250106670905e-05,4.845140339832368e-05,1.254834100632211e-05,4.85798387743839e-05,1.3010462033337007e-05,0.04148433605607148,1.0064634387158158e-05,3.570343503757883e-05,0.0052179609374651825,0.01028566894068926,0.2942065393480252,0.21917094358952705,LFP,4,49
-29154.593633061166,2.2843329036593314,0.006666047779045162,3523.6914204037307,-0.3263524932688622,-1.1736475067311378,-0.49302138832852616,0.3146365738832357,1.3490198741154694e-05,0.00018650796052997666,1.0958861171208807e-05,0.00012542141444204946,2.7894878987332794e-05,0.059086923111230524,1.991177035441796e-05,4.309015110031289e-05,0.006997724486090632,0.023081100868175258,0.20725359062610116,0.20664392017719752,LFP,4,41
-722515.7257637585,2.604582072081066,0.00597270335224813,55905.09304883888,-0.3631745065611902,-1.1368254934388098,-0.27150935849201996,0.2135666004163678,2.1770705525940106e-05,0.00024816977673999737,1.5890180406149833e-05,4.812711423849092e-05,2.3015896953809226e-05,0.09816889032556977,1.7557884379820757e-05,4.3080495717070685e-05,0.02334133849526422,0.049514387585550074,0.40365704543393954,0.20531920848849045,LFP,4,39
-114024.25633297201,2.129472472772514,0.008926381811016995,15825.133418717733,-0.2570950307724811,-1.242904969227519,-0.4553894722138279,0.2582008639303031,2.1256800019421957e-05,5.492593120808311e-05,4.38963011856611e-05,8.040861319148776e-05,1.468266521947499e-05,0.0862422095466357,1.4595222069133488e-05,4.445895414261774e-05,0.01373590011743279,0.030340173579063184,0.43089532486823745,0.013375029338871535,LFP,4,35
-85123.93514458636,2.5154304081426155,0.006628367364831318,11367.537119441522,-0.4058289768779044,-1.0941710231220956,-0.24926393878254405,0.5073024558985766,2.9498175351070416e-05,0.00019520808666095412,1.7528750010658968e-05,4.23785839453684e-05,2.1435865489551562e-05,0.04321596995385289,3.811221494035677e-07,4.3430861045894994e-05,0.011473846008186843,0.10226843847677917,0.02819319795684188,0.5502744247838349,LFP,4,78
-228627.38958520914,2.3601661774968883,0.002983051599001858,41836.350810794946,-0.3133328802152242,-1.1866671197847758,-0.5918789571810601,0.2602309555963293,2.214493308706788e-05,0.00010362314516018455,1.2634809393645073e-05,4.61704599842947e-05,2.3938066570437578e-05,0.05279676137528512,1.3543093638108219e-05,4.295689759008858e-05,0.01853410223592202,0.040949650755884213,0.2719476832357976,0.025223708827258086,LFP,4,83
-407497.7488367921,2.6136460794698877,0.039958815311886595,14646.321006902817,-0.42079710207451626,-1.0792028979254837,-0.34845591507823226,0.3201253576004496,2.24445073219008e-05,0.0002487602029984843,1.674058901394788e-05,4.687775216846433e-05,2.2682677040429217e-05,0.09820901123813576,1.807730719295468e-05,4.289049471235704e-05,0.018373109441475577,0.049566538577703524,0.32665066464019105,0.2053268817038732,LFP,4,16
-71367.72201455351,2.284500819848943,0.003991926834880877,9583.998926594551,-0.30996753853130166,-1.1900324614686983,-0.15060412345918228,0.2865076837468476,2.744654005987691e-05,8.512317775795665e-05,1.4165348428024669e-05,5.826905440658114e-05,1.5932493492672714e-05,0.09547891308122664,1.5357372829196002e-05,3.3652815454338646e-05,0.007600932724582215,0.1780557390694687,0.43762072639029376,0.1637194110810553,LFP,4,74
-28187.246223434846,2.331180015245524,0.009678643491700188,2112.2121097112545,-0.29411879482099224,-1.2058812051790078,-0.029238899501222382,0.350923992195025,1.9812053583986463e-05,4.763296808341154e-05,1.2799356660970993e-05,4.920689491691514e-05,1.205380242449411e-05,0.040166710162292375,1.52904178910342e-05,1.1211954086717318e-05,0.007166329550584738,0.04977993660712119,0.3608274208910512,0.49015374300060527,LFP,4,46
-123529.63275092976,2.2238192198248403,0.008963848670607613,7200.638000690092,-0.3886727421775422,-1.1113272578224578,-0.09005281053989278,0.20124802159335098,2.8345111508163367e-05,8.289682800946984e-05,1.043777277331918e-05,5.0454590628240545e-05,2.934336846573824e-05,0.04453792854368933,1.455299248636324e-05,4.0811347061536505e-05,0.015767317838717928,0.031137269382896807,0.5877860256644053,0.2210238944128051,LFP,4,30
-270957.4985130683,2.2588881990155922,0.009772019579743232,16109.746510376463,-0.2653254253452957,-1.2346745746547043,-0.4702972383564798,0.20002634904853,1.7505474963506597e-05,8.17665515322982e-05,2.3758842669665287e-05,4.471237122742541e-05,1.3460069313759811e-05,0.043720804738478405,4.03042992588405e-07,4.871938445828077e-05,0.021376831699339304,0.06092807920915601,0.35648481204530547,0.04228987038905878,LFP,4,29
-248880.01166091822,2.578357430109126,0.1436328636313126,4019.6324027433666,-0.3866233613572181,-1.113376638642782,-0.1777101267190241,0.32011032775585146,2.7134099859856883e-05,0.00011646311451565526,1.1303095158581805e-05,7.955336385755617e-05,2.2669392797489517e-05,0.07719154651154757,5.0353594372699225e-06,4.585525907473271e-05,0.023109689297517135,0.16935366718974176,0.32759182731774134,0.25534437877349286,LFP,4,4
-661231.883622039,2.223772324399015,0.0030731180660221362,81465.99222883527,-0.33749918912243615,-1.1625008108775639,-0.16714158690229275,0.22269594383731375,2.8279223337354007e-05,6.507121527322319e-05,1.5393423826197723e-05,4.972848144490231e-05,1.2533046140937144e-05,0.07887928874975203,5.082639144278377e-06,3.985346122852224e-05,0.02395811599042489,0.016389030873105448,0.4858223591415603,0.26064702308304155,LCO,4,78
-201663.8657714795,2.380100578279149,0.008092728121626943,26023.741383515007,-0.36480924329032405,-1.135190756709676,-0.3481957567371363,0.20379463695430805,1.5841950367239115e-05,0.0002494642976402011,8.73545730308448e-05,0.00010477727175823606,2.7867776944868592e-05,0.04584827921688192,1.7576912723617815e-05,4.308910038818463e-05,0.02197540739245145,0.04584566825733097,0.32943919946593264,0.20651937553960012,LFP,4,41
-107496.26005485607,2.4219263701295373,0.13648444595718345,2053.4331013456017,-0.22545924886730973,-1.2745407511326903,-0.34212240639559555,0.2682113899918781,2.5950389190442048e-05,7.301520265270109e-05,2.4115560749063342e-05,4.356115778472879e-05,1.96953293118985e-05,0.05358071070339849,1.7653680330056324e-05,4.726050526459043e-05,0.017592726854063403,0.04644468915979007,0.3335197967505056,0.20791310769410884,LFP,4,5
-54006.846025730716,2.5339638639153423,0.0043259999610610125,7155.426348941806,-0.3579386183758828,-1.1420613816241172,-0.22308794866126525,0.32611711815895733,2.745969948934157e-05,0.00015042217634105866,1.5873841006173124e-05,5.861921923746957e-05,1.6007675335773287e-05,0.06947590600422832,1.5530993251793424e-05,3.1315769940432605e-05,0.007557835853591241,0.1788656967914788,0.36305323491263475,0.16499311963462127,LFP,4,71
-25931.666433659677,2.5471296668334444,0.0036167749045983677,2966.891412592865,-0.2841057301553658,-1.2158942698446342,-0.43254795250092193,0.324565161078238,2.2410700461035014e-05,0.00014978866049751517,1.641969314941368e-05,4.622330086591971e-05,1.3008029930679281e-05,0.07809225565515465,1.2356025385965831e-05,3.090360847256535e-05,0.0040669743401990695,0.10840387410199101,0.36326059673447814,0.025787576662609002,LFP,4,82
-324954.1521296087,2.497629878370373,0.016823636099860685,17749.736895736325,-0.37492665577590323,-1.1250733442240968,-0.7450922878194011,0.31096231155689,2.2537977360226907e-05,0.0001862029806035759,1.502224855752655e-05,6.395862381879644e-05,2.172177653621153e-05,0.07049701035755115,6.989021477613948e-06,4.288540812808879e-05,0.019083723415163612,0.016377450603071282,0.040178252264589806,0.12835200931293791,LFP,4,22
-69037.64367535418,2.312040105490339,0.03589175427067476,1539.0709863026113,-0.5019190140171101,-0.9980809859828899,-0.27911774026911085,0.24748021725767835,2.677211791716432e-05,8.114893961606341e-05,3.0680849301273404e-05,4.087172766214543e-05,1.204791988000885e-05,0.08749221666551868,1.3052227497330295e-05,2.6177244763140173e-05,0.00884431517025278,0.023945329320773652,0.5099987958843424,0.11693813452577313,LFP,4,9
-248411.99171767203,2.0400128537777613,0.003914143511586065,100979.89977776923,-0.2872943356267452,-1.2127056643732548,-0.386552762569912,0.25796352728906574,1.8006698666163342e-05,5.710561279587865e-05,1.1075282964361549e-05,0.00013244110439123322,1.404739306978888e-05,0.08524152548662468,6.51158140716309e-06,4.39550392446472e-05,0.024010182156496307,0.41447142738213477,0.02791138031529905,0.10106442973265423,LFP,4,74
-24803.73901677152,2.0876897009791557,0.006408364548345085,7214.666003621937,-0.32430549284160826,-1.1756945071583917,-0.45023012705416127,0.5445316622392173,1.4747014694178594e-05,4.5376614448141355e-05,1.0441335855451764e-05,9.156632697037751e-05,1.4997975148391803e-05,0.05257491007896611,1.790744612012023e-05,4.6667972823428935e-05,0.007378282028175448,0.13339529137047595,0.32631941291791733,0.0200551686574455,LFP,4,91
-415241.207446467,2.331466517664601,0.04018734256456339,9683.822198349035,-0.10674537070480916,-1.3932546292951908,-0.29083734029961417,0.25889987426620326,1.786186135022238e-05,4.711944071227685e-05,1.1530296650779465e-05,4.0860591505134924e-05,1.8576701954359717e-05,0.09610816605779454,9.779881194204001e-06,2.6188052614370957e-05,0.02455432066775515,0.02451514898314092,0.5207655787882974,0.09388193192894762,LFP,4,7
-28252.349035104464,2.367923890393023,0.003440070396313888,5866.542588076965,-0.27230425739299946,-1.2276957426070005,-0.30116312276148993,0.3266472787217134,2.2392813180666895e-05,9.550331566011771e-05,3.748977651009254e-05,4.415094441169813e-05,1.30150755860517e-05,0.0736520817040104,1.2323934083886788e-05,3.3035246736122844e-05,0.006020322625207379,0.1454292074445348,0.36178933447574346,0.12161833531823188,LFP,4,84
-92034.00768333522,2.3359996978832136,0.0042183807032115965,15246.957692219088,-0.255718254447558,-1.244281745552442,-0.5335915604776031,0.31435220081747106,1.2151122327476063e-05,9.938843224464132e-05,1.1838651637643621e-05,5.8210059230244976e-05,2.611777731319502e-05,0.058743231252411265,1.932939319739935e-05,4.295946106387222e-05,0.011262255024424411,0.02338509022322992,0.2447315189348038,0.12829183036436326,LFP,4,72
-346911.09886908106,2.0986984255168566,0.009512956252327426,31450.49799634157,-0.32211880405643534,-1.1778811959435647,-0.21067730281972308,0.2579575142024925,1.8071335612664484e-05,5.722839754618388e-05,1.1553232768046245e-05,0.00013264727266043428,1.8613012657590775e-05,0.08020851128680655,5.025331986084418e-06,4.41949831381354e-05,0.02375806777052326,0.13830897403407896,0.48725204668902733,0.09376167645717066,LCO,4,27
-25816.503708653847,2.6359312171924523,0.030972228450695565,725.8642456539242,-0.36621637087969816,-1.1337836291203018,-0.6112505619047468,0.20487332063963765,2.3479625735100304e-05,0.00024162310286962618,5.7195623467148945e-05,4.106640044759856e-05,1.217295892878785e-05,0.056847826648236885,1.4867945792771688e-05,4.4340657220827286e-05,0.004044384714179379,0.029654554716617883,0.160906225918476,0.1281886574601594,LFP,4,25
-11290.379990783109,2.5536477649593396,0.010178498385914636,1159.635256206155,-0.3595122269430018,-1.1404877730569982,-0.09604512015363753,0.40287481278905685,2.5478864221417793e-05,0.0001840098909320812,9.497366770934706e-05,5.826541300852881e-05,2.6512237453819553e-05,0.05548803581579184,1.5212254992568279e-05,3.343763392628401e-05,0.004459122446999904,0.23665135197375137,0.429308656401749,0.16799487147086212,LFP,4,42
-80565.78115127434,2.5801502792571966,0.003965050652089042,10058.681397224216,-0.3474829208397239,-1.1525170791602761,-0.2011627259116615,0.2483757833892385,1.403272079644306e-05,8.07006219314707e-05,3.096361898966697e-05,4.0490492388398894e-05,1.2046564639465529e-05,0.04622403148387812,1.784280457065358e-05,1.5806728426134502e-05,0.011322995161182577,0.08159258903038215,0.5375801006227712,0.10966458443518523,LFP,4,66
-46108.733952735165,2.1294999604034874,0.008490062777206145,3731.620835898488,-0.20134561097192183,-1.2986543890280782,-0.18819665454712065,0.24328073461499572,2.680320466619662e-05,4.6332840961211803e-05,3.951052723397882e-05,7.832759877461936e-05,2.141965866366009e-05,0.07817189122865018,1.3366187670934396e-06,4.767993434487156e-05,0.008586122686942494,0.13839657471482597,0.4861728277014127,0.11723394303664074,LCO,4,27
-40527.47746662197,2.2633225197335443,0.018141456243706163,2729.4125557750344,-0.39387444119378223,-1.1061255588062178,-0.6187582854323468,0.2134252228157322,2.195165549195962e-05,7.270790758816949e-05,3.062249991090121e-05,4.0867447740255415e-05,1.2043626681354797e-05,0.09803588431883843,1.488378861503788e-05,4.461481548155381e-05,0.006233274855441837,0.02385838688934909,0.15914744476578466,0.12823588291251956,LFP,4,25
-201281.0817795477,2.275622434299113,1.0406522584726516,3242.2658148286205,-0.15475349067002853,-1.3452465093299715,-0.39977582460938577,0.2588008032151212,1.781205292121958e-05,4.4590324808593384e-05,3.0048337392886593e-05,4.032077066712774e-05,1.971839885180627e-05,0.05226633917636958,1.878886078194701e-05,2.596976998505639e-05,0.024660811602043267,0.024280186200265876,0.24598221962961053,0.2599617695607378,LFP,4,4
-227244.46487099375,2.2516863972203027,0.00919877333330031,12479.883761873532,-0.35443298809977897,-1.145567011900221,-0.47656251146605766,0.22261174781490828,2.835896108459622e-05,8.73931069409741e-05,1.0489576430150869e-05,4.34477392194223e-05,2.9363200542697e-05,0.053695962076705725,1.905980338168151e-05,4.9717303207371454e-05,0.01760802657908731,0.02383841956552215,0.22778388471030395,0.20181518425811631,LFP,4,30
-49366.24145519544,2.6455743813326564,0.025172978836916514,3092.301021415141,-0.3938590808933071,-1.1061409191066929,-0.17076318970567228,0.4074043622214119,2.4852656419873608e-05,0.00018488930794645188,9.538110889925093e-05,5.8218754932010694e-05,2.6741892184378405e-05,0.07828044400149038,1.2668891750685444e-06,2.7231488638544094e-05,0.008654440350798261,0.23865639606262543,0.4039400729041314,0.11664034132757092,LCO,4,20
-595719.2331195346,2.592736736845973,0.03481904299483485,22170.31455942913,-0.45069999240081415,-1.0493000075991858,-0.48300863578966013,0.2614321178394392,1.8499438682718684e-05,0.00024794381411764676,3.902890611786728e-05,4.0218466170058556e-05,1.6909741703624385e-05,0.08909045906360352,1.9404554396914687e-05,4.894346766660338e-05,0.023524071999567825,0.05544609510124886,0.3266264470840887,0.06491882202500235,LCO,4,15
-311199.09397070564,2.2276336417095086,0.005876496404642159,32351.020426422612,-0.3229386862979968,-1.1770613137020032,-0.3453955188046175,0.22988490283567642,2.5579378330710625e-05,0.00011407263963132722,2.9607543484444795e-05,8.686975550434471e-05,2.3253742966649496e-05,0.09442937989814901,1.2078578227070451e-05,4.0993531201430064e-05,0.017343796918478566,0.05248494656104361,0.4634541434898052,0.06866539114453377,LFP,4,43
-472034.4856086674,2.159544079195735,0.004074668807809613,77364.00399124638,-0.26828869210213213,-1.2317113078978679,-0.24251906705575998,0.3116352231185679,1.888850781500343e-05,9.149504265010411e-05,1.1848348229983825e-05,8.922589614671735e-05,2.7614588608477524e-05,0.07743896507050697,1.8248719236726047e-06,4.590555965021264e-05,0.02328749419539992,0.044471277523408376,0.32766461372354655,0.31534504169728517,LFP,4,73
-52536.24688054187,2.492796237017571,0.004401854283379433,8203.164803590673,-0.29794681830937364,-1.2020531816906264,-0.06416909778733315,0.22401820721738522,1.2030993167777032e-05,0.0002492079438099353,9.994090536770806e-05,7.180029398504578e-05,1.7955128664448274e-05,0.07532086057385268,1.8037273537489565e-05,3.3756598810936654e-05,0.00858597930840399,0.14258612578390445,0.19200132260460956,0.5312434538241528,LFP,4,57
-18519.0881465734,2.0729494483541075,0.003476718066669504,6403.625385828196,-0.28766567596823833,-1.2123343240317617,-0.523513393653558,0.20119857670396052,2.644602679177763e-05,6.121749722235034e-05,1.0437731924335264e-05,0.00014058344941637036,2.9805099374839355e-05,0.05249792164818462,1.5115225208892593e-05,3.7790033936525725e-05,0.006700650207948291,0.13429024572323386,0.24510694408147998,0.027089416541728237,LFP,4,99
-131377.55009606338,2.2935514571285136,0.003257091952618951,30544.400014022693,-0.3408753322943081,-1.159124667705692,-0.5124367673311009,0.2587266569667812,1.7690929062847452e-05,8.142305215662897e-05,1.8740666497467192e-05,4.6462035946270174e-05,1.3265401028230893e-05,0.0780893422639803,9.685352956363326e-06,2.4094513807835817e-05,0.012792818877239213,0.034024863418773185,0.2896282995960704,0.09391006965405556,LFP,4,85
-700667.205659501,2.385514244068356,0.0032926753866917443,104443.6997400215,-0.3036951417969185,-1.1963048582030815,-0.30910510166861715,0.2100320829601345,2.2824674142523648e-05,0.0001015687737925614,2.1394402829511822e-05,4.914447291300152e-05,1.347111403065835e-05,0.09493297665244987,1.5338515187578316e-05,4.8647591172316826e-05,0.024568742171873634,0.08122720330512279,0.06856054190586973,0.4711071531203903,LFP,4,70
-63594.88924631769,2.4806707822995815,0.0037314576264651407,9809.186065517006,-0.3218228829177434,-1.1781771170822566,-0.5634993714321707,0.26366216209843724,2.8633489635272074e-05,0.00016989694650595082,1.5058424882777458e-05,4.963308610842601e-05,1.2778095635701824e-05,0.07803151865893969,5.294496562948548e-06,4.873720284504067e-05,0.0077905664402500106,0.015483169055069572,0.028126416885229294,0.32289104262753054,LCO,4,71
-88157.00784657204,2.189129190754618,0.002499014399752587,17230.75417414677,-0.36998624968014404,-1.130013750319856,-0.11006770703828761,0.22214756228858829,2.238524500510909e-05,5.293880376789562e-05,1.4561870577729018e-05,4.9878534768570435e-05,1.2532363629633846e-05,0.07890886769776673,1.2374984987268336e-05,3.036399286949142e-05,0.010486348947819562,0.016727865552845167,0.5415283490024951,0.2616760784063722,LFP,4,87
-712530.7676985374,2.5161515558825176,0.012714307583510217,36550.07956482935,-0.32658384849511535,-1.1734161515048847,-0.126982668003493,0.222484198185414,1.5601555724334933e-05,0.00016157495746645838,1.732464810624097e-05,6.32241940956701e-05,2.3192941316699925e-05,0.09431929443208334,1.9241120307977116e-05,2.678946158476915e-05,0.023902439109778694,0.14121126723161007,0.5969505105844551,0.06485555418044182,LFP,4,27
-622040.2506682726,2.405836480868521,0.03897591877917712,20568.373186338038,-0.46464272333889234,-1.0353572766611077,-0.7573984647510921,0.2807542019869735,2.482934656472595e-05,0.00015644094334816975,1.7851666712886406e-05,4.002869624562575e-05,1.3128258384395785e-05,0.09110711335149757,1.967193366307364e-05,4.9603350293128264e-05,0.02355033561439062,0.04644607536072276,0.04860473643268204,0.07755072345550315,LCO,4,13
-212837.71799454707,2.2435852450258555,0.009389535045738164,12940.108522757388,-0.4097842593728238,-1.0902157406271762,-0.4509716326889708,0.23902750344274012,2.8294071214705117e-05,8.066991280399015e-05,1.4670155538504426e-05,4.939864025787028e-05,2.2321593311927263e-05,0.0734948589032359,8.582971353935827e-06,4.9333889342878255e-05,0.015387242762439482,0.10641640927590168,0.10856579491195836,0.26404616312316925,LCO,4,29
-116182.24526226865,2.4191927756638836,0.014974696497638594,11151.570465312825,-0.40589722175998055,-1.0941027782400194,-0.6093700083540271,0.20263908454315704,1.2423866533836479e-05,4.972094811726336e-05,3.9295638755727885e-05,4.402037713881369e-05,1.2335618335246754e-05,0.0474137949752729,2.6416771609276826e-06,2.705882372925579e-06,0.016517256653233586,0.0196739520311249,0.05071852937216891,0.25023751024267915,LCO,4,29
-64521.417990280934,2.476855298997881,0.0024306950493119027,14649.69880945951,-0.341731301074514,-1.158268698925486,-0.7541981609347375,0.2516274934782742,1.609860254896012e-05,0.00016840528672951117,1.5059962681092817e-05,5.301772991213617e-05,1.2705086211204675e-05,0.07804953439891019,4.635596867794559e-06,4.8723030130839664e-05,0.00788567151511052,0.015485008168754501,0.033340863523190545,0.12697596737331748,LFP,4,93
-50171.87868253612,2.1224243181554763,0.013182472384668471,4380.886825862339,-0.3431730499570733,-1.1568269500429267,-0.47364931226101,0.4199436148700326,2.0365608057264363e-05,4.495698499114002e-05,3.865760700833729e-05,8.435462555708345e-05,2.417710144475438e-05,0.08310882317002688,1.9877234739612157e-05,4.827353076295723e-05,0.007678469349718018,0.043108770896321535,0.36197448703660123,0.05126742980606729,LFP,4,33
-448975.19174232305,2.408242678797796,0.005006074578786984,52969.925889640646,-0.31999512768868144,-1.1800048723113186,-0.21026204618637256,0.23137643888716283,2.4696953897053505e-05,0.00010363844398112691,1.668803029203897e-05,4.906205287381546e-05,2.490585910151392e-05,0.06290801698183425,1.4199915304142606e-05,3.4561833397265054e-05,0.024493992823244208,0.08374298456030733,0.5772231320478939,0.05877183720542621,LCO,4,58
-94543.9755422397,2.482275963848416,0.19910645123308834,2401.8918802326934,-0.3093643695287316,-1.1906356304712684,-0.384887912064772,0.2541516667775809,1.3934341439015959e-05,0.00010285979683352977,2.0389983665373657e-05,6.599195351861824e-05,1.2758501355133923e-05,0.0426458153379856,2.1367152338241892e-06,8.959019784759075e-06,0.017903266424657026,0.48417016962591375,0.028404416635539168,0.032537501673775115,LCO,4,6
-128349.43104876403,2.1919528005315394,0.004848121118034505,33007.39005159878,-0.32059113968412944,-1.1794088603158706,-0.18052184057192977,0.29461357565690044,1.2694582665852933e-05,5.9350653519303824e-05,4.1391357025935316e-05,6.551254776891145e-05,1.241380915006684e-05,0.0417201234259516,7.903558825395255e-06,1.783624354002562e-05,0.02338539516741974,0.47871632152244936,0.07293684808653651,0.19782498981908433,LFP,4,56
-66842.30222309334,2.6881076096143204,0.024991360679455524,4436.407627365452,-0.38474292958675527,-1.1152570704132447,-0.5988577496626848,0.5388282948202985,1.3570774607399183e-05,0.00024320055389797447,2.560691035729283e-05,5.275810518304489e-05,1.97761706648761e-05,0.042216056565951635,6.659363179620873e-06,3.415948831322239e-05,0.011160403056117795,0.045207974218452886,0.21051672680519395,0.07541754931366834,LFP,4,27
-725372.6689675155,2.486794629054312,0.03587163729263109,20942.880915746613,-0.45055073736016915,-1.0494492626398308,-0.48757169940098116,0.21306556629927728,1.5690714247891467e-05,0.0001611769072064586,1.8599605492812694e-05,4.3195284144841197e-05,1.8914153886406153e-05,0.09791115100937389,1.7771993125808658e-05,4.793110340309994e-05,0.023828848519122932,0.05231792623933564,0.31699506428097646,0.07311531007870681,LFP,4,13
-27382.445392561953,2.203239060503001,0.0077214058986720445,4054.676717426568,-0.28642809502919064,-1.2135719049708094,-0.6330968207887304,0.3659582218211098,1.8773311423022425e-05,8.518192758687249e-05,2.5370196842122666e-05,7.996781120267872e-05,2.9845711970075286e-05,0.04511509709148241,4.534798108720935e-06,3.886181167751484e-05,0.008049104920997642,0.021556893880138654,0.022912410151379986,0.252433875179751,LFP,4,48
-189688.24872506096,2.359016551355113,0.10207112132679466,3756.7974500974783,-0.29506135842860814,-1.2049386415713919,-0.6040461090999716,0.26428540103041054,1.392200570565995e-05,0.00010419788845044988,2.2434552082653853e-05,6.686124226889403e-05,1.321414088565307e-05,0.04266460883951377,2.112986754228292e-06,2.2488255958380446e-05,0.02400187463889051,0.03227979456024402,0.1442586057814386,0.1494154905583458,LCO,4,5
-64321.596180081695,2.4107092852962086,0.05516502651892212,2631.493984654193,-0.5936787774640013,-0.9063212225359987,-0.8329599752289886,0.20231738980992553,1.2139981783658264e-05,5.8513770315593194e-05,7.372060269895753e-05,7.146371526148179e-05,1.2409063223653302e-05,0.051347754876452725,2.411389499240912e-06,5.653897992780531e-06,0.014789828219824788,0.05443656766668849,0.015017391560476878,0.02758606554384612,LCO,4,7
-73378.85910136161,2.4814327929498385,0.0033734943297516534,12342.189140117662,-0.34415872718554397,-1.155841272814456,-0.13365788954529156,0.3250432569040966,1.4312330742630916e-05,0.0002422537693875896,1.4437566643702806e-05,6.265153812685279e-05,1.3150675974369532e-05,0.09566262178340182,6.456245273325627e-06,3.9823913266100095e-05,0.007062955349111892,0.030079478707736584,0.2223560518322217,0.5439065799147502,LCO,4,98
-211188.4447273962,2.268988461919066,0.005673213443906716,31474.38913959818,-0.34141133973304605,-1.158588660266954,-0.39137934151856024,0.32245528061725615,1.853025136595349e-05,9.672770112215964e-05,7.75306724598315e-05,7.400578585480753e-05,2.439209541523474e-05,0.04171785014540362,7.902948220656848e-06,3.931272241014827e-05,0.023285004339321284,0.0799015326622951,0.27921467882007855,0.17950444699906618,LFP,4,50
-124749.2025454299,2.3537336075117143,0.0028614792017008723,24643.516831721692,-0.341731301074514,-1.158268698925486,-0.15819358906574166,0.292125625390909,1.298091182352402e-05,0.00013459197308843376,1.2758557344691245e-05,6.262610582643174e-05,1.4136270261667573e-05,0.0958476250169208,6.913054843088787e-06,3.978238941032559e-05,0.010056406121164454,0.029919796094050162,0.20712705064229467,0.5347595641979136,LFP,4,98
-358958.5705627571,2.4157821935213395,0.002464342292302749,80388.95694103594,-0.4048913151331224,-1.0951086848668776,-0.7332022379856205,0.2318221379569964,1.7100392406206486e-05,0.00019077088884054114,2.2566942861755644e-05,4.392011650575449e-05,1.2613992099697677e-05,0.08669112646251295,1.8825160517053513e-05,8.555656959846602e-06,0.018016240689809598,0.036506503250504745,0.10341778291327597,0.05687347585059886,LCO,4,88
-145071.70567929075,2.7610038560443146,0.21904790792566833,2964.3956562295375,-0.7495664216501527,-0.7504335783498473,-0.3037539396401834,0.5392571134260844,1.3526732352645789e-05,0.0002458142458310089,1.0219824932138719e-05,4.60325035293311e-05,2.3737404194135013e-05,0.040244732173531,1.551298006422692e-05,1.971788765403374e-05,0.017207221884207362,0.0894253159741184,0.21121476815477314,0.32560597623092513,LFP,4,9
-18083.994485507956,2.3237792549399456,0.0023565766487486425,6110.29404914442,-0.3466285479506812,-1.1533714520493188,-0.3605745051346245,0.2371291243984916,1.9692446883593407e-05,6.462213428233709e-05,7.999062059981967e-05,7.521863432890388e-05,1.202404794645033e-05,0.09183749744404027,8.092570069340022e-07,1.7961776574384703e-05,0.004962744117817528,0.03983619803544407,0.048533643561831624,0.48105565326809985,LCO,4,97
-68988.23078518701,2.142397529949477,0.0038266098472721824,23109.098008507237,-0.22442749699034792,-1.275572503009652,-0.36316847169520505,0.2294813418420039,1.387780005432352e-05,4.718008586698506e-05,2.5703193028810253e-05,6.576604590626542e-05,1.3106483809984467e-05,0.042519891847326526,1.0342766760787324e-06,2.2192862446031224e-05,0.01795147553906426,0.5087470284686584,0.02819452279995739,0.02988997703617924,LCO,4,61
-197428.29392993945,2.268569908831102,0.005003070183220085,31922.285794270923,-0.3244878361637351,-1.175512163836265,-0.17807027538672948,0.22808979696140685,1.2084416268131491e-05,5.3975809551198176e-05,7.780467888389433e-05,6.19041434885689e-05,2.967423590100844e-05,0.042877858707940995,2.5641956824172134e-06,2.205044070478324e-05,0.024261642094587563,0.1187470586941111,0.3827051542035889,0.25047751171557053,LFP,4,50
-192166.13281187587,2.5709275283704582,0.07929116000921624,5091.41559844035,-0.4226674083017148,-1.0773325916982852,-0.16735243295114666,0.21698112287959143,1.2887964948132568e-05,5.015830706806957e-05,9.343719174213701e-05,6.598805583141247e-05,1.231183773237467e-05,0.08484437398507576,2.605247219664341e-06,4.473591489455573e-05,0.01803647079637044,0.01652460205615467,0.19206826407188166,0.5540547009208171,LCO,4,7
-171080.51961134392,2.139412480403132,0.006588255877787927,28674.89881720692,-0.34868250038297255,-1.1513174996170275,-0.13573619943368553,0.5807224724424337,1.4838577869280494e-05,4.718482606828997e-05,2.1503569136789313e-05,7.306019563972585e-05,1.3610037987106284e-05,0.044685168316535906,3.429293809302948e-07,2.9248355443889184e-05,0.017936770313851515,0.1387368657459935,0.10265120172432048,0.5528757330960005,LCO,4,80
-17507.63220926243,2.563621213276656,0.002303370563222259,3281.0360831913135,-0.3605415136662433,-1.1394584863337567,-0.36555362466327634,0.23062760651841152,1.5372888502971454e-05,0.00010026948516441029,2.4507559113676463e-05,4.7047839385118655e-05,1.3083931951155375e-05,0.062242024576722677,1.1578689553414453e-05,1.8272704794931215e-05,0.004439641937569997,0.034180054858000006,0.03850714049212478,0.49175917998659896,LCO,4,97
-62446.14029026702,2.302755040492225,0.003795945330702758,10728.241808479801,-0.295910357750083,-1.204089642249917,-0.27950231327694386,0.24273393857735714,2.8641399469608534e-05,8.059553355474751e-05,8.900830425125162e-05,4.943057504301981e-05,2.0550264768740767e-05,0.050260082157599265,1.6256995378698158e-05,3.325025440691559e-05,0.011484940063804957,0.0826672567079203,0.2691732264921426,0.2986572035229933,LFP,4,63
-30070.4725387245,2.2187904467498267,0.006355475772995699,4106.297088694524,-0.31836756464090854,-1.1816324353590915,-0.6580534866956926,0.22388199438986547,2.1329449852504296e-05,6.235209609724408e-05,6.31143134993332e-05,4.784029538392633e-05,2.376907880329825e-05,0.04138544524598417,1.8427643559800972e-05,3.3766479963166225e-05,0.008541430169629542,0.05362530333919299,0.18682262675862094,0.031498583206493555,LFP,4,47
-7684.920704537818,2.262822231329438,0.004451400800251651,2758.2198644269893,-0.34757714173128207,-1.152422858268718,-0.3726273875869215,0.20957701147531166,2.329643114450792e-05,5.567858420973218e-05,8.251566843429367e-05,7.699153571198346e-05,1.202267983051715e-05,0.047579116798767765,7.766080533331447e-07,1.824080181137974e-05,0.004636904733463183,0.06139728871639199,0.014742325201728773,0.4812329984949578,LFP,4,98
-130083.40752771376,2.2166002501884163,0.02301048447247483,4583.887416632116,-0.33822149708975324,-1.1617785029102468,-0.5824632742555089,0.30549483677019507,1.2191146560999696e-05,6.332666151431275e-05,4.826515626000701e-05,4.400922355983561e-05,1.639162334350742e-05,0.04450074149525591,1.3203838188482667e-05,3.698921481306997e-05,0.017044822845317643,0.013003048523328136,0.050558289166653406,0.2839753880545096,LFP,4,12
-116487.90252532934,2.368715090178853,0.007969265008932944,21736.63291593282,-0.3771420895587081,-1.122857910441292,-0.6237403638164634,0.21678182333022397,1.2634510037314928e-05,9.485421574513864e-05,9.452022399039051e-05,4.84855516538102e-05,2.2361836790819977e-05,0.09012114152050062,8.685601292764207e-06,4.935999152447758e-05,0.014142832286383708,0.1093338324469946,0.06870260193294614,0.12822320180359592,LCO,4,39
-110103.9472233232,2.6118319899363396,0.1747903426525197,2299.457425828225,-0.5362115639594922,-0.9637884360405078,-0.5351917076921899,0.24640232194658734,1.2239174811105115e-05,0.00013008350764647704,3.561945264047134e-05,4.266358129772157e-05,1.3752476948957132e-05,0.04422830894785402,1.2250843315735972e-05,3.701766750966256e-05,0.016971327712522653,0.023279872241503193,0.04400610846882365,0.32752231159748324,LFP,4,6
-298668.2868750077,2.127146510143552,0.01051478072097162,18828.070842438996,-0.26266548630437114,-1.2373345136956289,-0.4795849713389283,0.20948377779621183,1.2161041650143547e-05,5.0035508998805253e-05,1.4713228145304733e-05,4.401721234402193e-05,1.6895361555788692e-05,0.04744321358141055,1.7193777403994016e-05,4.731211276571567e-05,0.022440498118506368,0.022398945038273336,0.27506470787778425,0.1529513757450142,LCO,4,29
-98002.3740880693,2.253970113826446,0.0030741417750780728,25066.844923639277,-0.32250594123031817,-1.1774940587696818,-0.24365699185880063,0.3183929700122579,1.9747839927203543e-05,0.00013522484080247103,1.189244914677003e-05,8.110363468522862e-05,1.286968507581657e-05,0.09180517030864331,6.972599844389362e-06,4.7905703108523345e-05,0.010235508115253677,0.025256064048061452,0.2049401468131527,0.45614679727998525,LCO,4,98
-47312.2981461834,2.2739793749857085,0.005715134181956285,8741.25983696344,-0.29839097969206385,-1.2016090203079361,-0.04237773609339024,0.309798609381371,2.9142581623926633e-05,8.11363209373945e-05,8.958636035072721e-05,8.314327752869072e-05,2.3844871268014662e-05,0.05284021565789881,5.197958038538738e-07,3.0001602804707588e-05,0.01125837341774474,0.08148400987504728,0.2700287969660514,0.5361094570655112,LCO,4,55
-230838.32925195043,2.5828645406419883,0.0036022937041720834,65077.062087380786,-0.32070296969761714,-1.1792970303023829,-0.467761349618793,0.23397606506788965,1.2021002119097555e-05,0.00010429986780649231,9.983601419768777e-05,7.180689343870687e-05,1.4017951763473113e-05,0.08676152567250112,1.8358194092701285e-05,7.813806525712831e-06,0.017648711305365095,0.18219854307944505,0.2654975135891358,0.014542593712626155,LFP,4,80
-481441.71970814123,2.2389463901864577,0.003105672278367732,83754.13258930069,-0.3209242912362331,-1.1790757087637669,-0.7964380644087665,0.20581251250051277,1.5439197210777825e-05,8.136538398363202e-05,1.1853196675344007e-05,4.606942808743026e-05,1.2121398716036991e-05,0.07157345293452172,8.518578182351536e-06,4.887967986531658e-05,0.02328919914441013,0.027728411133064075,0.030875492644329372,0.07495803181384009,LFP,4,69
-353144.46188950737,2.138436385408043,0.0028726037870764618,75704.52818199311,-0.2863249963393031,-1.213675003660697,-0.7419085515065188,0.21895999190879456,1.8110578899964584e-05,4.600067387392329e-05,2.1503239692630768e-05,7.363478364014735e-05,1.2157276723360517e-05,0.08734547374198105,1.2436077033057153e-05,2.9336015486242373e-05,0.01790167575660816,0.03613739421887966,0.10229253031033726,0.04966152396426432,LCO,4,89
-166272.64901158764,2.208434092760575,0.0038498058507008028,30700.630107882556,-0.23909187568746404,-1.260908124312536,-0.7417522330000008,0.2011640804198766,2.6470328323861292e-05,5.916683932666588e-05,8.393722938081959e-05,4.787312142714273e-05,1.3114939009408168e-05,0.04130991887851941,1.5660847829592233e-05,4.415304633982443e-05,0.01968064797925451,0.053635359546720336,0.03698906060405348,0.09762334684922534,LCO,4,63
-47263.801277025064,2.200424579279853,0.00824039974484145,13143.473368260664,-0.30879501084452343,-1.1912049891554766,-0.04872943286582776,0.3465011047603692,2.9718682384318863e-05,8.069038857986502e-05,9.101720053547908e-05,8.495787527183498e-05,1.5342186568277124e-05,0.049826083994997446,1.1794197873378018e-05,3.400550489957707e-05,0.01148765242921507,0.01206812878553766,0.377971995071496,0.49123044327713866,LFP,4,83
-311756.9387037854,2.330350588411481,0.1543026384831891,3627.515499971063,-0.23805540288230453,-1.2619445971176955,-0.40109406113997503,0.3022755189051716,2.7523955125748444e-05,4.9239146836943647e-05,1.4667229442860848e-05,4.1480889272920854e-05,2.2685565554865005e-05,0.07504191967432956,1.9971031449349044e-05,3.2111976418180445e-05,0.022707326687894904,0.03545659160102649,0.35898872861897657,0.13446061864002198,LFP,4,4
-137452.45789145073,2.051431360593683,0.006821931207346706,25001.56258721934,-0.25839355618119875,-1.2416064438188013,-0.16785810219171415,0.31777189977731735,2.4988781369161345e-05,4.0480551136719655e-05,2.0793348877538376e-05,0.00013849357535797072,2.5814488110407172e-05,0.05190072232508253,7.151892056757473e-06,4.068994815283688e-05,0.021165508584504708,0.04316128515933465,0.20720250075888327,0.5117781118900679,LFP,4,44
-674627.4560572498,2.4261716350365155,0.00333593414268756,103504.95264481167,-0.34541297772244306,-1.154587022277557,-0.40352123483929636,0.2209856589139469,1.2315993192905262e-05,9.38551578600592e-05,2.5253374170561136e-05,4.907796744157657e-05,1.5086480477842135e-05,0.09387741917861452,2.8354387089667943e-06,3.747336680186625e-05,0.023701642050442614,0.04372904009188016,0.022376402524673933,0.46037332254414953,LFP,4,70
-69464.57609542765,2.066610519674722,0.007407927528876559,6951.301621401239,-0.34237578620179576,-1.1576242137982042,-0.05957087404642125,0.20776723754465468,1.5075048663457536e-05,4.865920204515899e-05,1.1629889704800044e-05,0.00013509900345254122,2.4181200310698636e-05,0.05743124578172661,1.3438154699856158e-06,3.820157008390888e-05,0.01224813171103551,0.21238660079837723,0.11668506575746736,0.5413574593977342,LCO,4,33
-62549.62342592571,3.0057922068516256,0.16111390112041343,766.5906750819166,-0.8614122592678619,-0.6385877407321381,-0.8322903496233962,0.20826773692129724,2.0982094276467895e-05,0.00016108325227030706,7.193811526408235e-05,4.1448674942121995e-05,2.6414536782972663e-05,0.04051550810754533,1.9878476369494502e-05,3.409339415058091e-05,0.01210006689267601,0.058645349646148065,0.023066217964143737,0.015998082766311983,LFP,4,4
-3987.194919067994,2.0289822507993276,0.005199875628541315,1078.0643556537357,-0.3487508644298316,-1.1512491355701684,-0.06548643345224014,0.246772238000824,1.656568760258058e-05,4.0482769337042934e-05,4.54866695482892e-05,0.00014934436354283826,2.9772243279412564e-05,0.04390137272151597,1.3731608422517094e-05,4.3029615758459417e-05,0.004232305310301745,0.5119068427244508,0.18275352638534442,0.16985319743796473,LCO,4,56
-29798.54738240983,2.061582371885403,0.01037853870098906,5475.403465186858,-0.24440872718471063,-1.2555912728152894,-0.21033563516588716,0.2104649341860037,2.155042411489148e-05,4.123346806315793e-05,8.878638099924494e-05,0.00013742777875860732,2.7387187882509678e-05,0.046255938887024395,2.007699456263078e-06,3.753810148081708e-05,0.01054628715385586,0.13084413603331208,0.47609717915716776,0.11272304964363299,LCO,4,41
-316482.1356932352,2.1292798475544426,0.060143228300560764,16920.12570115376,-0.4134136037998335,-1.0865863962001665,-0.6319412743786571,0.5407495152534708,2.719007866049853e-05,5.5528395791433726e-05,1.7971487018179086e-05,0.00014094989806562867,2.8926683405250857e-05,0.09497423335186232,1.023342813607968e-05,2.8791928100493135e-05,0.022796028783880047,0.20428595323874657,0.029109186908157263,0.06466358547443914,LFP,4,12
-11840.726621540236,2.150723658833371,0.023978209604575123,509.12948021214964,-0.14968442265564974,-1.3503155773443503,-0.1990433516103296,0.3077953402776724,1.383245166716005e-05,4.265348983109025e-05,2.0153432025648903e-05,5.236416859301173e-05,2.1221309125237593e-05,0.05321746319003715,3.6498159589974946e-07,4.835574759603682e-05,0.0045774068391556365,0.11296724987624529,0.5554312037993884,0.06255819471403676,LFP,4,19
-6519.679397001311,2.07804109888049,0.004939249829340253,1860.6573465373956,-0.24401567132614232,-1.2559843286738577,-0.5574327777672332,0.3556603446106643,1.9976482770053643e-05,4.50286210489147e-05,7.716879939372452e-05,0.00010354375871067462,2.161634689949131e-05,0.05474498382969443,1.831806312360251e-05,4.368660832162299e-05,0.004043201896282541,0.0829683702733544,0.12491142549489281,0.1646874264645196,LFP,4,71
-244070.1358929902,2.112836920082745,0.009291964754299666,33101.185181687055,-0.3565607675085225,-1.1434392324914775,-0.17002110719389296,0.36672935485097025,2.5053822456036712e-05,4.8238381948945136e-05,2.1178063629525574e-05,7.856841080795677e-05,1.7979196711129372e-05,0.051885954015870615,1.8514126138981556e-05,4.080175820321824e-05,0.024717174728458836,0.04015838713539298,0.20769292814026558,0.5121275775304485,LFP,4,44
-4065.9172163161193,2.024281793465518,0.006487871874171622,1184.4169136523658,-0.2649791906508163,-1.2350208093491837,-0.040081185102597394,0.313866640620827,1.9925490425233366e-05,4.4298801511879364e-05,7.760374892440698e-05,0.00014571809190821861,1.2440025897524953e-05,0.05438638244135203,1.991159388246391e-05,4.365342657469139e-05,0.004004819636691339,0.5794383140157139,0.14079822320103075,0.16968227768065808,LFP,4,55
-33060.92788906018,2.0809483759891605,0.013524121022710488,3667.192091998763,-0.32368410016291627,-1.1763158998370837,-0.07498313012253399,0.3682846404421982,2.9603194775722004e-05,4.034219187237259e-05,1.2204171521220279e-05,0.00014304540264040605,2.6838191626456693e-05,0.05351151848914813,1.682452773308958e-05,4.0462178109841715e-05,0.009344269551367565,0.01053073338192562,0.2804506875378833,0.5640354489576571,LFP,4,34
-67413.64789940682,2.102513313045804,0.007646696215503176,5904.479739387596,-0.34880636896386896,-1.151193631036131,-0.1033176684181808,0.2073158721444716,2.3579680345554998e-05,4.733640928107901e-05,1.8100703459564355e-05,0.00013328417804024946,2.9712652113782423e-05,0.052180996466304384,4.306893894268774e-07,3.842415463266035e-05,0.01221080405462099,0.01723293027133438,0.2811665394038728,0.5282828619066121,LCO,4,32
-22157.223004577616,2.5363262527443617,0.009868728866861694,2421.6336654447,-0.35917773508750983,-1.1408222649124902,-0.2673816601233603,0.3218874965678478,1.2157854029294846e-05,0.00024174295673157507,7.817913069929324e-05,6.549709468469379e-05,2.3243244001222765e-05,0.06837563080493557,1.9954674187740244e-05,4.2077095207931014e-05,0.005429660533955876,0.04596057388844051,0.46205998902942025,0.15459777695877894,LFP,4,43
-109574.06495855891,2.3605762088592064,0.04841040262495864,2692.1536489513137,-0.2857178368486757,-1.2142821631513243,-0.06145695310247745,0.3734397961862554,1.4532296842523141e-05,6.682906274055576e-05,1.2273385089755691e-05,7.023660498198988e-05,2.9838866228337884e-05,0.05864088444283863,1.9920961202021242e-05,2.4000533706507768e-05,0.0157860605802471,0.0409369321085321,0.2825880268747369,0.5450180879142535,LFP,4,8
-156722.9926667561,2.4472729182620605,0.03988377539290802,6325.597290282757,-0.21323434519841555,-1.2867656548015844,-0.1405084658768455,0.21801150168788966,1.492717956534832e-05,4.318974068140644e-05,1.1569981495392363e-05,0.00013519680565382525,2.413573233352995e-05,0.06976615428089014,1.8258831836745964e-06,3.8194647621624257e-05,0.02004973564155177,0.041829699267311934,0.14797855154929865,0.599683283306544,LFP,4,9
-5961.586254757855,2.2707380933334966,0.005415505868182783,1217.943328372161,-0.2743071010072331,-1.225692898992767,-0.14212028229997642,0.3572960082293682,1.9895837620503836e-05,4.492585618983067e-05,7.751302498258737e-05,4.859945651444529e-05,2.1609632972731584e-05,0.04381883310156679,1.8331088157581615e-05,2.2950156504404605e-05,0.004010209210450347,0.2042417547254401,0.42223585778769146,0.16140210518689213,LFP,4,71
-77788.3391777275,2.07190944602039,0.002912860224074508,38238.82716474195,-0.33734560553816983,-1.1626543944618302,-0.19473575065133963,0.21672003720756794,1.986436886364e-05,4.6215775896631406e-05,9.339721807640066e-05,0.00011327788365121438,2.668108600727755e-05,0.05286230779153283,1.9681799401763823e-05,3.446738895782591e-05,0.018077084939981062,0.15815717037358906,0.49787807922497374,0.07922899975009752,LFP,4,86
-72926.35520121265,2.0641501480681175,0.08188715025795335,8530.051852563429,-0.22645848460151363,-1.2735415153984864,-0.18403650520772807,0.25747662695382373,2.0630135818872317e-05,4.125694533946459e-05,1.2357896068605574e-05,0.00013743208883341853,2.9644595017467246e-05,0.09999552720568236,6.1728019401143506e-06,4.37567742246297e-05,0.011167160849774791,0.17879958426005713,0.4766626979565174,0.09050121257569749,LCO,4,28
-14495.686328298547,2.1932839381999756,0.03008724858847599,1048.8993671930991,-0.5996638874434694,-0.9003361125565306,-0.029717344029831172,0.26337341866743147,2.380378096641635e-05,4.3953460487082755e-05,9.754669987499989e-05,9.874014641487287e-05,2.1615694450283095e-05,0.05095987901189262,1.468727127725337e-05,3.837971068564646e-05,0.007831858997227326,0.11409929881277642,0.2872755362027837,0.4989078209546087,LCO,4,14
-187388.31080587444,2.514832801234263,0.003972069593501282,47021.33972390235,-0.3702800375863262,-1.1297199624136738,-0.06963584598695316,0.2539110557363769,1.3853628626565481e-05,8.583717517667164e-05,4.7232397723822177e-05,6.460822127252639e-05,2.9106991623401084e-05,0.09760230007428404,1.2783512090700295e-05,3.4435182688757126e-06,0.020228668447891077,0.13759522162881482,0.14411292017362273,0.5786560122106094,LFP,4,49
-252234.74730528277,2.2066188991791416,0.005793998851917264,57916.68101559615,-0.3191432070611402,-1.1808567929388598,-0.5797103596794568,0.36755936316217863,2.8968027541522012e-05,0.00013577494616541296,3.0383265290512072e-05,0.0001221474927265725,2.8329825327216386e-05,0.06907229453696984,1.9953856642305374e-05,3.753713658362336e-05,0.020414575546272955,0.024699129428793726,0.23016955022778154,0.09542096066396791,LCO,4,69
-176189.9099973854,2.0680621116559985,0.007629570181501664,29145.185948079175,-0.3144128612214132,-1.1855871387785868,-0.20433136527407336,0.3653823826932907,2.5660944160783232e-05,4.75629282620744e-05,1.6886640427712764e-05,0.00013323876883079388,2.9729071422528173e-05,0.05231080407522557,2.9518060246008323e-06,3.73618590551846e-05,0.02132960523981392,0.01713019466975938,0.1726852009907724,0.535853239065395,LFP,4,50
-121483.46681857077,2.185540239020446,0.03667766188102252,8363.058676863484,-0.3097787019344871,-1.190221298065513,-0.3311440993282522,0.2375699099543,2.6327979855715382e-05,5.5331068592278534e-05,9.751719687691724e-05,0.00014091005683208697,2.9911673621120827e-05,0.049911065350306365,7.228669914099324e-06,2.867192155794268e-05,0.022765160553274145,0.0224527819165352,0.160297082779714,0.41610603597549867,LFP,4,12
-138376.345384995,2.1067341407379896,0.010251433340340404,19778.420275683897,-0.280757468815068,-1.219242531184932,-0.1864823868525266,0.4331107067589043,1.995575280585528e-05,4.152653729619355e-05,1.9268823868537546e-05,7.846110209121953e-05,2.739835231527946e-05,0.054235202293683636,6.081988137840315e-06,3.6018329020821615e-05,0.018741360458616352,0.022790546955513215,0.20449914059570043,0.5162279255962599,LFP,4,44
-42211.892910377646,2.060537119777783,0.013243144046486462,5600.619217422181,-0.23955820703513453,-1.2604417929648655,-0.42946196128072067,0.2583278239362171,1.9272110243208227e-05,4.733894569322475e-05,1.0322965049164117e-05,0.00013743490693105505,2.9643775919392567e-05,0.049300396448267315,6.3722794829860055e-06,4.619262434218781e-05,0.012693990931098183,0.248667451439732,0.19069512959272417,0.06117545768682317,LCO,4,26
-697579.342626102,2.203228440274071,0.014371855618056567,28957.238617208477,-0.35749242786235946,-1.1425075721376405,-0.3213977404906768,0.2089423198015308,2.9334160183551218e-05,8.077085311772226e-05,1.0180922143994523e-05,6.965276507040253e-05,1.4647653831413287e-05,0.0803278295851804,9.785298489143172e-06,4.890563313882694e-05,0.024940654160329388,0.08287743756739882,0.04745595938693366,0.4782688625549908,LFP,4,23
-37885.288264316194,2.145189614386654,0.026320690326714854,2012.0492406118815,-0.34580600471376144,-1.1541939952862386,-0.029753570358854953,0.2036166504060493,2.9338030762954266e-05,4.088947458109764e-05,7.690949276883492e-05,0.00013220456674669729,2.9952908193407764e-05,0.05126622389574451,7.157469504268486e-06,4.928971905802999e-05,0.012389769658673744,0.21981210052027358,0.16165608482842786,0.5187782442924437,LFP,4,11
-94617.6837453469,2.149429684668514,0.007958271799974189,9012.442099986236,-0.32496821096461836,-1.1750317890353816,-0.2292400869523682,0.36683741341631904,2.567268095770122e-05,4.8633179620791724e-05,2.2643304624169964e-05,5.3665884643454596e-05,1.2378398118402739e-05,0.051882753980691476,1.3496770725177534e-05,4.083381191507934e-05,0.012047095268678936,0.04017597560588537,0.17616769506804617,0.4844162423737003,LCO,4,50
-64832.66360776474,2.3964624071163136,0.03200232173046132,3572.5023623067777,-0.43174242890192716,-1.0682575710980728,-0.18599815533018804,0.3680619571204385,2.0870173492740805e-05,8.102685087504086e-05,9.546099795182446e-05,5.943561678664336e-05,1.2124319912751246e-05,0.05209043405373924,1.9922156827154924e-05,3.3941451989884166e-05,0.012102129831419487,0.05912529756892863,0.17914341655349647,0.5057331305473869,LFP,4,18
-264728.2513830201,2.1208328620530192,0.0032508866060053676,64117.79124264287,-0.2836657659753463,-1.2163342340246537,-0.1708200543263011,0.20190151615832017,1.3369212560666793e-05,8.631202718083836e-05,4.760218894860959e-05,0.00013591247441892927,2.4022570248457553e-05,0.0893982317404251,3.7631858124965663e-06,4.028763661728593e-05,0.020044747896009258,0.04167189961592904,0.14804653137026905,0.5694615146875008,LFP,4,68
-6182.10493177721,2.208870165989467,0.008501221895027063,1555.2494903183024,-0.267199138322308,-1.232800861677692,-0.27606563845392296,0.3749537865043589,2.6050804699220842e-05,4.492887431579147e-05,7.757902111472613e-05,0.00011359610611998938,1.925007496775079e-05,0.042232829360971405,1.877332661743044e-05,1.3826279710943366e-05,0.004059378363912038,0.010363302567854171,0.48944610006618866,0.15412495891203426,LFP,4,85
-21624.008359554104,2.0804416713174145,0.007866578731893621,4361.973044290236,-0.2658287593577082,-1.2341712406422918,-0.2514509680653082,0.3668691321189006,2.567304615001439e-05,4.911291267843038e-05,2.533356679772272e-05,0.00013443430739404447,1.2375285534143258e-05,0.052832375187534246,2.9260836217721955e-06,3.578639998987043e-05,0.00795831743069904,0.04451561222657835,0.17114080507424267,0.46289261463387077,LFP,4,50
-7603.673381784371,2.1765693161391186,0.005268013166204526,1883.445144392029,-0.36290696489610674,-1.1370930351038933,-0.28388646474703805,0.35781175258819053,2.2785736839092426e-05,4.263690906436912e-05,7.82571380186238e-05,5.4139210339655474e-05,2.161069966604044e-05,0.057659943185189334,8.505408333633217e-06,3.9705877035530165e-05,0.004247350957420744,0.07262771077711488,0.3658602223069956,0.2076256021688515,LFP,4,71
-223383.5172693374,2.47816497238669,0.05024854767980573,5676.77262705578,-0.44965177025227376,-1.0503482297477262,-0.4841177418219949,0.2733270707361662,2.728383207580089e-05,0.00012726128086516773,1.4669260134163889e-05,4.9425130722801916e-05,2.256332044060367e-05,0.07398942207122372,1.9106421419846837e-05,3.689332367620624e-05,0.01536883037687684,0.10671415905729062,0.06610142865308902,0.2730666704676255,LFP,4,12
-213620.75063270974,2.176907464345334,0.009519231499335937,27574.68055209354,-0.34816087761428705,-1.151839122385713,-0.15085766038527748,0.2018783244092311,1.3994682443838906e-05,8.676978179298835e-05,9.527392842222601e-05,0.00013526969129725534,2.7417269003175202e-05,0.08962604738374666,3.7756294915600216e-06,4.032049590329569e-05,0.020159992440963698,0.19747529908243516,0.14396159029399916,0.4377054502382882,LFP,4,29
-251049.31933586457,2.191583207447665,0.0047755589408351095,29809.433685927892,-0.30017632565869157,-1.1998236743413084,-0.2408117941218354,0.20012286221095754,1.483820344866346e-05,5.817586656011388e-05,2.4170968905830117e-05,7.247580836933089e-05,2.9094763767638723e-05,0.09836000198486824,1.716592789874978e-05,2.430046256023047e-05,0.015761139551127283,0.06315506005189327,0.08136125593831983,0.5446718898879516,LFP,4,49
-234624.5062033205,2.357602513393099,0.47715025818363416,4434.952544573053,-0.29059100609335076,-1.2094089939066492,-0.09196178690460732,0.3957849122714695,2.9939338066098213e-05,7.751711853871913e-05,1.2144673911997324e-05,7.006717649560369e-05,2.5728770032489722e-05,0.04903694424190269,1.2720764853755153e-06,1.7050602967326077e-05,0.024071273714869796,0.043201554112106855,0.28360863381629586,0.51122802516699,LFP,4,7
-241008.14384549373,2.12312910246424,0.00791196450048514,29779.39348690934,-0.2814356546292309,-1.218564345370769,-0.31616716488967145,0.3671481258431404,2.501914193590085e-05,8.667580106911526e-05,2.7223025680350072e-05,0.00013911093352500048,2.3967862783976292e-05,0.041890429542701765,4.42529707016349e-06,3.8125338053899366e-05,0.023056469542496516,0.025120360230810657,0.02058065431195777,0.5681318205675602,LFP,4,50
-74809.42726260892,2.362678111873746,0.004611963576257941,15041.165484481184,-0.3189853469919175,-1.1810146530080825,-0.2500291706797563,0.44385753046939985,2.0948926979081213e-05,8.633485874718346e-05,4.689918447182052e-05,4.964583425498144e-05,1.3996117937888198e-05,0.04572525038660602,1.2710730970878226e-05,3.390140830832654e-05,0.011898773201015643,0.06719564173039418,0.13446331574785028,0.4783118718419993,LFP,4,90
-12115.068923870462,2.1962857368271695,0.004385573856035017,3511.872150743881,-0.31294174751919535,-1.1870582524808047,-0.41910517005389025,0.2589417981429031,1.2674386583853253e-05,0.00012939500240740306,1.054241265439912e-05,0.00011230724815194662,1.3120645306337162e-05,0.05247269885627905,1.3342367106510276e-05,4.8435815140393565e-05,0.0053863993564504595,0.1339073583198317,0.3494166738768735,0.027570797749404616,LFP,4,79
-4689.080502196552,2.0274276112541196,0.0031898727537811623,1567.3464285349187,-0.3144243693280977,-1.1855756306719023,-0.15896533438769456,0.29391722113262386,1.2070300283291635e-05,4.818865794356355e-05,3.78466588208086e-05,0.0001428626152109556,2.9705558784624374e-05,0.043017113029836566,7.683477286724675e-06,4.610455453840638e-05,0.004201386872229771,0.5098105127312842,0.09065023011288,0.17057392276814137,LCO,4,80
-3571.493033380599,2.0273619179913918,0.002278197218360953,1791.6383865436374,-0.23013748500350673,-1.2698625149964933,-0.1478826828536255,0.23936071561593175,1.4879358633731085e-05,4.845340394040944e-05,4.61561301370979e-05,0.0001397751626349048,2.9012059454361542e-05,0.042802516627389715,7.675501118002048e-06,4.611185644160728e-05,0.004046957118513614,0.5198075231050694,0.09077843493531382,0.17153135910599138,LCO,4,100
-610128.7645139983,2.592736736845973,0.03504552005940596,20872.53416981685,-0.43547895799158276,-1.0645210420084172,-0.5098528868296036,0.21295771676710692,2.1865015767552396e-05,0.00024728784059718355,4.0151374459160486e-05,5.815177566389377e-05,1.6364730857700865e-05,0.08960203958623453,1.754033332627712e-05,4.235582331023907e-05,0.023481345283323424,0.05499488637986894,0.35239200950779453,0.01276021728273296,LCO,4,14
-3154.7563599349755,2.036208154629555,0.003846620765846218,1100.9018313973322,-0.25321823995424175,-1.2467817600457582,-0.047542540245811726,0.23840912870412634,2.205002330806844e-05,5.1307116580735796e-05,9.369145735634267e-05,0.00014006090061553932,2.3568878664135858e-05,0.04378322522392224,1.293858278578152e-05,4.302857090707985e-05,0.004018084145701569,0.5210002640798517,0.18120749071824438,0.18024970495609227,LCO,4,63
-3781.5955006943877,2.03151296994913,0.0023377918952618283,1665.657118286308,-0.3149205907336743,-1.1850794092663257,-0.10233403617662329,0.2323369866713778,1.489031431235151e-05,5.022683830689472e-05,4.152344311793017e-05,0.00014508249118090814,2.529852206323657e-05,0.04267528139896296,1.7052466816395007e-05,4.6121289719913175e-05,0.004114288032768099,0.5199627730162591,0.09077671785014442,0.21692647295697326,LCO,4,91
-582510.7434245714,2.156027972546233,0.010161030340863355,33609.15450457077,-0.3027008203822241,-1.1972991796177759,-0.06960691557807719,0.2103152467392289,2.077290923941502e-05,6.609740981703434e-05,3.55871779305058e-05,6.853501903935689e-05,1.2451764493618558e-05,0.08595195733262376,1.9622778873486583e-05,4.562754805719564e-05,0.023336674748506956,0.07864167810306164,0.5778691413409387,0.2038822649779225,LFP,4,30
-4765.655383459104,2.02653944151413,0.005416253439811465,1533.8636228640323,-0.3144243693280977,-1.1855756306719023,-0.2689274075920832,0.39975705341911155,1.2361525288746613e-05,4.660244632737285e-05,3.6522066362519985e-05,0.0001477576508674915,2.6910914200965826e-05,0.04300766261543,2.0264134584140052e-07,4.586289903083027e-05,0.004114739393698404,0.492063903077115,0.10466953121073971,0.06433915812006208,LCO,4,78
-677404.664781106,2.6274236034115543,0.04262181064177929,20203.353030720053,-0.44286238616770746,-1.0571376138322925,-0.4024925465209245,0.3116233884047732,1.950167209950648e-05,0.0001988598008909419,1.7927613185797002e-05,5.761157143113427e-05,2.1208248431440578e-05,0.08621107518699168,1.8064353168415233e-05,1.9186007356312823e-05,0.023563546930444847,0.029839032717349397,0.4215649000774353,0.07610352068429094,LFP,4,15
-5143.972889461946,2.0278943667253384,0.002610170960906362,1450.4675150247176,-0.24166129588016716,-1.2583387041198328,-0.20227360029167396,0.21745548001049964,1.2037648539295518e-05,4.383931893358202e-05,1.2821389924068177e-05,0.00014644630347096285,2.9742073102643897e-05,0.04078555659912334,1.1091420026994677e-05,4.282573139468386e-05,0.004165966434898021,0.5096471625255103,0.048104916130528544,0.16997432105228713,LCO,4,79
-604506.4455793916,2.35851736075274,0.021039376956149984,28842.34514334981,-0.27399519432499986,-1.2260048056750001,-0.5781482313393707,0.26147070078445583,1.7800115762880675e-05,9.348933834867488e-05,3.403329868516588e-05,5.469644325527656e-05,1.240540456790367e-05,0.08743443258403114,1.9521478190560274e-05,3.6939497122640646e-05,0.02358867146397239,0.011298101838394178,0.3266107467231822,0.013942920099053,LFP,4,20
-4576.686581137057,2.4823831692782345,0.03651805228725673,228.53394165947685,-0.39835475985962354,-1.1016452401403765,-0.2162410802261815,0.2642577789914306,1.8360285604640544e-05,5.793503245695156e-05,1.6351094815132088e-05,0.00014346740614018798,1.575349525858563e-05,0.04206382342301565,3.834182544818841e-06,9.42229383971274e-06,0.004123814626733006,0.5178380959858677,0.0796369744768711,0.1162838493110797,LCO,4,12
-81194.3858828533,2.060366979256978,0.004357181700658896,19016.577071368996,-0.2953864165790918,-1.2046135834209082,-0.33666086080171487,0.3152214196100881,2.352855486367811e-05,4.001183875706767e-05,3.0300669783413534e-05,0.00013690402123501543,2.908382961638068e-05,0.09950608224250822,1.992304556299138e-05,4.374801768215856e-05,0.010325026961450485,0.02466730186396011,0.40485704804443234,0.16381478928989268,LCO,4,69
-719324.5370691846,2.570781349540712,0.009211322368464678,43911.84881955662,-0.3652724160392147,-1.1347275839607853,-0.02879360722443025,0.2135393879388961,1.2887085906602064e-05,0.00010325888267606416,2.4529984998723965e-05,5.823581779837751e-05,2.15630125749052e-05,0.0976693813478408,1.807010528029203e-05,1.757214443793709e-05,0.0232009969166144,0.04292541647936435,0.5835812319218587,0.2746997443743467,LFP,4,35
-586681.6466494659,2.3835129397774306,0.029397453867788765,22361.15387648914,-0.45069999240081415,-1.0493000075991858,-0.4612086969766127,0.25274313823855,2.7569840011637617e-05,0.00015596937153925755,3.953009441478519e-05,4.005940058223826e-05,1.2608695407094444e-05,0.08905452441173482,1.928481450614616e-05,4.989635330357227e-05,0.023523995165677446,0.055526387373543165,0.3300195912772984,0.08324532437254581,LCO,4,16
-552437.0109370931,2.6440285234791916,0.03237587813707274,15121.955118593769,-0.47411665793786106,-1.025883342062139,-0.1574508258140368,0.2382940590534337,1.6149473575019637e-05,0.00016493736313714198,1.7822201023861348e-05,4.5363031792353004e-05,1.687814086492664e-05,0.08573857639250174,8.117214826852085e-06,2.4321052142982565e-05,0.022729323629915504,0.20744399337082475,0.48775614435129816,0.07734903646384043,LCO,4,13
-563107.7240006516,2.3844836292603473,0.03398467301199494,16118.331973703458,-0.3486183612546476,-1.1513816387453524,-0.12118046211022737,0.27275261491273656,1.2336101085471631e-05,9.833693488738748e-05,1.972744643100097e-05,4.5305065531286385e-05,1.3289431267233137e-05,0.09114561665768584,1.676988599070746e-05,3.132799378022578e-05,0.02304136635286373,0.20983068845486474,0.521814188372463,0.07717466106244503,LCO,4,13
-679855.6914380182,2.483197141883048,0.03888982318303852,22570.21889209625,-0.5078513214107598,-0.9921486785892402,-0.761483080208508,0.23638976422086794,1.5897657343429096e-05,0.0001657985494894858,1.7809226187935554e-05,4.7679583921179986e-05,1.2250065898391659e-05,0.0936302896321173,1.5014077327390553e-05,3.932581892624603e-05,0.023826281577046953,0.04283118240661478,0.04843267042093724,0.07725306696394009,LCO,4,13
-4243.786947608483,2.0274276112541196,0.003298033864571812,1532.3232874709688,-0.3144243693280977,-1.1855756306719023,-0.12974767928498487,0.3184564057475647,1.6218282620228692e-05,4.857777270640807e-05,3.3982903756686364e-05,0.0001428848443549294,2.8972705596596813e-05,0.043110310402134644,7.683551990925552e-06,4.61152869858995e-05,0.00420146106196594,0.5052837204486068,0.12477605431371852,0.17019254595268984,LCO,4,80
-4259.1773809655015,2.0311219910394374,0.002226023703940033,1968.212298965078,-0.32640024421541725,-1.1735997557845828,-0.053781668290061035,0.22585435517851524,1.269569903227436e-05,4.109208593871794e-05,4.614394074758243e-05,0.00014385306678384911,1.7178451239378752e-05,0.04432105874212478,1.6811553601036465e-05,4.280364547412868e-05,0.004246000238540637,0.5155199445378177,0.19105188678252763,0.16964650038959378,LFP,4,99
-3897.986139171086,2.0254059537629807,0.0024721507125822933,1724.186335924376,-0.3187696126266477,-1.1812303873733523,-0.17482683798969167,0.23333008701605262,2.7039141308800906e-05,4.089012281999867e-05,3.3528967147951916e-05,0.00014518661906649848,2.9058546801697544e-05,0.04311743896320509,7.918795410535595e-06,4.930765791052708e-05,0.004113988933957326,0.5194259898509495,0.09038024917846721,0.14536692298089177,LCO,4,96
-568611.1505139256,2.574558211186046,0.02927432153133983,16340.667420188733,-0.4410864273985684,-1.0589135726014316,-0.33197802006868327,0.22205954354920443,2.9620461547393293e-05,0.00016500641165657313,1.3385425434868332e-05,6.571750886227817e-05,1.3407247106220162e-05,0.08956704675351647,7.972429341653403e-06,3.1677081009644795e-05,0.022054636761906287,0.04921530609784995,0.4877303655306407,0.06107630830282616,LCO,4,14
-4689.080502196552,2.0276758813078777,0.004312895465230004,1276.381255546603,-0.23525475377669558,-1.2647452462233044,-0.14441268057572598,0.3173387381253659,1.2037003776828068e-05,4.8578434123656465e-05,3.392198618266174e-05,0.00014472899123519752,2.9725576356872426e-05,0.04280031918054418,7.683649459926025e-06,4.611188137790413e-05,0.004046336916936572,0.5242551978316243,0.09077901024748777,0.17055311134516196,LCO,4,71
-347289.55422904086,2.638786019691687,0.007508845979478156,45173.788966338674,-0.35886132726813,-1.14113867273187,-0.3031602113957964,0.456507941825925,2.9366105297079022e-05,0.0002419403843809808,1.3399029861495687e-05,4.444949822285431e-05,1.4128167291562985e-05,0.09487502684469187,1.8777008269196525e-05,3.1905194514934576e-05,0.017285461552033594,0.019480543595456392,0.06287204708132721,0.5444871979274201,LCO,4,59
-572287.7804584872,2.3740791278575446,0.03648881603789013,17299.494564018612,-0.3960056556119582,-1.1039943443880418,-0.37762752157484913,0.28157982534426396,1.5270116314915634e-05,0.00011330952432698655,1.741780804395055e-05,4.00611883937813e-05,1.311161000026011e-05,0.08906148165860785,1.9672526653117185e-05,4.9899680783680925e-05,0.023231328537772475,0.05546539452978398,0.43556048694996413,0.06134659694540275,LCO,4,13
-622040.2506682726,2.483197141883048,0.03996911883400288,20207.894619490133,-0.49985009111275325,-1.0001499088872468,-0.7613490768277351,0.3015477281965616,2.886313381235559e-05,0.0001699051523782979,1.787129184706189e-05,4.355079688653682e-05,1.3496468215314416e-05,0.08993127806055545,1.2970077649774471e-05,3.932457330801154e-05,0.023544726674952245,0.042789699086585156,0.04861057530434186,0.07725064878133789,LCO,4,13
-726913.2694969052,2.255168979993206,0.017607256321895158,30831.522489883573,-0.2823722065781702,-1.2176277934218298,-0.5263085161343743,0.3148228965839683,2.1881417047662866e-05,9.126201148112356e-05,1.5160989513234475e-05,5.817032406986656e-05,1.8926866002036315e-05,0.09627856287458525,1.7725852205234888e-05,4.805660016540636e-05,0.023487388414268267,0.039711091539025904,0.3525459560117527,0.011434436314847057,LFP,4,21
-32437.634304834723,2.5645602810630455,0.009063726731734686,2511.5293736723,-0.3491771218821924,-1.1508228781178076,-0.10406016316655575,0.3579434431643272,2.1059913989469137e-05,0.00024551297422098045,2.0968495173138976e-05,0.00010342709199060647,1.3482841565476471e-05,0.040975939816870734,1.5621681497294407e-05,1.7719076244120173e-05,0.00801104481011399,0.07237849585326447,0.36366487964357513,0.3898964613366047,LFP,4,37
-4447.103434549143,2.0669928140933886,0.033698686056497645,226.87802512726077,-0.3349244721098845,-1.1650755278901155,-0.20876016063935043,0.3156609145957584,1.203477723271257e-05,4.328165704754024e-05,3.388814845283706e-05,0.0001453617984249934,2.9737462175016703e-05,0.04075172646761221,7.951440623380665e-06,4.622470430946676e-05,0.004043875306304024,0.4828448775563267,0.06815735120108474,0.17023761060323814,LCO,4,13
-4447.103434549143,2.0330388033992177,0.01195080757992698,481.1503540990856,-0.27463880922872974,-1.2253611907712703,-0.16947588805610414,0.31905073527900407,1.23519532874502e-05,4.328534931891989e-05,3.35266232152278e-05,0.00014544289649355235,2.8743940722662195e-05,0.040700096703135014,7.918527563241393e-06,4.92264257697984e-05,0.004043578829606586,0.5361266510579344,0.09054036272540635,0.13385709816055513,LCO,4,28
-4765.655383459104,2.0271136479376337,0.002486741219743225,1786.6687083713575,-0.31273942317564796,-1.187260576824352,-0.059683089101181364,0.22534845702835077,1.2002910582459556e-05,4.311114822229714e-05,3.7418437246086465e-05,0.00014535478792456554,2.481972788183597e-05,0.04454391767557029,2.52839015877294e-06,4.904968607706027e-05,0.004193384209726957,0.5152680641420211,0.24086928327463555,0.11417956348216213,LFP,4,93
-582346.0988610054,2.4615585765396037,0.03310587569717954,19172.842014996324,-0.3481483432413377,-1.1518516567586623,-0.4479031502612367,0.26119994181626666,1.813128439601444e-05,0.00010758281544463716,1.9754413767359054e-05,4.273142243113286e-05,1.3594377071289776e-05,0.09169525354344812,1.1209360807951784e-05,2.7653211854696032e-05,0.023763251494975966,0.21738174148633038,0.18754067685855008,0.07717443139388286,LCO,4,13
-726913.2694969052,2.1762768884423167,0.08852673123335393,30636.551753775242,-0.2889737666978789,-1.2110262333021211,-0.48249832652331526,0.22423761791145363,2.1858433194180983e-05,6.455569833464304e-05,1.4882560128120627e-05,5.8262353798731745e-05,1.8962685198270694e-05,0.09996215087158909,1.7684394980248834e-05,4.922927787690342e-05,0.023472382535171976,0.03224133590315618,0.32933847495565666,0.08592186261787196,LFP,4,21
-4595.983174964932,2.0271136479376337,0.0022899963924875124,2052.110164477148,-0.3144243693280977,-1.1855756306719023,-0.23481813869177326,0.25514194770201154,1.2020202750109152e-05,4.341696278696476e-05,3.843112356604051e-05,0.00014396846813418985,2.948674139007579e-05,0.04445492416240305,6.598561573050385e-06,4.9114663221961106e-05,0.0041954835882282255,0.49225343599251653,0.06961064376776974,0.13331778154794055,LCO,4,99
-577851.9392810616,2.651501978424767,0.03579456027737306,18581.21310382499,-0.4672291969923492,-1.0327708030076508,-0.663335971363374,0.20908375213179428,2.900409689679153e-05,0.00016268994840989978,1.78217417991498e-05,4.354474398173736e-05,1.6938837818636993e-05,0.08375032379081111,1.2991716704638433e-05,2.4304082398096474e-05,0.02392383790401739,0.054340285261802276,0.13507409393500516,0.07724964943981859,LCO,4,13
-4691.088613888047,2.0462798340105555,0.0192395317334891,454.0301011885172,-0.34654028878639664,-1.1534597112136034,-0.03275343065676861,0.36270227736990357,1.2159385200396262e-05,4.3111122194668386e-05,3.166763596090435e-05,0.0001453525090841087,2.4760924083537297e-05,0.04108732793421625,7.939961342700406e-06,4.922679121679742e-05,0.004193999745183255,0.5450097632084129,0.24394015727522278,0.10829664885959576,LFP,4,26
-4689.080502196552,2.0274276112541196,0.00239403903282803,1582.6240785888647,-0.3251426827282895,-1.1748573172717105,-0.1998242858035687,0.2175219400709375,1.2020003705081506e-05,4.0773575201688876e-05,3.7845725872633696e-05,0.00014292029880454696,2.9137574321932367e-05,0.042939932403614336,7.683304811702053e-06,4.4371206463711686e-05,0.0042014134605513065,0.48879451269768315,0.06799933377366846,0.1733818677250798,LCO,4,80
-5370.277419739432,2.1080604630012965,0.003838956020313894,1659.0995011411535,-0.34804009509355716,-1.1519599049064428,-0.07051927123972568,0.22921113195011034,1.2002632234907351e-05,0.00013673994023966283,3.871410651154074e-05,0.0001400120576654453,2.234250279817076e-05,0.04002973669797763,8.871162909041456e-06,4.9050279823339324e-05,0.004183846111649055,0.5273625483440616,0.24049409924757803,0.0916240811686348,LFP,4,93
-4324.897044316547,2.0271136479376337,0.0036937209741358186,1640.4527261921214,-0.2440427049135927,-1.2559572950864073,-0.18519501409870764,0.23938153490636815,1.906397765042978e-05,4.506252602500526e-05,1.7021334325252424e-05,0.0001464524547015599,2.974500072221599e-05,0.040087061183955656,6.4144991369788495e-06,4.766378240774941e-05,0.004113344027057342,0.5053805728523828,0.10509204773005021,0.13433236531885934,LCO,4,96
-4786.960447683511,2.0271136479376337,0.002699498236230904,1923.1416776418253,-0.3144243693280977,-1.1855756306719023,-0.23671507703132955,0.272123782225216,1.2017968883295656e-05,4.214282935475076e-05,3.842651847624624e-05,0.00014635741315848806,2.9691824482150244e-05,0.04646133266334634,5.493502622107718e-06,4.911480166868303e-05,0.004195499233512199,0.49157928796468636,0.0677148512715797,0.13399078373240444,LFP,4,90
