SpecificEnergy,SEIGrouth,TempIncrease,Price,UpperViolation,LowerViolation,VolFracViolation,C,la,lp,lo,ln,lz,Lh,Rp,Rn,Rcell,efp,efo,efn,mat,Ns,Np
-42273.89332978004,2.155316144073767,0.02136487887816567,2264.4527655775405,-0.13652671924180382,-1.3634732807581962,-0.1660067407645558,0.5412547996665742,2.7546926549262238e-05,4.744773241399943e-05,1.5665337352407436e-05,5.008875508418343e-05,1.3619225971631043e-05,0.04696644336009178,2.443248558422042e-06,2.946871341363037e-05,0.009459024288657303,0.04796360288529515,0.5639490081672416,0.15208064818290754,LFP,4,24
-59708.102164852826,2.170576939785339,0.013753175772194688,2881.4921690180413,-0.20743467332204624,-1.2925653266779538,-0.7374602832411299,0.30064819093246553,2.8435258177982626e-05,6.201962367341053e-05,1.1840159769998062e-05,4.7050903468998574e-05,2.2547565707220098e-05,0.08655514075405112,9.049232452407992e-07,4.4302350715994675e-05,0.006885361407100798,0.0502856590489196,0.0979584121028999,0.04429564560705062,LCO,4,26
-231078.29253905252,2.052781660897105,0.0027857815510205124,87372.62880024633,-0.31710886219547163,-1.1828911378045284,-0.298997579534523,0.2668908887121508,2.755302865977161e-05,4.8137591517096186e-05,3.46409900340404e-05,0.000136242086559654,2.8835059746101632e-05,0.07659868515968027,4.354344926034181e-07,4.974267270967665e-05,0.021377187026106685,0.05762265436345443,0.4201423006093392,0.15323746549268338,LFP,4,98
-219141.5869551665,2.2118181336408513,0.007024785187028447,32238.53120874286,-0.3359728938444473,-1.1640271061555527,-0.6485169909481283,0.26094226865164627,2.7534753015917244e-05,4.788824220266655e-05,3.455546890812372e-05,5.786945797394446e-05,1.2413163970919685e-05,0.05355871140284866,9.569057766152524e-06,4.99720633987027e-05,0.02408255948090901,0.010572136993353484,0.08419497413901625,0.18671589791950197,LCO,4,37
-726154.31971086,2.2083435595212446,0.025511509428585707,27731.892776387387,-0.2214441683843713,-1.2785558316156287,-0.3883115958152368,0.44731392884711263,2.759752815583006e-05,5.4222131818004635e-05,2.3382380036294596e-05,5.3981353068737235e-05,1.357404641837707e-05,0.09640850044444725,1.3507474245416468e-05,4.8676170304309025e-05,0.024485251088515084,0.05932380895956842,0.39914621908889436,0.08321837613630051,LCO,4,19
-559702.5991569898,2.4723832182581718,0.010916286230662544,28507.355223160615,-0.32483079034187234,-1.1751692096581277,-0.3628218017360608,0.27568391919451674,2.0202855036539957e-05,5.7925810575530564e-05,2.6236255946248103e-05,4.321985839720395e-05,1.8227119779982577e-05,0.08452538220998006,4.671400848304896e-06,8.914522132526766e-06,0.021758022541119835,0.040025007480709744,0.32327345110341044,0.20387973967981898,LCO,4,28
-461384.0127663218,2.2082161108620944,0.004088326924137799,117594.7107209498,-0.3109269569225326,-1.1890730430774674,-0.4661928708998212,0.26917861732777515,2.761839748331377e-05,4.912248621899179e-05,3.2224801985191224e-05,6.488973699707645e-05,1.7653548844566947e-05,0.09962891595188403,4.2873148901930515e-07,4.868445315267447e-05,0.02137224871211183,0.027642296974786894,0.4240510578612677,0.012113774264124282,LCO,4,99
-119954.50413828285,2.2186468317315127,0.003761622063014953,27315.83868433809,-0.30119465403119605,-1.198805345968804,-0.6332258119294638,0.2875896005252634,1.7061965389346674e-05,0.00014561122971983565,2.3986273019372823e-05,0.00014377403664537448,1.845343218896559e-05,0.08627229322910536,4.3076478984262235e-06,3.203353677212146e-05,0.011666752883306548,0.030989033802116248,0.09336657181986757,0.17241858244855238,LFP,4,74
-103412.33901597327,2.1243559914327,0.015830869656874868,6065.231041089371,-0.22519951377443803,-1.274800486225562,-0.3852571003890787,0.3582776363672844,1.8141012745502043e-05,4.030470783145162e-05,1.6269873983107043e-05,5.748049572670886e-05,2.9810662294723025e-05,0.08959881850834044,4.5634179043152216e-06,3.549121797031519e-05,0.010550407195539969,0.01577153664670952,0.5137133736607112,0.015257989303500693,LFP,4,25
-9892.739215643243,2.116918261624919,0.01241694206560517,510.2158718652838,-0.24778621608189688,-1.2522137839181031,-0.2341472623295764,0.36559819956214423,2.919323664679614e-05,5.041147269772351e-05,1.5533454414988597e-05,7.979171295168332e-05,1.796516901179223e-05,0.04242818621070315,4.16930772069553e-06,4.6770520358448606e-05,0.004317520856609315,0.1880092027196235,0.3980868657536989,0.10975666919710128,LCO,4,27
-21799.836505795614,2.423292858523165,0.011796245932523082,1091.7007970443826,-0.317959226452853,-1.182040773547147,-0.29471433084886367,0.29831743654271975,2.3230361934168636e-05,4.267728895672901e-05,1.0788405598673502e-05,6.41847003205735e-05,1.5236294884709193e-05,0.06650206873151465,1.2262557865168947e-05,7.435258265179371e-06,0.004407345950576673,0.025020142384944072,0.5672646255137637,0.04300090125242862,LFP,4,35
-278881.4694459633,2.4522080568725197,0.0010011462025209068,62742.82893170492,-0.27950496421236437,-1.2204950357876356,-0.3853365717796142,0.24591029742654957,1.8211241051009498e-05,6.153389924564723e-05,2.625439321293029e-05,5.73471506041958e-05,1.8261325650506324e-05,0.07901449682095059,2.3950207731641315e-06,2.0731215447785663e-06,0.023804292400530298,0.04727627974504557,0.3232541142507261,0.17413303422461418,LCO,4,53
-428016.0707246867,2.383903272964334,0.013087245343872664,21563.69430072936,-0.3526342954463786,-1.1473657045536214,-0.26077077006129945,0.2435416446175496,2.991969912388517e-05,0.00014738526651692863,2.3492457035155145e-05,5.388101417000058e-05,1.3534036797907862e-05,0.09487354026641533,1.5726580028193998e-05,4.1104189905111444e-05,0.01875501009321116,0.05062136867414015,0.1687558992676367,0.4498519619969238,LCO,4,25
-263122.7220218752,2.180139994660308,0.007393907601375952,31647.33613331544,-0.35184827645583994,-1.14815172354416,-0.27445534336846455,0.5236493704673403,1.3215980925354944e-05,5.185254203734342e-05,1.626370253348606e-05,4.494285455265073e-05,2.908254234558999e-05,0.04226232560854572,3.25551770328991e-06,4.792367576432727e-05,0.020106560840614282,0.04245245290817276,0.44673419947440574,0.16635800424895703,LFP,4,77
-318019.0432560175,2.3119791590004763,0.0019868270010664647,118513.3491786255,-0.32045236909302943,-1.1795476309069706,-0.6559320509940338,0.2361590963484641,2.6807474615216753e-05,0.0002337036251506669,1.8124797317134592e-05,0.00013510940741806173,2.891688982772684e-05,0.09020080503979863,4.127025487638124e-06,4.854692413566196e-05,0.02051433178597656,0.09299902281582849,0.13008665008570452,0.05098227610443311,LCO,4,100
-11829.569184836864,2.1803925682961736,0.004008053060783482,1960.5854888950757,-0.31700810866353457,-1.1829918913364654,-0.24978237397156922,0.3606397169706525,2.7789103909557883e-05,4.554784882277915e-05,2.4742077350186455e-05,5.4089992128352776e-05,2.3185621708812855e-05,0.04205769054784391,2.9791426440259168e-06,4.7838253273461386e-05,0.005032432072979338,0.03480768659463233,0.5729960506429699,0.07241388879082863,LCO,4,80
-53419.59666980805,2.4247236882950105,0.00046653018375691923,13033.313590242735,-0.18083066428753725,-1.3191693357124628,-0.6096755530559419,0.5686056562721027,2.587406340693262e-05,8.494917509099795e-05,1.587304924240077e-05,4.563564248455037e-05,1.2857218551480127e-05,0.0882616397430136,1.5299267308586582e-05,1.2184296921250828e-06,0.007530027878547872,0.02571325559736342,0.1472120688897733,0.14739912245692144,LFP,4,93
-47567.33575867222,2.1333677349128854,0.002604365126732368,11548.34680136468,-0.30406143828123433,-1.1959385617187657,-0.3188832485241234,0.25834196401595627,2.7719675620974006e-05,4.283472700997937e-05,3.255099728269879e-05,7.0112253938023e-05,1.3831466404424683e-05,0.09970798985329538,1.7817398486483766e-05,2.9883951964862044e-05,0.006807390003931835,0.019213159370950427,0.5367852572572986,0.055118334847627515,LCO,4,100
-330610.9016237198,2.2081035372021693,0.0069532436992216645,40816.15838101279,-0.25372882347797976,-1.2462711765220202,-0.3371158794185468,0.2465213653292755,1.279441662376386e-05,4.8305368027919296e-05,1.7112357400814267e-05,5.40686603722483e-05,2.7595319194539326e-05,0.08378218187739785,3.24457979604707e-06,4.971207925785205e-05,0.0191747476590279,0.19426637824425647,0.38804769564085095,0.01057004669634588,LFP,4,53
-193205.00884595377,2.0874761023157475,0.005501250718268309,27789.05289792717,-0.20364443168946345,-1.2963555683105366,-0.3421738146191927,0.26722013748911544,2.7539321426828894e-05,4.77378441422934e-05,1.0004502090320017e-05,8.15904189491978e-05,2.8839012751272453e-05,0.062112247290132094,4.892362897487815e-06,4.967502646967715e-05,0.02138277318288248,0.04146731106139774,0.4374058150165687,0.10895305930284091,LFP,4,41
-19777.225578056394,2.5207795297224687,0.0026092743208902883,3098.6898249783285,-0.3464348129578809,-1.153565187042119,-0.3298642760232622,0.23790292366855806,2.7989061648512314e-05,6.901631432259857e-05,3.528742355905125e-05,4.57744718736665e-05,2.506774834171715e-05,0.0489658323059109,4.867334604394953e-06,8.398044884746436e-06,0.005118461351285006,0.057298802045692536,0.38863639676942957,0.15420052516161575,LFP,4,99
-52476.83042549313,2.1243559914327,0.02140466722393746,3906.137345419983,-0.24235921729405518,-1.2576407827059448,-0.34035534125157996,0.5417591000981665,1.8064180555138523e-05,4.291982834781256e-05,1.651969172814366e-05,6.0940401615356154e-05,2.98309020829622e-05,0.05275689121504526,4.575553509846838e-06,3.5497405473054e-05,0.011064900302635291,0.06078124147468627,0.5136288409202671,0.015234576353466867,LFP,4,25
-66723.86978821637,2.1181250369430344,0.00262009258189647,18837.53555036071,-0.299737704806887,-1.200262295193113,-0.15363905837627911,0.25843639672506025,1.3743155113538273e-05,4.281444258394684e-05,2.3366905199838764e-05,7.011858629462363e-05,2.036665589289981e-05,0.09996112049133905,2.012712504238e-06,4.265091317807478e-05,0.008837529927961031,0.06051771581150109,0.5395495500211662,0.1762936757910536,LCO,4,99
-275850.34238541406,2.0822000222695682,0.0032464947341055653,61596.292437309705,-0.22178207579333709,-1.278217924206663,-0.39251442865441033,0.22559724087839933,1.423506517289881e-05,4.8055035959302166e-05,1.1256687743151962e-05,0.00010119119167431039,2.9040373938514186e-05,0.0566352550218777,1.5047926120494162e-06,4.867225375682528e-05,0.023917069055553415,0.039298343105696326,0.34372123525357773,0.15446599298631564,LFP,4,72
-26842.808320602264,2.1970453946294333,0.0026382346840216975,3428.4439642920584,-0.25708131421324865,-1.2429186857867514,-0.2965423121786691,0.2571033048403113,1.258865838899924e-05,4.279928442656098e-05,2.195803075582142e-05,6.920669375943136e-05,2.3492760614865272e-05,0.09143749130683841,3.971744853840344e-06,2.436038247576161e-05,0.004018523073387036,0.03236465836677439,0.5404693001579988,0.060623729296557766,LCO,4,91
-59926.96791603682,2.2410614843064462,0.006321087879735563,5074.264861849172,-0.2722940514757646,-1.2277059485242354,-0.25696848162007313,0.2629510744806223,2.7421211755484784e-05,4.8750473825595e-05,2.4938334347710116e-05,5.260708201190301e-05,2.8490059861499404e-05,0.04723938560417196,2.48416925676596e-06,4.9710272011285746e-05,0.010723094979830839,0.044401126187506176,0.5735858610111586,0.05504453118126217,LFP,4,41
-33208.867383248275,2.1241380580165097,0.011329574521681311,2992.4812401072454,-0.22283710457711337,-1.2771628954228866,-0.6792474905166231,0.3078166606094147,1.824187096202364e-05,4.216443809045171e-05,1.0582286784095416e-05,5.607036641568792e-05,1.3832322476345398e-05,0.05850876507545667,4.536302673474466e-06,3.869987749921834e-05,0.00801965176854641,0.040416041969101875,0.0975416714452968,0.11279479606897821,LCO,4,28
-692072.0279193535,2.2491348577619124,0.0042410981542867,146774.55587022225,-0.32717488981900544,-1.1728251101809946,-0.3047756685801808,0.262911664196413,2.7417379123691844e-05,4.9123818995266743e-05,2.1910268300938207e-05,4.703008537576782e-05,1.2806909231116584e-05,0.09972226423873255,2.507315330556521e-06,4.9809156571747684e-05,0.024755056908118245,0.020184708216150225,0.5775188111306346,0.027520812073034407,LCO,4,100
-676565.6225876196,2.1127107127031874,0.006767388958219019,47435.89069836022,-0.21684484791931347,-1.2831551520806865,-0.2601752986425784,0.22249844095542154,2.50480939447814e-05,4.5052425716553076e-05,3.278270557171171e-05,7.037836955740548e-05,1.3628266900574472e-05,0.09973399174270127,1.876359704809577e-05,4.896484285286914e-05,0.023735051466724194,0.01938343224789022,0.5953181709177146,0.05512309819181689,LCO,4,34
-438828.93084909965,2.2586743023847955,0.0033528296834938773,79183.80927124017,-0.3422240635330098,-1.1577759364669902,-0.2841944937897851,0.24854990562265486,2.1339203692988922e-05,4.915318480508611e-05,2.6990368231630996e-05,4.091268348112821e-05,1.2268984658384526e-05,0.06525051442187928,1.2388971832092208e-05,4.963493238602822e-05,0.024932308508778672,0.02013667520542522,0.5823301119284762,0.0433387190763136,LCO,4,79
-27452.880286555777,2.489930662332447,0.2373156483747974,960.754374800966,-0.22586096980457526,-1.2741390301954247,-0.2848625034299116,0.24666505004018263,2.5058037194834143e-05,4.277180565693125e-05,2.201189014377869e-05,4.5138765066922304e-05,2.6701887976149605e-05,0.08861089546604203,4.833737364731901e-06,8.269335091111146e-06,0.006304280005805608,0.07045685114997716,0.544394673938291,0.03028597148182032,LFP,4,12
-534935.2608463236,2.212639411480154,0.016555168881047494,16755.44220180519,-0.2008010899306445,-1.2991989100693555,-0.2640556731051845,0.27193751979764,2.8923686805589045e-05,5.3201999226631e-05,2.2070889022417238e-05,5.8699392909119704e-05,2.0430315431126557e-05,0.08431538545871388,1.3440955485469265e-06,4.9205612471728594e-05,0.021646310278766203,0.05934407904340821,0.4009351386918437,0.20566510915956354,LCO,4,18
-25097.409756458306,2.3039038723413316,0.2361630981095639,470.53082112075197,-0.42466256731446705,-1.075337432685533,-0.476013198912409,0.24666534215137093,1.2801423534034372e-05,4.92418968839853e-05,5.5032636001594655e-05,5.379204414453646e-05,2.592893718100324e-05,0.04196716437660196,3.2078381655762533e-06,4.663015710537216e-05,0.008211541948364608,0.04154162346548271,0.3994275002826886,0.013017677339419702,LFP,4,6
-104277.57853312648,2.6399716309283368,0.011005362621063147,5502.658620739414,-0.3672411113222953,-1.1327588886777047,-0.3037139395044006,0.203008582232336,2.6049751152217752e-05,0.00015019247620180995,2.6304518778862033e-05,5.3887216596470435e-05,1.33950180768895e-05,0.09487059872522462,2.3179037083639355e-06,2.2720515563366067e-05,0.009344207861184802,0.04700032487018636,0.14859431081303495,0.43069142481237815,LFP,4,25
-23320.883864200307,2.0623853343128378,0.0039426001299299185,6684.310644219216,-0.18404949239862844,-1.3159505076013716,-0.3406775917159678,0.2712732738690333,1.7932423423572982e-05,4.2728013905497374e-05,2.179531823828006e-05,0.00013194936960431037,2.126917996781698e-05,0.09826034938952022,4.0389268724582665e-06,4.856729467985513e-05,0.005073501455893028,0.031148560658624723,0.5416457725620689,0.016528075063338657,LFP,4,99
-625042.043243692,2.203367653271021,0.011601793283812023,30369.498626900262,-0.4488166208727904,-1.0511833791272096,-0.20571156991795203,0.3103411755562103,2.0049363147833135e-05,5.752174579894618e-05,2.6235959746062394e-05,4.183037736179172e-05,1.33682436748674e-05,0.07964968701015512,2.3017144347659282e-06,2.9133673830208726e-05,0.023230734037702365,0.05027502980112264,0.14556445518873173,0.5284489450921936,LCO,4,29
-20192.578807458067,2.17453001725779,0.007651964359495366,2490.5680671814107,-0.26427386915905515,-1.2357261308409448,-0.7678289732472134,0.307996831299218,2.8284766463268988e-05,5.1775672816351425e-05,1.6159339738763576e-05,5.6101067183772946e-05,2.5052996151221606e-05,0.04689289730365861,2.479792171665685e-06,4.540241033668447e-05,0.00690285632859506,0.04040789956489799,0.09299988748123378,0.028763239706654856,LCO,4,41
-180617.8159130568,2.2921784997391277,0.11172181511095883,3435.4665904106364,-0.10571310673395296,-1.394286893266047,-0.7837441659946307,0.24800507505840866,2.096121109858327e-05,5.122053907509945e-05,1.4576855238687555e-05,5.83399755932807e-05,1.78311838696309e-05,0.04694765905361135,3.7849086199402044e-06,4.452204412444081e-05,0.022403162120676556,0.06340720267961782,0.018484674897640913,0.06436395642811066,LCO,4,5
-22417.262256793598,2.4960076637111785,0.009535697010790432,1350.810290871698,-0.29115494423907684,-1.2088450557609232,-0.6292615416154584,0.27567436784857025,2.328401807274939e-05,5.809907296799867e-05,2.6269784560050697e-05,4.313910394051301e-05,1.8248408189434255e-05,0.08454778421566968,1.5888672397421665e-05,5.243816670646498e-06,0.004019400894965814,0.04065626350299586,0.20748282103857055,0.05259937384297521,LCO,4,36
-18859.296551336556,2.3401585146163573,0.006006016099306509,2964.9252768311785,-0.23084767730914635,-1.2691523226908537,-0.18021912609914714,0.25039784058184245,1.4125649698976087e-05,4.028282428651447e-05,1.059154070071919e-05,9.376031877814712e-05,2.9004821437415764e-05,0.06381906623346285,4.893770758648312e-06,3.368700710631065e-05,0.0061645421462808575,0.04148000873577833,0.5994795133845505,0.10882135178052409,LFP,4,51
-736487.7209891098,2.145004624246869,0.02498942615573163,28205.31353197606,-0.3161431384903981,-1.183856861509602,-0.2787424776454728,0.5247744761184834,1.2789037073478259e-05,5.8141933526368056e-05,2.6308493480336197e-05,4.531195408079952e-05,1.3353164355800697e-05,0.09548183576878273,4.631840204641107e-06,3.173197357271458e-05,0.024409388346545265,0.04453806511532109,0.5943210226535093,0.012398434585696907,LFP,4,19
-65304.72349618918,2.3851437021102755,0.002562554164855972,20758.78739981927,-0.19751708468501405,-1.302482915314986,-0.500114976599526,0.2544866908222634,2.1530950371975746e-05,9.351665755944968e-05,2.071740375988683e-05,0.00014986145701840643,1.4096118944431204e-05,0.09203843131649206,1.771122579523089e-05,1.994399230021761e-06,0.008901052307924756,0.014775457296353068,0.37918857355274527,0.03592099255137575,LFP,4,97
-55597.6139498124,2.187973652347539,0.006343783368541878,10467.116089018082,-0.22541761282905348,-1.2745823871709465,-0.5818256888737378,0.572871101969965,2.3125591574366827e-05,5.662615586330963e-05,1.568897116691667e-05,4.74998674739157e-05,2.5429992897254483e-05,0.08936658519909324,1.9516614998885193e-05,3.9351824773303314e-05,0.007074434129184254,0.061671078645011146,0.18478681228553,0.10171642019572114,LFP,4,90
-37949.651685476405,2.3948322056375035,0.0012625502385667639,13689.969128095698,-0.19285927999602315,-1.3071407200039769,-0.5023653255209489,0.40665920418487034,2.5870703679873517e-05,7.637345084207776e-05,3.832291817496285e-05,4.442692684626615e-05,1.6547147880354286e-05,0.0975337925828057,1.5954192304675395e-05,1.2521844263541223e-06,0.007467053519913185,0.13750281001323625,0.14261615189887444,0.14751571256694043,LFP,4,93
-23390.06784348826,2.108834249639769,0.007322987478447548,5346.173119384191,-0.32523391666769896,-1.174766083332301,-0.38187413573477247,0.5690371091209862,2.13711477955946e-05,4.401272688872905e-05,1.4027807021836898e-05,0.00010224271130671866,1.6663867383352012e-05,0.09245337522535982,1.7318672810414674e-05,2.907461099123185e-05,0.0049103662145186175,0.013814167646839286,0.4957770974067936,0.03853459921159469,LFP,4,91
-265444.04426662263,2.2894541940513156,0.004438875088326677,26752.928533632905,-0.3496445920567801,-1.1503554079432199,-0.5925072743038491,0.20352987343811327,2.8239142365514605e-05,7.098721508722185e-05,1.4074569330453236e-05,4.021636228215176e-05,2.1985538582922642e-05,0.0466393554068362,1.988880199926363e-05,4.6858621730861446e-05,0.020028706047339015,0.03020275827066059,0.2113862908569008,0.0959036765685895,LCO,4,55
-78382.41103273578,2.1978268271183987,0.003487209684214352,15414.688684124652,-0.32137854193961957,-1.1786214580603804,-0.57905611432408,0.27335057941198104,2.7458668888480578e-05,0.0001464307899765497,1.1233480361436513e-05,0.00014606475780727234,2.8056827390143158e-05,0.08436978206849433,1.6825102138119176e-05,3.859667253026579e-05,0.009048539700314545,0.02566877227062478,0.2852620120382721,0.04001310136702323,LFP,4,76
-38027.29135965802,2.2388176228533814,0.005929440782535637,5925.28049148108,-0.2505192089104611,-1.249480791089539,-0.38175526674101556,0.5449538532702294,2.039594472213803e-05,9.221599389014526e-05,1.0042504493530325e-05,5.696372999944948e-05,1.3895330753500497e-05,0.09416706550071534,1.1927356050583986e-05,4.44120981793362e-05,0.005066599792254957,0.20561046530020805,0.07813624783802875,0.2644980201207477,LCO,4,90
-125657.18213148024,2.630472875893623,0.5072192377015526,1893.5707803041128,-0.8140214713370657,-0.6859785286629343,-0.1527097679543331,0.7082707399919432,2.5950742597816562e-05,0.00018492828628491797,1.5981512453387357e-05,9.777715908708556e-05,1.2520175780919114e-05,0.05013162206060006,8.178698875384907e-06,4.561833311897296e-05,0.019138568618293893,0.16243811080754034,0.09513057850320066,0.519721542734926,LFP,4,4
-15349.694894858208,2.4125295690850663,0.006605425276644001,1531.8993604166203,-0.23936732173064357,-1.2606326782693564,-0.3173309223832752,0.4105986149309669,1.219926328581527e-05,5.347799994322886e-05,2.583312357502299e-05,4.5334443495031515e-05,2.9748213350196888e-05,0.04325006531104493,1.3389635774451457e-05,1.722533928978436e-06,0.004461545398527448,0.06903903037054229,0.5135833337849779,0.030046713461204723,LCO,4,71
-154123.24533136905,2.127145189619259,0.019773805805452266,8491.663142740754,-0.12231215823467245,-1.3776878417653275,-0.3801679667137876,0.2731590024414711,1.2206919798770977e-05,4.9806128361418226e-05,3.299852301319319e-05,4.925642249343607e-05,1.731202221409602e-05,0.09257285483589321,1.7449259192828606e-05,4.3247438294975395e-05,0.016881446301640103,0.4680507987603397,0.04362979997474817,0.038151434551124616,LFP,4,12
-322488.5174786438,2.231194560101542,0.0034956540840994275,53321.756534830965,-0.31554221638376667,-1.1844577836162333,-0.43710794159294564,0.25092980369523443,2.907025697052305e-05,0.00017609604263460748,1.023238341120252e-05,0.00014501342589875953,2.815705675269408e-05,0.055497967047600454,1.682985495861564e-05,4.448994163314704e-05,0.02262550663955017,0.025795709008646486,0.4248255985083775,0.04227075089003047,LFP,4,67
-140486.32867831044,2.3496142513393483,0.002288802477855061,38575.81505106735,-0.3255033424114373,-1.1744966575885627,-0.47879947688320623,0.2478471276886557,2.8979384479682468e-05,0.00023223554991322706,2.2919877111180827e-05,0.0001454345384483359,2.655064788971505e-05,0.04183778566015324,1.595547556938436e-05,3.5280660376348956e-05,0.018361931126774644,0.03179771931717572,0.398508023868954,0.02089477993066406,LFP,4,94
-44798.31574426128,2.3142899216573363,0.0023906794245755285,18763.998506745666,-0.32304611134590644,-1.1769538886540936,-0.6871404629107863,0.20771588291771242,2.6271572882583995e-05,0.00022516525658694108,3.3106711478497676e-05,0.00014204620789878616,1.737932335232147e-05,0.089342185465039,3.912182234792751e-06,4.045182168516182e-05,0.008440597806444836,0.15574085316866407,0.043738716334179126,0.04337996758637055,LCO,4,91
-282622.586170349,2.156266776930717,0.03050959862519307,27189.406972207948,-0.3632174186775927,-1.1367825813224073,-0.28291350945923865,0.5393877931491857,2.1322509190798904e-05,9.815559663492582e-05,1.0170444643437706e-05,9.108507382085354e-05,1.5242248180134913e-05,0.08199526078602579,3.563978867967053e-06,4.160257333247842e-05,0.024510594459013147,0.5347402946742839,0.07488362029901555,0.03746257556746198,LFP,4,21
-146928.50126340575,2.567229457132737,0.011624044870424862,10907.212103980717,-0.38133165453192497,-1.118668345468075,-0.2574367828971328,0.31028993072924493,2.912864546397169e-05,0.0002442698819310965,1.6473829416339395e-05,7.902968359166764e-05,2.3053862850369992e-05,0.041569123001915155,1.7613915000778693e-05,2.414398249899746e-05,0.0170662572883786,0.05482411382463487,0.09447133418413826,0.5232677690940941,LFP,4,34
-86787.09770041774,2.0826366699869103,0.002988894156082357,33828.53153484627,-0.3669626999897595,-1.1330373000102405,-0.2980383511735972,0.2478520798974084,2.3875149268629105e-05,4.352384152891616e-05,1.625238777581136e-05,0.00014537904694677037,2.507402686819854e-05,0.04149544582521766,1.6475073492802678e-05,3.5376770337245254e-05,0.01841168486495444,0.03180774317143269,0.5792962105593318,0.020857695095638354,LFP,4,94
-74539.65683164957,2.261653628625632,0.0050227430165940634,10039.080846858302,-0.2552668519660646,-1.2447331480339354,-0.6780062800416182,0.29860659942158835,2.9148442057960278e-05,5.6477259596059474e-05,1.2188306884676707e-05,4.3247481913825544e-05,2.792705635210608e-05,0.05509785113524186,1.654121733181952e-05,4.933196244983135e-05,0.01012434927578416,0.08626932262327752,0.12613294633664487,0.03959145099845939,LFP,4,70
-29506.54744420484,2.4804939286364482,0.002812073033731853,7794.220557290849,-0.4145347521779996,-1.0854652478220004,-0.3216008536088073,0.2796680420415714,2.547731943029765e-05,5.151995609150209e-05,1.5632878679646095e-05,4.595822183600578e-05,1.6043724196423152e-05,0.051864667370879455,2.5971972234160377e-06,8.219628274966293e-06,0.008046822196474693,0.04241859471624875,0.3619407737401584,0.20403977793478564,LFP,4,97
-179817.48813011654,2.307517834450642,0.018216847736378508,14565.632423174187,-0.54118518221782,-0.95881481778218,-0.3394889841941552,0.2679697395586634,1.2573906045986548e-05,0.00011970755355843116,2.0175524733958388e-05,6.243145868340529e-05,1.528790063405839e-05,0.04080802774281314,7.52629502017404e-06,4.118796814561254e-05,0.024708976015982365,0.4861659441261939,0.07488364267956582,0.029461429000085165,LFP,4,21
-290854.6577931714,2.5338377946805997,0.007021924499626385,41172.29090476242,-0.40657682905136383,-1.0934231709486362,-0.7086587145017678,0.2896588782982827,2.6201867972051338e-05,0.00010722195156189189,1.919343754356904e-05,0.00014989167508846764,2.45485246192004e-05,0.07246643684463772,5.79068473365454e-07,6.859374297971808e-06,0.02262790346060761,0.08864729337205308,0.12201637421859601,0.010677617907583136,LCO,4,36
-33733.95603803934,2.4804249499677353,0.051462359968373665,2470.31979708868,-0.4148393115454603,-1.0851606884545397,-0.3481404074306468,0.7085912856767986,1.2460908622853307e-05,0.00013543145158570883,1.5774328793159767e-05,6.3121652902566e-05,1.2058208106399584e-05,0.06091602495173966,1.8633572111936218e-05,4.0311694162543345e-05,0.008679123083270585,0.499973793689664,0.040737082028267535,0.04114871685142178,LFP,4,19
-266828.3248316391,2.3078619643652405,0.00656174772044305,39335.63851194605,-0.28940751745978766,-1.2105924825402123,-0.591007945687199,0.32331311454398076,2.9330191621230004e-05,0.00020995208405063018,1.0301203489713856e-05,0.00014540600679934795,1.848536948605919e-05,0.04302903429481951,1.481677292042415e-05,4.194440055728979e-05,0.02255291488416837,0.019277540485763522,0.11795586967242756,0.20175864415460987,LFP,4,59
-219084.17447692854,2.0768656078318903,0.0050950266472564515,63764.966126284286,-0.29380320349626743,-1.2061967965037326,-0.6784949253424246,0.21234873238974886,2.933110618880301e-05,6.185950668386121e-05,1.4038671251117829e-05,0.0001454124624947725,1.8359803436494653e-05,0.08897372821136015,1.4953771866240867e-05,4.479963207754787e-05,0.0202214498546541,0.015860683791250194,0.11836117125868063,0.11728321960764464,LCO,4,59
-230396.25350284524,2.5749824775787813,0.002784764003937156,63166.61515187483,-0.49526015126134304,-1.004739848738657,-0.4444794627148843,0.2548234070292662,2.4673888565079052e-05,0.0001978853938834285,8.085995580653724e-05,5.683367436924109e-05,2.8059287980697618e-05,0.04119635019785218,1.7026810499988694e-05,1.3228741892966788e-05,0.02402494556523766,0.051262879132177974,0.30082881897003444,0.13342883918290332,LFP,4,93
-519021.7709136278,2.4889346362804883,0.00247566759191255,93137.05885303802,-0.3363659649560251,-1.163634035043975,-0.5699667275793814,0.22950173610497895,1.547992595419592e-05,0.00014352191663533862,1.3654837485680716e-05,5.134667058486006e-05,1.711993080572405e-05,0.08683683512178944,1.7438606494092266e-06,3.6732464321173415e-05,0.0202171085590592,0.02544734254754059,0.15146531205061917,0.18312061782245898,LFP,4,88
-355751.46281363565,2.533655051414969,0.003960903139001168,70614.21854291965,-0.3727352912991311,-1.127264708700869,-0.5196350574421269,0.2895361553299951,2.971343117515491e-05,9.450213108626294e-05,2.467741069054869e-05,6.822059317891699e-05,1.9151812863422572e-05,0.09228120233351039,5.016097033323774e-06,6.41954670194809e-06,0.021104861249726603,0.209082872865977,0.14809120351945912,0.05319086617243711,LCO,4,62
-43941.28595780535,2.3259048898583625,0.0037849642048245692,8572.189572707273,-0.34201601005596594,-1.157983989944034,-0.40055520817163626,0.28910561087481357,2.7141726286229783e-05,9.358607824267266e-05,1.923274691875763e-05,0.00011621540406356556,2.9839027467545803e-05,0.08882147540771655,1.771192572205648e-05,1.7204005976271835e-05,0.007261482371855694,0.027941229549049575,0.3836099689408258,0.11789359333848838,LFP,4,69
-38333.6085226531,2.1197099290711647,0.0028539192086057233,9078.28041395248,-0.3022824491504217,-1.1977175508495783,-0.44262423848319177,0.2008668148902581,2.3149790834619475e-05,8.801593400552734e-05,1.3878173696631952e-05,0.0001220873690906084,1.8096015909342173e-05,0.08889837858625978,9.324625581652157e-06,4.2442744380473545e-05,0.006936645976145311,0.21188305806665075,0.15734682159184962,0.11814588185830786,LFP,4,76
-29012.49573942324,2.818232246412949,0.6218524798604242,62.956067737794434,-0.4450426134600569,-1.054957386539943,-0.19818294004228365,0.20844625981064882,2.962985768209257e-05,9.992147864892882e-05,1.447959310079524e-05,5.6513514240581154e-05,1.2541155852430132e-05,0.05315785940315551,1.916327815378564e-05,3.671743063595278e-05,0.004019725951186758,0.05378965603362716,0.08670940609507952,0.5913179978290097,LCO,4,3
-15026.642823360165,2.3770535602610496,0.001384124662925466,6473.096988716538,-0.023076567193218267,-1.4769234328067817,-0.5608805739259046,0.27529373853424244,2.1543642169431465e-05,9.353518747286405e-05,1.5017172371946342e-05,0.00010662051976102036,1.380620856100612e-05,0.09503996433014789,9.303700383890921e-06,1.515261130886189e-06,0.005035531791365337,0.20775827015011933,0.0833880084193369,0.07797314750463914,LCO,4,90
-39015.65161991873,2.0571354621076043,0.009782252781481654,16370.638798915754,-0.2636135204459773,-1.2363864795540227,-0.6135933587904974,0.792097696033611,1.4621118958943154e-05,4.899106636101734e-05,3.3063421533634995e-05,0.00013470582277362272,1.6730349848351295e-05,0.09712628852003002,1.3697356403729211e-05,4.196378964671116e-05,0.008105155842456219,0.2267271432985077,0.03151729623867054,0.0581622016723244,LFP,4,84
-46285.72308333856,2.062742551345743,0.007433003111547754,13285.355331819093,-0.2998894856594436,-1.2001105143405564,-0.36485639945724524,0.5692410051621205,1.9385013865875728e-05,4.352489732251411e-05,1.672499466278971e-05,0.00012791163917622527,1.842769712433515e-05,0.09248512976369641,1.440321878332211e-05,4.238226632515266e-05,0.007669923246774078,0.03137850430289945,0.4968014169697491,0.0369636792701062,LFP,4,91
-146753.72566417052,2.2731777573470526,0.0024597996875143843,38985.0755272903,-0.31967633747992785,-1.1803236625200721,-0.48049582884521824,0.2478448731878631,2.156795110169313e-05,0.0001858570571887938,2.597687871051578e-05,0.00014537824736300306,2.7210680022818626e-05,0.04184177361911578,1.670841886638113e-05,3.5421544081731476e-05,0.018411899034811767,0.031797534633680506,0.3968114127308232,0.02089522379027811,LFP,4,94
-312537.97905275645,2.5974735457145393,0.022895992643738393,11613.402671431968,-0.21897393195301262,-1.2810260680469874,-0.46243387384369755,0.2446552739122575,2.5876735480901877e-05,0.00023945407123063814,2.1328165634945677e-05,4.4715068517866e-05,2.701594586895836e-05,0.04165395650016417,1.923465501355129e-06,3.694472543338774e-05,0.022758968106421553,0.05017766308209028,0.3963966077804614,0.020991855293750847,LFP,4,19
-125845.58300291724,2.171192740683813,0.004011572634622823,37341.068240291694,-0.2885701899684143,-1.2114298100315857,-0.48475268476796135,0.24784489839536136,2.9171458202188728e-05,0.00012035189115235284,2.5892158715963795e-05,0.0001454609998479877,2.6562923308782584e-05,0.04135458260345981,1.647770316146782e-05,3.523778583616382e-05,0.018435355277279974,0.031807766460230265,0.39258196876330703,0.020857580008501426,LCO,4,94
-173038.95624274458,2.2438866577780647,0.0021033355242533356,49261.67474736518,-0.3174032776821658,-1.1825967223178342,-0.38243799055478045,0.2509534406674168,2.8714240354044498e-05,0.00021594836384700817,1.5448341214317846e-05,0.00012805620587129046,1.3725744219503354e-05,0.0417173944728313,1.6184125969169496e-05,4.410322587861085e-05,0.020432224563124973,0.2838558258888212,0.14508096201878382,0.11862522153761453,LCO,4,97
-437267.367700752,2.293626925269418,0.0052000406293132555,49267.264514700575,-0.3496445920567801,-1.1503554079432199,-0.5921144534103233,0.2011378562199746,2.82957673528181e-05,7.12288244974545e-05,1.4035807074098054e-05,4.126616267572539e-05,1.8334525899528052e-05,0.08590443657264707,1.9955159967182124e-05,4.2360700529714486e-05,0.020457346718873518,0.030192786314969317,0.2112075930462921,0.09648516722841526,LCO,4,52
-422863.20323775784,2.2299280534470896,0.006149440118348521,43012.25117637607,-0.36307006218430615,-1.1369299378156938,-0.5088445923156966,0.20088002251391004,2.8902085124136834e-05,0.00010105395564518885,1.5026653530747625e-05,6.692799869860596e-05,1.3801333925539733e-05,0.09505589452327509,4.494686134136506e-06,4.306817848742527e-05,0.020543388734867187,0.29040991550483297,0.025933286554028254,0.10481220562544225,LCO,4,38
-412566.76103168825,2.2077842767718687,0.0028861983359041612,88203.38593326794,-0.2827442210718907,-1.2172557789281093,-0.2534230402587593,0.3077484553229075,2.5876762271623404e-05,6.660976370757103e-05,2.3807870031036636e-05,4.605150504843225e-05,2.7025643601993192e-05,0.09008367426773856,1.5910675622730513e-05,3.7225615929407246e-05,0.02100801118459445,0.06167927002574777,0.4031582639756476,0.21173942573984533,LFP,4,95
-260021.7837120667,2.433500110608318,0.32793060422208026,3846.2829918034768,-0.3527783880151443,-1.1472216119848557,-0.28341044691459716,0.27159751449157393,1.7702224075703197e-05,0.00012885350797307399,1.191092183902838e-05,7.320261471992291e-05,1.3347787896954557e-05,0.08603625602317667,8.670613689605786e-06,4.4937944557370145e-05,0.018192433865915417,0.041567936822057616,0.27812207522380294,0.3268995410395423,LCO,4,5
-25626.70295941964,2.100001458574507,0.030922085282499893,1219.5726551096734,-0.35015326272543135,-1.1498467372745687,-0.7978170506238311,0.21950845415526712,1.9194338462834358e-05,6.730658195350289e-05,3.0273300052752748e-05,8.59128340404709e-05,2.665147684334263e-05,0.09240947679944878,1.995830735251557e-05,4.4213560075079134e-05,0.005041706467646092,0.01877914975643072,0.02662755806871743,0.08677624155102075,LCO,4,17
-70415.57203719807,2.9632246870412584,6.197927597609825,601.5144628336733,-1.2251132876010438,-0.27488671239895623,-0.7091333986924652,0.20665511863768102,2.411983816839905e-05,0.00016214133414795137,3.236644357749796e-05,0.00012978172298438816,1.8951519796508227e-05,0.051301742103994886,1.788965643664545e-05,4.669551996291985e-05,0.019218097251520364,0.017007497213184883,0.17365974977650916,0.03019935431784082,LCO,4,1
-30370.45110103031,2.3646321934782546,0.2261981334361788,268.5461599784705,-0.30176372736483437,-1.1982362726351656,-0.3030396604607797,0.30460637807695473,1.923312512699255e-05,6.307481512788049e-05,4.464268735037053e-05,8.686960897080865e-05,2.903099509118807e-05,0.08379936125263955,8.039355050427917e-07,1.9163147490746432e-05,0.004545231851901437,0.022064698483645947,0.5180749475709435,0.08682069348463098,LCO,4,6
-358178.412438563,2.1566798635780904,0.008497737776105229,28827.182191429518,-0.34717711834126064,-1.1528228816587394,-0.22324237710270767,0.3484662869415339,1.403508770459266e-05,5.3477799459257424e-05,2.4187026163757813e-05,4.8637909595615505e-05,1.27505501592668e-05,0.06505349696280215,5.149702727115883e-06,3.991834132942257e-05,0.020913109055024217,0.02476171568613195,0.5524516675219711,0.1295442396891894,LFP,4,40
-181963.23356357167,2.9364758753236324,0.36690440477581077,1813.0710493946856,-0.732955197552803,-0.767044802447197,-0.24768980212716007,0.5504001511309455,2.8584676713603197e-05,0.00014278607919249086,1.3193998781657678e-05,5.900984213396971e-05,1.2373669905249164e-05,0.04883956565984985,5.676824273346388e-06,2.2747547939305065e-05,0.01902464352135947,0.058458440580782485,0.0934600455049141,0.5303917117871434,LFP,4,4
-143543.25474340018,2.1967376304662585,0.09754172692699016,2452.51370380218,-0.4745076736019094,-1.0254923263980906,-0.29924522079237337,0.3765246948641,1.5733108030052074e-05,5.014999486730559e-05,1.2039434586346084e-05,0.00014407774004602223,1.4980676611829621e-05,0.043698496883044335,1.8863499293745114e-05,2.999938085309168e-05,0.02022855362579993,0.044284476872962684,0.024378041432454832,0.5620922609022092,LFP,4,5
-83369.515612092,2.329400501329223,2.0969430968730696,960.16896665266,-0.5084995216821717,-0.9915004783178283,-0.47669767338208796,0.28936858669053034,2.8155460397161933e-05,6.824557339105802e-05,1.7203358837757215e-05,0.000149190590322414,1.2356841632176442e-05,0.05432071519551085,5.431516703180676e-06,4.488856044459787e-05,0.012440043421655894,0.01980895595546472,0.01843784407931411,0.41505552658313327,LCO,4,4
-358009.83970446826,2.518973442565754,2.2114247573842696,3591.556445210216,-0.38678722869074633,-1.1132127713092537,-0.19977000511468634,0.27542474330658184,2.9324226902157398e-05,5.03908983072689e-05,4.274300995700265e-05,4.25938356927422e-05,1.52860724647431e-05,0.09660388886579672,5.586459351800946e-06,3.8513949033036675e-05,0.023036230445861283,0.043488119243424016,0.1721612792011881,0.5145805964407016,LCO,4,3
-531958.4976244486,2.141583440341604,0.026935656084386396,7919.342542774703,-0.3806039541358537,-1.1193960458641463,-0.3402996164837876,0.20302964867795303,2.8739000983459432e-05,4.105891683298268e-05,1.245653299811467e-05,4.8273479214511074e-05,1.3639527542652238e-05,0.08085714349905854,5.914577179391405e-06,4.492554421137161e-05,0.022884075373852408,0.033141230675254346,0.3519765095145382,0.2045826433264199,LCO,4,8
-278806.8176561279,2.334609789818857,0.06212831114396816,5291.499207687472,-0.42107869140755483,-1.0789213085924452,-0.23415331516483484,0.24800191650749304,2.0759376007006525e-05,6.923694399322491e-05,1.7448312956861638e-05,9.944968083994992e-05,1.630083401586037e-05,0.0789638240979794,1.6103459780823242e-05,4.50695411779671e-05,0.022841235885028018,0.021579500960468286,0.1937591930706266,0.48050799080407025,LFP,4,5
-57534.40556668815,2.471731192239796,2.3287938115893576,538.7093922530129,-0.7153455542224059,-0.7846544457775941,-0.23308583917496029,0.2246877265166618,2.8632066453741997e-05,9.031229352883904e-05,1.2141341090505051e-05,0.00014448821976189164,1.3896938922287155e-05,0.09632305845112445,1.7659871790016775e-05,4.092789778432823e-05,0.010348500482690258,0.04742852980166257,0.11349492752085755,0.5359907035025196,LCO,4,2
-370246.76869742386,2.9036811819607573,2.2661888611489296,2665.267562150524,-0.7821986103868177,-0.7178013896131823,-0.4469926833531881,0.2028828540776802,2.858256624966589e-05,9.080812016590366e-05,1.1994343587295387e-05,4.7336637463648e-05,1.3903371928998869e-05,0.09670221795264203,1.817158045843941e-05,3.920399382439143e-05,0.022930451085854155,0.05378740911203359,0.3652470797250559,0.06397282780972244,LCO,4,2
-351632.7692339617,2.593669898542471,0.02307906804746465,14285.721682589494,-0.42669797124963793,-1.073302028750362,-0.6106556232167554,0.22885853737733183,2.3097956315467136e-05,0.00024928046069398995,2.4075921622786604e-05,6.425267576679584e-05,2.3970346103267505e-05,0.07484957143326995,1.1593201024640851e-05,4.219605501216969e-05,0.01962327247341763,0.1179531163490819,0.01735388621752762,0.18403737421663513,LCO,4,16
-677911.2142122767,2.150970707872856,0.019425618193172792,20661.642885618177,-0.18264688053973188,-1.3173531194602681,-0.17497684979461947,0.2423560051529605,2.8627998414195234e-05,4.183976058158293e-05,3.7203892594873546e-05,4.0139994580746716e-05,1.4861396244017704e-05,0.09667572374684634,1.9294883748497703e-05,4.528393540082111e-05,0.022883024652105642,0.043750490392518375,0.11909911736235203,0.5921735424505102,LCO,4,18
-283052.53122973,3.0719656146371697,2.2857262467497623,2019.360622435956,-0.5292616728667667,-0.9707383271332333,-0.40879324960294394,0.2654857989160964,1.6158788657596203e-05,9.085930537411973e-05,1.0837186869483132e-05,4.6134755914163786e-05,1.298185642741458e-05,0.09673764582832041,1.7778736744752846e-05,3.625220422502559e-05,0.019507666481250005,0.05417142145464337,0.36572721936256397,0.10130810957984879,LCO,4,2
-205979.44028432277,2.311231103259598,3.039140227544844,1782.0710818903171,-0.3838502578054541,-1.1161497421945459,-0.0129159036175438,0.3781121154259169,2.9215784064427452e-05,4.572482141106418e-05,1.1904303164701666e-05,5.589537290675813e-05,1.2318232217103897e-05,0.04957013363173682,1.906323178347886e-06,2.290458332781525e-05,0.020621748204158238,0.19690080195157228,0.13020013637522165,0.5899831580556623,LFP,4,4
-42365.97208157373,3.132188479279014,1.2082432108183578,328.10903660115383,-1.0484420978005122,-0.45155790219948777,-0.33822570495422843,0.37816611058583777,2.934179565094278e-05,0.00024532823789633876,1.15064975691918e-05,5.5890094010050025e-05,1.500175764884872e-05,0.04750674649392049,1.6996251321065448e-06,1.3517102057472641e-05,0.00915960446391472,0.05263165650045183,0.03846329770875423,0.5006793408365655,LFP,4,3
-224569.5099170893,2.6962757170249767,2.2843026751773348,1595.425480058128,-0.7337229954588853,-0.7662770045411147,-0.2432706509857674,0.22562944641412455,2.907567063549286e-05,7.192712075445422e-05,1.5959271308005448e-05,9.206775718028494e-05,1.2507175912397693e-05,0.09493551043748194,1.2386197530173673e-05,4.493475588889487e-05,0.018214012125643466,0.17211210998430135,0.09450020901576132,0.42011703001417,LCO,4,2
-162659.0912569951,2.151750052611666,0.018095939335374695,4710.624665141086,-0.3774329427098273,-1.1225670572901727,-0.1516988404363565,0.221450052925955,2.665768491499694e-05,4.102732227616208e-05,3.241895753871708e-05,4.890979291324563e-05,1.2771700965943967e-05,0.051834118396969435,4.0897614546015284e-06,4.3582781606664486e-05,0.018964153605641156,0.012910934259730368,0.4062079575917935,0.3591822677121196,LCO,4,11
-16793.996271203323,2.6949322371216953,2.5544160740242448,46.99941856899907,-0.542730895703329,-0.957269104296671,-0.646174588467493,0.29406183417631226,1.473178942280148e-05,6.299088265070428e-05,4.587604288135473e-05,5.990891849281972e-05,2.9220549020067542e-05,0.043817473636871475,8.048216232002935e-07,3.737567895131448e-05,0.00429280231645387,0.06169995050207738,0.13781049051298724,0.08431497051744238,LCO,4,2
-212261.16953321957,3.2793938271604874,1.049406334247878,2097.059710067661,-0.9028426776547711,-0.5971573223452289,-0.3618698204861305,0.3790416538535984,1.2674358997303557e-05,0.0002455161246033819,1.1495545622432995e-05,5.530497959528828e-05,1.32975318287203e-05,0.04949006669511624,8.717728639344981e-06,4.3811638695010174e-05,0.02204814624235287,0.04079703286123823,0.2866040875232169,0.2407290591294144,LCO,4,3
-88342.68472939555,2.340406693405064,0.08295969309142319,1505.8887681004971,-0.2844701069135489,-1.215529893086451,-0.24911372792490216,0.21016323376438548,2.929921816342855e-05,8.899131275454052e-05,1.9193771871532657e-05,7.390579840869532e-05,1.2249978331435054e-05,0.04687714915341795,3.5141805738837314e-06,4.453810869724777e-05,0.01263191340900332,0.013794532043417766,0.08084124219228642,0.5862504978393938,LCO,4,8
-54347.196997217485,2.2063071172886537,0.054768072074089326,1126.8552407697812,-0.4483062225425556,-1.0516937774574444,-0.23733700346278075,0.23145981413433145,2.9299934026803802e-05,7.174013191781005e-05,1.443543952980881e-05,9.945565247122289e-05,1.2619550206530121e-05,0.05565566242212186,1.256989167791289e-05,4.4528770758254825e-05,0.01002490241248049,0.012344389842240303,0.09077659998026356,0.5895420067147155,LCO,4,8
-135109.0423544668,2.4964454136734986,1.218487649606329,1222.145452905897,-0.621560860235439,-0.878439139764561,-0.24965104535473848,0.43045574792256736,2.9441311856169514e-05,7.549984411311327e-05,1.1087264896430851e-05,7.082617530343274e-05,1.625001824866254e-05,0.0862361578145297,2.947604310041596e-07,2.5471896942982995e-05,0.016983035153407728,0.1573950343136011,0.14176719679968391,0.3811867235319766,LCO,4,2
-107764.54821906386,2.9000818828470747,3.7890962044261567,775.4474497029125,-0.4621020811546366,-1.0378979188453634,-0.03028826551082986,0.2491639036568694,2.5751613742609524e-05,6.226311880444267e-05,1.6154563696046426e-05,4.733330481335453e-05,1.2757851778173822e-05,0.049078802875842625,1.8248729657728063e-05,3.909763140225779e-05,0.018960645671645265,0.01289129483779243,0.40655580671480296,0.4802646329365748,LCO,4,2
-159697.54603469296,2.492493221100533,1.4773483456890306,1597.8537653976941,-0.5807424083812354,-0.9192575916187646,-0.20576807818933296,0.4546595012545341,2.2624725208620903e-05,7.840821620464499e-05,1.0898364070177044e-05,7.145739779958497e-05,1.7384119918233653e-05,0.09698823918129454,2.673834527513736e-07,4.90751098402876e-05,0.014820932432120366,0.2071471209938479,0.07462422188698342,0.44246057892983576,LCO,4,3
-103670.48218364792,3.1593091472352355,2.2324278213945936,980.8922752761607,-0.7952504172375114,-0.7047495827624886,-0.5904587469310548,0.42305518816208293,1.2982878441676696e-05,0.00018511986745320386,1.0531315188293244e-05,4.2324007902495976e-05,1.330416445400708e-05,0.04616044157660579,1.794852626088595e-05,3.6160683625604624e-05,0.018481056971227566,0.05438493836431091,0.2501780385285036,0.034978276176130696,LCO,4,2
-204203.4918007716,2.5441552503422997,3.6006391919553127,1019.3410014939004,-0.38678722869074633,-1.1132127713092537,-0.24391168647080863,0.20358239732088326,2.8904415784377722e-05,4.8402821686661923e-05,1.591655928721624e-05,4.0312622987758484e-05,1.5739015981674046e-05,0.04295612096390393,4.469185787094339e-07,4.5079665433528084e-05,0.022980402558187354,0.07482598222799638,0.3488094198503408,0.26245291145085425,LFP,4,2
-430804.8012531715,2.329443042383323,0.07330595805272583,6825.378329421593,-0.2001834989575535,-1.2998165010424465,-0.43147383879473566,0.2690691134682911,1.7364097342377707e-05,9.244530255311109e-05,1.1930156929597778e-05,5.574426514555578e-05,1.3842736701531924e-05,0.09493602274930359,1.5179666359821299e-05,4.509288166038425e-05,0.02284095545171824,0.06780157292060289,0.3674902401179817,0.06323434816667975,LFP,4,5
-502489.3774371928,2.0799715797698006,0.025575631688891848,21736.16984095403,-0.1780151186694301,-1.32198488133057,-0.6421196850410252,0.20137186955823638,2.9676267766366356e-05,4.388619262525651e-05,1.589757308106317e-05,8.584037081196884e-05,1.248035878569834e-05,0.09328171500971523,1.156220720136265e-05,4.519830071537024e-05,0.022845169827637443,0.05189932754875767,0.12564048085647908,0.11034050655373805,LCO,4,16
-136909.64321176842,2.625452677725744,0.34363324650267246,2157.383534223177,-0.37161596583012724,-1.1283840341698728,-0.34750800687684713,0.2610762384351559,1.2553004253951756e-05,0.00014874800777701992,1.3796505135179588e-05,7.991428957644471e-05,1.335069365125634e-05,0.047513705043103205,5.602883835293527e-06,4.4847862148658454e-05,0.017835538147876397,0.03400021483236525,0.015216878069449408,0.5332749002213383,LCO,4,5
-601861.7893882812,2.4492846966742987,0.45585802823003235,12554.581115115445,-0.2121465800039779,-1.287853419996022,-0.23172669116435263,0.30354416028613523,1.3871506721699607e-05,7.359755253729605e-05,1.2785821269806709e-05,4.215804435879658e-05,1.3218226491148481e-05,0.09943422709204733,7.593392288792118e-07,4.339242219980243e-05,0.024877149045320464,0.06880965563089907,0.5200635859142424,0.10940006729050603,LCO,4,8
-225242.09634986604,2.1005171532799354,0.014984928092682596,12693.398465219065,-0.21426698145611134,-1.2857330185438887,-0.5564643621802011,0.2011268593028895,2.7727839082212986e-05,4.508067713179989e-05,1.5915610567819976e-05,8.627167319038213e-05,2.545545800212583e-05,0.058023641105618515,8.282749038284824e-06,4.507362656481563e-05,0.022783571932463168,0.04732723446386183,0.21581425178737862,0.11039415156855847,LCO,4,16
-400167.98565527826,2.0872214065254493,0.01691585502507853,20472.48305592721,-0.3688833240698095,-1.1311166759301905,-0.39214569124563337,0.20824779780003022,2.9050515956214197e-05,4.5121964604688785e-05,1.5288237290210057e-05,0.00010754160578155505,2.5595288354668886e-05,0.09671268032615453,1.5774253826977173e-05,4.5383644022081414e-05,0.02278386529932226,0.04733804858752587,0.07606491464726328,0.4144513455195775,LCO,4,16
-78424.81938259305,2.1252221896305024,0.003556058759651924,18461.021822886174,-0.2805312090454066,-1.2194687909545934,-0.11141733241349783,0.23592424228978565,1.794734353962882e-05,4.0142670656742546e-05,1.7080968430362147e-05,6.206692016661768e-05,2.941454352448528e-05,0.09517047201875596,3.243814167721721e-06,4.856275449944581e-05,0.00939593873082954,0.26595775581211806,0.5420656956537097,0.010559216120674425,LFP,4,99
-153254.9651130113,2.6040256347179245,0.010329866254269746,11524.717840664247,-0.3934006858868262,-1.1065993141131738,-0.23882584725535505,0.27252022192880226,1.2341468068102402e-05,0.0002101112259095616,1.577405865131427e-05,6.268801789283886e-05,1.7131252892573604e-05,0.04149708833779382,1.7131259437388777e-05,2.393450888379678e-05,0.017288587958570037,0.1483729543820895,0.09523793347296511,0.4475632648895904,LFP,4,34
-49657.86935961893,2.4882140591095165,2.245181626426809,489.7392872870077,-0.7206706016732198,-0.7793293983267802,-0.22131613782018844,0.2093177684644071,2.815547124062581e-05,9.29445844231324e-05,1.5978539932662608e-05,8.481666713501151e-05,1.4556151565637022e-05,0.09327707131034682,8.661122260246514e-06,4.7209823882651895e-05,0.010214789960079181,0.053982977711007865,0.11319480804293121,0.5415060764258726,LCO,4,2
-329761.0657535178,2.330350588411481,1.9954326389580965,4816.054262720943,-0.35357750686943135,-1.1464224931305687,-0.5305638189437245,0.38114647324841977,2.829775659874739e-05,5.554129132727103e-05,1.1861571091674958e-05,5.5950465608593454e-05,1.4604510343120958e-05,0.0972621976804526,4.912674105888195e-06,2.2666994177779045e-05,0.01951974371547881,0.19725842562480156,0.02273297433617741,0.17944478109529652,LFP,4,5
-143543.25474340018,2.2885742629707844,0.10770194710193785,2365.5287626964905,-0.5024396617858251,-0.9975603382141749,-0.1520249374909809,0.3767097968706894,1.4681712954408715e-05,4.9932233671285984e-05,1.1967519785617848e-05,0.0001456882137758094,1.5003661428975823e-05,0.04346107047959022,1.93693490582548e-05,4.8723746651840434e-05,0.020443340988326182,0.05914752174633851,0.12100951575624694,0.5978180250064338,LCO,4,5
-636958.1445960859,2.2744860231698443,0.010045667145496671,77534.69907292572,-0.3142323930761499,-1.18576760692385,-0.4380831846249388,0.5330379405883908,2.985123632619812e-05,7.598055180404265e-05,1.8879632999735897e-05,6.203092100428499e-05,1.3147553483144585e-05,0.09518564844448185,1.0586518346574641e-06,4.235705759591818e-05,0.02441378968167624,0.06290011778183377,0.256545932896282,0.17247076469694544,LCO,4,52
-78501.8849035074,2.3600531277147523,0.005071956292254027,25263.53235987851,-0.33361940037074156,-1.1663805996292584,-0.49361117677772215,0.4895640085975066,2.3466372672865443e-05,0.00023980917536475522,6.682453522122014e-05,0.00012368928445145514,2.6863777790024373e-05,0.06013879248222185,1.8793375303634505e-05,3.384011530550004e-05,0.011989060846995768,0.05078699578193759,0.29849049975368536,0.087111327686655,LFP,4,98
-220148.45330612268,2.800694152715365,0.784375816116621,2676.528469433857,-0.884900008071245,-0.615099991928755,-0.8176287860955959,0.23433477772493716,2.995428176708815e-05,0.00011655512923892326,5.57571544911332e-05,4.256684186218616e-05,2.392467915544687e-05,0.08940715242497607,1.1206967033461868e-05,3.889891216395863e-05,0.018084714352924268,0.03118711508279747,0.023149182107842333,0.05803491671376437,LCO,4,3
-340101.596881342,2.1258614296710308,0.01008715430362792,30341.07721243281,-0.3677418483931998,-1.1322581516068002,-0.6952766195344072,0.23873825132569473,1.3614940472010943e-05,6.106460577085981e-05,1.0125007519897637e-05,0.0001129126024546515,2.6780497722745567e-05,0.07902356570613481,1.5171629174548e-05,4.234438540195475e-05,0.02209370688915938,0.04686871097707532,0.04607001290341607,0.14178465658510142,LCO,4,26
-328542.24465020915,2.3709298174715627,3.4181918313361024,2617.5152464669795,-0.6417885656735081,-0.8582114343264919,-0.17750833745946448,0.20596318155931106,2.8634130631145682e-05,6.0474114825055474e-05,1.3774212081637836e-05,8.802093254312886e-05,1.4640723831395436e-05,0.09680556658060657,1.702818712497691e-05,4.0897069689140545e-05,0.02368817572780367,0.04745751715562187,0.11316230557181677,0.5918718398130969,LCO,4,2
-7332.5179342958145,2.0555178806626864,0.010435111633484028,2384.0719482923423,-0.24167757213491825,-1.2583224278650817,-0.2945505947886523,0.7323571395747164,2.928832660606982e-05,4.365297220989281e-05,1.0969187865844903e-05,0.0001272309796490549,2.9838101769438547e-05,0.057691804200728905,1.9370303939054052e-06,4.180328902465341e-05,0.0042252752225250476,0.13569526937484064,0.2655764652845918,0.23417767055191535,LCO,4,94
-226009.31756701414,2.1331074856329795,0.010304249583047402,28537.735309567925,-0.3379693636918297,-1.1620306363081703,-0.6955276920006886,0.2390139375601122,2.725365074169822e-05,0.00010284887115678991,1.8002829612638327e-05,0.00013949699289048844,2.5654167455539773e-05,0.09191483430160945,2.4610084769692078e-06,4.963377991100478e-05,0.017118560229648062,0.05166560601845339,0.12562555606207593,0.05718114591878207,LCO,4,35
-91204.85377170841,3.315015894200662,7.106233231485074,736.8461678202842,-0.9855499240498116,-0.5144500759501884,-0.05754460394643435,0.2036168011431823,2.855496136688287e-05,0.00011733118904198101,5.591832585436611e-05,0.00010751107584147359,2.378041166384979e-05,0.08930765571417824,4.7567802343337556e-06,3.887908981980078e-05,0.01849166334486393,0.05477271063880796,0.5122597741789421,0.30542291123581566,LCO,4,1
-428174.58509161836,2.2999423897045284,0.005816958662960861,31831.604445164565,-0.1910241276448552,-1.3089758723551448,-0.6963178297266819,0.2253291820401288,2.964334788392648e-05,0.00011278144134986727,1.5686531635696368e-05,4.639671690282459e-05,2.6215978570903324e-05,0.08631931311798069,4.2596709565033834e-07,4.9646617660074934e-05,0.018531326611677203,0.05164818826840399,0.12568941210980553,0.056344569895108665,LCO,4,38
-124145.81822278755,2.2424885401726162,0.0025200269689461285,56966.965255182935,-0.3157359303520142,-1.1842640696479858,-0.47646836959122113,0.3107448820462222,2.1840043312107208e-05,0.0002396028448023044,1.1075528416946613e-05,0.00011929570003235067,2.2976234066571865e-05,0.05063070064627289,1.1897539690580845e-05,3.578557337735092e-05,0.020750593223543612,0.41213815706178925,0.02630707800164878,0.015086395345340887,LCO,4,85
-118941.8998375962,2.162793866959748,0.012973600728927092,16220.556294383652,-0.33376108761987133,-1.1662389123801287,-0.11020946430570877,0.35843857370227844,2.824528445546288e-05,0.00017956290546997317,1.1199109558938516e-05,0.00014703104456492152,2.429496369504159e-05,0.049473451471076235,2.2339449596635707e-06,4.6460397783035866e-05,0.02075572494461785,0.5839799063288638,0.22073326337975677,0.015077365985670804,LCO,4,29
-210747.47647301116,2.263060530202346,0.004536572977889338,48623.077757843814,-0.3132511095863375,-1.1867488904136625,-0.37708211787937207,0.4395653506411601,2.9600830960462448e-05,7.449000069787805e-05,3.0848783804923336e-05,6.179920617611296e-05,2.8082744275261068e-05,0.05749584902685009,1.734198393655475e-06,4.238892107506928e-05,0.018999270460222588,0.07970781520400716,0.3828319593044337,0.09037810761218712,LFP,4,94
-94281.99311110558,2.351176543819211,2.0510324323765246,1514.7867940383999,-0.6611262231873294,-0.8388737768126706,-0.4553142174333499,0.20949361871330058,2.9202813063332863e-05,4.398482779747686e-05,2.1103379146267585e-05,0.00014745443938083525,2.4603211837781676e-05,0.08520674162184393,1.3772724342531864e-05,3.880776781058117e-05,0.01809090127540181,0.026240693231349258,0.02296701424975872,0.4254780750855422,LCO,4,2
-191880.4566454303,2.0654966480921226,0.005268416145982968,51189.911876962935,-0.31196036156828555,-1.1880396384317145,-0.172276027360992,0.4995641068827091,2.277148099235205e-05,4.205195171909414e-05,1.3606080764675597e-05,0.00010631893891010989,2.0048039316643794e-05,0.07283086602982544,1.8320657312606665e-05,4.440837426914524e-05,0.0171709317831321,0.09139713759805371,0.4094151415999361,0.2569116934410183,LFP,4,99
-506105.6189979759,2.3529659615500074,0.004411898795370987,121093.05597087729,-0.3370284569033579,-1.162971543096642,-0.47486227910768664,0.43778322449077667,1.3912124659882286e-05,0.0001949850535140087,1.3272435910046724e-05,8.128736463322575e-05,2.9361655368974434e-05,0.0957785019194184,1.545115102756447e-05,4.580292351136025e-05,0.020938375011725404,0.09299897914391536,0.12864955977886453,0.2334891819695335,LFP,4,99
-19079.589597921957,2.111067724578888,0.00362373470560832,6398.870313377657,-0.2742662891054213,-1.2257337108945787,-0.6969472057524857,0.2143739895988865,2.9483063405974948e-05,8.409433679717482e-05,1.5427207138364038e-05,0.00014681733310609773,1.6925019610664473e-05,0.08882069181978713,3.7364016681584172e-06,3.8438732830428705e-05,0.0049908158824236,0.06977996741479515,0.119938788428427,0.04333403840429213,LCO,4,95
-122386.15795370346,2.1125490682941037,1.95080718211642,7486.170124745003,-0.22488497850387645,-1.2751150214961235,-0.8290798769471248,0.35845806182561135,2.8248049715343182e-05,4.207984006914454e-05,1.1127094933015717e-05,0.0001449102498481691,2.5488952925761077e-05,0.047125786379813406,8.33854800074201e-07,4.744798162720473e-05,0.020921825840662704,0.03755107709521999,0.052164049247208626,0.011204996710446558,LCO,4,12
-456716.4024387812,2.337307901935324,0.02212443647114154,22498.92853316773,-0.4479192447250515,-1.0520807552749485,-0.531346271384229,0.4385158718814164,1.6731264729780645e-05,0.0001043640049218919,1.4623631949842078e-05,4.333478498831212e-05,1.8011884139381815e-05,0.07722717698525011,1.1192826538372959e-05,4.5761648296594824e-05,0.021602372912158406,0.030851066789899365,0.15019982985299435,0.2176028319728774,LFP,4,22
-212666.2000643292,2.2640853646941013,0.011404980700108277,20519.69220988452,-0.3356271242131239,-1.164372875786876,-0.07118281847711616,0.4247849889653703,2.348770195567894e-05,0.00018764225565848138,1.5589135244305934e-05,0.00014985782245050444,2.4295570148403292e-05,0.049068258432275684,1.9473728901819268e-05,4.8536013652749176e-05,0.02075386022487739,0.031135259826802708,0.558534467555591,0.26914745414049024,LCO,4,39
-488683.4282778007,2.1514040569756574,0.002270488183935048,91850.30637249583,-0.26918861994307086,-1.2308113800569291,-0.5945959220671543,0.2308585076667116,1.3385278250717523e-05,5.7561448470479747e-05,1.4815242620581782e-05,6.838044935226416e-05,2.9035386844941533e-05,0.07900743437783352,1.377498748074397e-05,4.228627207855816e-05,0.020496401388020086,0.021796903228564587,0.04508166709873194,0.2685255076055493,LFP,4,99
-292677.0852249174,2.11068473059262,0.008900572212478778,67385.42153577079,-0.2970466331756505,-1.2029533668243495,-0.45032522732724173,0.6265053386268704,2.9760965477133425e-05,7.162492986105349e-05,1.6664547225345497e-05,0.00010672612576639104,1.9958142218069977e-05,0.0920417439043022,4.2373121780071286e-07,4.975144880895404e-05,0.019155863446210192,0.1103017713098966,0.12253298832074169,0.24684001304212003,LCO,4,74
-112003.6414788455,2.2150107473545373,0.02771145177725969,2407.575557847809,-0.4490645845363481,-1.0509354154636519,-0.25308248036076464,0.210392636481493,2.9404400677789645e-05,4.213874010586358e-05,1.9455638986854747e-05,4.0319535072449637e-05,1.251042605096831e-05,0.056940003214491164,5.390880992059955e-06,3.147754001883186e-05,0.0143935471944323,0.014109944600134164,0.1437809234891829,0.5190266515499183,LCO,4,9
-219033.58512566084,2.3011275037899024,0.0027329961408128134,58997.04398342285,-0.2918745994846894,-1.2081254005153106,-0.24384783663083065,0.2567828277139787,2.5447800352785937e-05,7.457348484627293e-05,9.123298798800578e-05,6.147422738183352e-05,2.893055857309828e-05,0.04771855644501609,3.490020506209226e-06,4.410512278195555e-05,0.02278034701510071,0.07862895408224561,0.37330851267859133,0.23421469660833238,LFP,4,94
-252917.39258056963,2.483222065373982,0.002726134954843861,65402.01059712874,-0.32684110756952656,-1.1731588924304734,-0.29336751334231714,0.26152826531964957,2.5592635161244812e-05,0.0002058430144047855,3.72662086989037e-05,0.0001191221723847427,2.9374775997417034e-05,0.055309565593330313,1.885731175678539e-05,2.2594627431475652e-05,0.021562252029140836,0.1489696070331136,0.42788453473956045,0.05977834488500894,LCO,4,93
-582209.0801021005,2.260017290828454,0.005706240610146863,95427.55106094579,-0.33767129196468204,-1.162328708035318,-0.4518167361578363,0.4385282141997689,1.747048909597806e-05,7.578473616154696e-05,1.676421091478202e-05,4.961460961246204e-05,2.4818968552619792e-05,0.09991706362424913,5.436863498909696e-06,4.96354287859372e-05,0.02199793339011212,0.11237580558963729,0.1288288686032029,0.23697858964932356,LCO,4,74
-416565.0680581029,2.6321197703757866,0.016440072923081275,24453.947803026073,-0.3827759912057864,-1.1172240087942136,-0.42198154274772504,0.2223496825836765,1.3838599743529508e-05,0.00024954532762128275,1.3244292808303805e-05,6.387315100672561e-05,2.37625114356315e-05,0.09660864084434999,1.1441402559310557e-05,4.009675289749945e-05,0.01903592413273247,0.09180245827695463,0.1818042859064804,0.23441171306884007,LFP,4,24
-488819.7650637822,2.634922437650804,0.023558345893229114,15585.805399397212,-0.30876518686647536,-1.1912348131335246,-0.566191328266542,0.26130258928306205,1.201605788104829e-05,4.259419522387801e-05,1.2861182638893148e-05,4.1698114364060844e-05,1.682973531889178e-05,0.08492951645478095,4.937407918948425e-07,1.0818011973705466e-05,0.023513474570676592,0.10770294125482066,0.24587087241865185,0.01023485805998561,LCO,4,12
-407369.6076196357,2.2578031130164824,0.004982939917802922,74755.01460807072,-0.31168386413443194,-1.188316135865568,-0.38002054180693257,0.4528003365518415,2.941739507034719e-05,7.448742342391492e-05,2.9445020725421427e-05,6.180310139567172e-05,2.893369711881868e-05,0.06203646613816584,3.5145348194428472e-06,4.1677292293506437e-05,0.022702543806894692,0.08797289196907121,0.3732662763620798,0.08874028986191644,LFP,4,94
-124328.2256085015,3.2581068058511717,3.536951306420187,2101.801318172731,-0.9002515954000732,-0.5997484045999268,-0.4619411921662786,0.23946237818782956,2.8740655181373028e-05,0.00024995077975614255,2.8321834226445327e-05,5.4700414525982714e-05,1.3766562839320145e-05,0.06441401327944545,1.9587122247617052e-05,4.219807390986815e-05,0.023693274866404258,0.014322357832313531,0.017249040359501228,0.4364874096419067,LCO,4,2
-230722.71272566385,2.145039840245239,0.02155581353909829,22775.275707645742,-0.3503978250999946,-1.1496021749000054,-0.5637480461525516,0.43888548595079985,2.658629019204044e-05,7.040631718701892e-05,1.0362621240425181e-05,0.00014703185495266996,2.7156224713766545e-05,0.08712058810837434,1.1575497799952965e-05,4.575705352123961e-05,0.02044220265021038,0.027694452999816266,0.11786158508835448,0.22069591575927774,LCO,4,22
-218237.91196461773,2.165284287902254,0.016964385923096736,10118.808383599557,-0.32495793285690056,-1.1750420671430994,-0.3148188153247419,0.2310276052925766,2.929000951087433e-05,5.847202362653175e-05,1.773455374546562e-05,4.248471396233857e-05,1.595942765613783e-05,0.08682917930036255,8.861746255948448e-07,3.726034916239941e-05,0.015288647262376482,0.07803307487022769,0.3643487857587965,0.172799324046234,LCO,4,21
-120273.87887768734,2.221887570731516,0.0032118177672443063,53109.272304835096,-0.3157359303520142,-1.1842640696479858,-0.29646361869711557,0.3119929988766299,2.1797606045937994e-05,0.00020999287698680207,1.08961298958269e-05,0.00014269529106445853,2.298394348092255e-05,0.049670039265712694,1.4370101882780898e-05,3.5508839523552076e-05,0.02085947549932345,0.4203384107262894,0.19836492956013016,0.014833041016464881,LCO,4,86
-213258.39390555467,2.17471910570456,0.002831372419734044,78924.52252891987,-0.3592002284032958,-1.1407997715967042,-0.26743645704516317,0.2614354151690017,2.9842297080629035e-05,0.00011556878203017932,6.83768295896612e-05,0.00010756631469920972,1.997331528496043e-05,0.0921244589011454,4.00985751503233e-07,4.532581370707337e-05,0.0180386314889077,0.14211517995557665,0.46182855727202354,0.05861980572723663,LCO,4,99
-357111.63607831934,2.185754802148941,0.006244909663518461,50119.93176756733,-0.30775741830737147,-1.1922425816926285,-0.5232925827951144,0.45927093652561635,2.545719001283807e-05,6.849431320683269e-05,1.69642937076103e-05,5.6334974730837134e-05,2.714570374690628e-05,0.050053987436145225,3.4024698526977022e-06,3.9880268199114384e-05,0.022975069859919806,0.017217395497267685,0.11752493375224424,0.2719650879553738,LCO,4,73
-72346.81221383876,2.211944452383544,0.03376831357593129,2059.851573205452,-0.39181994552556354,-1.1081800544744365,-0.24641676414953562,0.2078469547318758,2.990131565523841e-05,7.531582270036652e-05,1.9012691244507072e-05,0.00014533355243233969,2.1732617923531545e-05,0.08339249586084575,2.652759805846822e-07,3.840354788784359e-05,0.009859879456104127,0.03803036901667743,0.5006442163183209,0.1449086505154661,LCO,4,10
-21844.533644394367,2.5136437250913537,0.007153999427467815,1724.4733314336663,-0.4105616703971471,-1.089438329602853,-0.4521017736180682,0.24679483703082633,2.78516760968253e-05,6.244122962125683e-05,1.7586435736365793e-05,4.5956371797874794e-05,1.4861424684754288e-05,0.04898546418915842,4.816456891969999e-06,8.729582286593916e-06,0.006296399222299688,0.05832165891857656,0.38910034330804305,0.030476224155312256,LFP,4,35
-548384.7799923022,2.3314679164950634,0.027150884666036577,29042.892544117738,-0.45833379586335354,-1.0416662041366465,-0.5406601181307928,0.43851081208094544,1.779725851457858e-05,0.00011771967249765792,1.7747528570545864e-05,4.047033805022502e-05,1.5271855666198103e-05,0.09974378856326463,5.434900184555546e-06,4.9714450671492074e-05,0.02141604694404842,0.030743292134059415,0.12148650202624256,0.23711008770890526,LFP,4,22
-173245.0240007957,2.3693622563371193,3.4391990660582223,3330.019924613759,-0.7835298907592403,-0.7164701092407597,-0.6017959859985487,0.23897513943085122,2.424493653355952e-05,6.107684464794375e-05,1.1139272198541847e-05,0.0001247294481628299,1.4638540977700253e-05,0.09551436943417525,1.5149890778835866e-05,4.023298974413713e-05,0.024389175035651134,0.04771012886002,0.14223576839968927,0.13825811674174213,LCO,4,2
-123742.7356218057,2.237418746909905,0.0031614553994118223,63122.47577078604,-0.33165109264224135,-1.1683489073577586,-0.3827307826969242,0.26154252431727065,2.5446479396968916e-05,5.90751943754132e-05,8.300226605755697e-05,0.0001195723268678828,2.940451545720058e-05,0.04765377682773689,1.3962034913316629e-05,1.266513057240186e-05,0.022788875300163047,0.07658353998188137,0.4282669334631859,0.042418743858008576,LFP,4,94
-400618.47889902914,2.4795873946526865,0.0035486556932703343,49742.09885916181,-0.2661763005577882,-1.2338236994422118,-0.194167031737698,0.23251216756450904,2.941509426765414e-05,0.00011741622658151966,2.6860282405784786e-05,4.640436590022736e-05,2.8770843310260406e-05,0.09858230316588008,1.460322551912388e-05,3.889784295021924e-05,0.01808372911165899,0.11177040529146723,0.5350838343381195,0.08897872863271539,LFP,4,65
-548082.4488121496,2.170059159218154,0.0068811711632993785,55273.61087200772,-0.36628879440671724,-1.1337112055932828,-0.294101872805428,0.23740582745137118,1.5241750676440539e-05,4.6864447424074004e-05,2.269810834507273e-05,4.276508465279194e-05,2.840041562670025e-05,0.09720105376694156,1.4603463938686976e-05,4.0049946161660416e-05,0.024302567636725857,0.034793655104031485,0.5592319235302301,0.04187254856031039,LCO,4,40
-563607.5644968051,2.1773657012854364,0.023461120886731475,10114.433367920388,-0.416027246019798,-1.083972753980202,-0.18140641845128358,0.206020014130686,2.8627092243084287e-05,4.197113321467203e-05,2.564976099429826e-05,4.0817072329502006e-05,1.2251333422089881e-05,0.09664971574811541,1.9132027117599103e-05,4.528806503881376e-05,0.022726727198315505,0.04370277838438309,0.11955329133234781,0.5853375118319856,LCO,4,9
-676449.2284000029,2.156831490580359,0.01191797602669576,26475.809055159094,-0.4211430600045478,-1.0788569399954522,-0.22875711757235428,0.2298221782542533,2.5531883838506224e-05,5.610005826361043e-05,1.7751380325675772e-05,4.1850406341780984e-05,1.7140818546724354e-05,0.08660070336168357,3.5698448448553217e-06,3.9694298547230696e-05,0.023430232524186054,0.026978743064871635,0.1302461496313656,0.5440179897314085,LCO,4,24
-252946.32557326797,2.197073949694021,0.003306428483905343,58832.249212426424,-0.32946331933757733,-1.1705366806624227,-0.44008246481116703,0.20040185475992123,1.8317703210340443e-05,4.5779461324622786e-05,1.74480007275606e-05,0.0001012322687033632,1.5505561829972426e-05,0.04914011073062667,1.3258753248008906e-05,1.634850529794515e-05,0.024701343545272987,0.12982923478298558,0.3330174322119598,0.027070868193887664,LCO,4,71
-492553.7530023277,2.31865360849525,0.02158148657223286,32719.905090562213,-0.3404025784550928,-1.1595974215449072,-0.7612041528445892,0.2263113255222221,2.7847028360749038e-05,0.000249208754848745,1.1508700279561795e-05,0.00012941573447284387,1.9998266582166105e-05,0.09354669911246838,1.881746991216201e-05,4.617105270163108e-05,0.022628378332168873,0.013765930589494487,0.06717543354112658,0.08785448302478985,LCO,4,21
-173007.6996867338,2.632955515874172,0.18823704035249988,3159.9445501999376,-0.4201073078048232,-1.0798926921951768,-0.04043824897291448,0.44686570426835837,1.8034663285758258e-05,0.00018428052825204166,4.062936230303833e-05,0.00014531809747150672,1.5608615394597437e-05,0.05081579080660979,1.710644091922536e-05,4.548526213054512e-05,0.02475703463425931,0.031795565153906996,0.39429980327437136,0.46346638259880724,LCO,4,4
-40045.36842367361,2.2484946312391267,0.00838997365234069,5454.756137108344,-0.3046765997591301,-1.19532340024087,-0.8250268177012684,0.3609255723356295,2.92406383966701e-05,7.938475222155689e-05,1.4139824365534778e-05,6.566394616317153e-05,2.539588480188839e-05,0.06015832352342611,1.9854910854493772e-05,4.98318883870904e-05,0.00754204771971779,0.027987949974064452,0.047981951091036215,0.029003281233630995,LCO,4,55
-433264.88588078244,2.501412854709685,0.011991148941235825,17196.219321338936,-0.49853452951364297,-1.001465470486357,-0.38702453901354805,0.22985852334692344,2.880353281552037e-05,4.61598148460728e-05,1.399247189919623e-05,0.00010160933503514807,1.7208804976579374e-05,0.08678858263649906,4.327130144117181e-06,7.842265636321059e-06,0.0234728668208495,0.026206083689458794,0.33453763587292584,0.18223174142406737,LCO,4,14
-160444.95378457254,2.52903817936067,0.008085173612136135,15272.258419569122,-0.3263890472302897,-1.1736109527697103,-0.34194605293367475,0.3463409654576753,2.236039049655421e-05,0.00010706759255689241,1.6461999594858394e-05,8.615346443684559e-05,1.4194981262097815e-05,0.09413960127455032,1.6661259125884482e-05,1.306920532356699e-05,0.012271556606065697,0.03929791887735461,0.44054500154205367,0.10821102664691698,LFP,4,40
-343252.6957624405,2.829482490836672,3.467012928550597,2051.0922379525455,-0.38678722869074633,-1.1132127713092537,-0.33659151664837716,0.21234727618289476,2.8827010827090093e-05,4.151189660626113e-05,1.1829395820172266e-05,4.056028950806976e-05,1.310581795286874e-05,0.0852669382070117,5.9133161804112875e-06,4.492540145691671e-05,0.02288530728934687,0.03685947290019157,0.34548415686108813,0.2110648535903432,LCO,4,2
-124783.84501629043,2.2854828037182027,0.003984096041020081,38704.105813679984,-0.32632636360132494,-1.173673636398675,-0.30962188443792216,0.4579679366887962,2.9889634841959713e-05,0.0002487385065874222,3.2718134132424725e-05,0.00010713367153347125,1.3240753897976994e-05,0.04311052095175574,1.553495149093394e-05,4.105594632285823e-05,0.018661581754704473,0.3037995720024881,0.018622685265633612,0.2979558582939562,LCO,4,90
-417576.03684937774,2.102067089742596,0.005695214343259356,44885.76214645781,-0.21444211676741176,-1.2855578832325882,-0.5363899819847,0.2280329639857641,1.5540618994591502e-05,4.3037044502711915e-05,1.3790822918866647e-05,7.971126010190153e-05,2.5068727825193416e-05,0.09416820784772273,5.075734447757788e-06,4.160000207583274e-05,0.021151644866746852,0.06608570026312591,0.2994908741891139,0.02803344356306024,LCO,4,39
-518797.26483730617,2.195362292000622,0.01864023159992857,17883.69014205598,-0.410431019489673,-1.089568980510327,-0.14723317994607044,0.24717976690912877,1.5542567277213273e-05,4.642159908468695e-05,1.1749490858220932e-05,8.427800376832003e-05,2.9431525307017645e-05,0.09456003874015033,8.717075589246e-06,1.7974238369435228e-05,0.022337905951459697,0.07549647267509799,0.2994949101176411,0.4077754372611905,LCO,4,16
-389107.3612615949,2.1061311022642624,0.005781402653586842,32421.915053569628,-0.3195473153608077,-1.1804526846391923,-0.14534537324459984,0.22049332674227465,2.9587753086573726e-05,4.223277197566266e-05,3.057878976053997e-05,8.391893710221767e-05,1.7454806000134025e-05,0.07783275644187285,1.0337939603317677e-05,3.695141012980003e-05,0.02111406752041776,0.08417444973481425,0.3035479797046123,0.39693219731597373,LCO,4,40
-658395.2880385972,2.2912663205647537,0.004200749641010914,72367.04855958385,-0.27674028262907235,-1.2232597173709276,-0.3072036559228001,0.22671452022506156,2.3586640494037643e-05,4.4617608467018046e-05,1.351847638852861e-05,5.0461089690560185e-05,1.7565754737900946e-05,0.08679085643341779,1.989147573789459e-05,1.7323037612076617e-05,0.024966852241918996,0.10500399284227509,0.32978251172545225,0.1880098395094727,LCO,4,56
-566186.1759518916,2.449125677673476,0.01774528892437315,18209.735717350864,-0.37128174014859283,-1.1287182598514072,-0.12546734660281544,0.20681369769718022,1.5511923402787784e-05,7.926274374030528e-05,2.0902397017434635e-05,8.437361292683414e-05,1.2713929136864291e-05,0.09643357775999109,1.19651936197701e-05,1.1319067589599832e-05,0.022347630447566706,0.012637513701493588,0.4229283129266703,0.36896682676902076,LFP,4,15
-424187.10637768486,2.1553570766981194,0.0021914424751321047,98970.7068096009,-0.26985472077339523,-1.2301452792266048,-0.4556684832356394,0.212342857930707,2.985412454928955e-05,9.261617449096247e-05,1.3897992024041597e-05,8.845309085400635e-05,1.8385484641981234e-05,0.09230191773677059,1.8238300077374418e-05,4.4225178296525924e-05,0.020239244524654088,0.2064528428736277,0.15059509846061753,0.11728357543011542,LCO,4,96
-715966.9346412679,2.1689719409355135,0.025673639221816577,24904.03987052901,-0.36372596999274265,-1.1362740300072574,-0.40572177023430067,0.22631012974726114,1.5134694384781623e-05,6.0314264772399717e-05,2.2725769526519607e-05,4.3179825146228534e-05,1.2213345917722799e-05,0.09722394548340424,3.31757968622399e-06,4.005085291787447e-05,0.0243085334341311,0.026898197043674306,0.0759196618519584,0.4214603708700666,LCO,4,16
-134746.91394210677,2.5645441694403033,0.21185156042783324,3013.2485792432885,-0.5040311453984394,-0.9959688546015606,-0.26886142411495195,0.3451419246441911,1.3188783779007289e-05,0.0001612357589217307,1.3176504249382554e-05,0.00012506072189620717,1.7335110489171905e-05,0.06084512875623374,4.435684326245408e-07,3.685048440167243e-05,0.017233866569526326,0.18705447150762466,0.010289521346812127,0.46379458303061133,LFP,4,6
-50274.746212353915,2.0936601516640905,0.008602821986066685,7549.806916563596,-0.22845739473847004,-1.27154260526153,-0.08332528164464337,0.4261265701239804,2.583498361734988e-05,7.13465658492138e-05,1.0722597184760678e-05,0.0001357579104562341,1.7242992581689582e-05,0.07726538950986138,1.4718801375935118e-05,3.7089376221618255e-05,0.00866253058727514,0.23935481458879765,0.011050701357133468,0.5962692024094255,LCO,4,53
-294357.4230224523,2.1650201406088097,0.003644118380346335,49290.671471598755,-0.3253746072316339,-1.174625392768366,-0.09419273567300179,0.2259209536734591,2.9747602162330217e-05,6.020038689906651e-05,1.0712237664316221e-05,4.1611686852977745e-05,1.4114212326842873e-05,0.09453507205202935,3.224021819368404e-06,3.693225198903239e-05,0.018323371077745662,0.3383804803181903,0.07891140338950364,0.4185153806193044,LCO,4,70
-21190.452486520655,2.2257174864246783,0.004714688933258484,2536.392211323225,-0.38552978970576035,-1.1144702102942396,-0.6650385864464364,0.21288464601648988,1.7368587384193877e-05,0.00011367227524906039,1.2262466753082923e-05,9.067786001098139e-05,1.4281309667998347e-05,0.07754072887173576,7.495768085917773e-06,4.2424293218362906e-05,0.004954174543075588,0.016125845270642623,0.1240891907195532,0.12474637756336782,LFP,4,43
-328706.4607510779,2.10170431819243,0.15578623892871613,10404.964759091248,-0.27408156935546835,-1.2259184306445317,-0.4742878128714866,1.0935502675297264,2.413040374650534e-05,5.538709726919895e-05,1.3744829881500287e-05,6.352723219892726e-05,2.295124952520128e-05,0.07559174531851495,1.8091061033405997e-05,4.218598514522427e-05,0.022092152512142048,0.35240024915290713,0.07669866352678158,0.026613274448824796,LFP,4,11
-610893.9211651479,2.2174493496529477,0.0026491993193175725,166258.1730038424,-0.3191030610978949,-1.1808969389021051,-0.8004291109280375,0.21216761559946115,1.7928404218993094e-05,0.00011341656076917873,1.2259090204257327e-05,9.066882240784188e-05,1.4167191243026164e-05,0.09689708928542866,1.6767123101481158e-05,4.296157395169608e-05,0.02426027748619076,0.013911320658629323,0.05201833261684005,0.06364123579649317,LCO,4,90
-420011.6770633647,2.0809846128578715,0.0037606683144926654,71410.58445772654,-0.3408919655289573,-1.1591080344710427,-0.33111123006123266,0.22049047848631567,2.7697923482364922e-05,4.6243226396022844e-05,1.4850381630932393e-05,9.987914986882469e-05,1.7568767002508203e-05,0.08746251202183686,1.7595414697733635e-05,4.6518190170879265e-05,0.02262751325266573,0.0948295364539847,0.3024608496690015,0.2015983838157812,LCO,4,63
-250842.78076854403,2.0512956866480554,0.0025594201647420028,117645.74213951864,-0.29229011655931103,-1.207709883440689,-0.3300011351970561,0.21962236874390154,2.336019738215404e-05,4.5196291070065456e-05,4.867298060191156e-05,0.0001312948713016749,2.3140602978978097e-05,0.09368913663345048,1.687028425177027e-05,4.575459127838137e-05,0.022721078148701473,0.1172706423657387,0.06504975373285368,0.41767846870435155,LCO,4,91
-262419.9964421864,2.8769522077076135,0.5857503256785627,3335.5244796018983,-0.6334561237212313,-0.8665438762787687,-0.434546671972167,0.308684371814637,2.4682838567754425e-05,0.0001175567355878107,2.4473307886973845e-05,5.392127619287784e-05,1.7366472660978874e-05,0.09641428578936968,1.5712786241980062e-05,4.361700238709932e-05,0.02053090530433367,0.032176110594608766,0.015064362932548408,0.4482128545006759,LCO,4,3
-74267.602561813,2.0762320081550407,0.0033837683649630126,22678.94492201966,-0.2617645660358612,-1.2382354339641388,-0.13833812231184306,0.21821596949709698,2.6093856552765682e-05,4.505407949831178e-05,2.3659268581066883e-05,0.00012365731682342947,2.3257856203997e-05,0.09675975099599779,2.737608139463525e-07,3.1956406120054887e-05,0.011444875803243323,0.15555290602956476,0.10526050297293375,0.5308484686856585,LCO,4,74
-197538.05532589083,2.2410717540924256,0.04135289294008975,7359.566218664052,-0.43906427427374695,-1.060935725726253,-0.17796534154703958,0.25387491812944196,2.7193911957340744e-05,4.635015187790008e-05,1.134450266695554e-05,8.424517138711494e-05,2.4222330870087038e-05,0.0496620231078639,1.3752504039452814e-05,1.3930829741560686e-05,0.02418816292569151,0.04132474199942507,0.29951920075043437,0.41119071570310106,LCO,4,11
-256020.52739737718,2.4266723567362014,0.03522089066555724,11177.99505787584,-0.3748243880618425,-1.1251756119381575,-0.5770114023192756,0.30162555449328976,2.3015662127027376e-05,4.066094950505058e-05,1.26389903910813e-05,0.00012025736404262189,1.68302774772286e-05,0.0997615276387136,4.90666403571142e-07,1.2186673070705265e-05,0.01812133537150759,0.05265118680692642,0.2830302515298275,0.01730715934397043,LCO,4,12
-283567.3154698839,2.2086566810573305,0.0029447002521213583,98312.042702333,-0.31492427590453964,-1.1850757240954604,-0.5978421434731004,0.2892017458678558,1.793667908713845e-05,0.00014572362643276786,2.952665652341439e-05,0.00013097134761023881,1.845378396724296e-05,0.08165172464487419,4.583905678710282e-06,4.32037821417393e-05,0.019931202925522563,0.013928727699377703,0.09432387046679132,0.22390525836073066,LFP,4,98
-369513.43129870633,2.4307960684142356,2.3356108081628264,3669.6020996322563,-0.39933754840636126,-1.1006624515936387,-0.4280643581643404,0.21936601996582394,2.9006917259172974e-05,4.4734872706598226e-05,1.0495939153634774e-05,8.416339824228324e-05,2.2679077888804077e-05,0.09467170392640743,1.8244811248224074e-05,4.5971054301023826e-05,0.0226808089550768,0.040450169210648035,0.05262912482393585,0.40885634780107577,LCO,4,3
-370780.7664939492,2.3974931207207377,0.00337192550380895,58488.66485354837,-0.3583487898470956,-1.1416512101529044,-0.3738913285775105,0.21658837951054588,1.4012320716300069e-05,5.366816073055563e-05,1.0928806690406946e-05,5.116193444041531e-05,1.3503657161226587e-05,0.09625447417380538,1.9865003428049664e-05,7.272389461107591e-06,0.019105047389533194,0.10298070062224009,0.23913794468634544,0.213990026113904,LFP,4,63
-609366.0783092957,2.17903167488745,0.00437065841098074,52992.1405279552,-0.1309628187347407,-1.3690371812652593,-0.17820418790856585,0.23062102153258135,2.7270530485650472e-05,4.442181921601493e-05,1.4426383000457193e-05,4.462978033853729e-05,1.5178002183049937e-05,0.08158387189543696,1.9940502192220648e-05,4.504385952383266e-05,0.022792909022185864,0.10447682025925702,0.10694834221524956,0.5403706496169276,LCO,4,56
-206995.2411639404,2.0926306195479287,0.005432688521002325,41511.18240993026,-0.32238945034684363,-1.1776105496531564,-0.42892760893280035,0.22149979834378639,2.627467585484346e-05,7.135239884596723e-05,2.679524264596938e-05,0.0001441666569150697,1.4028307987977409e-05,0.05063246002929046,1.9267052077028518e-05,4.8638148751809614e-05,0.023443994571989136,0.08292108490356583,0.2259357898123154,0.19221551635131842,LCO,4,53
-179881.19449815038,2.1344086455551174,0.002558239026494091,88133.94188907172,-0.32334955932360643,-1.1766504406763936,-0.04851156007375834,0.24753416786147941,1.7749002847267634e-05,0.00016001031528659968,1.23243034830184e-05,9.610034109068839e-05,1.8454950230939893e-05,0.09658693818294663,4.810832574926672e-06,4.409393651481853e-05,0.018837258321336068,0.5770364301634433,0.03654831853307426,0.2679036912297241,LCO,4,98
-431663.3029819684,2.0990885340019325,0.020728829636774714,100096.085336935,-0.3364280275456899,-1.16357197245431,-0.8533840177257034,0.2309852997617006,2.9527441136795045e-05,4.695673206522994e-05,1.3971570325570281e-05,0.00010219220050405235,1.7210967376733277e-05,0.08918351091519493,1.9924340184204012e-05,3.823035660258891e-05,0.022471978056364757,0.02517402225832472,0.010170952011961776,0.04127100800401018,LCO,4,74
-373795.5497312974,2.0683175822228184,0.003338004275402904,92641.77137524533,-0.3196529235737522,-1.1803470764262478,-0.3980342113302564,0.2145699072836403,2.9823918377357095e-05,6.585146555907419e-05,1.3241272428480674e-05,0.00014377937948864067,1.4037178302990058e-05,0.09305578076719655,1.7022041491779363e-05,4.600203098385218e-05,0.02283336958172688,0.02281952192066042,0.0944130032982281,0.41473326345085515,LFP,4,70
-290119.23821729224,2.381852535670204,0.03677474922450461,10142.488887537793,-0.38706549507075216,-1.1129345049292478,-0.11488653632286383,0.2153630837487061,2.7206024839345e-05,4.572974273044259e-05,2.520408366007641e-05,8.424448841972e-05,2.981793434086952e-05,0.08249740064046206,1.1111498128440535e-05,7.56135400707234e-06,0.02230465151812579,0.0417441566358701,0.4230014665153018,0.35036784052596437,LFP,4,11
-397787.94649870077,2.057554437321994,0.00389684152859893,68248.61945257046,-0.3433757573920708,-1.1566242426079292,-0.31654920184015267,0.23484312557960305,2.789437624410604e-05,4.36675356787829e-05,1.424597737295602e-05,0.00012213958954591784,1.5172639961972609e-05,0.08153301477626744,1.650536707564104e-05,4.502084313080337e-05,0.02262663694091502,0.09029514685923366,0.023843076840628537,0.4993125744599851,LCO,4,63
