SpecificEnergy,SEIGrouth,TempIncrease,Price,UpperViolation,LowerViolation,VolFracViolation,C,la,lp,lo,ln,lz,Lh,Rp,Rn,Rcell,efp,efo,efn,mat,Ns,Np
-67270.92519712288,2.1685694831121967,0.0572988452234878,29445.19308169823,-0.8741932165108537,-3.9258067834891577,-0.4840506856605614,0.3857971961647869,1.5960755771941764e-05,7.684734306428976e-05,1.1250133965561454e-05,5.6120317558825696e-05,2.5753812329794484e-05,0.0945033760978891,1.40767746993184e-05,4.364967015651764e-05,0.0108976581303255,0.0102509596715464,0.1951897286358509,0.2405086260320412,LFP,13,30
-219858.1579908224,2.11700288981106,0.0342341998751713,68930.8217714578,-0.7656274257332996,-4.034372574266712,-0.2290852002561975,0.2850369804958985,1.3969282852996995e-05,5.828701074580825e-05,1.5163366515966716e-05,5.263207602215989e-05,1.5278454944854926e-05,0.0400816661334412,1.276292301646386e-05,4.868034167012085e-05,0.0248800736130043,0.071525814928352,0.3443724859068311,0.2850164989086194,LFP,13,34
-289299.6398632541,2.355149962599165,0.0186143391527693,76738.03106477845,-0.886973105508865,-3.9130268944911455,-0.123267195894536,0.2116179241907058,1.2367697335480672e-05,0.000118411647453,1.156864159437804e-05,4.438327797744063e-05,1.4646492232657353e-05,0.0953477116060131,7.528466900969416e-07,5.104014493105877e-06,0.0194184633119304,0.3105566005634045,0.0119461172942888,0.4842300862477706,LFP,13,26
-302064.430367159,2.797366592881904,0.5658609444587674,34562.09725969675,-1.7972880293837576,-3.0027119706162537,-0.6721384156515915,0.2048132985957234,2.5259068823677477e-05,0.0002201047136149,1.4664157858008956e-05,4.576142779168219e-05,1.2152426102951466e-05,0.0868549508875238,1.9532899988686354e-05,3.7489922793995385e-05,0.0188896794855659,0.0769036926111346,0.1565309285972558,0.0244269631400181,LFP,13,11
-163742.46998299565,2.1909997364297427,0.057529169371461,16950.363727050088,-1.4538467183892934,-3.346153281610718,-0.2672396401775486,0.3541527155793449,2.870684714349489e-05,4.034056875834894e-05,1.6599358511064163e-05,4.993336905646876e-05,2.5565734103714025e-05,0.0834525749268434,5.674116040509641e-06,4.6720536396736246e-05,0.0132931913115316,0.0619840260007798,0.3768550088719622,0.2239213249497092,LFP,13,16
-590067.9612681323,2.258401667328223,0.0125806667514091,307021.8352701787,-0.5102327585387343,-4.289767241461277,-0.1973544419748126,0.287090219505306,2.548353189714925e-05,0.0001035221723367,1.3387643277437796e-05,4.1993123893674416e-05,1.9843693220173013e-05,0.0868573767864758,6.223518941750714e-06,4.9121095173011615e-05,0.0226250447458019,0.0717459741943261,0.4702215281463834,0.1906780556844778,LFP,13,89
-45337.76468426968,2.873787443787639,0.1930346059977861,3920.336818541352,-1.7848205317398185,-3.015179468260193,-0.7582191031470793,0.210509341227459,2.9076630451365244e-05,0.0002491665732719,2.71877593609504e-05,4.387615313226231e-05,1.5784917767448996e-05,0.0721527489545726,1.0543188644710376e-06,4.783537344025816e-05,0.0068922310397624,0.0100576448663313,0.0535737236854936,0.1081495283010956,LFP,13,11
-13143.825814744509,2.14694207585033,0.0119350720272931,9249.258948462902,-0.3503160921747223,-4.449683907825289,-0.5944777473655367,0.2510344661752555,1.5942324630480176e-05,5.9432038874332026e-05,1.112222885768658e-05,6.424488381925384e-05,2.8658896955499745e-05,0.0872708830335788,1.8711808004338318e-05,4.489549152389443e-05,0.0042183164151592,0.0855883527393523,0.2291397545986326,0.0207941452964784,LFP,13,67
-439147.82495099417,2.227190653231527,0.014128974719892,420320.9113368368,-0.5619329426047983,-4.238067057395213,-0.6649135275831692,0.2534041965886588,1.3145170700868165e-05,6.49723326339262e-05,1.7420917551528957e-05,6.258096696899724e-05,1.6239285703327114e-05,0.0928365616485496,1.4519047679223907e-05,3.289510708403078e-05,0.0219504112361998,0.0493774001112094,0.0205901425909686,0.1951189297146527,LCO,13,96
-368605.1686583068,2.714848712916446,0.8722480936545004,26223.47302615705,-2.464596617713511,-2.335403382286501,-0.4896457247367353,0.2226591855885954,1.5838626823560274e-05,5.157440736625848e-05,1.3528421465082955e-05,5.609932569588844e-05,2.1970331875089657e-05,0.089436555543202,5.000120096792104e-06,1.103096014494527e-05,0.0237666548680713,0.0173917070539336,0.1385337914759488,0.2844287767333822,LFP,13,6
-196990.942398083,2.4866219832373586,0.0104285879221783,102557.9440526625,-0.3660211477834707,-4.433978852216541,-0.324692144234376,0.2512149125799132,1.5001058765102508e-05,0.0001898646177362,1.0602167047904671e-05,6.926807011338675e-05,2.6946336089155894e-05,0.0424314593822231,1.2009132437342956e-05,4.362562269734144e-05,0.0189285490520037,0.0186942269640312,0.5700116427577508,0.0166019860438419,LCO,13,76
-72811.39435895233,2.17078804885666,0.010465763187152,58490.86531204663,-0.4417952445035169,-4.358204755496494,-0.4195876960830024,0.2458906817378622,1.70653903092527e-05,0.0001003984400226,2.157339308253237e-05,0.0001069552578547,1.7885810647648108e-05,0.0766797590624741,2.2765477457810038e-06,3.848493016649531e-05,0.0098534823886367,0.0325671200049424,0.0577940485080841,0.4200511354039711,LFP,13,85
-427786.7022506453,2.5851424058534573,1.2632925000566886,27072.1515664339,-2.5620851168729573,-2.237914883127054,-0.3829660532816272,0.3506980325491874,2.7179782125013204e-05,5.927735641339617e-05,1.595679293196098e-05,5.757539755419673e-05,2.105506887442609e-05,0.0907677794780608,1.809916312378448e-05,4.677162863738671e-05,0.0249049367787761,0.1269685037468262,0.1348277077198528,0.2852377352516938,LFP,13,6
-438591.2662972624,2.304733324524133,0.0157887496446876,298776.859937649,-0.5047270856578052,-4.295272914342206,-0.396332050899033,0.3010474057506132,2.8106502013205147e-05,7.04834686961186e-05,1.5507666285580534e-05,6.288382455253138e-05,2.7042069097862306e-05,0.0926341930117492,1.2634345378781152e-05,2.1236639429640457e-05,0.0211955614747969,0.1226459421634366,0.0403005910246204,0.37072141591291,LFP,13,89
-134734.87550730753,3.3763998047661423,9.080593850738069,6588.679784620686,-3.0053231008754797,-1.794676899124532,-0.399024969647487,0.2673526140421167,2.987494738010229e-05,0.0002319500067577,1.15819875822018e-05,4.5458404261586166e-05,1.4999080262288376e-05,0.0448243568725777,1.8124782452920755e-05,3.657462411915381e-05,0.0232954154581905,0.0131491174728043,0.1578617469369335,0.3599641659427751,LFP,13,3
-57122.82998624834,2.528807119720274,0.0244579269106223,31393.82917203988,-0.4862883677938683,-4.313711632206143,-0.2925557565296094,0.222259377843154,1.6988264724879767e-05,0.0001137023025879,1.3536411262317776e-05,5.602499204685564e-05,2.545763957308815e-05,0.092160120344571,6.51216466974564e-06,7.610100165738362e-06,0.0088691613279248,0.0930941302779061,0.0304599590759033,0.5138901541165812,LCO,13,51
-129532.160049042,2.3868171177326416,0.0124990828674742,70924.87644808454,-0.3488366871958703,-4.451163312804141,-0.2555851303947835,0.2512880167454159,1.594101952652696e-05,0.0001329031100308,1.1088941397805571e-05,5.243192569563966e-05,2.973306291023961e-05,0.0923288401896876,1.092268802840583e-06,4.732554931875343e-05,0.0110565907827165,0.0820596816923105,0.0765969936637005,0.5157581942492055,LCO,13,75
-501242.6820583991,2.174699208816837,0.6908483219705415,102480.4397006058,-0.9852736101822828,-3.8147263898177286,-0.5372758163887337,0.3207579037267775,1.503176396428972e-05,6.440759897432268e-05,2.0148945055117128e-05,5.170074003647521e-05,1.981585368951816e-05,0.0915951831286,2.460604578727858e-07,3.068732991820732e-05,0.0226798314947281,0.0718941219558651,0.0119099701670031,0.3089200914883981,LFP,13,24
-62797.30132103151,2.365927703825741,0.2319974307444582,6981.264138215445,-2.1580661757792683,-2.641933824220743,-0.7151747962949544,0.2122766234650667,2.410160610674504e-05,4.1716530958782805e-05,1.0020098708840712e-05,7.936958603363958e-05,2.8522295617868206e-05,0.0495635866259446,1.6021650617028244e-05,3.658956163367459e-05,0.0140871173196785,0.0297030441938482,0.0289092818471058,0.1562128776640915,LFP,13,8
-254799.45607765584,2.515736806065093,0.6263119073044433,24652.262312380088,-2.410734752029612,-2.3892652479704,-0.2576182395199987,0.3349302692035107,1.3448247980062954e-05,8.124397199994712e-05,1.7422820164007357e-05,5.925978643550258e-05,1.810241075349693e-05,0.0928274080597913,1.4540910133721389e-05,3.002843473581917e-05,0.021190677388351,0.0499445724227673,0.5421775565541622,0.0802596315030717,LCO,13,7
-121536.13459365156,2.6469520978210967,0.9044911229695428,10413.452831803208,-2.691499032791264,-2.108500967208748,-0.4085941582152675,0.3247174644804116,1.539663652997865e-05,5.626223907021005e-05,1.436431518518816e-05,4.210555843334262e-05,2.221581384867213e-05,0.0953535214401735,5.1429744346507965e-06,7.0719603323528645e-06,0.016208156933137,0.019029893348265,0.138563976685698,0.3638119717507694,LFP,13,5
-7766.679312347907,2.1194433067034124,0.0674122685947479,1809.9969976441023,-0.7602102246316775,-4.039789775368334,-0.4051649868071576,0.2121508955978062,1.3510600199151075e-05,4.06095855689053e-05,2.156310959959273e-05,6.877295416049652e-05,1.5723642067605597e-05,0.0400213126702791,7.053427481913352e-06,3.7506294655457656e-05,0.0040126825167596,0.2068449583267537,0.2853739882065333,0.0326160666595553,LFP,13,32
-399078.5011869503,2.2717887525599068,0.042116172038612,156945.27404087182,-0.7607358396119892,-4.039264160388022,-0.3528027806242201,0.3010044910790246,2.8545793852400627e-05,5.9074818497658414e-05,1.5960527723483883e-05,5.470177772071744e-05,1.888263515554316e-05,0.0935058253192297,1.2608196676432483e-05,9.865490322995863e-06,0.0249972760889756,0.1270708675754751,0.0399403796791852,0.4101859721211195,LFP,13,34
-23271.376929533333,3.038742246454731,3.708489157982744,353.12742503859243,-2.8345805564287616,-1.9654194435712495,-0.0850441277280091,0.2161451977992912,1.485936866849858e-05,0.0001780901706888,1.469724586813337e-05,7.890010222732385e-05,2.7794615171561903e-05,0.0586365776670925,1.2016696200678308e-05,4.846105215878369e-05,0.0042830079724999,0.1688626499394144,0.5720490817518243,0.104044140580752,LCO,13,4
-203470.5184819596,2.233787366661821,0.5706592813580027,27297.03570508654,-1.8182737055756988,-2.9817262944243126,-0.6747957934980818,0.2363934692759278,2.9993957524353232e-05,4.330778307012324e-05,1.31617076667541e-05,7.648157756818165e-05,2.8849551017446068e-05,0.0982004097297072,1.881422764471961e-05,3.322922695641304e-05,0.0172267252848764,0.0800377025338307,0.1569863310056966,0.0181801729623907,LFP,13,11
-381234.4514086396,2.272173633294113,0.036102395179236,160146.1411012383,-0.7513318125353976,-4.048668187464614,-0.4412691709769752,0.2779445061139223,2.71446475585072e-05,5.935642307707817e-05,1.5960605309210514e-05,5.467067064363679e-05,2.2038994694798383e-05,0.0935115818631469,9.713140133810572e-06,8.493395446466366e-06,0.0249045155526453,0.1269672062718828,0.135215881838404,0.2265477409127378,LFP,13,34
-351653.701167746,2.095102499116523,0.0125434216788461,340823.1002303669,-0.331238361606367,-4.468761638393644,-0.704902646669306,0.2018924953895965,2.87723144331787e-05,4.1381956855582265e-05,1.014942888444413e-05,7.963378926831005e-05,1.3302714120603206e-05,0.0932826140312781,1.664416052924082e-05,3.830611304738723e-05,0.0248705267382124,0.0582546400696689,0.0292020375620035,0.1376406756990215,LFP,13,65
-410807.5189613141,2.256029090947684,0.0583867779859664,59226.22386269581,-1.4361531322255132,-3.363846867774498,-0.2544540732692789,0.2408026735472459,1.5503081092046456e-05,9.051318891874394e-05,1.0199025172405608e-05,5.762618509456923e-05,2.799829554052018e-05,0.093627605334396,1.315139325047315e-05,4.331315460336761e-05,0.022768459920287,0.043435284007802,0.0871158283397791,0.54499481438314,LFP,13,15
-80020.98722622084,2.50265584208545,0.4356974960717543,7917.576299107504,-2.3404138308435805,-2.459586169156431,-0.4148232795559519,0.4685925226019076,1.2148043797582089e-05,9.353930068962908e-05,1.4454326874839752e-05,5.550387007984692e-05,2.9727892917367343e-05,0.0956646512613648,1.6096423658212556e-05,4.742031213665091e-05,0.0108869813954787,0.0100615733727894,0.2691498337913128,0.2359653132799458,LFP,13,8
-135544.83923073925,2.224913322479304,0.0135983416527447,106750.92221206328,-0.3508682622027947,-4.449131737797217,-0.3554576386102513,0.2089877875339862,1.738483967006678e-05,9.466832063074988e-05,1.6272029182286666e-05,4.689732290847662e-05,2.983158284258586e-05,0.0989424630131085,1.511659850468677e-06,4.750233501120573e-05,0.0140189100144089,0.2852095455291422,0.245071734427743,0.0442610814328634,LFP,13,66
-180834.9191006607,2.15055757600208,0.0247730714655046,64472.68310607574,-0.6342826407756874,-4.165717359224324,-0.3737398892385001,0.3051672817027155,2.9829052653213812e-05,4.297681813577578e-05,1.2287612062614776e-05,4.207916174494594e-05,1.526514306073326e-05,0.0657801626045257,1.2723500909186673e-05,2.660580232366288e-05,0.0172072660949866,0.0779977653796164,0.0679344466627522,0.4103278987191313,LFP,13,44
-106477.82877455631,2.6940158797500624,6.889759129388004,4543.609661386605,-3.035889754041726,-1.7641102459582854,-0.0009232684456498,0.2346876194381257,1.551574255839084e-05,4.439414300134241e-05,1.8671880918503567e-05,8.780432529260431e-05,1.8087766614151823e-05,0.043433285764037,1.56749070409565e-05,4.361829772779038e-05,0.0214900175535383,0.224372970807357,0.5905559812285689,0.1141477795184242,LCO,13,3
-349493.842295861,2.223581284407243,0.0323276309377356,145240.97286242762,-0.7096744429792139,-4.0903255570207975,-0.3013409564401071,0.2189346299932409,1.3956631860119375e-05,4.839557177438511e-05,1.598292277635595e-05,5.405266240252201e-05,1.8840062667463123e-05,0.09525464360582,4.985274003307222e-06,9.864273748427002e-06,0.0232206721258665,0.1750338698210047,0.1846733183753717,0.2689518553635164,LCO,13,34
-103823.57941275524,2.0915245633228365,0.0110704475912048,109259.65249038696,-0.479731041820294,-4.320268958179717,-0.7050943900174148,0.2591527475684455,2.8824108175250503e-05,4.084263657198313e-05,1.945976980165056e-05,8.849405390661409e-05,2.9279147894968016e-05,0.0951463569569583,1.8337787871173254e-05,4.946513537558285e-05,0.012139736443634,0.0164435984866172,0.1322829622427428,0.0761790492532251,LFP,13,88
-67796.98247803807,2.8609683652789117,7.657634752939781,3340.4699096083027,-3.1632368301680174,-1.636763169831994,-0.5416884118355609,0.2115347673752496,2.247872240945976e-05,5.0700632252998206e-05,1.3050900482685647e-05,5.398867730889594e-05,2.902503312218737e-05,0.0952215362273032,1.9404354330232144e-06,1.964741357224961e-06,0.0145602218254392,0.0795433458799576,0.1951150934939686,0.1136531487905128,LCO,13,2
-63404.1327202746,2.0823851482426097,0.0450571173726636,29536.540533806437,-0.77929242670929,-4.020707573290721,-0.4492800309124104,0.2332973183260515,1.760063047141947e-05,4.06940440575026e-05,1.6788338333167437e-05,0.000102577999075,2.547404655721762e-05,0.094473264213534,1.426125732167632e-05,4.90624247860092e-05,0.0109112771548777,0.0169834807390179,0.1854172712021482,0.2783192171464234,LFP,13,30
-26353.002817946224,2.071504153268628,0.0087805356561867,23075.97114836892,-0.4637367874162521,-4.336263212583759,-0.6131562566338211,0.2869758833784328,2.9137903844891213e-05,4.026657297193029e-05,1.1366537741318795e-05,5.052911547837951e-05,2.939624019415085e-05,0.0629028978530944,1.3067042115531972e-05,3.159627892898599e-05,0.0073618067404594,0.0765197659261396,0.1361935713380083,0.1041304061020308,LFP,13,86
-157342.08319201524,2.081212754936519,0.0153964142826432,157033.4066202364,-0.5333657751020979,-4.266634224897913,-0.2335158474437219,0.2685485988771945,1.5956434304473845e-05,4.158679188175627e-05,2.1162404443826132e-05,6.412519206489715e-05,2.865997839238205e-05,0.0611968661770987,1.960664098675293e-05,4.892871431506854e-05,0.0189223864283391,0.0856468527910175,0.155758638553173,0.4550786612120876,LFP,13,92
-22104.973436334934,2.6835436277034943,0.7328296072082896,1767.735892770555,-2.5794272796498063,-2.220572720350205,-0.3705398777385801,0.3869348968425571,1.3391860392082522e-05,7.676003903323638e-05,1.0721757730663889e-05,5.46466425888605e-05,1.7959334324993883e-05,0.0945486451536744,1.4542813670983632e-05,3.342842781059508e-05,0.0059833006868912,0.0506127394897923,0.1926433990226682,0.3162039837489594,LFP,13,6
-41552.32191217943,3.1425853814640705,1.6987083308875142,5670.269677293927,-2.4079577579389664,-2.392042242061045,-0.7511670923285634,0.5896859051988285,2.5436945721872364e-05,0.0002332705481108,1.2558006588343856e-05,5.015308655296356e-05,2.7160911616739545e-05,0.0927522290669495,6.059212654403749e-06,4.499076132610619e-05,0.0086698685938345,0.0242325949891872,0.1306035884635417,0.0239967242187076,LFP,13,8
-737175.9918918131,2.6432025604110536,0.0300077100530506,589067.9623871479,-0.6358096426305053,-4.164190357369506,-0.7667645455272809,0.6434088382097286,1.4440706839412289e-05,0.0002004905377834,1.2171044098379808e-05,4.948134914633248e-05,1.8502102522879224e-05,0.098851814038451,8.097432280462205e-06,3.599275313428783e-05,0.0243330538180173,0.0212135811392334,0.057281639001068,0.0847402343324176,LFP,13,95
-274242.6433564113,2.092713273769618,0.0195636591161838,164999.25217817817,-0.4430003341707191,-4.356999665829292,-0.1525352990848122,0.2701317234255772,1.6273265197152156e-05,4.0721338454513776e-05,1.3033546052073164e-05,4.419704857409907e-05,1.693647700573829e-05,0.0995530912070829,1.2288783505720374e-05,3.977038914761181e-05,0.0195194700760139,0.0296740794790141,0.2802127178073037,0.46757790362887,LFP,13,58
-18206.42131532499,2.1529538724103423,0.0179332630546204,27475.235293381276,-0.5963459416287549,-4.2036540583712565,-0.6260619424098681,0.4352535760592562,2.6812473501131435e-05,6.814126188831671e-05,2.454776670058816e-05,9.182151916444094e-05,1.3249430539743852e-05,0.0945623520278839,3.513287040108625e-06,4.96610685504896e-05,0.0056599842703761,0.0134132580016727,0.1322163139005575,0.1583084856879016,LFP,13,96
-24509.376437620547,2.370859980407587,0.0374057078869589,14686.68099136497,-0.4622521563042241,-4.337747843695787,-0.1384141529790511,0.5288862989287202,1.4474069016230584e-05,0.0002302005383136,1.1706148098575132e-05,0.0001122787601843,1.4248787175403092e-05,0.0968146237835123,4.085288497994115e-06,4.7135289102878974e-05,0.0050261935486703,0.0446137141239768,0.5933872639516986,0.1535848689452734,LFP,13,70
-3423.7117265856373,4.776316186642508,16.705160199513763,283.7821158639602,-4.0040867378200815,-0.7959132621799299,-0.4187543440301401,1.2160543691416317,2.409595392701733e-05,4.557704462820424e-05,1.3355015100425596e-05,0.0001153203821648,2.294533186005454e-05,0.0978632599437116,7.072077120630536e-06,2.7205726923215183e-05,0.0057926597721842,0.1660022235658629,0.1139095362733377,0.2313338961306593,LCO,13,1
-3683.368044431787,4.848573221049124,20.0,118.73166889837417,-3.5471124881567704,-1.252887511843241,-0.2214713322707934,0.5022214447259328,2.273702066506201e-05,4.641200351226751e-05,4.5444744201692886e-05,0.0001192660108551,2.7410487418493896e-05,0.086053489944149,3.6014244239428765e-06,4.0141054548683e-05,0.0041011839270426,0.0840887649564428,0.0265442717393315,0.5978956310334322,LFP,13,1
-30890.293758021107,2.159167350398134,0.0027212691563576,25796.34000310711,-0.4022297706691944,-4.397770229330817,-0.340709472210345,0.2278388566810897,1.5922420600390644e-05,4.013994243564279e-05,5.588005290030263e-05,6.132554017330985e-05,1.3128211086338749e-05,0.0849230484309811,3.9383978238409255e-06,2.9380082079162823e-05,0.0064964829641778,0.0172729119055766,0.0451159590592183,0.5269016568248601,LCO,13,82
-455761.1571272889,2.6894415644890506,0.041516917842897,111918.17818274887,-0.8365474901068737,-3.9634525098931377,-0.7733002656597119,0.2999856930296097,1.3803234739580475e-05,0.0002361736443032,1.185796357983844e-05,5.7580895598431273e-05,1.891315052537112e-05,0.0611371724995287,1.8808749846660326e-05,2.0508904526378115e-05,0.0246000388291178,0.039208042266721,0.0305689946258418,0.0869226974477252,LCO,13,28
-14688.94601489606,2.406541575357342,0.0108991793663955,9243.12998630541,-0.4961009409347099,-4.3038990590653015,-0.4014722196347136,0.2423458890830512,2.1887543339457664e-05,0.00023649098545,3.437955418976882e-05,0.0001272781917757,1.4159059756863094e-05,0.0456331230257586,6.392337693608261e-06,3.056168457148592e-05,0.0048976572123677,0.0106214369527563,0.4309162411714896,0.0869901022410405,LFP,13,89
-276119.9976990492,2.407041104297236,0.0384265455862905,49999.24183908048,-1.1338901759775553,-3.666109824022456,-0.5239440734619202,0.2198177645418078,1.4603275258551857e-05,7.194698121752446e-05,1.2868993547058188e-05,5.914554520318674e-05,1.4555564165659712e-05,0.0871809145191542,5.4138004064029214e-06,1.2624423445694336e-05,0.0180301555381682,0.0240325147219769,0.1380679185891611,0.2439554932269418,LCO,13,19
-301000.50445154525,2.365513908615127,0.0114071255018393,222791.80519118463,-0.5481958903028215,-4.25180410969719,-0.7324015363112245,0.2515787442750599,1.5749700795182204e-05,0.0001228548311004,1.414161180678178e-05,4.820190269090368e-05,1.534958517368786e-05,0.0609484955308534,1.9663685424372502e-06,4.557113633578311e-05,0.0194613821593371,0.0285972391256042,0.1492506464962226,0.0197505780669486,LFP,13,95
-22883.800917941604,2.642934056842095,0.4715924123772854,2692.617422293264,-2.034284427398312,-2.7657155726016995,-0.7204061417625681,0.583727337187272,2.5405453632412648e-05,0.0001608200721189,1.2562993319817602e-05,7.482523742147642e-05,1.2858670929241177e-05,0.0946161590161718,4.888659451350446e-06,2.058031520116249e-05,0.0050459294233735,0.0132761194168604,0.1320784005474804,0.064239338273091,LFP,13,11
-44685.966584747286,2.4822448891694555,0.1249267239617404,12654.91726025974,-1.0894224914713675,-3.710577508528644,-0.3225730860446377,0.4454926668305421,1.6753391337122715e-05,0.0002332450231726,1.3300563642483638e-05,0.0001274894546519,2.6569632207669085e-05,0.0933249473569251,5.690392367516415e-06,4.494650260011143e-05,0.007887496132828,0.020843651148398,0.431614417016023,0.1549688457909414,LFP,13,24
-8043.542850399896,4.485851688050328,18.71775937289869,280.5647461083246,-3.5143728407470647,-1.285627159252947,-0.383805211693637,0.4366214447703364,2.693944234373659e-05,5.0114538922193725e-05,3.706653054013803e-05,9.470947318324704e-05,1.2709557426639843e-05,0.0935666162803889,1.223447721472532e-05,1.8292506033616604e-05,0.0058629526167124,0.1663616311961387,0.118450370218344,0.2613827868918802,LCO,13,1
-183883.30819697928,2.122027875486056,0.3712536137438383,63562.8054585516,-1.4731882265264744,-3.326811773473537,-0.0386442621317677,1.2739697040947302,2.3874419036853517e-05,4.141260530578982e-05,1.590494177114318e-05,0.0001459401037087,2.60831914405637e-05,0.0949957954184145,1.4575950607959476e-05,3.6142411195686544e-05,0.0173984435948064,0.258534343221715,0.1852091520930097,0.4476122425535075,LCO,13,29
-24873.52969946289,2.183686477158491,0.0091670743167023,28052.129311276636,-0.3794802495995597,-4.420519750400452,-0.2798275494526631,0.2153029862250389,1.3348106673740572e-05,4.209350847798963e-05,1.186960904878464e-05,0.0001216675939195,2.5545455228969938e-05,0.0908548162500518,1.531678322597599e-05,1.813155201732426e-05,0.0067315535352323,0.0225643640435321,0.1780072364186252,0.4496008500851794,LCO,13,80
-236404.8485898468,2.337934742361764,0.3212669091238747,23761.03497011369,-2.038048025812209,-2.7619519741878023,-0.2622718247153585,0.5340996502418166,2.6538562236510247e-05,9.85428934065678e-05,1.6379449760604228e-05,5.6707201992682845e-05,1.8617948835851622e-05,0.0922223144303379,1.236609065032297e-05,1.801844302184293e-05,0.0170318753906163,0.2281632602652351,0.1775943595253529,0.2619705554940535,LFP,13,11
-133039.208888155,2.3738589981052862,0.0110638191249978,110923.1138076289,-0.5531779975697333,-4.246822002430278,-0.4521401837425247,0.2516477651931737,2.905289354519724e-05,0.0001310217641323,1.4141936925401733e-05,4.789541141766788e-05,2.6759902548643785e-05,0.0454328052714224,1.5559957305115448e-06,4.8015340785333086e-05,0.0173353723555134,0.0226869722128288,0.2641233388549741,0.1910495051896724,LFP,13,95
-20468.35253449692,2.4515378886104338,0.1461362527927425,5132.851695162255,-0.9683422070263958,-3.831657792973616,-0.5296029064048284,0.2300333854652517,1.2962847990575532e-05,0.0002334566145601,5.108414586255152e-05,0.0001451569389012,1.8168357367055723e-05,0.0950516446237967,1.699257625985548e-05,3.544129456823343e-05,0.0048111788409493,0.0136205675776901,0.2019022860531184,0.184874239964363,LFP,13,23
-204562.50136892815,2.142542119475931,0.0454898999115493,45402.9099902315,-0.8514727427790589,-3.948527257220952,-0.6767426783706374,0.2312959137438175,2.8330169783526168e-05,4.2144663986408914e-05,1.8926017894899936e-05,4.554333070599324e-05,2.5516494219228863e-05,0.0782752744039373,1.3616124152506331e-05,4.606205208294401e-05,0.0164197913671832,0.0314631168689309,0.1369205278680285,0.0848736768924032,LCO,13,26
-41170.05166678835,2.3740108009349195,0.0125641611707551,27242.63683006479,-0.5745954254043539,-4.225404574595657,-0.4730776363817227,0.2957469911582592,2.973294203619809e-05,0.0001311318326198,1.5903147047825963e-05,4.728095099985359e-05,2.563963234634383e-05,0.0422048163122711,2.0758555004598223e-06,4.802418608029299e-05,0.0087770556096373,0.1137071206647061,0.2643243095506375,0.0788909334029336,LCO,13,96
-27473.59488842573,3.483844422136708,4.927150874319428,554.1263847428007,-2.975980105056955,-1.8240198949430564,-0.5480795133056333,0.2197468805956711,1.2954770254498436e-05,0.0001774594989434,6.597732009696277e-05,7.01469318541568e-05,1.3852255554170087e-05,0.0950773124176424,1.5687557436561487e-05,4.295830532998563e-05,0.0043843363757558,0.0110998642513867,0.2096137792884172,0.1612068431545627,LFP,13,3
-172725.20052818078,2.1598629303343597,0.0344041092429449,38866.90011259425,-1.0049768280382452,-3.795023171961766,-0.6857939134803412,0.2314094101229603,2.791749079926024e-05,4.56831115799974e-05,2.005682719728604e-05,4.5641940322802464e-05,1.2765667034310749e-05,0.0768740384269543,6.233155752771513e-06,4.604580124800837e-05,0.0161719586932486,0.0321031098230679,0.126606739240573,0.0854962374560177,LFP,13,22
-5332.758212443585,2.298803168792046,0.0302910063539301,2849.276116770077,-0.7142673894651708,-4.085732610534841,-0.4226345830888373,0.2724257785600222,2.5989129809647645e-05,5.031218636561268e-05,7.727712063864149e-05,4.786018004833663e-05,1.5006211982793444e-05,0.0539607893863915,1.3379978535670384e-05,1.8339284425368225e-05,0.0040836588824395,0.2203466121501371,0.1172089032320302,0.1698099015289954,LCO,13,36
-91403.61297355629,2.202540574131913,0.0057582181577794,52246.206620476005,-0.3787444631366767,-4.421255536863335,-0.2890497680836285,0.2421829036630284,2.999114199305668e-05,7.196261182137872e-05,2.1219330731154734e-05,6.927764627748804e-05,1.412610226931897e-05,0.0621476562956659,6.540718844174519e-06,4.745806642560365e-05,0.011568627774802,0.0114046855386463,0.5415317103999875,0.0880138359777377,LFP,13,78
-12593.560678802163,2.3767016330546014,0.0234017256567621,3525.37416326517,-0.7478299978193803,-4.052170002180631,-0.2596766760472215,0.3143430998186009,2.3676665039763658e-05,0.0001306494878529,1.773275147369274e-05,4.2640932056248064e-05,1.2436150887886318e-05,0.0406755719468823,4.2663227131145373e-07,4.791817618600144e-05,0.0052155425086952,0.149488339749525,0.4992556051952579,0.0215793790079955,LFP,13,38
-151667.62444675577,2.5107704191706444,0.888816832307221,19396.23843891154,-2.1295772261582187,-2.6704227738417927,-0.4975734036694557,0.6690118396177884,2.8522876587585853e-05,9.8972202324028e-05,2.0147306940137683e-05,5.673668316691877e-05,2.135353438648724e-05,0.0696905433204017,1.527904128334522e-05,6.309702482683277e-06,0.0170414179706152,0.3146632873838434,0.1022963014204872,0.0154670075262135,LFP,13,11
-14390.828784918293,2.516814229114993,1.3406989253193862,401.9987504816179,-2.3666538473803698,-2.4333461526196416,-0.3385309940756784,0.2244034077748843,2.6528149826822885e-05,5.511247704472037e-05,2.438826751056159e-05,4.320231373780898e-05,2.3638803074427917e-05,0.0440464031944385,8.461616204985938e-07,3.761943072650272e-05,0.004109436530849,0.3965136534800619,0.1593697771729455,0.0355855752713141,LFP,13,7
-392305.7166119219,2.418023342595657,0.0277683197540121,260627.36002141063,-0.4402711867986895,-4.359728813201322,-0.547934113834647,0.4084446383132608,1.759157186213901e-05,0.0002046523585187,1.3831767142009346e-05,0.0001104668376276,2.0503861247094136e-05,0.0975881534794854,8.084604453378432e-06,3.0267076473186118e-05,0.0207189243503661,0.0118133338250443,0.2309065202253019,0.1393460321150068,LFP,13,63
-10798.814238428811,2.204834478780481,0.0187112233101449,4375.095286683491,-0.7833456466727355,-4.016654353327276,-0.5105798812022051,0.2122479797208079,2.752455126949749e-05,6.255883403260373e-05,1.1576198390210629e-05,6.222197693424652e-05,2.9512269187148752e-05,0.0573445971455218,6.569882738340898e-06,1.7748017723871246e-05,0.0055762117582004,0.1084116488264461,0.2994243503131082,0.0115841196582405,LFP,13,30
-354060.2304804193,2.089755165725797,0.016719427253464,388435.8508934274,-0.603560415309957,-4.196439584690054,-0.5090134810477047,0.4421752550579123,2.2726180859211944e-05,4.257299211700452e-05,1.4208804239980276e-05,5.418566607727855e-05,1.784662575480478e-05,0.0943239429476477,1.934776235618016e-05,4.967253051207965e-05,0.0225254898512982,0.0134237629970095,0.2094169369101735,0.1981458190451122,LFP,13,97
-492356.3363945112,2.233594335431744,0.0795203613449872,66624.99315480415,-1.459241518279022,-3.340758481720989,-0.5310484576566308,0.2473205658834936,1.713774398320384e-05,9.056975379235878e-05,1.1100624088532164e-05,5.170525734463676e-05,1.621739168426977e-05,0.096684230642379,1.1484246003826958e-05,4.363413578050635e-05,0.0223567957386628,0.1742787292878245,0.1744988843690376,0.0501739286865071,LFP,13,15
-362951.33237636334,2.403096754041453,0.0109915109476146,351191.85625067353,-0.5739422352146732,-4.226057764785338,-0.0196348468637085,0.2713516551740235,2.275452000289027e-05,7.243755191392222e-05,5.3976118492920906e-05,5.209035141088565e-05,1.4476715371524688e-05,0.0959691663779804,1.9590219418526057e-05,1.5210241549282026e-05,0.0219962251801875,0.0550186158690829,0.2830421594737236,0.572304377793485,LFP,13,100
-56766.3871974651,2.5994046535070714,8.421374315376049,5008.806851078938,-2.9876451664813786,-1.8123548335186328,-0.5744491413770642,0.2304515171098271,2.776539759178085e-05,4.429790332652061e-05,1.3712989605451675e-05,0.0001390340790412,2.339797885921532e-05,0.0930717383445457,5.464394340001775e-06,4.6522504694832265e-05,0.0140530261568865,0.0415029189182581,0.2312273213251419,0.0828206183795358,LFP,13,3
-237899.55386272215,2.246289668002299,0.1652263541320373,47160.02776211628,-1.447956543164409,-3.3520434568356023,-0.755845487054642,0.2981082763054099,2.818421745203145e-05,8.786958680803857e-05,2.911648982078049e-05,0.0001012028804713,2.409721814207184e-05,0.0706704972517141,1.1519156912632968e-05,4.8733593693669424e-05,0.0213106022551066,0.0193613106120484,0.0128981853392331,0.1418950169940764,LCO,13,15
-29362.26263721692,2.771093976547541,0.5086277607910137,2187.914477196905,-1.7045227409378612,-3.09547725906215,-0.6262521169625029,1.047300386418931,2.9505232654128123e-05,0.0001321917267939,1.060790831531776e-05,4.1819225083755136e-05,1.3644666581338226e-05,0.0401975196100418,3.618483399987723e-06,4.998676533883372e-05,0.0055395945752256,0.1940001810091849,0.0953682368669673,0.0143794651613449,LFP,13,19
-448657.0526919242,2.178898384898713,0.0464337468979959,105683.5361288709,-1.0408890866538414,-3.75911091334617,-0.5525261674891474,0.2216944715495615,1.3138547354456104e-05,4.106966433419819e-05,1.1857948607223366e-05,5.092307356802174e-05,1.592503086393041e-05,0.0916543145213863,1.531183890833417e-05,1.811809940569771e-05,0.0247260110929077,0.0457287361900676,0.2479271354106457,0.0838179609101392,LCO,13,21
-148549.73901948737,2.5575586269701573,0.0352560783032771,43906.84663906129,-0.6792491044498163,-4.120750895550195,-0.6183491492825288,0.2074276324799768,1.7005291267602455e-05,0.0001388203616988,1.3486356164680352e-05,5.606357703064639e-05,1.5362422531859124e-05,0.0400375213845469,1.537444503817887e-05,4.878835342064042e-05,0.0180092550661394,0.0931048607447373,0.0215139086711535,0.1970320813015803,LCO,13,34
-403105.7033314671,2.690408772721297,0.0494632776150889,100821.09982971437,-0.8688907672340136,-3.9311092327659978,-0.7741285066136792,0.2688577687755406,1.3655502666942894e-05,0.0001722608405793,1.3562557241913122e-05,4.155611802065895e-05,1.9747480490505164e-05,0.0607195416524401,1.884204432966621e-05,4.835358575545291e-05,0.0246277001306945,0.0437519839502858,0.0300822424480551,0.0820372669879799,LCO,13,26
-37585.92344056349,2.19321876489946,0.0910510564138289,14951.567646644178,-0.9707201654258952,-3.829279834574116,-0.4130448373179282,0.5352392930339924,2.6534542631015988e-05,9.88272347732378e-05,1.6195717660897865e-05,0.0001077145233729,1.8740265560751253e-05,0.0956321120650673,8.69620353048824e-07,3.575242261449344e-05,0.0075425146900404,0.2292974338873884,0.1311864767248239,0.1564712520698594,LFP,13,31
-673477.0497710642,2.267876326315984,0.012456850775864,372258.5493076503,-0.3547017580050138,-4.445298241994998,-0.2857391945728835,0.2763574669495799,1.2728499766048826e-05,0.0001071359604915,2.3540259398653943e-05,4.390964247212582e-05,2.6133642622058298e-05,0.0997364174793254,6.863811496607174e-06,4.897093281238259e-05,0.0244122190781209,0.0131792098963714,0.2228610750740714,0.4082205204566736,LCO,13,74
-502727.9873610848,2.260072467534436,0.0769728359645091,76007.56780881909,-1.452287608101095,-3.3477123918989165,-0.5015228818878069,0.2356972559368783,2.4164493953176584e-05,9.033191890512089e-05,1.0272025886531413e-05,5.3192889508757865e-05,1.3682273367653354e-05,0.0952466772382984,1.1603115190758808e-05,4.211345086882692e-05,0.0244795223494857,0.1760499785073309,0.1753645904868775,0.0770625491179845,LFP,13,15
-550095.0275365284,2.584336781753896,0.0269116045757833,180689.185219295,-4.384481432017822,-0.4155185679821898,-0.3812147193172467,0.2487014169273989,2.8943934862024013e-05,0.0002495510166589,1.691541472356321e-05,4.99617559725135e-05,1.2237955474032105e-05,0.0987301314779592,1.9924102717036863e-05,4.99121101742643e-05,0.0212857043123922,0.018933424843695,0.1008569161689595,0.4289949396700988,LFP,12,48
-29819.120211659792,2.5958695252067967,0.0133298041596047,19056.305132257246,-0.4053560550842832,-4.394643944915728,-0.7225095419704506,0.2979447500982974,2.414139550193785e-05,0.0002198859427691,2.9070737464209123e-05,4.345575318178168e-05,1.2992821606605142e-05,0.0770716988793522,1.985638182604773e-05,4.979691020493423e-05,0.0054250194183316,0.0196576744947283,0.0239515365839491,0.1638812469508719,LFP,13,81
-262663.4360163441,2.7320011303897034,0.3639856212147455,29262.134781593148,-2.29952298733258,-2.500477012667432,-0.6829161435421062,0.4192481816218323,2.1973716503517265e-05,4.221975061389725e-05,1.637946668149577e-05,4.195287295229538e-05,1.8618382293826075e-05,0.0887621336078831,1.1318803833136471e-05,3.4195684039159307e-06,0.0217706644487533,0.0106757059594505,0.1774388396608544,0.0589693108375889,LFP,13,8
-412901.5424541661,2.2342114669254927,0.0097829431043962,312281.72702155804,-0.3546202810489092,-4.445379718951102,-0.6740667482100788,0.2533967131467937,2.75157446927878e-05,7.01728830441246e-05,1.7351831613028817e-05,6.217804924273328e-05,1.624269271845896e-05,0.09166156185877,1.2776704509950416e-05,3.310099254510198e-05,0.0219255427684687,0.0442393144941218,0.0215013742494102,0.1901925630463891,LCO,13,77
-14376.021491225338,2.1544226147184085,0.0190687828593923,13801.329205497788,-0.393946395175405,-4.406053604824606,-0.4434194297807567,0.2198206842858372,1.645297467001053e-05,4.915027959611088e-05,1.8704733388454545e-05,5.111126975697537e-05,2.796910884146622e-05,0.0979088679365738,1.9227965109541984e-05,3.2606269872919706e-05,0.0053288622290852,0.0262481646539932,0.29741002032943,0.16292238523582,LFP,13,60
-106445.444018511,2.5536870933433624,0.0104592125897324,71578.22227761301,-0.555952157840025,-4.244047842159986,-0.6995872018046204,0.2558529527137734,2.7311282946265972e-05,0.0001710906738774,1.8963437327169545e-05,5.2112616735738215e-05,1.9494842557523462e-05,0.0797610621305376,6.061330785528229e-06,4.9278875686265245e-05,0.0097744705731915,0.0300102755390719,0.0120522024526936,0.188350320203614,LCO,13,95
-141225.15018717074,2.0966345695565485,0.0217541559510701,102357.56834419131,-0.4528730883041305,-4.347126911695881,-0.3913563766630624,0.2590414136352246,1.3378085317344186e-05,4.041317938102216e-05,1.3371110988610874e-05,5.621926175686536e-05,2.4210667345530792e-05,0.0438002824429288,1.809707068951036e-05,4.07760715472336e-05,0.0225967598029052,0.0811889843323745,0.0645234966662406,0.3929311423383224,LCO,13,55
-290785.24078874214,2.186405349499844,0.0166570611348167,178527.83531284938,-0.3445974540936518,-4.45540254590636,-0.1263963096250255,0.2377234979423148,1.292913967600962e-05,6.015964465789239e-05,2.1570297355887365e-05,4.630001167073769e-05,1.2775684163307324e-05,0.0878272179626909,1.9726041938340137e-05,3.3948191918385414e-05,0.0185292525039907,0.0227409985952427,0.2426755228744006,0.5381871689053311,LCO,13,74
-431075.205276464,2.57542268357684,0.4119462188783756,20300.99941188628,-2.660168684273792,-2.1398313157262194,-0.0644351262371348,0.2493353805007381,1.6222410168344488e-05,8.943386746204433e-05,1.9203798839495315e-05,5.049194063343173e-05,2.829325087153193e-05,0.0988249814999775,1.3126798319643254e-05,4.331048073026217e-05,0.0233839660598097,0.0829654725235269,0.2169297333994492,0.5656696678398889,LFP,13,5
-51228.008134458985,2.2489199513219904,0.049782689398715,9234.522499705045,-1.2767371869462778,-3.5232628130537336,-0.1245471831937059,0.2273018664445657,1.911826749654876e-05,8.923089924199808e-05,1.660195506308491e-05,5.3893000124445966e-05,1.7990019201063166e-05,0.0693842765651754,6.010861955302141e-06,4.061252846408131e-05,0.0099587364187073,0.0962707909464329,0.1146579959721336,0.5945240298877275,LCO,13,17
-307603.0208563322,2.237455295484745,0.0147769375489452,214401.34640333895,-0.4387056188879512,-4.36129438111206,-0.1317375896186106,0.286517985411445,2.9689814340517385e-05,7.547016932384538e-05,1.450318480712038e-05,4.886931036457407e-05,2.470365691278432e-05,0.0924634024018546,1.0115343075958154e-05,4.879997677221336e-05,0.0197216562151317,0.0284851438426471,0.3417394384786591,0.4280378280600831,LFP,13,83
-317551.2717731473,2.11208460644269,0.0244803041595974,233915.3923617063,-0.5247564487304572,-4.275243551269554,-0.7331604457052289,0.2059740220172127,1.8303812181201505e-05,4.665378821222387e-05,1.470179838359088e-05,5.244868172562669e-05,1.3761584372690851e-05,0.0991425851426603,1.8323812684263388e-05,4.9722121815499375e-05,0.0228141529124423,0.0912622129490711,0.0432437274486328,0.0623336138970671,LFP,13,48
-112079.77299574469,2.387718899235238,0.1523248142008176,17714.528246453912,-1.6122533622740391,-3.187746637725972,-0.1527301612786625,0.2317373937476084,1.2357905835755343e-05,4.557491417666514e-05,1.967870811651808e-05,6.397150678475251e-05,1.6836166759605876e-05,0.0468947723445015,1.2575089248089453e-05,4.9737725919909146e-05,0.019036498117137,0.0297583357805996,0.3603047803542607,0.3872067225864772,LCO,13,13
-317246.1123007281,2.315377919225327,0.0103630824779303,226292.75549127537,-0.5273531281990742,-4.272646871800937,-0.3317166877997184,0.2363943746418252,2.951706037055557e-05,8.791546462847318e-05,3.115288024688937e-05,4.488443366250014e-05,2.530923880226328e-05,0.0908840498878948,9.580992878033398e-06,3.476966519642843e-05,0.0183986361997881,0.0427608587590609,0.4028750962398909,0.1526473572013297,LFP,13,92
-190931.34152088445,2.2711939289686587,0.0171688433747246,153992.56421791663,-4.201405340648797,-0.5985946593512139,-0.2860988778461378,0.2537000670797721,2.964184910412262e-05,5.784381781399526e-05,2.3737299571932385e-05,4.996733863956969e-05,1.2225758554377556e-05,0.0826689944931456,1.963628922458578e-05,2.6968148278976225e-05,0.0185182547924232,0.0189116444425976,0.2439241510845201,0.3810653266267444,LCO,12,75
-202147.98800330667,2.1713778300959143,0.0172931933314833,157207.11064229065,-0.3416625663164438,-4.458337433683568,-0.1114212971151503,0.2364498264310879,2.206093883775636e-05,5.404032826704204e-05,2.3652278296493536e-05,5.0022601648052616e-05,1.2119516769210274e-05,0.0827136922916952,1.976441498166397e-05,2.693149944314546e-05,0.0185691648362165,0.1665597878978968,0.2432797823188262,0.4087391326681266,LCO,13,72
-26238.523711757214,2.605134238299123,0.009474935307846,18815.20190771693,-0.3854101545058839,-4.414589845494128,-0.4071409450594003,0.2230423686358634,2.364777711861896e-05,0.0002489185309902,2.9953264369171787e-05,4.7226676202676e-05,2.912658845671893e-05,0.0932497270994115,3.472468575123464e-07,4.931866798497801e-05,0.0052634944963329,0.0121905852873704,0.4100412041599685,0.1006272654932608,LFP,13,80
-312117.712113849,2.110021435748516,0.0176138518315167,208769.2959163438,-4.214240300282505,-0.5857596997175065,-0.0629943016993354,0.2314946103017247,2.3813685143969144e-05,4.496765136788986e-05,1.6805956307966327e-05,4.990063084537743e-05,1.3859477814784294e-05,0.0989344002558928,1.9970158646605462e-05,4.973596021739827e-05,0.0223480720813473,0.0187725042922897,0.4805519752183348,0.3676812187900402,LCO,12,64
-21852.709319212525,2.42725489947835,0.0131894626454699,13845.642264376693,-0.4652919550567205,-4.334708044943291,-0.2027862802590841,0.2950602516805586,2.224767293209315e-05,0.0001293809434589,2.337352903595652e-05,4.50980652728103e-05,2.6899282365007347e-05,0.0473630919283138,6.710006639866124e-06,4.935325759856345e-05,0.0065512314741399,0.0122992698631797,0.3067292225732432,0.4081852273044929,LCO,13,85
-15632.876808504065,2.206724659719087,0.015985299793559,14778.513055600948,-0.4736723509743115,-4.3263276490257,-0.5339900549218517,0.3216147734878742,2.2240146681953744e-05,7.19394832072636e-05,2.356059740721169e-05,5.320450848646742e-05,2.8229247714162832e-05,0.0472398556788236,1.3802540184392625e-05,4.200951971737777e-05,0.0064914072275701,0.1760809358623811,0.1203793237499406,0.0995496854658264,LFP,13,86
-423902.1011109312,2.6534929200591013,0.0290990075389066,120524.05162781928,-0.6100458114963203,-4.189954188503691,-0.1327712789519556,0.2345988402258497,1.6176900859485864e-05,0.0002075832135831,1.0676871085758764e-05,5.673460108999159e-05,1.950275282117768e-05,0.0596928716865355,1.380497951437066e-05,3.082185454515755e-05,0.0238993725042755,0.0813054748164231,0.122188934028905,0.5937343122027162,LCO,13,42
-194030.6756529088,2.258203432383076,0.0175888623647651,113997.0406596966,-0.3406476145890664,-4.459352385410945,-0.3651478588245818,0.2363079163500225,2.2212596291167e-05,5.379954349897875e-05,2.3934277425441897e-05,4.035034318331567e-05,2.450262041085065e-05,0.0639867163261201,1.970443761369681e-05,2.357051477702469e-05,0.0184806814799556,0.021674077720505,0.1812085354191078,0.3619695280358054,LCO,13,66
-13716.144447004806,2.385804353704224,0.0102966992365309,13943.52395449836,-0.4255079602099769,-4.374492039790034,-0.5426352909156948,0.2349699025773691,2.130327988981132e-05,0.0001029197919109,2.9071507475251515e-05,4.029338574110167e-05,2.704218746529877e-05,0.0632455713012571,1.5371578782428843e-05,3.4566189748283235e-05,0.0054188937349899,0.1221677531320071,0.1063062869024922,0.1588906690498058,LFP,13,84
-436123.4820976976,2.4907729631518065,0.0092720326146467,239458.60530705185,-0.4857181368177663,-4.314281863182245,-0.2381273315185356,0.2321780798133921,2.9694953261159988e-05,0.0001534004084521,2.200027986339456e-05,4.5009239604330784e-05,2.240832627812405e-05,0.0971894506933529,7.096473957177427e-06,4.769492139145332e-05,0.0185459103621359,0.0387272762508234,0.307318334671807,0.345827057558834,LCO,13,88
-288643.4027335978,2.8025712104696456,0.1606973036612511,38620.19358292684,-1.8410022645646575,-2.9589977354353536,-0.7664928998099857,0.2953311650683349,1.5437522137274672e-05,0.0001824581314317,1.316647285648243e-05,4.229852422876315e-05,1.5668763861920632e-05,0.0718949281346549,8.447117985860288e-07,4.783991743431045e-05,0.0215222587110594,0.0311828265224089,0.0245745736430258,0.1077497000245794,LFP,13,11
-239730.76357991845,2.3482596483422364,0.1391569762549164,45988.11454110803,-1.466780429540414,-3.333219570459597,-0.6821589864631878,0.3121004511727541,2.4239101798950403e-05,8.719130892470099e-05,1.0744141109550767e-05,0.0001043628661622,2.4019327977416257e-05,0.0596431487956769,5.695277295534216e-07,2.2375085663509247e-05,0.0231170577929029,0.0779497677864996,0.0314944839791106,0.1383967617712018,LCO,13,15
-191344.9363797721,2.543899166052267,0.0116259110965053,148123.09438883347,-0.4968018725057632,-4.303198127494248,-0.1866572432596446,0.2718595945192359,1.6043960348138563e-05,8.633987854086148e-05,1.182610400087762e-05,7.282520102369129e-05,2.2473745311553532e-05,0.0952946135232186,3.3540808191959604e-06,1.1123249950156857e-05,0.0147493417927754,0.0389140127180155,0.3084545925348639,0.3959741514874759,LCO,13,88
-51257.69471611387,2.620282404689781,0.0770268379437017,8800.67103016245,-1.03429552028539,-3.765704479714621,-0.6432503107641487,0.2092236565057488,1.3627231163295188e-05,0.0001646859835348,3.328508410866181e-05,4.581852431714391e-05,1.6440572836459154e-05,0.0879909920833755,1.3678862493924429e-05,4.452979413453651e-05,0.0068421093267543,0.0102861522594038,0.1492877825799348,0.1271757543965126,LFP,13,21
-22958.861105155655,2.4967194105244035,0.008598707484601,17463.49013602154,-0.3794945705734065,-4.420505429426605,-0.5271060518359392,0.2025113873203714,2.7716146106218023e-05,0.0001529515732643,1.869812019415256e-05,4.5701089947412645e-05,1.2872593170429988e-05,0.0940582028058194,1.7127419950668069e-06,4.9322269251052856e-05,0.0049679885414,0.0390466110967345,0.0154487420648287,0.3483985950024975,LFP,13,81
-13399.328945684349,2.1425191620399864,0.027112931130295,8306.10591543156,-0.62687531551137,-4.173124684488641,-0.6735353768386853,0.2985505452711768,2.986925218985882e-05,5.301529522523298e-05,1.7220946264533413e-05,5.881661024119209e-05,2.432845207671647e-05,0.0774109898027078,1.129579255278678e-05,3.0511651510903745e-05,0.0053747087576297,0.1099092664944447,0.0832447314758013,0.0633106251910687,LCO,13,43
-8013.802218031016,2.098567273146913,0.0125776746105276,9715.175597043495,-0.3835228666656647,-4.416477133334347,-0.5509826432911549,0.242200809414695,2.476655502762949e-05,4.4845259216415526e-05,2.8716408276057884e-05,5.0500259475152906e-05,2.7034780740484598e-05,0.0492201720148317,1.5677751160965507e-05,3.4231744318962027e-05,0.0054240463511401,0.174599328943947,0.1038135482242148,0.1006044795406832,LCO,13,80
-177260.3080686046,2.495317835274248,0.0135143870825141,91561.5009616136,-0.6054421213181342,-4.194557878681877,-0.2008338576662244,0.2338396255106354,1.6237418767382886e-05,0.0002102096789649,1.236358669544009e-05,4.908732403560842e-05,2.3756681084528983e-05,0.0434082181189955,1.3853724615317824e-06,2.033056347611685e-06,0.0241654151528623,0.0990572044559576,0.0355649015564823,0.5945440363213356,LCO,13,42
-202341.61355792196,2.07649689096509,0.0144453466707625,175696.49869789134,-0.4348507022122803,-4.365149297787731,-0.2008790162579239,0.2429799198725702,2.244409964372093e-05,4.0316336761885954e-05,1.836130651647654e-05,4.798424027961563e-05,2.759204888352933e-05,0.0801912519061908,1.978362710688048e-05,3.162214550784017e-05,0.0189869369287078,0.0216447886047144,0.1188792393752167,0.588596955762145,LCO,13,84
-178081.48518114444,2.599531060616541,0.0267914755306962,78587.78391231698,-0.4786794035903696,-4.321320596409642,-0.4397048721027199,0.2890821727122105,2.382935148159519e-05,0.0001901433921745,3.694282448367947e-05,5.390833442758967e-05,2.8624260397679563e-05,0.0449496994696383,3.7595353903878665e-07,3.0685725432106504e-05,0.0186976906868205,0.0143811124938999,0.4136411207316899,0.0622728946716902,LCO,13,55
-304778.10335568286,2.5884450487597057,0.5832521511543363,15650.572356159431,-2.648278294947538,-2.151721705052473,-0.3667239121138071,0.2689636740183171,1.3653119342740717e-05,7.86273738951905e-05,1.0453309484741548e-05,5.433908342046641e-05,2.4291839242936967e-05,0.0989489679260166,3.44160115873927e-07,3.0659546775250706e-05,0.0192546481335381,0.01201641470637,0.0239535056540055,0.5273061675258173,LFP,13,5
-643139.7621338696,2.4848296607336016,0.0105041866773739,302906.90966629115,-4.406020520182025,-0.3939794798179861,-0.3686316448289136,0.2559947629541922,2.9686061078970867e-05,0.0001398541858577,1.9822852361637076e-05,4.895240263388276e-05,1.203366068798113e-05,0.0721500635054688,5.453516386278407e-07,4.983900465162311e-05,0.0232394694153205,0.0187426727530454,0.10321124436946,0.4394144380485808,LCO,12,97
-277535.55647001835,2.40087844391594,0.0138028351798179,118078.24432241898,-0.3800198140949931,-4.419980185905018,-0.3806274421868193,0.2012126024590554,1.6648418350061584e-05,0.0001330601411693,1.8873161274426644e-05,5.390504498239926e-05,2.255841460662061e-05,0.0596926658236606,2.597550960104568e-07,2.984820553836243e-05,0.019259639907988,0.0819549482567799,0.0654240458990846,0.4019935636573161,LFP,13,60
-148486.38359008142,2.2479926978677702,0.0536274412056777,31326.82950771073,-1.4097790019618728,-3.3902209980381386,-0.7036280291791486,0.3235217587748191,1.538160467953817e-05,5.2635843998941983e-05,2.4072992249281217e-05,4.320898840951865e-05,2.824044159324615e-05,0.0639229652784948,1.9888421819650908e-05,1.3790255888446464e-05,0.0183737343470463,0.0172020669280035,0.1790077986946998,0.0301621051981481,LFP,13,16
-160647.70927277557,2.3427869846832565,0.1509650243142001,29427.66271039309,-1.6934678108641066,-3.106532189135905,-0.5839863153344501,0.2220801588308696,1.882909608605739e-05,6.150496746355516e-05,6.205619491633934e-05,4.4623211585223696e-05,1.9049559805638395e-05,0.0453254829935366,1.9391146852681773e-05,1.5032795537549744e-05,0.0240700715910388,0.0414275460340989,0.0775051667173623,0.2270809719140885,LFP,13,12
-20806.90238152493,2.213161284891985,0.018044121883461,6977.917104251307,-0.8030473893379337,-3.9969526106620776,-0.0230505535189368,0.2221875213561041,1.4311775880427302e-05,0.0001169704583017,1.0375531855423795e-05,4.730996173731061e-05,1.4149722227280756e-05,0.0997727226702868,8.108794575602033e-06,3.911088713718846e-05,0.0054615018167955,0.3091641765088944,0.0400090511675093,0.5577762188046596,LFP,13,30
-4978.397787099978,2.0916953369093854,0.0278862041875953,2797.131880520059,-0.6731234434452205,-4.126876556554791,-0.2567892864294637,0.2177702553537764,2.672052715580976e-05,6.218474824263726e-05,1.525354394202644e-05,0.0001334332745928,2.860696436879909e-05,0.0514951596760575,1.764980081656046e-06,4.36288628705918e-05,0.0040465678638098,0.5785207785210412,0.081700669416261,0.0129892656332339,LFP,13,41
-11502.577877554855,2.456150944134468,-0.000894273488293,12621.88251307132,-0.5221763832600388,-4.277823616739973,-0.0947252720004164,0.2064818218334529,1.4471430929752134e-05,0.0002341893829708,1.9100316568459997e-05,5.509221700075388e-05,2.0847023558985507e-05,0.0819259739631994,1.7919831971218916e-05,1.2662219717836571e-06,0.0044038439049898,0.2966991783497983,0.0428735405500548,0.4957020090997303,LCO,13,92
-587128.5034001869,2.2512630673048992,0.0197416471216288,176455.63320154353,-0.6785733515902805,-4.121426648409731,-0.5536729952480525,0.2391343493080065,1.5295575503375893e-05,9.326785181551384e-05,1.2090346093042128e-05,4.030931155466143e-05,1.7653624901168113e-05,0.0882049422486297,3.545769483897104e-06,4.82266626783095e-05,0.0243554837413787,0.1465346745506052,0.0214054765904382,0.2083868536109041,LCO,13,36
-270420.44167005963,2.4658834208243405,0.0091834419399027,207651.30169887823,-0.4840208944039119,-4.315979105596099,-0.2156941702515612,0.239975822237763,1.5063462232572135e-05,0.0001470080700372,1.0515810331966916e-05,5.4109592247471774e-05,1.3502753305821044e-05,0.0677594284783456,1.2569072349914038e-05,4.84547714671042e-06,0.0200259657185918,0.0954392115434964,0.0364515421149944,0.5824150760899479,LCO,13,88
-283566.3194635765,2.2432332439861606,0.0169457226562603,191744.0097829873,-0.3623282387367865,-4.437671761263225,-0.213819937081975,0.2491669967836913,1.5787349014779608e-05,7.525440030061462e-05,1.9885771579349336e-05,4.654105067311204e-05,1.4462420864196485e-05,0.0844854992294885,1.982886208185101e-05,3.177484060600482e-05,0.0188447273908341,0.1492070524216318,0.0508208006484801,0.5161522098479131,LCO,13,77
-111204.91822042564,2.6685325576070142,0.2696084676383843,10073.776702060934,-2.168329723070279,-2.631670276929732,-0.3151889287087184,0.229665382966679,1.461885258940938e-05,7.526470964355386e-05,5.203383634892892e-05,4.038577093313539e-05,1.3131303572256985e-05,0.0965045677602306,4.060038652410506e-06,1.635902287605818e-05,0.0121798521940901,0.060540259686779,0.0102919598880817,0.5439788517164209,LCO,13,8
-295583.3257249561,2.1934520980401624,0.0090479983419756,299216.0926778096,-0.4822205654893921,-4.317779434510619,-0.5570790496045768,0.2190042080714788,1.3979873476543068e-05,0.000112170812628,2.158108180226119e-05,0.0001341118599294,1.2040060222724251e-05,0.0666996842165857,1.8655072271249085e-05,3.851034403029711e-05,0.0223730835803642,0.027216484459716,0.0162004468780089,0.3295040190576982,LFP,13,89
-144603.4847964089,2.6417985409434928,0.931925435027571,10833.786671121446,-2.620707859321321,-2.1792921406786903,-0.678640332614138,0.2149670113577348,1.3336890796398897e-05,6.796395765660014e-05,4.911705347536744e-05,4.361639380912181e-05,2.5063019408277327e-05,0.0794520271936984,1.7391925718900014e-05,2.548765029962352e-05,0.016821752279081,0.0545222402098582,0.1121446376878117,0.0846927894881919,LFP,13,5
-563434.9454844082,2.666130820851192,0.0415923270685963,106937.6821635383,-0.886256330311376,-3.9137436696886354,-0.2151303864961126,0.313389929341767,1.5602036822047396e-05,0.0002476330501341,1.0450436002550166e-05,4.601757798203716e-05,2.791086054546672e-05,0.0818209477835223,6.269684465315505e-06,4.251253189805861e-05,0.0233133365592129,0.1817278528999174,0.0538383807468105,0.4793033798571594,LFP,13,28
-65741.993206671,2.1970959609005094,0.0097784495765956,88080.57605543561,-0.4002975750025968,-4.399702424997415,-0.4545077202029048,0.227903434935106,1.6047080486913403e-05,4.074799815476099e-05,5.565046025414759e-05,9.805802926592848e-05,1.3129405192718768e-05,0.0964943076263575,1.3931976307888182e-06,1.591390293585098e-05,0.0108918378022622,0.0934876541034484,0.0195637587478997,0.3624408669457469,LCO,13,82
-556185.8486368803,2.56617044742508,0.0102849119107743,334597.48878493585,-0.3965161002468633,-4.403483899753148,-0.3544854064602974,0.2135306486823676,1.607785638997753e-05,0.0001670270876148,1.6916945919518615e-05,4.61849607392896e-05,1.2138913878918846e-05,0.0981683523338775,1.4036363928927617e-05,1.1393975326736666e-05,0.0213441774759931,0.045429218638945,0.0107799709339643,0.5193054039667931,LFP,13,82
-23127.456419028647,2.547573894928908,0.0102865307177016,14382.193187012972,-0.3710145347722076,-4.428985465227804,-0.4357627550293902,0.2423994467315627,2.773615207463014e-05,0.0002335910149653,3.246814932210089e-05,5.48080800672147e-05,1.3417855089091225e-05,0.0622234027838463,2.481298506058304e-06,4.014569805821716e-05,0.0056328956942198,0.0154263038646904,0.3096628141045688,0.1691481270013505,LFP,13,78
-49836.99181425968,2.3513016283116124,0.0108522595751721,42323.10871528053,-0.3400619634113511,-4.45993803658866,-0.1995105751198541,0.2046496777102583,1.4292734705100042e-05,6.652028806263662e-05,2.2686686589767604e-05,5.379372284554e-05,1.810594763339436e-05,0.0694788876295429,1.7801968418128042e-05,1.1852112327427932e-05,0.0098800795779923,0.1212242107240243,0.0377650631907981,0.5715001509653235,LCO,13,76
-27415.865290877548,2.092608924020994,0.013952747852556,25589.77919254202,-0.341929742942419,-4.458070257057592,-0.2496146159346619,0.255368680092869,1.5050852013450287e-05,5.4911702990919766e-05,2.30667498415196e-05,0.0001234564480977,1.2745372823059331e-05,0.0845020868275853,1.88501317658455e-05,3.790592874815984e-05,0.0071074829187181,0.149466828361901,0.0405831302517061,0.4903354254517309,LCO,13,68
-14007.078526361583,2.337580717615112,0.009716771083386,11105.994709706692,-0.3476647462637743,-4.452335253736237,-0.366430843162185,0.2269967333555015,2.6691215862998665e-05,6.580972496542239e-05,1.9434556778578135e-05,0.0001477910955164,1.3264685658920624e-05,0.0817887584911294,1.825596123782901e-05,8.378193039846102e-06,0.0045084203571383,0.1866054564979789,0.3198130857757381,0.0571506145640979,LCO,13,75
-172938.2095220955,2.325266375580186,0.017953757540249,36182.41920887634,-0.911270557289022,-3.888729442710989,-0.3146868837963261,0.205250747147544,2.0856141683041836e-05,7.616248824951224e-05,1.9336549575653102e-05,5.9887813827939376e-05,2.082136990016073e-05,0.0814426279828799,1.153926142183263e-06,1.4279291224416574e-05,0.0148627513073283,0.169347080699518,0.010617679266985,0.4353483562371708,LCO,13,24
-325745.40147669346,2.4441358682890417,0.0105026401171133,255417.44237601585,-4.27112770299815,-0.5288722970018611,-0.4033008713026064,0.2185447923779501,1.6915291929041213e-05,0.0002349046891598,2.948084418043059e-05,9.923400597627149e-05,1.4688923992743868e-05,0.0587560692365261,7.954196346591411e-06,3.7584512410971765e-05,0.0242257830627403,0.022510982100908,0.2816103636540928,0.2225777829423927,LCO,12,84
-12484.97484353201,2.410121175871189,0.010647905810052,10074.589670922816,-0.3405597259172666,-4.459440274082745,-0.1357475677290207,0.2018581926306748,2.6476005985580265e-05,6.125335704633543e-05,4.205114746506362e-05,0.0001114493524939,1.3205391684480858e-05,0.0817992817505145,1.8236689244079172e-05,8.377933812339718e-06,0.0045073275753802,0.0710098259366291,0.3288880941778483,0.3943545121565017,LCO,13,75
-73549.92900175435,2.5466951500170985,0.0102363444373194,62220.87060988572,-0.5283554669198054,-4.271644533080206,-0.4877656905112971,0.2435837897763836,1.770829121662355e-05,0.000248222792989,1.0284222890605344e-05,5.388615387559916e-05,1.799035875126391e-05,0.0693941071074933,6.057478717703423e-06,4.054767947646044e-05,0.0099821392385498,0.0962556423928721,0.0338041760981868,0.3121744909976439,LCO,13,92
-70407.4238128607,2.3731726528961685,0.015091359961019,45601.51550380927,-0.3335135004137086,-4.466486499586303,-0.1979337964983344,0.2037958191938555,1.4503905121790816e-05,6.667781869076209e-05,2.4501663599045568e-05,5.381544474723809e-05,1.832609776981649e-05,0.0752763615156026,1.9994534922251028e-05,1.1871624321496884e-05,0.0099221332343163,0.1216257151398609,0.0390330879061941,0.5714074004556106,LCO,13,75
-191312.42507488848,2.445424141378916,0.0053930899370336,417236.0717125279,-0.5111509620282462,-4.288849037971765,-0.1277415684266138,0.2399782601460211,1.2829052524519151e-05,0.000147107491874,1.0034916283500506e-05,5.410258473255784e-05,1.899879501667642e-05,0.0967507272609479,1.2869943070919752e-05,1.3140557063124477e-06,0.0239936310824952,0.089367108724276,0.1212081027847253,0.5916832200643848,LCO,13,90
-116751.11850865989,2.9703470059105785,0.4224323725736202,10533.879608704328,-2.301637646901192,-2.49836235309882,-0.2366065571690977,0.2111378554295378,2.087373478243354e-05,0.0001490090463591,1.0248252841117076e-05,6.25117854452809e-05,2.3964342477367517e-05,0.0814744822111463,1.2339451246805476e-05,4.58115770133718e-06,0.0148331117695881,0.0628182184347995,0.0471524011745227,0.58342282322158,LCO,13,7
-58115.493253355016,2.3642557680329794,0.2789853078122249,4216.178493201333,-2.0338489446382724,-2.766151055361739,-0.3177985460423191,0.2271492674284486,2.0668150149926512e-05,7.523378666982276e-05,1.6936984589234892e-05,4.136671891408644e-05,1.2848034875496228e-05,0.0418914287056401,1.8196454326893656e-06,1.7345315231211286e-05,0.0115811338125816,0.0578438583518,0.0101003012785117,0.5442572943273691,LCO,13,9
-13810.624344851236,2.1054729844099604,0.0153779729601883,14326.819233328351,-0.3875556378903653,-4.412444362109646,-0.3061461235187016,0.2458631341203195,1.7923346712242888e-05,5.253818660999374e-05,2.1567703068790976e-05,0.0001311724110524,1.3292929528982916e-05,0.0765827061053207,1.892961440116932e-05,3.790226369226866e-05,0.0059208582895721,0.0427884265078113,0.0579579553653667,0.5231074946081202,LCO,13,60
-53357.782846410606,3.199395057951936,5.530803157250652,1124.3680800503316,-3.18307249887593,-1.6169275011240811,-0.2521582924563971,0.231728387175831,1.2166540161931489e-05,0.0002341717622282,1.0486682542167598e-05,4.271273939372343e-05,1.2062428702464843e-05,0.041045124112496,5.395928759441071e-07,3.512895836236365e-05,0.0123529509816485,0.0212631155870661,0.2794717759467504,0.3771068160097864,LFP,13,2
-72140.99379883139,2.6249439007290127,0.0650544735579403,10558.931347058451,-1.3094947017340957,-3.490505298265916,-0.1342158773387598,0.2778201644799187,1.911173185585948e-05,0.0001405739396814,1.6351501722877233e-05,5.3892950795186274e-05,1.806881733580744e-05,0.0751555668791543,6.161803680813847e-06,4.061195264050428e-05,0.0100495614007715,0.0953182420893766,0.1139459573383741,0.5865199232334894,LCO,13,17
-17834.19283718676,2.2043419740361374,0.0095610005258321,23508.817021991013,-0.4140593053671253,-4.385940694632886,-0.2828565508581742,0.2220314297579518,1.4618828199646074e-05,4.178763689336309e-05,5.207600788566273e-05,0.0001272749147427,1.3364437864927614e-05,0.0942477652124701,3.2792458187557595e-06,1.614183217056387e-05,0.0057887051707901,0.0688879963898067,0.0651117825454792,0.5131436702065398,LCO,13,83
-722630.934064482,2.539062773565011,0.0097071336657425,439737.0747172947,-0.4889127635162325,-4.311087236483779,-0.1381565198029869,0.208804416704859,1.5373157373422728e-05,0.0002482292856434,1.0312178700785918e-05,6.16556748615119e-05,1.8626417725590644e-05,0.0994407662422825,1.717140278661943e-05,3.417484853137193e-05,0.0238330548992522,0.23160120752022,0.0777565354524982,0.4824857372242949,LCO,13,89
-8732.341975497668,2.107771732593171,0.0262882708193187,3134.8206107753526,-0.6435783077752362,-4.156421692224775,-0.4662200729804615,0.2289215554926554,2.850965392142316e-05,6.237472726265716e-05,1.5336852205661813e-05,0.0001337017046754,1.4748353075712688e-05,0.0509487210670447,1.718794427359298e-06,4.376606898813314e-05,0.0040901207636245,0.0705719135868306,0.3799576650924822,0.0132503483402256,LFP,13,41
-55666.48437314234,2.432457418177266,0.0043809181916465,170856.54691861293,-0.5332149426865556,-4.266785057313456,-0.2060460271643045,0.2901485646980702,1.271585282712213e-05,0.0001469617070642,1.001408278731136e-05,5.411291292856847e-05,2.1469767659541932e-05,0.0549149993886801,1.2873877979420596e-05,1.2850894355796574e-06,0.0199884011391966,0.0954816120905999,0.0503398677864336,0.578132492958662,LCO,13,91
-18456.838470623075,2.094822180950957,0.0105112437652943,24016.31778911513,-0.4877885701567237,-4.312211429843288,-0.2472236374474695,0.2557884116636854,1.5045939278663676e-05,5.493830716986652e-05,2.496971601028125e-05,0.0001237743370011,1.330458499769734e-05,0.0966202153874323,1.3177849809876256e-06,3.822897257063932e-05,0.0056684262592633,0.0835113671203995,0.0506205624526382,0.5486444329794926,LCO,13,88
-224390.0753904356,2.366250618798556,0.0103505821240342,163571.50753701382,-0.4826354083626896,-4.317364591637322,-0.2910511712599627,0.2467137298831375,1.422627750866087e-05,0.0001831863022395,2.1417849549729327e-05,0.0001103437704076,1.7888200899627984e-05,0.0748651039001438,1.7695724648099575e-06,3.57778309688933e-05,0.0165387206170382,0.0562544238773408,0.1624798209380579,0.4202145839246385,LFP,13,88
-285817.7596524873,2.349971808607344,0.0237185158770311,156508.25046161909,-0.457409230790077,-4.342590769209934,-0.3846333974252668,0.2684284618553606,1.2053633546664738e-05,0.000105938182109,1.0762984212415216e-05,5.389457414690657e-05,2.4260400207761677e-05,0.0599008554897611,2.857820816186051e-07,3.073784212897752e-05,0.0231058533994571,0.0812329754178564,0.0644528178723154,0.3996808092845613,LCO,13,55
-69272.0610787123,2.368668493807756,0.095104060032934,13395.031429601868,-1.3440632747908552,-3.455936725209156,-0.1988584005902348,0.227462101812108,2.121561458344336e-05,8.923514113268838e-05,5.222191459764602e-05,5.100520945016265e-05,1.2404790217607446e-05,0.0942947192609222,3.736526997968366e-06,4.0672152924242896e-05,0.0103127188851255,0.0965185819290052,0.0650262485442474,0.5695967689365125,LCO,13,16
-204351.7860531576,2.3924490413644905,0.0096032861284402,171028.2380647317,-0.4666773445125329,-4.333322655487478,-0.3053958204224819,0.2215910199293679,2.2888845455365817e-05,0.0002033204827922,2.200571117855901e-05,9.9205913173521e-05,2.054935691271664e-05,0.0823202786930767,7.326005736441008e-06,3.654107676480568e-05,0.0163142612628432,0.0719507693541894,0.1529319647457099,0.3997214454776187,LCO,13,87
-103057.61328740188,2.621379068204741,0.0091357442101138,66931.56338918755,-0.5466414356603053,-4.253358564339706,-0.2272426656546208,0.2210808784098637,1.535236153679462e-05,0.0002457377772752,2.7388622387727903e-05,4.573989056621635e-05,2.056136996885488e-05,0.0824493564364079,4.707164047287149e-06,3.492055610202762e-05,0.0098637901627028,0.1069070590321637,0.1567547252031412,0.4390955501100743,LCO,13,94
-222924.25665643797,2.336419216647861,0.0101129253259303,177682.72239297375,-0.4819515983640769,-4.318048401635934,-0.2903385515984388,0.24410672822215,1.4107245895247615e-05,0.0001948091543751,2.1971284786364453e-05,0.0001106009277073,1.2998695669523482e-05,0.0825725732912953,9.576389098197948e-06,3.664980001634039e-05,0.0163272706067888,0.0551332611041864,0.1630775447800332,0.4214506425173416,LFP,13,88
-22478.53559931949,2.157675929847014,0.0107214327189336,21134.2609343224,-0.4469215447337546,-4.353078455266257,-0.1059498538942291,0.2491805828794194,1.525578939285541e-05,0.0001005655588123,1.9877185570753194e-05,0.0001073282330148,1.298844824063529e-05,0.0881108419566601,6.412699493826147e-06,4.154016803514337e-05,0.0058246948024806,0.2015037012507318,0.0607485001812441,0.5617979446737948,LFP,13,85
-95130.23377132729,2.5456339198753857,0.0091242851890752,75974.79850603886,-0.5633798040006681,-4.236620195999343,-0.6472355057060261,0.2157369158478962,1.6661785627820644e-05,0.0002361758576758,1.4992747389979656e-05,5.351528124465322e-05,1.8915295761323003e-05,0.0606405977787561,1.624269155232568e-06,4.020811886404191e-05,0.0111757322271878,0.0139975769393851,0.0993124455641943,0.1694544717903945,LCO,13,98
-410791.5729042282,2.4495549768674936,0.127100274105712,49457.07354906816,-1.821747043184878,-2.978252956815133,-0.5069782274397214,0.2605300611991449,1.622310239080261e-05,4.075260618605266e-05,1.8993677233752645e-05,6.16627566131546e-05,1.3813351410431812e-05,0.0964450182200623,1.4154637188612971e-05,3.591325284578602e-06,0.0227889730489,0.0322603920014186,0.0273844121940305,0.3633769683648295,LFP,13,11
-458191.3789456715,2.246505520110952,2.0196334500621504,53290.156300472,-1.916043264844092,-2.88395673515592,-0.775256177517657,0.2430775914871056,1.821021858496458e-05,5.654724535388553e-05,1.6900012872827557e-05,5.029805356282207e-05,2.9896407629427157e-05,0.0941740220601387,1.6758771335844915e-05,4.47893112166612e-05,0.0248752217596594,0.012722797610719,0.1230611105771581,0.0189599142944659,LCO,13,10
-462720.20342897775,2.399637630539341,0.1943201256801184,51709.02499753989,-1.836455259683753,-2.9635447403162587,-0.5198849056704958,0.2776526355095087,1.441447112828238e-05,0.0001166068830836,1.901108874214459e-05,5.683872875836175e-05,1.3555212666176053e-05,0.0951236355783114,1.5715553450216108e-05,4.038058762295352e-05,0.0226970298429882,0.0634739933410168,0.022525730954415,0.3241153700340723,LFP,13,11
-459033.19536743977,2.1463497432540803,0.0664368974986419,58857.08054707055,-1.456244075968094,-3.343755924031917,-0.0458251466203077,0.2428779875476607,1.817048214409181e-05,4.1996734118368765e-05,1.2713354834741666e-05,7.45189287170507e-05,1.3736864035041725e-05,0.0926625482011894,1.569065655409256e-05,4.7616535096594136e-05,0.0235679365446321,0.2431537514954402,0.1192438846998304,0.5217772171844216,LCO,13,15
-461415.8122304318,2.292532814719097,0.2156439956945371,39878.558466399976,-2.0619392155978176,-2.738060784402194,-0.2689537570711173,0.2429810929808422,1.5985124233243725e-05,9.327289199797505e-05,1.901606735716345e-05,5.555295011690226e-05,2.793742881206167e-05,0.0987478388381856,1.31403193343851e-05,4.433929100962212e-05,0.0233546715066432,0.084150987055952,0.0887268659686806,0.4881683899042499,LFP,13,9
-425529.18906543887,2.366362326960325,0.0653209703204501,53422.09003557799,-1.5594449084586586,-3.240555091541353,-0.271930113642168,0.2557609206869909,2.9873638824503252e-05,8.759436040401783e-05,1.3225494784272869e-05,6.440657415806363e-05,1.244597429391014e-05,0.0956507141888038,5.967283420654908e-06,4.932669818067152e-05,0.0222177132357367,0.2501364168261297,0.1347233365737739,0.2732101329579282,LFP,13,14
-563784.6597740633,2.188550132428131,0.0421819221065243,107120.89549577369,-0.8629030763711683,-3.937096923628843,-0.3197904697252108,0.2532913002278337,1.530083791559221e-05,9.294264746031104e-05,1.645089818216583e-05,4.036152011788423e-05,1.7762825442524378e-05,0.0780608945443237,1.5614814851543997e-05,4.7653463334993e-05,0.0243144767912886,0.1102954198417227,0.2942671611456607,0.2056469492874057,LCO,13,27
-4978.397787099978,2.0389257067576105,0.0089895586607666,4899.111156881842,-0.5226039511484188,-4.2773960488515925,-0.2003021239235332,0.2174190387506987,2.8536569601036987e-05,4.2538624656817366e-05,1.0300855012720732e-05,0.0001318769424496,2.5256723032833915e-05,0.0408864419900225,1.1223279314323576e-06,4.086297084679912e-05,0.0040744115558315,0.5837264109487952,0.0870394338168347,0.0589320313108369,LFP,13,93
-4978.397787099978,2.0785007912958045,0.0188987186320101,3071.1630546506367,-0.62262698527406,-4.177373014725951,-0.2483814771126935,0.217766042136219,2.7352557372826077e-05,6.169178225032821e-05,1.5244863379114602e-05,0.0001335082032537,2.524518696765436e-05,0.0514490630141993,9.89588365639236e-07,4.2589939151443166e-05,0.0040465150512087,0.5845355882961862,0.0825168312773971,0.0145661033137231,LFP,13,45
-706905.5911392143,2.4091272810202384,0.0313424925313266,187319.18073834144,-0.703613670973489,-4.096386329026522,-0.7086004371315797,0.2247130409460077,2.440620332048184e-05,0.0001320677364454,1.0853575340725665e-05,4.7666576988242856e-05,2.478249843426679e-05,0.0956228065785445,7.665459750937193e-07,4.839426662204871e-05,0.0245841499977616,0.0381959413674285,0.1073432559470184,0.0758603655539734,LFP,13,34
-4487.516780181473,2.079271093719588,0.0253583916727047,1764.641639832224,-0.7349778153761264,-4.065022184623885,-0.2249655997932581,0.2192584469223432,2.8676004562687045e-05,4.245037487683585e-05,1.8943590293906096e-05,6.410721869715166e-05,2.6417126000872592e-05,0.0400980187359822,2.458046011742112e-06,4.204223549242069e-05,0.0040946531643501,0.5523822512942745,0.0805604596074368,0.0720916893050305,LFP,13,36
-226593.66935159484,2.3509555627188683,0.0098428133004231,172482.6350954228,-0.4727388631745342,-4.327261136825477,-0.3150930780942401,0.2441152889745167,2.309429352574217e-05,0.0001564483320267,2.1967879180793632e-05,9.980316060157636e-05,1.45224653896665e-05,0.0823055702900124,7.325951623576093e-06,3.6641955300296256e-05,0.0163953249533609,0.0554791069164844,0.1611710259247953,0.3982567890644801,LCO,13,87
-511562.4395339565,2.6876015706829444,0.1628068108750824,63930.01739206495,-1.8324209720225468,-2.9675790279774645,-0.7205905588075334,0.2729880712036985,2.455581061459613e-05,0.0001694523831931,1.3211550656464512e-05,4.855270962963008e-05,1.3799316783774017e-05,0.095312453689644,3.3484426125100045e-06,4.688276706174156e-05,0.0245894639737756,0.0321634037696122,0.1088721835088328,0.0683738539140216,LFP,13,11
-4234.275401931713,2.04741306404427,0.0228792136011828,2610.163656187733,-0.5494922201232129,-4.250507779876799,-0.1813174280086931,0.2012402824934431,2.967013756263651e-05,4.010381349392087e-05,1.038636186873e-05,7.458760297110406e-05,2.3482812804581022e-05,0.0428428635715543,1.130500949847661e-06,3.750690556604368e-05,0.0041198522075464,0.5974769499219746,0.1209142963251513,0.0302913257441809,LFP,13,50
-4720.493270726938,2.0350544721006,0.0095218744124765,7877.161021150311,-0.4941688106561912,-4.30583118934382,-0.2017057070710241,0.2196247406269403,2.779484070316513e-05,4.092040889349974e-05,1.4812827294680855e-05,7.327333614783974e-05,2.628721092196387e-05,0.0495784643973054,1.950577930238909e-05,4.489421629235901e-05,0.0049199065090042,0.5908176053052314,0.088673381178213,0.0488033064455314,LFP,13,90
-430981.4828963784,2.2373117398459845,0.0606919956166933,78188.46743579436,-1.2356620215793868,-3.5643379784206246,-0.5038285557107842,0.2492719905456494,1.5486104827206967e-05,9.055582282207728e-05,1.9203397133971967e-05,5.733916323178344e-05,2.6679190856201963e-05,0.096647459321407,1.388195514838952e-05,4.33210306968806e-05,0.0223538764650638,0.0833469264617327,0.175545697675427,0.1672788201520559,LFP,13,18
-4818.845881599251,2.2065687467661665,0.064699660954948,1119.5814949263206,-1.122597554867497,-3.6774024451325142,-0.056466820173092,0.2238108410711021,2.9417448337666552e-05,9.397341491879164e-05,1.9486939008835436e-05,7.355032900511376e-05,2.85774209751814e-05,0.0447193717369354,1.0584398137838216e-05,4.716679025745856e-05,0.0040405371471277,0.5949330078543689,0.1122783252952744,0.1663218466772647,LFP,13,21
-4768.225361499279,2.056933888171006,0.0110189781120425,3565.1267027935864,-0.3520809286840389,-4.447919071315972,-0.0457337256993634,0.222146806312498,2.839817846699006e-05,4.115312653551747e-05,2.756471685072577e-05,9.11360206827834e-05,2.8263735578128444e-05,0.040894283253115,5.724987385772126e-07,3.74734610010426e-05,0.0040735437489458,0.5956182557057734,0.0736734485265036,0.2149745700683595,LFP,13,74
-5998.545887976295,2.081565732013676,0.0356191545608337,1612.7995357045452,-0.8301389394056145,-3.969861060594397,-0.4050391791313381,0.2235896681409108,2.779678926250531e-05,4.0045247388058376e-05,1.4117360447256885e-05,9.011814698558468e-05,2.3546286794413516e-05,0.0429049890696663,1.608704288279448e-06,3.4193596120834305e-05,0.0040002763030698,0.3593501485666941,0.1209872815079858,0.044623390793982,LFP,13,29
-550048.4853085357,2.233594335431744,0.0769728359645091,79586.80565246675,-1.4599118282120074,-3.340088171788004,-0.5018105894657303,0.2476866812357939,1.702536636767849e-05,9.0572130849459e-05,1.0270778478905848e-05,5.11927508651048e-05,1.3543086280289442e-05,0.0952324934495572,1.1603319423138356e-05,4.3637796822093e-05,0.0246480039252129,0.1742760640476444,0.1753660697193108,0.0785472767673144,LFP,13,15
-5887.783662728043,2.719950217270141,3.2898184577474003,217.6087208895691,-2.8461109501390425,-1.953889049860969,-0.1975368999439156,0.2003990173706029,2.853968456857851e-05,8.215979909223994e-05,1.3123136203849278e-05,0.0001237218591877,2.8482439945651408e-05,0.0412945897559971,9.992927593976703e-07,4.675175905644866e-05,0.0040104238878223,0.5838544625280317,0.0912447823250707,0.0573638552029819,LCO,13,4
-5876.508757998906,2.05870717136186,0.0043962091809654,5593.9200034993255,-0.5510798934732506,-4.248920106526761,-0.3634057478284378,0.2236750182628317,2.775487074510461e-05,4.3103849832893073e-05,1.578529843843012e-05,6.785670304746222e-05,2.3542259132210064e-05,0.0429198004020609,1.595345935706172e-06,3.908624651547324e-05,0.0040902760512287,0.3578936175201761,0.1208387670872608,0.0878618675641252,LFP,13,100
-185193.2532822919,2.23014333290699,0.015656874312054,144360.16212257632,-0.4138947620014335,-4.386105237998578,-0.2044240726389048,0.2513382925472531,2.23567574289066e-05,5.1570913660190605e-05,2.39330379183333e-05,4.162650250086264e-05,2.802371961058916e-05,0.0701410097171154,1.9730941124405213e-05,2.7856144472458752e-05,0.0184645052837154,0.0262779930332158,0.1789848611174399,0.5203130732104395,LCO,13,82
-4978.397787099978,2.0652547695324066,0.0089481462163263,5049.689513438818,-0.52230494646696,-4.277695053533051,-0.20430238960864,0.2174787501258739,2.869740549749256e-05,6.042806458794674e-05,1.0297620516296693e-05,0.0001432355552184,2.9453355182656236e-05,0.042384727746162,1.7591540494987236e-06,4.233517870493717e-05,0.0040314068387504,0.5971229051899347,0.0819606679963432,0.046614037205082,LFP,13,93
-4487.516780181473,2.0548962345050428,0.0089494728167304,4693.710087825476,-0.5224019171198435,-4.277598082880168,-0.247330434976478,0.2227052715280317,2.8529650446308025e-05,4.9992269443546215e-05,1.0435292472949152e-05,7.325840817802606e-05,2.741685706123962e-05,0.0408743813748746,2.2532556844739427e-06,4.237042147905292e-05,0.0040742287208787,0.5913237935072548,0.0164105583019739,0.0749352132142932,LFP,13,93
-4725.156408850217,2.093505696194124,0.0264877509769952,2293.1011961386102,-0.688070889285477,-4.111929110714534,-0.1909734906390157,0.218315906787981,2.859311030901501e-05,6.662107992408086e-05,1.0043742053003088e-05,0.0001483740957849,2.53109036832828e-05,0.0423742257334425,1.761863945187054e-06,4.837358221431089e-05,0.0041208711509154,0.5773507337668149,0.104203574831909,0.0574722007622603,LFP,13,40
-252943.81384739463,2.500433970633209,0.0123486686960939,275628.2036428387,-0.5378489392252348,-4.262151060774777,-0.6131565829883907,0.2782910226418486,1.4164484361898422e-05,0.0001913426087634,1.3914080744326972e-05,5.418703618467512e-05,2.897992523904305e-05,0.0608501486510821,1.3142522078947137e-05,8.917902248796928e-06,0.0222430919985298,0.1776449877638636,0.1238434649281516,0.0153549643195941,LFP,13,93
-4296.671832405428,2.041165506883414,0.0108014677162696,4175.4982397331205,-0.3495761974588589,-4.450423802541152,-0.12215596910706,0.2236166757887647,2.77481747121362e-05,4.414104520841032e-05,1.5790147511692636e-05,7.576041840666048e-05,2.638025136099601e-05,0.0427050040501178,1.8769469874140315e-05,4.736251580624947e-05,0.0043892274159562,0.5948023533842334,0.1113438975883877,0.1016977799203188,LFP,13,71
-5259.492898782213,2.051845521308885,0.009147882836518,5657.628261961723,-0.5546739376679142,-4.245326062332097,-0.4086115412715787,0.2320849872455972,2.7799052240681984e-05,4.066295084208626e-05,1.386658747466771e-05,0.0001380453768491,2.990899966373289e-05,0.0429065880918584,1.357246420067106e-05,4.95177512742708e-05,0.0040038456884504,0.3143096874191544,0.163207695633424,0.0438710756758428,LFP,13,98
-409219.3729087197,2.283843114010472,0.0818025383076025,55834.42735719916,-1.449546281931461,-3.3504537180685503,-0.1312489536988834,0.2398351415618891,1.5485272982768357e-05,0.0001129802276682,1.2641396298526218e-05,8.229100923171702e-05,2.6800261066757108e-05,0.0926492385096215,1.5723120567281536e-05,4.128402723837587e-05,0.0223484629362606,0.0831661768215616,0.2017225063661676,0.5138623631133873,LFP,13,15
-4761.900759059152,2.0571312710116616,0.005725254227463,4079.4907571355857,-0.5082612023726085,-4.291738797627403,-0.1281871938638222,0.2182913441657358,2.779708078643981e-05,4.362790137148848e-05,1.1101150772201426e-05,4.2399329888288736e-05,2.9934330401290916e-05,0.040822105927527,1.371476403097138e-05,4.236185748161493e-05,0.0040759483205888,0.4798302081526032,0.2326298955205593,0.0893527024630152,LFP,13,91
-4339.758640541447,2.0522336475357865,0.0055132023700308,3771.8787280403967,-0.3681988496979826,-4.431801150302029,-0.2157830805207786,0.2186201971520755,2.6910587917611585e-05,4.264947572742777e-05,1.1428842559625173e-05,4.963788186456081e-05,2.713350791524748e-05,0.0410911679190496,3.182729750558069e-06,3.99740129983046e-05,0.0040927683675389,0.5393310386007293,0.090026755866101,0.084859125012391,LFP,13,78
-5623.851560863792,2.051845521308885,0.0122284366912142,3966.063817213009,-0.3427945239770196,-4.457205476022992,-0.4691086046881286,0.2383677923881819,2.814793825914631e-05,4.028312051204124e-05,1.14016392161287e-05,0.0001226619843142,2.582294844977396e-05,0.0402706867727284,1.950754101198031e-06,3.996010027631589e-05,0.0040928859809319,0.3101311032075313,0.0644976959101499,0.0862625961941901,LFP,13,69
-4764.170016601811,2.046084843832905,0.0086748930878142,4723.414491678526,-0.5266995592970147,-4.273300440702997,-0.0299925851001422,0.2173914306090286,2.990746795249675e-05,4.191599915304515e-05,1.104349178034778e-05,6.332382826554517e-05,1.2303293884916118e-05,0.0403153210929195,8.22196188989318e-06,4.066465677699316e-05,0.0042696220692499,0.4603754518003135,0.0661007687108944,0.3735311943886499,LFP,13,93
-490768.1903419167,2.396049261685304,0.0808789554403625,63076.837490444,-1.4499894204960242,-3.350010579503987,-0.4654376709634897,0.247357188707865,1.7149057676996227e-05,0.000122688415355,1.0412588056171262e-05,5.16882339645371e-05,1.2787808697047144e-05,0.0907849794564787,9.471467291896277e-06,4.367064075600601e-05,0.0223568562272874,0.0812216471985052,0.2023286223761256,0.1810120594618793,LFP,13,15
-4337.434170174312,2.043497563720366,0.0043443212564571,6075.462249247466,-0.5477104851545462,-4.252289514845465,-0.2377224615798024,0.2164431147825733,2.7755012288189097e-05,4.2611624260602e-05,1.4590363233537438e-05,6.409620875782266e-05,2.7683039585719467e-05,0.0431703169631365,6.661776703747647e-06,3.900784419307335e-05,0.0043960794856004,0.4978038245932161,0.1069344553092802,0.0875392585177011,LFP,13,100
-468881.03307113226,2.344243520573066,0.0768757154048492,68803.4845979476,-1.4626330058015995,-3.337366994198412,-0.2840866578989931,0.2558881547268533,1.2731395566818686e-05,4.1444403707715686e-05,1.323987153633087e-05,7.452240188732607e-05,1.433755038814236e-05,0.0962069435832049,1.4783287420453709e-06,4.760976596132142e-05,0.0235788380258432,0.2427224354838575,0.1347399081509104,0.2684509984662389,LCO,13,15
-5396.908283662119,2.105561839244145,0.5956233680665474,1444.9896587285511,-0.8875767169650786,-3.912423283034933,-0.0925455958067218,0.2236222712578329,2.8856965731266463e-05,5.007430239136165e-05,1.4118501189929967e-05,7.292596558016878e-05,2.17715202114682e-05,0.0429366208352396,2.5580122637312707e-06,3.415895680794968e-05,0.0041068865173065,0.5921613486655898,0.1699171035835021,0.0753759519441862,LFP,13,28
-5110.341281943429,2.0809870673302755,0.0164107268636859,3201.132617218648,-0.4188518674087973,-4.381148132591214,-0.3250315085589079,0.2077949018811934,2.9785205825557942e-05,6.089757827096754e-05,1.0273347261559206e-05,0.0001448256542783,2.9053409886791955e-05,0.0404070549139738,1.7554202759241027e-06,4.314596088480689e-05,0.0040293396101191,0.468724643782435,0.0901024940532162,0.0461413536054408,LCO,13,58
