SpecificEnergy,SEIGrouth,TempIncrease,Price,UpperViolation,LowerViolation,VolFracViolation,C,la,lp,lo,ln,lz,Lh,Rp,Rn,Rcell,efp,efo,efn,mat,Ns,Np
-85380.00496733417,2.502405300935763,0.010139634381035021,79750.2354051468,-0.558706839768206,-4.241293160231805,-0.7397920943589348,0.28194504916461344,2.1624143846234913e-05,0.0002442251803213869,1.5984664529804104e-05,0.00014879022410143396,1.3474355393547168e-05,0.0421016813900078,1.9730017707633532e-05,4.8859207263849994e-06,0.013536916679290393,0.08860203584019642,0.036586123735371304,0.06501974606549754,LFP,13,96
-75534.61495752832,2.289450184764855,0.013318405616185709,36703.9739094147,-0.41258930020131146,-4.3874106997987,-0.14421007703612065,0.2551158405445366,2.2008979517073314e-05,5.823896551338378e-05,1.309962070132164e-05,4.481949956113367e-05,2.4046114271426756e-05,0.04171033523787258,9.065533641533774e-06,1.5531522972447622e-05,0.012223254537528037,0.056486967058822155,0.5478979741337546,0.18140498177130257,LCO,13,81
-233769.44274283838,2.4561100820260413,-0.0005020390739333642,312471.2398072068,-4.329480418431501,-0.47051958156851015,-0.23348574634647867,0.6138963796583062,2.6927946517388544e-05,7.58122994462809e-05,1.4325997846093001e-05,6.801083051840086e-05,1.616763106233675e-05,0.09937285527700906,1.7279374533686103e-05,8.292337623406766e-07,0.024985218940093954,0.05901533894410506,0.418332330478693,0.21916658423072333,LFP,12,69
-267740.78182693856,2.175899234374075,0.018013915509753297,352123.30437039444,-4.3834899952368644,-0.4165100047631469,-0.6727389013396627,0.2917367707398244,2.5092996496654303e-05,6.286130094981087e-05,7.273575136433096e-05,6.485145826610897e-05,1.208632811976068e-05,0.08766748420835999,1.6585205128542412e-05,4.378057184881929e-05,0.021743949776326297,0.10087575097558009,0.03720455739672281,0.11918079028803436,LFP,12,94
-512928.52636944514,2.3438009952355148,0.06481005660036308,310892.30879941117,-4.484014665765422,-0.31598533423458974,-0.6128224469487362,0.7622677188716878,2.6933366282048655e-05,0.00013939322775900098,1.561767541021672e-05,0.00012055174976213765,1.601106902485856e-05,0.09989200858535423,1.0650689720210773e-05,2.9359456775487105e-05,0.024368795367506538,0.04114712949149032,0.20477213285044774,0.07125829070932571,LFP,12,58
-308238.3470200838,2.497420623331495,0.012249442923749814,209009.33759889775,-0.3472449962465518,-4.45275500375346,-0.730901423656401,0.2613502932125433,2.535383337045974e-05,0.00017504186493476413,2.3898170985415253e-05,5.287847854500075e-05,1.2042905096206849e-05,0.04572104858279788,1.8492956308939825e-05,9.306447483379878e-06,0.02440142613446397,0.0544348276425886,0.0436500916228926,0.10101365707811788,LFP,13,75
-280014.8703210976,2.2363666469330368,0.009326018557551266,187037.71297751702,-0.35495000718692893,-4.445049992813082,-0.1472930804307654,0.2015422582629391,2.405729269840567e-05,4.307708455271304e-05,1.4131710813403083e-05,5.3732724879389315e-05,1.620532616010111e-05,0.06769820646556511,1.2892503495299543e-05,1.1132826946970039e-05,0.02404585743572558,0.14917816061681008,0.5590900642223746,0.07443869473004996,LCO,13,65
-26657.50783428412,2.9732387343881927,0.8295680529244015,3152.5129722623105,-2.4315124101436254,-2.368487589856386,-0.47118124693307695,0.37358954056706595,2.4530363723753784e-05,0.00019548159983150771,1.0279453073922341e-05,7.97162488833022e-05,1.9007758078302107e-05,0.05816669449557941,4.167425750347918e-06,4.4333210487179157e-05,0.009107441312575975,0.07892597446400358,0.3270957623255604,0.05279701627735914,LFP,13,7
-10756.78575716208,2.450479869484363,0.012766426530942157,9421.929856655184,-0.3872419248256662,-4.412758075174345,-0.519815862877884,0.28161569248402113,2.625888541152829e-05,6.257328021887818e-05,2.9417710432825615e-05,5.252143323215554e-05,1.3013375111655053e-05,0.04341566846035861,3.643239859185667e-07,8.672797060994581e-06,0.0055909916117908715,0.28120118038442843,0.044552254462225674,0.08443070227546202,LFP,13,79
-24303.144036762616,2.364841420499462,0.679936978019724,2125.8867889267553,-1.935718960981788,-2.8642810390182234,-0.6286176182323536,0.22028089081903657,2.8083258292251037e-05,6.525913401350626e-05,2.847409690346488e-05,7.145100405874057e-05,1.2018699785158804e-05,0.04011886179511973,1.996337738086168e-05,1.1635492944288852e-05,0.007560069461374584,0.2270363776250283,0.055514766189115605,0.018831237953502472,LFP,13,10
-14624.82000949173,2.6412200822831524,0.07251343643952494,4338.662208565082,-0.9971730867193145,-3.802826913280697,-0.4751121904707774,0.44642522975222915,2.0020351344041915e-05,0.00019548279403778875,1.0204873573699715e-05,8.23328051539635e-05,1.949012435077497e-05,0.05817091716181987,4.154191459224517e-06,6.169532344597794e-06,0.005402429857531228,0.07894723030045109,0.32573516089944976,0.05020541832932177,LFP,13,27
-20549.468208870137,2.444411111214167,0.0036147017625841166,33655.51421349227,-0.5128281301184359,-4.2871718698815755,-0.5315570581478662,0.24972559915193945,2.6202263399480037e-05,0.0001487023337155384,2.7169451037426843e-05,0.00011150854349510235,1.4055010318233755e-05,0.06887626114974324,1.3495267329675027e-05,5.15730390039151e-07,0.00746630236834033,0.11179658077600374,0.06143852242945563,0.22520783864667443,LFP,13,91
-212561.80088812864,2.6114899646039813,0.009908294281795928,131364.90625194,-0.4543366527155115,-4.3456633472845,-0.09862931772122119,0.21506591580970824,2.3794347572348388e-05,0.00018603076528321143,1.2039942509020665e-05,6.147641680887532e-05,1.3552461084622552e-05,0.044384189354721396,6.430340122108038e-06,1.4198490814026246e-05,0.020646440551765212,0.022024369776345573,0.27762470679294204,0.5317216057094912,LFP,13,86
-21896.025123672876,2.566071155343196,0.2466204736368466,1854.0840870854654,-2.1816046269455853,-2.618395373054426,-0.5170467297330157,0.20010715678901642,2.487680078236713e-05,6.393864912617445e-05,2.1935596765514625e-05,9.92239884443e-05,2.7775083228187042e-05,0.040055908405946875,3.91781122517625e-06,7.000076667729268e-07,0.0080970752682097,0.2517183155518958,0.039503634035969716,0.12173132067911883,LFP,13,8
-106663.41419710778,2.3743394400396434,0.02829450797965712,48349.78457184914,-4.346754350991162,-0.4532456490088492,-0.15910735405934096,0.39099116794281963,2.4617502329618082e-05,0.00022299446412307538,1.5641658695507628e-05,0.00012121974858049912,1.3242656018290425e-05,0.04333506595830531,1.8227183440138337e-05,4.7392439415697266e-05,0.015643867441499835,0.16986494243364356,0.34079048910817605,0.2602372143988395,LFP,12,58
-61286.357875254565,2.1585587076804797,0.013037323380340282,50952.923458476354,-0.34679131468838165,-4.45320868531163,-0.46655887761708725,0.201300141215691,2.687001468474154e-05,6.244206993583048e-05,2.490189939030131e-05,0.00014018873092052202,2.7892560810287183e-05,0.04173889062599713,1.993819432631254e-05,1.6632119131068626e-05,0.014549413641408975,0.32698326496309693,0.03949276070836918,0.09696509671144671,LFP,13,65
-28802.053648816036,2.1352893347293858,0.0241970958860944,22183.051666673793,-0.5263790922404255,-4.273620907759586,-0.6226794360184501,0.25104066969597055,1.9678952225862854e-05,5.592159734807e-05,1.5712304245232596e-05,0.00014452461422374715,2.7688448696484925e-05,0.07432271230217949,1.1379705237132414e-05,3.4884535208762115e-05,0.00799202560767559,0.03454509804438058,0.2028412759881122,0.0699341899490572,LCO,13,49
-13313.276234190276,2.211936622053651,0.029616200281574846,5380.510574309655,-0.6455181312968463,-4.154481868703165,-0.624949305549405,0.3064063195051764,2.1700283670633118e-05,6.102627635237545e-05,1.599464649274482e-05,5.0966856042651126e-05,1.5122947634919235e-05,0.06094030154406785,1.1679512876519447e-05,1.8193185319747568e-05,0.004756801447940407,0.10723424615268581,0.04958021895037251,0.14823622934753675,LFP,13,43
-101887.37697676006,2.295147936019006,0.028638708811477998,69003.56570421276,-0.4330568541502089,-4.3669431458498025,-0.030923106872615458,0.45678722648460707,1.3121295353304026e-05,0.00022399735301329322,1.3207421356443725e-05,0.00013877521213793127,1.2898588080355323e-05,0.04173590577462557,1.840212074992143e-05,4.906493853096078e-05,0.01664108299306037,0.2930990578455684,0.3455884807633215,0.26038935451849465,LFP,13,72
-72069.25934273153,2.341621824012785,0.024930175382151122,33283.27527148558,-4.399303599772082,-0.40069640022792896,-0.7057401103107679,0.28153815968719076,2.5954812141173115e-05,5.8394862479402794e-05,1.5427227942812483e-05,0.0001207929702712088,1.601488128683887e-05,0.06334155872034164,2.8537387373472807e-07,8.640224054612424e-06,0.01103937605556387,0.0914242951831825,0.0479909706015124,0.0848446239045373,LFP,12,48
-24687.528737440563,2.3029642704971947,0.05088126731057289,5092.581350439987,-0.8635548122025085,-3.936445187797503,-0.43012825646474667,0.2072820601114794,2.8585712732384737e-05,0.00010167952318139224,1.523675346115435e-05,8.376480281899093e-05,1.954008346271184e-05,0.04211944489437929,1.484200665683776e-05,4.12261793522982e-05,0.00730930468143147,0.019145669050031292,0.30207443452315175,0.17865163996207034,LFP,13,26
-85380.38136633669,2.7339957561953225,0.06802466502297178,19703.809030342967,-0.9503547301728261,-3.8496452698271852,-0.47596272190407063,0.28232043522508704,2.5095795196713364e-05,0.00023429691854626958,2.7473313644651035e-05,4.053900199421627e-05,1.3468044012901936e-05,0.04477602767332617,1.830003723785626e-05,4.693208861030217e-06,0.013598537362259466,0.23851978843073257,0.035970431796326946,0.17954705786886993,LFP,13,25
-61740.98187473252,2.306662710181926,0.06233525599674742,24620.35024553001,-0.8942994346163999,-3.9057005653836114,-0.7364021048967266,0.3625960180346053,2.1937525796896186e-05,7.140687576445492e-05,5.3868240811213763e-05,0.0001338742943787895,1.2635617361805842e-05,0.046940619398449325,1.7779751858573607e-05,1.5955270313950245e-05,0.013426403777923392,0.0121705250460791,0.11659460482900916,0.06483276522818521,LFP,13,28
-146833.43439989164,2.3313667061938186,0.012205450626619287,154122.9050825571,-0.5802410132320688,-4.219758986767943,-0.22780969067393952,0.31221078904918065,2.768099348069706e-05,0.00019389404177245383,1.721254666051696e-05,0.00012183651141034826,1.2731154472046734e-05,0.04333637087084466,1.831556710324688e-05,3.705579254628469e-05,0.020477822034456705,0.10203527657276122,0.33917146988540897,0.2609835628678903,LFP,13,98
-266760.8705086614,2.4795773726227797,0.008302004691512125,237757.88983451124,-0.549463712614255,-4.250536287385756,-0.6212516564084825,0.22683017373219594,2.428530017576659e-05,0.00017604583288122964,2.4100977780998203e-05,5.280765843577509e-05,1.2892231188112677e-05,0.041970835160921524,9.871120082381644e-06,8.836735385601665e-06,0.024446044793050823,0.10320722731331658,0.03872804419210393,0.16681307208609705,LCO,13,95
-113470.46137067101,2.121639727021434,0.013964892230754108,92429.84220352091,-0.34043174274079746,-4.459568257259214,-0.5364049765489334,0.2619018683411395,2.5053880349746307e-05,6.242128980866648e-05,1.4842948548448744e-05,0.00014552852475272475,1.2000186644757655e-05,0.04341876558661118,9.581973810931225e-07,1.9867061012892853e-05,0.01784142869255667,0.26395173891686335,0.03898790265726092,0.09065538187694246,LCO,13,70
-13151.371823587373,2.2529935096040647,0.01739835837413844,10327.011945567503,-0.3618695667018983,-4.438130433298113,-0.6733484370381411,0.2951018958673909,1.3008042735700151e-05,8.577671425733764e-05,1.1984138875487145e-05,0.00011428045324100793,1.6892203789489353e-05,0.0434906485976589,4.615928652150999e-06,1.900847467774359e-05,0.005916690190198876,0.19637881944820174,0.04423501093662377,0.016037732577033448,LCO,13,66
-143085.59467678517,2.1671553234498226,0.009759532150089215,197827.96889503978,-0.4461217727032931,-4.353878227296718,-0.586771033905851,0.21575514174667654,2.5995034694099797e-05,6.576429980065842e-05,1.59693350421075e-05,0.00012985112715078768,2.7576812992692368e-05,0.04529764579090821,1.8909043568905372e-05,2.5102479082432103e-05,0.023406776354065836,0.19801590652264844,0.05460798634019768,0.09060507323130301,LCO,13,86
-5847.5192606557075,2.4824573091342774,0.004828622991594927,5996.905773482005,-4.300800566112258,-0.49919943388775323,-0.4007309129354226,0.25979099316986914,2.632017915634333e-05,0.0001560375541728799,3.126595774297875e-05,4.166452156314579e-05,2.5980950460867378e-05,0.04108393844647399,1.889488394306872e-05,2.677113335223547e-06,0.004534703997383547,0.24506259160092808,0.03550740833883478,0.2486990871248146,LCO,12,86
-222118.38869996098,2.439909015374995,0.007377052813924342,209141.20928415123,-0.5615049046206266,-4.238495095379385,-0.19775047917052968,0.2097026405579353,1.9968396909262272e-05,0.0002471059034426337,1.1615108264938697e-05,0.00014875861707169835,1.332497298580693e-05,0.0467904980850377,1.1834440107303383e-05,2.3552292898371317e-06,0.022928368066227146,0.08627154696911252,0.48571515747554694,0.1602628163848109,LCO,13,96
-285009.90966973844,2.6587314871290793,0.7730735193086625,36064.57601051265,-1.910494500636652,-2.8895054993633593,-0.2960961385244252,0.5121596679552473,1.35032761275353e-05,0.0002113606348200275,1.4256584358698956e-05,0.00014032135200038527,1.8368377438001908e-05,0.0937855144044929,1.4601368196065047e-05,2.148564402430548e-05,0.018655325250157066,0.08788681395663911,0.5180354003466079,0.027981647172327855,LCO,13,12
-39411.343518924696,2.5766437380051816,0.009736420776546767,20035.77884648961,-0.466151515735568,-4.333848484264443,-0.25026311571759485,0.22670967254601457,2.8316220967735996e-05,0.0002423250591502095,1.3546961181949812e-05,4.696109828191382e-05,2.9706994048321595e-05,0.07810796385106648,8.078605235859443e-07,1.7497451281882498e-05,0.005928185171775158,0.012624163088428978,0.18189801904652203,0.4852147021474542,LFP,13,87
-50437.88169666069,2.568689976776143,0.022829216418912817,30703.69687802801,-4.235136215318633,-0.5648637846813784,-0.45239920161176467,0.3681248236192482,1.911531072589506e-05,0.00017029937373918576,2.6578354144164706e-05,7.480837139046995e-05,2.915410643463131e-05,0.0612544731889197,3.144802120809819e-06,9.229377315404577e-06,0.009239063260111667,0.2335774541334273,0.05387966738203806,0.19014367687277006,LFP,12,69
-145611.28115060067,2.228984247149569,0.047310723134327694,54797.70237468402,-4.601813821116707,-0.19818617888330436,-0.5397527023032023,0.3912514859005593,2.1699825601345064e-05,9.260214006031607e-05,1.599555901899941e-05,6.237833127900043e-05,1.5168810034338812e-05,0.0683350527992743,1.85072847009447e-05,4.3106757555130304e-05,0.015971966593319904,0.19880718278055917,0.0953277894118754,0.09611232550436322,LFP,12,37
-64005.20282615141,2.5069063697144167,0.44733545050505763,4497.61764692768,-2.2752569968095813,-2.52474300319043,-0.07455411853476945,0.3179035854848342,1.27367313513542e-05,6.727142005499986e-05,7.221522173319004e-05,0.00013384625948809813,1.2168300718979628e-05,0.04703141207389288,1.8415825168449394e-05,3.614609491907778e-05,0.011936409118960739,0.141043756266489,0.45303112846067217,0.2613709967380694,LFP,13,8
-190168.68550097456,2.2675828663083086,0.24291173518830952,18364.06800786869,-2.047525819474494,-2.7524741805255175,-0.6089627395987298,0.22816257472423573,2.2176923645920296e-05,5.590870939927319e-05,1.4145684912690722e-05,0.00011723199338764415,2.7824810611425934e-05,0.04157672787827568,7.476763813240411e-06,4.029664097909249e-05,0.02308252793500334,0.03408524507000197,0.1783971104319901,0.10855490489927823,LFP,13,9
-21807.408933287712,2.2790897221442195,0.04902761706555295,5998.148373117731,-0.9899925404460888,-3.8100074595539226,-0.514967718904822,0.23641314251604734,2.6272313622187623e-05,6.457488170111894e-05,2.1683053711746e-05,9.989756139394185e-05,2.7865983438544316e-05,0.04498458925908713,4.0471164757606994e-06,8.754406408324858e-06,0.008124729880646301,0.23800811920803353,0.03751994602731461,0.13950421585983,LFP,13,23
-14221.173514554728,2.631696636398256,0.013075457988508099,8687.85886373812,-0.33814211314001597,-4.461857886859995,-0.7263231269531432,0.2583864821521201,2.7490814855271586e-05,0.00022268086587281182,2.618818839483076e-05,4.250938776927765e-05,1.2319125263974346e-05,0.041290551051702054,1.867061815861553e-05,1.821874526307886e-05,0.005439506096733418,0.050570948129194146,0.07357123425571237,0.07953469066195033,LFP,13,69
-60178.64379495117,2.179028696861809,0.015849327051546482,39009.31261106196,-0.35057495512818093,-4.44942504487183,-0.559442068802898,0.2684739426554734,2.808931515860618e-05,6.204094075031242e-05,2.615219925644887e-05,4.5292996125356896e-05,1.7586022813670336e-05,0.04914824677740359,2.842578758255682e-06,1.8298031162215257e-05,0.011578727523943781,0.25206052395907735,0.05531979466153058,0.06317761257649403,LFP,13,69
-188696.06521701964,2.2299632666807105,0.03353023758624387,157599.0520862466,-0.4404569122955593,-4.359543087704452,-0.5662197319072537,0.5393239499641345,1.306413426024162e-05,0.00014832468381277805,3.300641120521751e-05,0.00013878932923577054,1.286527110639318e-05,0.05006534187663278,1.9549473780661532e-05,4.9120723663317425e-05,0.020700034815618683,0.04684995533308722,0.09246601286065649,0.22446429989900257,LFP,13,72
-510192.6739388329,2.481004243892388,0.020680600081883334,541474.6960114375,-0.5966431839416089,-4.2033568160584025,-0.5120937981922499,0.4251716231745382,1.2653891802617612e-05,0.00021639349681188455,1.3585974676399797e-05,8.056510060081243e-05,2.395079554345504e-05,0.09811344158870022,1.630119908693948e-05,5.7935771020317706e-06,0.024127893125153854,0.16629072375451254,0.23700347594788979,0.014612002105347846,LFP,13,97
-647773.5250400838,2.5642693496886144,0.019713446428043534,303499.71074210916,-4.233735784833762,-0.5662642151662496,-0.37583240967386355,0.3492671385260694,2.938019889337677e-05,0.00020035499343921213,1.4049069572850169e-05,4.812586599927151e-05,1.6410938942004558e-05,0.08491583597461869,1.6570488747201912e-05,3.7573513465153385e-05,0.024838833656455898,0.049393047037063445,0.48282596249078713,0.021948580798285856,LFP,12,71
-192069.44218479848,2.6388180158963292,0.5334087582374274,29902.89060499669,-1.7492973524529063,-3.050702647547105,-0.22935301590429313,0.2368808592388228,2.7571317904878336e-05,0.0001472217050904364,1.2154233131767376e-05,6.739250730539101e-05,1.209371783147823e-05,0.051162172760522616,1.342608241832941e-05,5.33490247942258e-06,0.02418234311203237,0.15577566336363444,0.4997339538220581,0.04513736691001432,LFP,13,12
-160840.2242389471,2.4297997106117863,0.00947726597652007,90082.57380161341,-0.3847390167327376,-4.415260983267274,-0.32237417461105,0.20615879516600621,2.03681503485907e-05,0.00013438306614187718,1.0126358141181754e-05,4.405041480562026e-05,1.965890999436987e-05,0.04118434900073612,1.2578204060800388e-05,5.772861702133635e-06,0.017923597798784805,0.07575924966343522,0.5187893763916942,0.013077199333820722,LFP,13,80
-366084.5392938393,2.4806904573496746,0.036935814302412294,86658.87227069354,-0.7802452086119729,-4.0197547913880385,-0.7853001954474523,0.22077256477371612,2.4304737692097447e-05,0.00014796332248227502,1.1012106149379914e-05,8.361966219150592e-05,1.9539363610214245e-05,0.059615248430616774,1.637735400763802e-05,4.517521676544155e-05,0.022122206725004166,0.041940243054882545,0.03475507550598342,0.06800448599168173,LFP,13,29
-332534.86724035314,2.2181085833955008,0.3532863278747025,53065.79952385282,-1.851285733672448,-2.9487142663275634,-0.5539182516173383,0.44171532300773336,2.4896695051259633e-05,6.26144606310648e-05,2.9996766061791085e-05,0.00014700346444653542,2.5183755773129063e-05,0.08329690711959808,4.8159110426348435e-06,4.76505121755079e-05,0.02383908231798405,0.1758176225969439,0.026095347932105408,0.17416877785361246,LFP,13,12
-139692.7641508912,2.122452957768401,0.015736800094037676,199358.877266069,-0.5784341195883158,-4.221565880411696,-0.7717459484822801,0.3871333019871797,1.8025088881127187e-05,6.958614981711407e-05,2.3850315003333067e-05,0.00014473912180984816,2.8439432018253518e-05,0.05202274477825645,2.307347704734316e-07,3.754110232081843e-05,0.01992009009993334,0.016932811577462917,0.12354763441777449,0.017773605522482576,LFP,13,95
-24504.80264822963,2.4556090655520366,0.006966396777001012,18576.861723326943,-0.4495368721744484,-4.350463127825563,-0.3714423236242067,0.20109348888696318,1.7186819413036197e-05,0.00016496898178213986,2.3686792192110135e-05,4.3060171874196784e-05,1.4564238833634024e-05,0.044757529961498684,1.1128366776580693e-05,5.26786771106734e-06,0.007282552746400279,0.07485259786477069,0.4729278591002401,0.010777219410782558,LFP,13,86
-45496.12360555432,2.4314225911574634,-0.005474978452871943,72311.19547941624,-0.5037882026441878,-4.296211797355824,-0.49296420693828746,0.29701766381715977,2.4346833675161467e-05,0.0002170780339437714,2.5892459733596504e-05,5.057745328200826e-05,2.2763594970233066e-05,0.042387311241276385,1.8521003490981302e-05,7.752566393132234e-07,0.014278987106606373,0.17302537076305205,0.17380502294551173,0.09020539935314881,LFP,13,89
-51203.93984392516,2.3993546596467,0.04884334291431136,13101.091700646532,-0.8554270682757803,-3.944572931724231,-0.4340890197413179,0.2363510430673002,1.2958478904158179e-05,0.00011517611226713891,1.3873070164681037e-05,7.221923489629371e-05,1.4727816352213952e-05,0.09675401517605853,1.4843678583970572e-05,1.2117958212752382e-05,0.007327099975106775,0.026332576665598312,0.29337629560892864,0.1762021079841552,LFP,13,27
-84863.488194484,2.577829262638528,0.014074453548616504,33292.43991905109,-4.208939406686142,-0.5910605933138697,-0.19575346675573913,0.2611598424011129,1.5576248406177163e-05,0.00020083606089133773,1.178609202643376e-05,4.7786082265278444e-05,1.6113198353391437e-05,0.05024656378136172,1.8680390079905074e-05,4.935829816068476e-05,0.010792885934006654,0.06478532504399569,0.5339066400123765,0.1355545681878887,LFP,12,72
-28544.16982292843,2.577943943827237,0.01005629156487213,22586.712353736046,-0.5579643120705668,-4.2420356879294445,-0.33891043022279066,0.20089968126713845,1.7805623680907917e-05,0.00017437302843296575,1.1175219421332355e-05,8.375063486095145e-05,1.2336021537855394e-05,0.04740455541546433,9.563145260971071e-06,1.1916266479674277e-05,0.007270775018520055,0.02850645575399737,0.465881499836632,0.09670161418658005,LFP,13,99
-270800.07327023137,2.4948275333719603,0.010287002873300203,150227.37083478298,-4.283063626124324,-0.5169363738756871,-0.3913674090921929,0.2569458199511786,2.9430837818982148e-05,0.00023035258145036078,1.0247102979878956e-05,4.403690786915265e-05,1.9715226103261148e-05,0.09685820246621615,1.840555707618618e-05,8.396466035989332e-06,0.014981259369947068,0.04288683887843558,0.4827453005308726,0.013000451498498983,LFP,12,84
-29023.293289410554,2.6091905969200306,1.480829336966106,2016.6791917989817,-2.190094515987255,-2.6099054840127565,-0.4106618937325549,0.21368934179593047,1.7549365349671964e-05,0.00011808146175023951,2.168216691023297e-05,7.22868342350377e-05,1.4538112629695055e-05,0.07206556015724931,8.85317884867574e-06,4.540227512925157e-05,0.00618544446911921,0.017134490977827183,0.491141423221541,0.011062192068077011,LFP,13,8
-141219.38344625002,2.9215423258951763,0.8755095196545207,6951.279901518492,-2.604420218843636,-2.1955797811563755,-0.7848226353849518,0.2038524925806594,2.1983109759133856e-05,0.00018275172076511435,1.0914075546665031e-05,8.297025773127087e-05,2.951773725817415e-05,0.04789592381540833,1.6495660882792963e-05,4.2997570365447616e-05,0.01682741713569512,0.016983487117553174,0.059897714970186505,0.06829616252730857,LFP,13,5
-150032.2586483673,2.1478508086219223,0.024931713937298778,185822.20729431283,-0.61214200343111,-4.187857996568901,-0.5482397766509568,0.5556603123790033,2.9977742944165462e-05,7.312094853730619e-05,4.108258403084731e-05,0.00013551589064170614,1.3223193404354022e-05,0.08775883966588525,1.3494554343158972e-05,4.7430583785647934e-05,0.015448465722529937,0.15127214655933563,0.2183104519926767,0.012177624797030896,LFP,13,94
-62400.98031096477,2.57614768121503,0.010816277068616268,34535.47878913745,-0.43145716747396534,-4.368542832526046,-0.21987587640411477,0.24959211086013075,1.4825321785911642e-05,0.0002442032204405893,1.400756818400537e-05,4.806932715215442e-05,1.6443343738661926e-05,0.08500363481537385,1.7374558335697473e-05,4.295603891099997e-05,0.007477006906994993,0.048326725276865115,0.5797436536172129,0.08205374470180728,LFP,13,83
-108138.11751123096,2.5702150722854666,0.05424566314761002,24540.56840847534,-0.9141094363888911,-3.8858905636111203,-0.3562454551033596,0.20724181043775272,1.9611472987835e-05,0.000134043635089186,1.0234495618466761e-05,5.3988009368287584e-05,2.9737518048578878e-05,0.04090233813632047,1.0925687641311542e-05,1.2153421684121676e-05,0.01680466400545587,0.09533874105182011,0.46572321965541286,0.012692584189407517,LFP,13,25
-14217.626696076337,2.2160520213848125,0.6916979050814246,850.3653031623089,-1.940766626629653,-2.8592333733703583,-0.609751415779147,0.22775780130206708,2.632442706856194e-05,6.53144771193708e-05,2.8278310543489804e-05,0.00014245468604141115,2.8330717790173458e-05,0.04063673510268489,1.9937799896043213e-05,1.8657066375402764e-05,0.004722588362513237,0.22652534123916912,0.05582938635540273,0.037893856626281155,LFP,13,10
-22401.792708691726,2.570327061950151,0.029503791633467356,12065.095793140545,-0.48865509227800175,-4.31134490772201,-0.28269017006848507,0.41920627363112983,1.7509758065826757e-05,0.00014928783238760343,2.082123342413612e-05,7.292853949163912e-05,1.7303488353615132e-05,0.09592890120878032,3.863542664302536e-06,2.4790634458270343e-05,0.00488946494303477,0.0105047107039586,0.41003453767624864,0.2267705815513077,LFP,13,60
-617828.3147204632,2.3512625496584554,0.7327502423382165,222191.5555144329,-0.6966668050810441,-4.103333194918967,-0.26391198107966585,0.3776442067233473,1.2645846123762897e-05,0.0001475440836918315,1.289777194251945e-05,8.383761065831648e-05,2.581749771511161e-05,0.09968439572300318,1.5692774615594058e-05,4.966463447707756e-05,0.024128906973939546,0.19975827080741093,0.23431437618997425,0.23201537192294897,LFP,13,44
-319480.8671235413,2.2662387458822595,0.03450439273057966,159978.55293098156,-0.8314782144285076,-3.968521785571504,-0.6597884814103492,0.2533917551570112,1.4844678545615589e-05,7.205707083120804e-05,1.4321009652049151e-05,0.00014008083053152688,1.2529942219789263e-05,0.08940213535511361,1.0855266558586693e-05,1.522907665293596e-05,0.02499149301155686,0.049901627510160064,0.1314178186929035,0.0888920723865873,LFP,13,28
-378882.5493789256,2.5684592142460785,0.258291734733378,37527.47100902166,-1.9722176499801378,-2.8277823500198735,-0.26446792892813664,0.2658712634309569,1.4026825338215048e-05,0.0001165428851278905,1.431269553041398e-05,0.0001212785350502864,1.3541636979428874e-05,0.08670699344594239,7.261967780120551e-06,5.993557464125841e-06,0.0220594042537068,0.05031703888822913,0.4497084592746974,0.1655065729089369,LFP,13,10
-238673.14160895086,2.202704901386637,0.008513377540046604,242321.6726407252,-0.5552884987096647,-4.244711501290347,-0.33651521217395886,0.20026052811685105,2.6209734034732817e-05,0.00011348239434994267,2.2341376224895267e-05,0.00013594465849968432,1.8085835807263705e-05,0.09003561067224428,1.2734375614441731e-05,2.962088301739412e-05,0.017662804161479292,0.10102429842628438,0.4506820126550927,0.0417784767446641,LFP,13,98
-136531.51081391977,2.3874877204179805,2.5562935488525476,5974.103866510224,-2.7811129485060775,-2.018887051493934,-0.7984118273711269,0.20574617440723253,2.663349120410414e-05,6.948766825513563e-05,2.3350395276666984e-05,0.00014064278112986594,1.3072743501003858e-05,0.04774812622638089,1.3442428871344584e-05,4.9511600552668156e-05,0.017416705849002706,0.06062750281094795,0.059083872659351486,0.011876797158573652,LFP,13,4
-8776.427225320356,2.374432427108179,0.050904184564668664,1931.7248195051363,-0.8625366341344076,-3.9374633658656037,-0.5579846569169564,0.24992400733473435,2.9188854239377042e-05,0.00012544355962095714,1.5221109964236935e-05,6.710304756049607e-05,1.4611030203022757e-05,0.04820970784793317,1.4832568173057911e-05,4.125760717201743e-05,0.0040079658369572444,0.01914955608716403,0.3059943831361177,0.046871403859761934,LFP,13,27
-14154.357978081734,2.313525368617835,0.009585851943916503,9959.50194417677,-0.5621244145023994,-4.237875585497612,-0.26462993734199625,0.23530969950611344,2.6391071259513297e-05,0.00020243919284407844,1.2865318767997348e-05,0.00013582827410852017,2.022602670497034e-05,0.048638034915423324,1.895761811046385e-05,4.5746974179161505e-05,0.004842762057721151,0.13244455146168194,0.4866863370759521,0.04623917412036967,LFP,13,100
-324642.944301606,2.2610215341207858,0.008557368564117195,253109.03879389243,-0.558452427323644,-4.241547572676367,-0.2772637178116052,0.21377711673029542,1.3424663905033333e-05,0.00011413092588231021,1.0419117878268635e-05,7.223362577629647e-05,1.441679791247514e-05,0.08593303011778484,1.4270664624600361e-05,4.900956238880908e-05,0.018535912020859083,0.1363964986093252,0.4930692237654488,0.02327055981362085,LFP,13,98
-265035.557883385,2.2710569594767978,0.020171910196554156,106389.85082025868,-4.242843213696574,-0.5571567863034375,-0.27929750345516624,0.3057721042527419,2.8521120041336585e-05,8.908776605080277e-05,2.9587311981875792e-05,4.6670953109726903e-05,2.0592038286750027e-05,0.04166954892755437,1.1546618679298775e-05,4.452222859066432e-05,0.0235921937605069,0.06310563096129268,0.08700177761620312,0.500595087967338,LCO,12,62
-32541.75415594513,2.4171707654292574,0.059741482552248384,7431.009993432683,-1.2008456400341316,-3.5991543599658797,-0.08399633078765989,0.2283015510944187,1.3089301252325636e-05,0.00011460135562132169,1.2881914220576073e-05,8.39502893372589e-05,2.9379695358187057e-05,0.09996864816882511,1.4461225056399714e-05,5.067551973240986e-06,0.0070336155522780185,0.2691574240866549,0.31962734491158956,0.25721890021409577,LFP,13,19
-197940.23109739178,2.3803335798999856,0.577554018468274,15758.925655423242,-2.1343444145835733,-2.665655585416438,-0.2399598074330892,0.5138974453445682,2.6138482229409385e-05,0.00010153302130502885,1.5228766970072815e-05,8.358363564027715e-05,1.9550817270737682e-05,0.04087203835173853,1.8749828757591006e-05,4.382471278312535e-05,0.021750201934110418,0.019305493764595165,0.5128680705100702,0.1578666282922455,LFP,13,10
-57550.9441242264,2.408215521238268,0.025622219495267252,27783.03800460035,-4.255117229906048,-0.5448827700939631,-0.25450343562491395,0.40691591525059295,1.7561418400116796e-05,0.00020039073652085645,1.574372122590471e-05,0.00010261040294765243,1.2982440216557118e-05,0.06594217769659967,9.337304089518339e-06,4.154984266304968e-05,0.00849451625263514,0.05828952283221363,0.4898643881465448,0.12734265339632772,LFP,12,71
-235705.69809634163,2.480460649253407,0.01461788788040826,142311.53275002065,-0.4211858399913666,-4.378814160008645,-0.2727661436120471,0.2165683270900019,2.712312721543683e-05,0.00011477331849135671,1.0442028521719718e-05,0.00011458206741060697,2.018736349640649e-05,0.08708575402889833,1.431856721440465e-05,5.847005390696095e-06,0.01815902264665594,0.17244813008604887,0.44969995067698315,0.035085775624921,LFP,13,59
-73448.52555453562,2.3532969126583017,0.009300877125689496,65958.14951581151,-0.5604495015556594,-4.239550498444352,-0.1468138219836147,0.2179454496152306,2.968478639084008e-05,0.00022790616765070863,1.175144136900236e-05,0.00013570819685880672,1.2976116420617383e-05,0.07207989916552143,5.2050448578865315e-06,4.145280953057297e-05,0.010496167610612197,0.18078844830712953,0.486739773142148,0.11565795656710787,LFP,13,99
-176406.82323218964,2.373854682498938,0.03713272253035008,68197.50207037103,-0.5357293408053181,-4.264270659194693,-0.1709436034686196,0.5184991192334281,1.9613545187869608e-05,0.00012687957873517983,1.525152325702176e-05,7.33466276778802e-05,2.4469580627685762e-05,0.045187048549540164,3.6925147818563752e-06,3.0380214091159718e-05,0.01761752332971104,0.04991354463307908,0.38609295020350126,0.32304990169480013,LFP,13,60
90234.97193847448,4.1128339159015574,17.435077442229066,362.98105223829845,-3.3618042447266845,-1.4381957552733269,-0.4503898423824845,0.5147037772855473,2.7585078585790796e-05,0.00012166103544037673,1.386931014598702e-05,6.690043608187898e-05,1.2908606617346918e-05,0.04073408338408144,1.3539191192198717e-05,1.871544471099939e-06,0.007058072731911743,0.029648704113094337,0.2928594229166881,0.15710203058773314,LFP,13,2
-25284.580925722144,2.990196793822793,0.5373006112340343,524.1272075545503,-2.3308464136502423,-2.469153586349769,-0.32454660456336415,0.2130736772303081,2.5283012192209538e-05,0.0001534316535703389,1.2156717603076147e-05,5.8318339148170545e-05,2.5498467340683688e-05,0.047902323816996766,3.1681423024724747e-06,4.594560097169228e-05,0.004299502259062759,0.024027469388878453,0.4604680527349638,0.12095787331279373,LFP,13,7
-288799.355184339,2.1547592226271544,0.023998566418143012,336916.6320529781,-0.3900182869464075,-4.409981713053604,-0.7727010384584045,0.38681517723577996,2.7883608636376287e-05,7.28263120626272e-05,3.2763142461062334e-05,0.00014471689578522264,2.8483229987758467e-05,0.08406263677843057,2.1606298302527992e-06,4.7679495808781024e-05,0.024355203534998326,0.01658793936940864,0.12444654245821812,0.01626447971396877,LFP,13,68
-459980.5309541101,2.3461019933037592,0.009565070398434971,452549.24284662365,-0.558437711533216,-4.241562288466795,-0.2954817226925054,0.21605252197072838,2.6392419292782807e-05,0.00024285720853056903,1.117665317825277e-05,0.00013577514169964882,1.7986764313157015e-05,0.09024719144666081,9.821590110401382e-06,4.945009093658387e-05,0.02369396270407376,0.10084639231772112,0.48741419735618996,0.046257687633583566,LFP,13,100
-33650.295643241014,2.473556547621473,0.011630879711218522,21976.0117890224,-0.4077704511781235,-4.392229548821888,-0.27890912973528514,0.2170704196189031,1.7791911780608896e-05,0.00020252170160819593,1.0101209164133603e-05,8.242407445640774e-05,2.0424794295447733e-05,0.08882268799049511,9.515028535440276e-06,5.640962470570919e-06,0.005844320299301738,0.17492320727290067,0.4419906347570683,0.034177028234745985,LFP,13,82
-467696.9303470595,2.5259272800870427,0.025561414730802128,155665.96490211794,-0.5394800981048462,-4.260519901895165,-0.3116355260689416,0.26577003118770776,1.4548873005468899e-05,0.00023921444945254085,2.9349991696348568e-05,6.534194529197295e-05,1.631464393076319e-05,0.07523073771475824,7.492661984488346e-06,4.878414869154719e-05,0.0212419950975505,0.028034424049756406,0.20611059497154832,0.38421945490975373,LFP,13,50
-29055.236367398476,2.525004616251496,0.07556159230088765,4965.069795119922,-1.0488081926019248,-3.7511918073980866,-0.517477469938968,0.2964593059516729,1.2154054045651207e-05,0.00019220860213530405,2.8957439542007897e-05,0.00011441604357973625,1.3623274740607797e-05,0.09794189258835065,3.743909474885039e-06,4.7720186833498295e-05,0.004789518669295209,0.01492694197791158,0.36540774442512275,0.03218784365799772,LCO,13,22
-214021.19704559847,2.12829754601129,0.020837432677644,122196.14091481463,-0.36845184415624743,-4.431548155843764,-0.2901617989862062,0.28098007908920014,1.5896525906938835e-05,6.0070624387734955e-05,2.8173768180641164e-05,5.221361538242901e-05,1.3208610372304878e-05,0.04494902069314751,1.8820396999006314e-05,4.911671104574629e-05,0.0217366832409518,0.29779442699693914,0.17801488253783537,0.16402889147901936,LFP,13,68
-242788.9365072006,2.3074071156967495,0.15845609028675414,33684.95825113905,-1.5681112773820445,-3.231888722617967,-0.7214586172940787,0.4543326275517654,2.190772230638455e-05,0.00010567502895162497,3.008966870797825e-05,6.321675859431649e-05,2.517041809672352e-05,0.053023872284977354,1.5162436533824093e-05,4.5756270305874906e-05,0.02087019400968356,0.05989425334507258,0.022703270362200934,0.1259438589986479,LFP,13,15
-47220.76547412253,2.1273984644291146,0.04634135492047092,21501.08028017107,-0.6326396890076822,-4.167360310992329,-0.25642325849016157,0.5944495350980561,1.4299873992705532e-05,5.609064750026791e-05,1.0570597894961892e-05,6.883859180556822e-05,2.7817221817113036e-05,0.040035665479056834,2.8922325083544204e-06,3.628660600717136e-05,0.010971209553351503,0.07424547777162074,0.4899109949067081,0.10942026883150968,LFP,13,56
-270680.1813226439,2.4519000156909865,0.049081385478110695,62195.93756595273,-4.674997693946793,-0.1250023060532186,-0.31533196483154147,0.31997733102514675,1.58673406498006e-05,0.00019532916568906867,1.4155098422204329e-05,0.00012024527467580689,1.621519294559497e-05,0.041988515774014704,1.4433480703869331e-05,4.533145961339086e-05,0.02453308815570141,0.11945883820408476,0.05961514179954157,0.4355940551648323,LFP,12,29
-83941.05399291053,2.2513250828212645,0.05238962783610087,20596.142019556868,-1.0278224355343468,-3.7721775644656645,-0.4691202091048587,0.22298739457181044,2.3766430834462177e-05,6.29153217014712e-05,1.5238362902444937e-05,0.00012623328131755097,1.2873391914578368e-05,0.04182315604066296,1.9864567956536563e-05,1.1551788794777519e-05,0.01564332280202463,0.20097201014169513,0.19285225529571506,0.06705552545773114,LFP,13,22
-297967.3812926107,2.2262986730086434,1.6495415094530244,49928.950364125594,-1.6775189154226098,-3.1224810845774016,-0.3171152653605235,0.5741701917759293,2.19019806146804e-05,5.406504026993182e-05,2.890738930821353e-05,6.288611952102104e-05,2.981626120755122e-05,0.09340508009506909,1.996337710805263e-06,4.249145135717381e-05,0.021168630859457565,0.05698957363128801,0.42918980265857365,0.1267053583496149,LFP,13,15
-352169.9708410646,2.169735633202876,0.03484798330134474,76408.22531826413,-1.0630212668239665,-3.736978733176045,-0.4609454768634066,0.2014104065440084,2.624345933341431e-05,4.160413726532709e-05,1.0619803246193827e-05,6.55459216329401e-05,2.5487495092761474e-05,0.08619069520132319,1.2660418932212174e-05,2.9614440608584755e-05,0.023540520900381064,0.022530665522709215,0.0581742764588401,0.38834958115504414,LCO,13,20
-95255.11527752073,2.1881539720773704,0.01694936081444348,59794.34659217615,-4.438039080616015,-0.3619609193839963,-0.052925924989291606,0.4158310415764229,2.8596527461008276e-05,9.564805886895739e-05,3.418703578754933e-05,0.00011560110862267808,1.2015119763154337e-05,0.04081473841163488,7.854436481963444e-07,3.81521397183852e-05,0.014454159937384168,0.20391882778027445,0.5650417658873977,0.10811348134303617,LCO,12,96
-351610.28196223645,2.616444451463917,0.28406406480510615,53755.432699460296,-1.757469175424525,-3.0425308245754863,-0.38646739115598927,0.575936521024005,2.1422197477851653e-05,0.00023075753355838798,1.0271211897272553e-05,0.0001385493187184515,1.3445978920016272e-05,0.08920233853009685,6.915603669973361e-06,4.366461438928126e-05,0.021392055749537724,0.05005655678303417,0.37362259604148784,0.11985345601948873,LFP,13,14
-67749.09978862856,2.3121102891451724,0.1319391166069342,9796.924507159363,-1.5424239751304611,-3.2575760248695502,-0.20172813718393012,0.2888874829614781,2.995435281132189e-05,9.264044202817092e-05,2.7354630130003023e-05,0.00013089065398456316,2.836585510195765e-05,0.07485109993440871,8.279639016042519e-06,4.750440464663651e-05,0.010727392108841726,0.023322327426457106,0.14245057435252945,0.5624989610370834,LCO,13,14
-348950.0721147236,3.092176143084638,0.909752314546769,43879.35114608752,-1.9883047181214621,-2.8116952818785492,-0.3009502514442506,0.9480209548731551,1.4531381683565672e-05,0.0001598078252609074,2.9444798578820775e-05,6.061192075412358e-05,1.6313341730750307e-05,0.07847524824324092,9.778441519736198e-07,4.1264218615590925e-05,0.02111220969025112,0.026388030266695534,0.20702670046152988,0.395635017827524,LFP,13,14
-174950.99654106534,2.485798229491038,0.8476659980034051,7828.302134387275,-2.623888059851332,-2.1761119401486795,-0.13843745605101077,0.20123509727118583,2.9057306023079256e-05,4.591262673271261e-05,1.0472521204032818e-05,6.597467318259687e-05,1.2630547515690725e-05,0.044889521659956105,1.2512832772872157e-05,1.9018575357619675e-05,0.02173342271114978,0.12016137182291918,0.1817704404511836,0.4896307316748866,LCO,13,5
-52690.60335321606,2.1211830987864766,0.012127672336206615,85191.08513822689,-0.5681780928930209,-4.2318219071069905,-0.5657033109450367,0.3004877579742588,1.3474481933575854e-05,7.500680690858249e-05,1.38468152937235e-05,0.00014492519894080224,2.4449950064419242e-05,0.08157101935698466,2.533497967383726e-06,3.572606381285909e-05,0.010434254869761071,0.253119352844542,0.06328805113421003,0.047889285076211305,LFP,13,99
-164129.1608408605,2.1357623726696975,0.04235891000922411,38444.080168423854,-1.0494531703684657,-3.7505468296315456,-0.7611680182653007,0.2916689795976971,2.456949733445858e-05,6.039992616452195e-05,1.0061425478616773e-05,0.00012124381202976173,2.7249742318043314e-05,0.043229338707800304,3.676809088528145e-06,2.5126601278844873e-05,0.020475519366733252,0.13836331297534182,0.018421140127453127,0.012047528631904392,LFP,13,22
-203275.49597585338,2.37930172044793,0.1348305715543727,25222.795490553384,-1.6525724789517042,-3.147427521048307,-0.6859909000257969,0.45132887889560064,2.081979036808366e-05,0.00010572141762763686,3.0130803789250434e-05,6.31396724012185e-05,2.39528682826218e-05,0.04555796676771996,1.5174994422453596e-05,4.957421621328209e-05,0.020215035777158854,0.051198666398504206,0.0665954070660571,0.12621502650964184,LFP,13,14
-242464.82580570522,2.6367212653573455,1.7971847428176375,21923.237926424084,-2.7423672136874373,-2.057632786312574,-0.7377318772385167,0.435155964170885,2.797488393979506e-05,7.895897511482539e-05,3.005364421373362e-05,0.00011784240641826365,2.3847309324339472e-05,0.07864591836791378,1.9802945518313274e-06,9.773813594293347e-06,0.023842766105076737,0.010272767665602506,0.010452448387873686,0.1715429067080071,LCO,13,5
-446669.1431236508,2.5488388852552086,0.1057851839525907,64771.275146311586,-0.96679739513079,-3.8332026048692214,-0.1917884937475378,0.5083254512951962,2.533506531095074e-05,0.00016887693119436499,1.421509169424421e-05,5.8292165524864e-05,2.5472634037956628e-05,0.09298707263614457,1.4505493394020702e-05,4.668299479971616e-05,0.01686831151579686,0.06847650799955583,0.5186379699327461,0.15109702832016025,LCO,13,30
-11937.417537799167,2.0903981087184422,0.03729395754916502,4056.877327929723,-0.7806505981599372,-4.019349401840074,-0.17988021589881764,0.28050174300555336,1.5867937400489045e-05,4.316349370234515e-05,1.4960696507563402e-05,0.00011576249070615103,2.7122490516748227e-05,0.04170891214085205,2.145204499797802e-06,4.156442052727604e-05,0.006054224385639569,0.18718828045116082,0.176380115793001,0.3865513878570206,LFP,13,33
-342114.87706113636,2.2036602452623777,1.7417537234074039,54148.86313383666,-1.9690023710792275,-2.830997628920784,-0.2809353797671713,0.5945038393113169,1.2998917850068366e-05,5.311367852145127e-05,3.522763771272319e-05,6.014966967701261e-05,2.998042706699355e-05,0.09394782987922719,3.262678658025928e-06,3.327636259778987e-05,0.024212324862432456,0.056454359834179,0.49041003601265654,0.10220022438599313,LFP,13,12
-10271.559204583335,2.316255159306885,0.010182182368659556,5041.280259485579,-4.1929281938108005,-0.6070718061892109,-0.3574968917425373,0.20136067378326442,1.7392644689935082e-05,0.00011213108452810346,4.9382469065155e-05,5.3178984323327434e-05,2.957188572301279e-05,0.04571083924239608,6.0522446924905474e-06,4.581685959752525e-05,0.004275849295380147,0.08733976454241454,0.4108776616148105,0.07428568210023771,LFP,12,75
-119250.46294269901,2.1427139328257105,0.01934797146548923,32559.577109575162,-1.3127461784766297,-3.4872538215233817,-0.4101676010989762,0.5971136333543297,1.4131961835848094e-05,5.437361173741215e-05,1.0797692594681942e-05,4.604656131971145e-05,2.8073877752550897e-05,0.04472434023728936,4.045976159145323e-06,3.6469292199323134e-05,0.020596449521940632,0.16844131227902526,0.1976397896990351,0.15375129692296347,LFP,13,21
-226531.68710979546,2.2088855957077094,1.398284759310135,25669.18174461119,-2.2491531225835146,-2.5508468774164967,-0.27596670149873026,0.8687162823308124,2.9068842573078223e-05,5.29539337045784e-05,1.009735208099218e-05,0.00014754044063468183,2.7156545141951236e-05,0.08099817112065508,3.6826083550942007e-06,3.3716028639207176e-05,0.018839965541988038,0.014880427832259333,0.4939647284098512,0.1451881422591593,LFP,13,11
-217784.997161654,2.485798229491038,0.9951125640667504,9690.706852440082,-2.632904110358602,-2.167095889641409,-0.13060795451098628,0.2288283842369497,2.9050416488166574e-05,5.169642769628792e-05,1.046987675957169e-05,6.537999609558065e-05,1.2225091782527068e-05,0.0442134357577606,1.2706241427643117e-05,1.8728361158775498e-05,0.02436697446576899,0.022482670861285838,0.23914975542815095,0.537759619199577,LCO,13,5
-165560.64313626982,2.2925440065209255,0.1614247151432971,30861.09784235477,-1.7136343929230264,-3.086365607076985,-0.8145705288082047,0.26708198257100446,2.9007050305301654e-05,6.272711538528973e-05,3.918028121903475e-05,0.0001189848412765257,1.2075511373104495e-05,0.04415901451009946,4.798276661457501e-06,1.8544997330367926e-05,0.023836255737392023,0.017595363730054853,0.025017022427584204,0.0728170850341563,LFP,13,12
-54289.955527439655,2.598399882461414,0.44392867606720526,3091.0632214857565,-2.194771943196976,-2.6052280568030355,-0.2912944367204998,0.21258132959233958,2.3598951990827833e-05,0.00015605858830870952,3.1870898650386464e-05,0.00014277089425486966,2.726811041227158e-05,0.048061735201164,2.344176490026509e-06,2.8954458517001088e-05,0.009586329912749448,0.022309230829027332,0.5421920648582718,0.07420426759220114,LFP,13,8
-45280.8392106729,2.311339332444066,0.12376994852804275,7313.003979221756,-1.612518433428896,-3.1874815665711154,-0.6499076642435492,0.2593506056166999,1.2514361282200078e-05,0.0001056820134557,1.3118518682437599e-05,5.6723426546906756e-05,2.8321107667557587e-05,0.06747638060524525,8.268763412634723e-06,2.6518320099766157e-05,0.009317507147170976,0.027699293854010387,0.1857248458300082,0.06666819607243228,LCO,13,13
-366763.02246012364,3.1944536130306025,1.866302178112382,26732.384574566815,-2.618374596150737,-2.1816254038492744,-0.8746272935632359,0.23173712524174753,2.5998764482489995e-05,0.00021691806039608798,2.0933245708596536e-05,5.7289444671635376e-05,1.2493963896440877e-05,0.08675414512553717,1.705298393508882e-05,9.749508302672235e-06,0.02380918639235757,0.010968019666995076,0.026669156200282207,0.017735530569486884,LFP,13,5
-40047.58945312402,2.4092620586346896,0.09679889914712986,6536.9919782146,-1.6417614412442205,-3.158238558755791,-0.7425604849812778,0.3123928146100479,1.723011518525988e-05,7.461824211583664e-05,1.0758421374899665e-05,0.00011464534865742373,1.848285847671561e-05,0.05191140163207592,1.0944807256738824e-05,7.116213472496121e-07,0.009768927266668403,0.027300868504873753,0.11853344990147022,0.041605196612378235,LCO,13,13
-363165.704140578,2.363305025321665,0.10981447027598139,67112.2632699513,-1.5271437596002002,-3.272856240399811,-0.5317931453981072,0.26634271172330737,2.895719666501356e-05,0.0001066541496195711,2.705327020269624e-05,0.0001309307507994895,1.2049429686962188e-05,0.08831235571010253,9.749215109768503e-06,1.796996925867956e-05,0.023872982427292105,0.02605829012783003,0.19461406954341126,0.17753449493065157,LCO,13,14
-134656.65545423926,2.404161864077537,0.035259912693757646,19476.429738096944,-1.516775264805645,-3.2832247351943664,-0.7508868784777116,0.27100818858467185,1.7084620286607405e-05,5.109906861631427e-05,3.0465934852191085e-05,6.54184427008603e-05,2.8599965815266347e-05,0.04366065227584355,1.1683558791405949e-05,4.546209634821377e-06,0.01834203892475308,0.021807612834333568,0.03553252029132291,0.12177298839663189,LCO,13,14
-314326.2014085862,2.7578790955297157,0.1999720838247819,40925.004626547074,-1.7416920841010537,-3.0583079158989577,-0.2360117612819358,0.5334344743352977,1.8732257423535358e-05,0.00017078826776860406,1.3256518667884988e-05,6.54381362876115e-05,2.549773523067373e-05,0.0846896331125023,1.4215924080156482e-05,4.908769294804354e-05,0.02023023607275842,0.05115110283430127,0.5280558782771336,0.1147812576066294,LFP,13,14
-35567.96428776396,2.3047114986192256,0.11593077558557448,14141.444545236862,-4.746214082685981,-0.053785917314030485,-0.7675344234037902,0.7678166945451698,1.9170603067368895e-05,0.00013880334264543308,1.6146992676391212e-05,0.00013514348591180477,1.2349769295863098e-05,0.04143813850732392,1.604862314453794e-05,3.868063616495512e-05,0.00929934653771108,0.040438965750288075,0.057068400892897594,0.0649582099530242,LFP,12,40
-156072.47765488623,2.079456386348271,0.03610814480611279,38685.52392015308,-0.7860688339771471,-4.013931166022864,-0.1331663006456978,0.21280451674610457,2.5238659327695076e-05,4.008478295382809e-05,1.564814525877168e-05,0.00011828503602316019,2.914277369557709e-05,0.06014042467688425,1.9688226284386464e-05,4.488531680852049e-05,0.016863568738797578,0.058137125252456144,0.5921943468802088,0.14650222722163733,LCO,13,30
-140732.05225934036,2.286559985797582,0.9834816484241594,5725.451261413526,-2.6608598682469875,-2.139140131753024,-0.18034168002124817,0.22757234450264074,1.3331100089881541e-05,4.194883049132748e-05,1.4957154804221328e-05,0.00012048871761331326,1.2413900534663344e-05,0.04170887394091455,1.2841504225485703e-05,4.162046231745453e-05,0.018025106651304093,0.19482382823019712,0.24612467493991358,0.30870981680864124,LFP,13,5
-240684.21270963125,2.430299948678967,0.4239605608363532,16927.37806804775,-2.5088443187758074,-2.291155681224204,-0.7311895134059678,0.29911204996765817,2.1738132863670425e-05,0.00010496454597220875,1.205552254350025e-05,6.487883122611349e-05,1.748307409628978e-05,0.053078758295062735,1.1425865895007848e-05,4.402373182096424e-05,0.023239190349860536,0.0602008302553665,0.01498887377488126,0.12362078256378453,LFP,13,6
-68167.27156376097,4.130623751249775,14.78683799814543,2121.6324091903157,-3.5488665986113332,-1.2511334013886781,-0.25706965806495796,0.5113836433611019,2.9768329701031417e-05,0.00024766738724754384,1.6574978449446486e-05,6.500907381478344e-05,2.9303178178354382e-05,0.04180831366392719,1.5183743978310167e-05,9.427356608512617e-06,0.02446182499412513,0.02617450115607327,0.08415388746309407,0.5626019533158747,LFP,13,1
-229851.48947102507,3.010500376827514,1.8778829947144842,12145.240859912585,-2.673068981626656,-2.126931018373355,-0.35370470524029485,0.5083234843335268,2.6123005619561996e-05,0.00016838276523597302,1.421210310921592e-05,5.769304404252703e-05,1.2187187052717898e-05,0.08305720765981486,1.758266289599615e-05,4.808777686733816e-05,0.016597602268095566,0.06897740493131367,0.3988812221958213,0.1084366676325703,LFP,13,6
-270277.9206127445,2.4774669832229983,0.6646683176477035,29773.266519367404,-2.4692475451994795,-2.330752454800532,-0.11359307137955477,0.5982141413838429,1.4639429203534985e-05,5.4380945601978214e-05,2.057668866641375e-05,6.0961638041262e-05,2.720368852121497e-05,0.08369788656586423,3.2440685654534165e-06,3.179529154486108e-05,0.024252867449688208,0.21996982455252473,0.4950109746218617,0.10142612944605885,LFP,13,8
-723732.8988147397,2.4937155921697194,0.01936689134225583,428155.7310913317,-0.36569224052432503,-4.434307759475686,-0.6728692809456767,0.34365808133204356,2.9131516609283458e-05,0.00013079900990525155,2.3526229605083062e-05,6.3419457185486e-05,1.3927507593003644e-05,0.09887287507495668,1.8829801236418856e-05,2.7482262537501483e-05,0.02484672666767002,0.051508060790975016,0.1450584712998675,0.060564186963480905,LCO,13,72
-92064.16133579172,2.0840733044988973,0.008741760261990883,132544.12813547018,-0.5293027472748264,-4.270697252725185,-0.7032609863699583,0.20473547499100075,1.676890781534325e-05,5.7826066656612465e-05,5.9548236649692226e-05,0.00011745476511710185,1.7492431713141626e-05,0.04181319551187349,1.5776217684227407e-05,4.9959049204333906e-05,0.01824497814740303,0.01013052523120946,0.19592094166812166,0.020687546730710698,LCO,13,93
-405863.22826504667,2.3755817368166645,0.21977206603028895,38022.212598618804,-2.2225051143159504,-2.577494885684061,-0.5204248512635269,0.29448051469472614,1.2184953146069115e-05,4.27934350175262e-05,1.0229134296921155e-05,7.089111942565903e-05,2.4475600343681606e-05,0.09309317832886095,1.866460645227693e-05,3.4929619240410336e-05,0.023888937030554554,0.1700565360624922,0.020710074056480426,0.21880853861750052,LCO,13,8
-220866.6315546379,2.636820469404351,0.372504023931447,23122.330370797874,-2.113256826919489,-2.6867431730805222,-0.254855931279084,0.2532088848183336,2.9197093114833503e-05,0.0001243382494245677,1.1038603422781974e-05,4.2730915847335476e-05,1.7144010741317717e-05,0.08648146057652759,1.2980381724490407e-05,2.6814615385596276e-05,0.019207853039555738,0.40609471085704985,0.14072527065534088,0.12832408720852523,LFP,13,9
-639158.9016745251,2.3254000491684566,0.08604594124723605,134944.3734553594,-0.9626842474817892,-3.837315752518222,-0.3047922258957442,0.5060908849875636,2.086498589245863e-05,0.00011488801250361258,2.9348343047015142e-05,6.4616131499223e-05,2.8232146013095288e-05,0.09136781266880496,1.8983789782664724e-05,4.644639686748233e-05,0.02412778453981834,0.06792439062130877,0.5004991991760169,0.05678418430693022,LCO,13,30
-14486.501934840231,2.2793648947383147,0.022398906945564245,11259.662376580638,-0.36256172952388255,-4.437438270476129,-0.7446210495846919,0.34294828403505434,2.9900810974664083e-05,6.511499127361529e-05,1.3230862328748988e-05,6.566914682900461e-05,1.2731660025040704e-05,0.06739146256333119,1.2095587985964434e-05,2.2477304400403584e-05,0.005046974966741436,0.09012227137603347,0.05973091190258909,0.03552576713668565,LCO,13,70
-462432.8862061327,2.90328724085131,1.1012772689391903,30638.351053982853,-2.493918027251283,-2.3060819727487285,-0.3298886082259057,0.23599000288406805,2.641429805747523e-05,0.00021360715219465834,1.0347948814010068e-05,6.545549236917056e-05,1.2098168026265986e-05,0.09177074891966557,3.1402534910842148e-06,4.7276045346271476e-05,0.02497443169947644,0.021634911111080995,0.5545476403935199,0.023928840269493528,LCO,13,6
-116644.80163835801,2.229036971175123,0.012182826303132456,74807.09351492884,-4.185445746085847,-0.6145542539141644,-0.368281902609341,0.2149899898194657,1.787924796966566e-05,4.737549132596078e-05,2.211027827195468e-05,7.322712183227702e-05,1.3733701810759317e-05,0.04153713807391212,1.3046493713933228e-05,1.8921695132426474e-05,0.017843298735209966,0.09350090732652433,0.3246320181688381,0.1435851718952966,LFP,12,71
-239432.34472468402,2.294934169255286,0.018681429014938765,109658.80230844436,-0.41928092992645816,-4.380719070073553,-0.2699149669429707,0.2592568618158955,2.165963708947308e-05,9.417964158984937e-05,4.694940259700838e-05,6.68070978893523e-05,1.6101523151404006e-05,0.07485225896410203,1.2128183493664915e-05,3.0401063864451114e-05,0.0170662455439289,0.011152105069396952,0.1809965639715592,0.4679363640160732,LFP,13,59
-340367.5337156257,2.5795769994620734,0.025119397671447313,195525.32414458942,-0.5238737136711151,-4.276126286328896,-0.5948009429764728,0.5024078718092653,2.5771170414427047e-05,0.0002463064902297295,1.1690109782509618e-05,5.2345905007561704e-05,1.6558071589069118e-05,0.07887831807292761,1.4458995946918552e-05,4.8493211681376906e-05,0.01710123869867035,0.048776171200836355,0.22686080311881654,0.059562082703874364,LFP,13,86
-12641.40007870845,2.380076179498714,0.06919148587020213,4274.15638017469,-1.009194782657751,-3.7908052173422604,-0.2427023539562766,0.41575663675840013,2.261530928452401e-05,0.00011802196106814404,1.623859646725657e-05,7.193122500820746e-05,1.7210208647645974e-05,0.06412762776256961,1.6104430923191892e-05,3.6773996554433133e-05,0.005543947113299577,0.02234125604509736,0.44863511454249416,0.21632127545613195,LFP,13,26
-88390.15506633758,2.2954102403888657,0.014042211203946681,60794.205703068874,-0.3537613625002507,-4.446238637499761,-0.667935367601682,0.28984093453062904,1.2753103170095834e-05,0.00010064824424063473,2.4325100994011885e-05,6.0563327614488126e-05,2.9513434975522825e-05,0.05306760270027213,1.9954036890517414e-05,4.581022950752203e-05,0.012646620125340078,0.010408732939114757,0.08792932135589435,0.16372657810330893,LFP,13,74
-26608.086750678533,2.3815803659987074,0.012646104016441156,23729.921129180617,-0.3534101859839467,-4.446589814016065,-0.5932753265941721,0.26489935699409844,1.3517708950043817e-05,9.435877393836377e-05,4.9549513606285475e-05,7.255129830082744e-05,2.5358840178621855e-05,0.08698744353618987,5.9290723694922826e-06,2.363295850803483e-05,0.006123440087448204,0.029360143764954435,0.17979785773856366,0.12756667190230978,LFP,13,75
-20456.97850360454,2.811323269845036,3.6084878185113793,297.12211020319694,-2.790917983199556,-2.0090820168004555,-0.7304363358375112,0.22589304195853088,2.9667564096357643e-05,0.00011146197138788016,1.0941689191907797e-05,4.510227473927282e-05,2.871833051188697e-05,0.04601995597828675,1.7174491564169654e-05,4.140572653670431e-05,0.004208090943038046,0.018479637150010504,0.08301110145804344,0.09807292555443489,LFP,13,4
-167333.12708231917,2.5467334290965193,0.40602321634643024,15321.380230471354,-2.0410763082350627,-2.7589236917649487,-0.6213428866527014,0.23454337771538966,2.9212933975501167e-05,0.00012488851445281333,3.183426287209307e-05,8.599587506621898e-05,1.7170757013301007e-05,0.04781716330602985,1.8422723778424216e-05,2.684988112713753e-05,0.019230191007890807,0.04161339787736201,0.14090173510797477,0.1261419803619618,LCO,13,9
-364643.46126410255,2.2961380497736723,0.023240810657129858,307073.4557972329,-0.5909514034297416,-4.20904859657027,-0.03942544214392363,0.38139491752729116,1.220438787008369e-05,6.10957289164161e-05,1.3773889001224053e-05,6.752429324712447e-05,1.2399034327847891e-05,0.08902218694730116,1.9111862175756577e-05,1.657604943368873e-05,0.021468033638573802,0.22571458959906732,0.504311761423008,0.16054820683400106,LFP,13,96
-682521.3146180598,2.608411068361123,0.012965566131718948,427178.5938828287,-0.3385397075741281,-4.461460292425883,-0.7566000052864366,0.2638789597393094,2.9121866669582398e-05,0.0001307578748929032,1.6521480266677766e-05,7.181464802309757e-05,2.8602906870130946e-05,0.09957521482995102,1.8825199536612978e-05,1.57752865995836e-05,0.024845968397010962,0.038684081187700795,0.08204206812289874,0.05267384540296391,LFP,13,72
-330704.59618934157,2.359516271016496,0.03386400782496511,303037.7843136766,-0.498242003686606,-4.301757996313405,-0.363018970543482,0.5348857913023478,2.9483953308878766e-05,9.3015549453322e-05,1.676902193991835e-05,7.02440958689924e-05,1.696408509571835e-05,0.09117592523188771,3.1404264628982277e-06,1.5719040646416303e-05,0.024876266384481916,0.3961447200125083,0.08076097074577723,0.09007533869823256,LFP,13,64
-109377.73317083844,2.1589652533550425,0.013805990366497007,71499.270613397,-0.45033294512974464,-4.349667054870267,-0.5216614442309886,0.2675228064843163,2.2819951148017206e-05,5.1010810775153464e-05,2.4017096400021894e-05,4.087710044617337e-05,1.581199042929606e-05,0.06325445774430644,1.1984965447819984e-05,4.981202122129488e-05,0.012485165549843004,0.04915215306767288,0.2934787813455719,0.06570762135576658,LFP,13,85
-12811.459342578497,2.2100001352425407,0.015327818635456073,14848.933005982242,-0.3764137973567898,-4.4235862026432216,-0.6679043832030983,0.2342788463461399,2.8477541248507342e-05,6.043472834960545e-05,2.367677749570105e-05,4.092855264749052e-05,2.413787547047794e-05,0.09956546286639073,7.44805161051919e-06,3.48161715209213e-05,0.005338107359441636,0.04908346555273322,0.02035173783214031,0.19266041341202825,LFP,13,61
-334746.797472827,2.5780478905808017,0.04252707660803022,72713.0440637946,-0.797517417223851,-4.00248258277616,-0.6800431263245377,0.2036368285427162,2.9531217507203575e-05,0.00014197278587382798,2.1759497411294133e-05,4.648481537424288e-05,2.842193515347073e-05,0.04598434018174587,1.714844621804901e-05,4.156390134679613e-05,0.024588409691456904,0.04266949628756818,0.10874970233838488,0.09853767504950936,LFP,13,28
-108656.95533240496,2.289820830974823,0.057389459454116054,25850.441563604105,-0.8367865950704072,-3.963213404929604,-0.741151336686894,0.3440576857469,2.9124588798158627e-05,0.0001023595686600645,1.4921495392660753e-05,4.3429269544050024e-05,2.8739560192557513e-05,0.05905764292086324,1.9594465781991223e-05,4.798733672172982e-05,0.012668400812242117,0.017345533339539414,0.05756231232642558,0.11394081764714106,LFP,13,30
-420691.8845948459,2.656724472612202,0.030020095425726916,244475.879338133,-0.5481689253558457,-4.251831074644166,-0.3561450005758512,0.587555153129091,2.5803485305518025e-05,0.00023902495357621133,2.4239718363916847e-05,5.151727782121735e-05,2.6170039557022407e-05,0.07741592061822007,1.913354906924093e-05,2.2196217916119254e-05,0.020324016764195235,0.011895867167143161,0.07789659084407526,0.4840625414129305,LFP,13,86
-11849.995374485226,2.1426611868107415,0.022886857997702743,9116.6340950762,-0.3833511126017797,-4.416648887398232,-0.19604638155657272,0.3430630700053335,1.256623335673411e-05,6.44934537636244e-05,1.4387475873075957e-05,0.00010446526503410248,2.9658861880737217e-05,0.06740057290794561,1.5046275852110481e-05,3.0477559339834933e-05,0.004919311962847292,0.12444286861062742,0.06127102760150011,0.5482397222312998,LFP,13,68
-12145.42786051556,2.1932337170149587,0.02201588125486411,8961.47435163298,-0.3754526357989292,-4.424547364201082,-0.526278071029687,0.3429473246865369,2.183066570346454e-05,6.52238852597307e-05,1.3214887244639137e-05,4.723117142629685e-05,2.97646143678369e-05,0.06738725641950916,1.2045816479548523e-05,3.407670699640794e-05,0.004862922779736714,0.1254016664431021,0.05904291076225845,0.21927735176495242,LCO,13,67
-24433.878406765205,2.3222777746350016,0.01337370533082656,22052.57960445608,-0.5633642468441238,-4.236635753155888,-0.6511311634424427,0.31731694818417533,2.4774151729407688e-05,0.00014238530667489072,2.1979962872006276e-05,0.0001293312235205841,2.801604944249075e-05,0.045984549617776815,9.687354078447078e-07,2.5383469069619803e-05,0.007163348186286505,0.05720970519264219,0.1089316904252852,0.11272744093962993,LFP,13,95
-296727.97743181064,2.5911788229264268,0.015712177606480783,313873.64729136287,-0.582609527359331,-4.21739047264068,-0.5326665336122485,0.38141500475468954,1.9543175096893174e-05,0.0001600892610327967,1.3772207564816026e-05,6.939236738663609e-05,1.2326103244999288e-05,0.08433706095979579,1.8825200436941252e-05,1.1425111756091397e-05,0.019876987954059466,0.30253868719270793,0.03469574207519631,0.0600990371198473,LFP,13,97
-20756.42642456831,2.198158973587944,0.011106839859911684,16141.404425178862,-0.33749389858802914,-4.462506101411982,-0.25392748220268735,0.227578008761968,2.8283193900222457e-05,0.00010018753461471819,1.0894359880763644e-05,0.00010432258035778423,2.966176229639721e-05,0.07595352162191835,5.812627191279707e-06,3.263516977580064e-05,0.005994660806116672,0.010147372481362394,0.1807238640912015,0.4852012812247488,LFP,13,73
-39756.907028656846,2.9528109034796133,1.0602479900022672,1820.6476258321768,-2.613457092595027,-2.1865429074049842,-0.6046120032704517,0.20569298682642465,2.214820454882314e-05,0.00011636730008721065,1.2398846887153974e-05,4.434733703326059e-05,1.331578742767297e-05,0.04304612933969594,9.326265782084795e-06,1.5507614360740848e-05,0.009431787928239593,0.06623041129142006,0.16777007521714718,0.09138751022098107,LCO,13,5
-167553.89339722443,2.2194684052473908,0.015126008261285753,129491.72054861872,-0.4570067527564703,-4.342993247243541,-0.8561384852691517,0.28233723603848243,2.0185900866555728e-05,6.481043292670504e-05,2.4029186783062426e-05,4.095281185298217e-05,1.5693560101134195e-05,0.09716208295945881,5.506426853778976e-06,4.3168236347911474e-05,0.012538773324323516,0.049181707581302206,0.010760747647478957,0.013919059502067132,LFP,13,86
-99465.2498423414,2.0817570528575797,0.014165038501390694,61558.257617085976,-0.5790988418178955,-4.220901158182116,-0.45440182700207943,0.5024913619223609,2.871971247044782e-05,4.180063884886701e-05,1.1555432693362111e-05,6.0654945681226794e-05,1.3617149273766666e-05,0.052511995212471844,1.4427222151335192e-05,4.852813601072785e-05,0.012609569383685971,0.02780120460493969,0.24215686876181836,0.2056400996311626,LFP,13,91
-38207.43294397567,2.2182090928707807,0.011265408263315641,24273.818231881753,-4.186448685958744,-0.613551314041267,-0.2790146639664398,0.20134454267273494,1.7161675925362675e-05,5.925992569807369e-05,1.056585035593291e-05,7.723818138528538e-05,2.345152415214045e-05,0.045716417001124665,1.3104450799902567e-05,1.8609693210025892e-05,0.010120399964806478,0.09617889439891142,0.41092151078254874,0.14388493085210002,LFP,12,69
-201464.81590056274,2.194540716309025,0.04023269952139036,147106.8191922823,-0.5261179040990811,-4.27388209590093,-0.34060038812118265,0.5917866924644978,2.8526128767304868e-05,6.584797064989837e-05,3.662995986825423e-05,5.4966536942580176e-05,1.4710909174277672e-05,0.05289872956297927,1.1532883829198309e-05,4.859480144514551e-05,0.023337840901905372,0.06362355522117302,0.020252498156339366,0.505523558501305,LFP,13,62
-233926.79946745717,2.1840362936016526,0.023658694112607195,231527.51194869584,-0.6179837282355436,-4.182016271764468,-0.3436084728102269,0.5071557038196479,2.3653939213958636e-05,6.272694154417148e-05,2.9774327802555014e-05,5.247385801307168e-05,2.0636816183367165e-05,0.052256038301959976,1.5778906433075348e-05,4.852292260930763e-05,0.023639446026864172,0.06329335697341433,0.0203409525969295,0.5027572176194294,LFP,13,97
-157332.51708910344,2.121533899494978,0.005486274427555522,233840.24384366407,-0.5055278751995402,-4.294472124800471,-0.11649845502507694,0.21152171013438253,1.2424419975786134e-05,4.227523309572651e-05,1.4154080927003046e-05,4.149702400190171e-05,1.2779754382524692e-05,0.058169846806395406,1.512206043038012e-05,2.5188411980863205e-05,0.023966991770576478,0.5284897085794236,0.17791017373013854,0.10710166266536106,LFP,13,91
-247930.40457717382,2.5236291828047266,0.017966306516184593,203258.39323536863,-0.5916434128572874,-4.208356587142724,-0.1217160602742704,0.38474618944537753,2.15647459321953e-05,0.0001129602880269608,1.376057087260744e-05,4.001818183163405e-05,1.2183419790717316e-05,0.08200137198900681,1.9927021539224293e-05,1.1736716580214202e-05,0.018013449312826908,0.30300232319012277,0.444329884140585,0.060951732395021815,LFP,13,97
-19316.24849949544,2.2001993246049323,0.020110162313061928,12365.16971758801,-0.40343765002026544,-4.396562349979746,-0.6460471237350511,0.3169341501340456,2.758131199534043e-05,6.463634824641126e-05,2.964653472612537e-05,4.152354468723254e-05,2.0631864770118462e-05,0.04100749019597329,2.935135085627351e-06,4.509135523639216e-05,0.007434267155402125,0.06344712159067102,0.01149153130139929,0.2090142233728786,LFP,13,62
-98836.94884131155,3.2005071872422994,6.9194774853318135,4959.620341987281,-2.9750851837314443,-1.824914816268567,-0.7508903327225436,0.2337383024433959,2.9270146328093427e-05,0.00012928998488780837,2.8242307032693833e-05,5.4623408576042955e-05,1.668391943260131e-05,0.04509319522096518,1.8986414229150683e-05,2.6796736428703262e-05,0.01922419791374462,0.07956421171337001,0.04554996916014252,0.05399548640394401,LCO,13,3
-231290.84776010906,2.2248913170358096,0.04731314609810738,56486.91011693534,-1.1382127013886247,-3.6617872986113866,-0.2609475827304335,0.5020427815852292,1.2248354067727896e-05,0.00010700447194369092,1.1705817883396772e-05,7.950596734669807e-05,1.3064635944041113e-05,0.09261451390571515,6.5013397729474815e-06,4.604654673788555e-05,0.01698894331480967,0.22097149592148682,0.22951472130932152,0.2185662000387582,LFP,13,24
-14248.284291239124,2.3398133501448695,0.011992821097526916,9456.630063129222,-0.34615976595591746,-4.453840234044094,-0.22570565947830012,0.22062160105853273,2.1831242418700553e-05,0.00010781492779765693,1.0781816842582161e-05,7.602238677918749e-05,2.9282003124338328e-05,0.07509222424840728,1.1915587281755667e-05,3.540261721209016e-05,0.004862459539776014,0.17968197353659363,0.05432117659966133,0.4702911903854449,LFP,13,66
-482584.7577267482,2.2283613679988474,0.01972719948250198,305824.44731647393,-0.376107523740977,-4.423892476259034,-0.3154456784774492,0.33617912358432417,1.7352817763931264e-05,7.583749231951217e-05,1.4049465531289206e-05,5.2934658409738736e-05,1.712385264751207e-05,0.08482234950115133,1.6557645106368224e-05,4.783180074171817e-05,0.024947759835655066,0.030837887290841026,0.3640901037280547,0.21962633050365507,LCO,13,69
-737117.0850127585,2.5503821203845227,0.026202467202303358,360234.93161316996,-4.257053602654885,-0.5429463973451263,-0.5836155619233669,0.4547796153994111,2.014889652194696e-05,0.00022925015851246557,1.4936662340985822e-05,5.936371285626288e-05,2.1178504842092805e-05,0.09337576768476412,1.0244859899455598e-05,4.586695293965869e-05,0.024099277572950065,0.0340173899530488,0.18173111848557502,0.13063592963800935,LFP,12,73
-135549.99643732404,2.313788464326206,0.14558019781482034,32200.828066109556,-1.1213661988911952,-3.678633801108816,-0.6866115330139771,0.2597254881340288,2.9287285336534158e-05,7.370353178877782e-05,5.153330873411481e-05,0.00014288605812296448,1.773550860391107e-05,0.04612666840213123,1.576083542552211e-05,1.9189708510262272e-05,0.01875443366486784,0.02664606418635171,0.20166820606645078,0.015074196733220437,LFP,13,20
-520598.99297074246,2.5163114349201665,0.010852957752221911,236957.77262023994,-4.291439724131806,-0.5085602758682057,-0.2675188922311197,0.24557827099249308,1.8600281718317675e-05,0.00016252707118197992,3.87452445081415e-05,4.200704755763939e-05,1.5369685353169258e-05,0.07709963054061619,3.5800193581351557e-06,4.5254613499218316e-05,0.02118318320576989,0.04617259088681815,0.40028794526077166,0.21602057162129062,LFP,12,85
-690216.3180355142,2.4833548874605946,0.018918604773918296,493022.81474406243,-0.58735436931903,-4.212645630680981,-0.37598199863208903,0.43417853193609723,1.4830872794617526e-05,0.0002019425818219811,1.6383986306782885e-05,7.243697466737933e-05,2.2061820071276017e-05,0.09800973618261649,1.3117999981126151e-05,4.088598682514092e-05,0.024081473892518215,0.11811824710078808,0.3343868297630227,0.10151292450410018,LCO,13,93
-517354.68329743185,2.5621180790385116,0.09394854689450642,130812.23358524736,-0.9391538340965795,-3.860846165903432,-0.3230817661096397,0.46841668928989644,2.38281982357172e-05,0.00014256954691672268,3.817165478685213e-05,6.989397656081873e-05,2.765399841436841e-05,0.08526435851215197,1.944891946559989e-05,3.1433443333127495e-05,0.024314768759903564,0.06788890402551241,0.5050892210748813,0.03394010878996671,LCO,13,30
-206168.02039613092,2.1744919078791005,0.0678414744622817,91373.80144297499,-0.8447314555519441,-3.9552685444480673,-0.0937156301497013,0.4758757255423025,2.9463996510570326e-05,5.622799938977695e-05,1.6637256090104082e-05,0.00013478138591722151,2.3115384552294486e-05,0.08917464513825328,7.683553333728201e-06,1.4400980784797772e-05,0.018783452498400594,0.2599405640262348,0.5636653277077448,0.012678478116319118,LCO,13,38
-104241.33435234135,2.2782284863733033,0.011959359590685201,87098.61985336854,-0.5786933009832538,-4.221306699016758,-0.18073887120733023,0.2808656049526359,2.860790300008375e-05,4.209551780835294e-05,1.4172913338066103e-05,7.263794240210963e-05,1.3335378201114647e-05,0.04454296372662139,1.2946374574515315e-05,1.1581993498137023e-05,0.016475904156855813,0.05873825782628633,0.5589850126200421,0.13153785834634135,LCO,13,96
-422363.4589221281,2.2095180317494316,0.024878735997407878,389361.21874047816,-0.5399467614814881,-4.260053238518523,-0.2541751837130488,0.5113200620391987,1.963684465474875e-05,0.0001257891998822612,2.165366166922047e-05,0.00011135513031399879,1.6611508093276942e-05,0.08531174073557582,1.0496011018678353e-05,4.5364963727743883e-05,0.02454783526622489,0.25034611459021805,0.16373478813625614,0.26174391356047705,LFP,13,87
-471246.095374428,2.3601933736334035,0.14841208634855482,298870.85483141156,-1.417853934547587,-3.3821460654524245,-0.02486423483218858,3.6437572176918387,2.4372952436464616e-05,0.00011756333002806603,1.1975219393260464e-05,8.148775849720186e-05,2.059243390643522e-05,0.09053802966338839,2.720336960647698e-07,2.911419433482545e-05,0.023119369608980048,0.20627861979854006,0.5527405367428113,0.14611660862646011,LFP,13,82
-292119.73518493364,2.4592057667009133,0.004675341418395466,273019.6215725252,-0.5179202132818972,-4.282079786718114,-0.3219383440905139,0.2069908744655786,1.692730121653846e-05,0.00023515893168893584,1.58668303601635e-05,4.8190922921277e-05,1.6940551155756224e-05,0.056396156033873136,1.4821590394817815e-05,1.6761031490757597e-06,0.02422694432163147,0.012864216838227272,0.5449103948957327,0.05028704417552624,LCO,13,91
-361079.0488392775,2.1788158166051614,0.01420697175497948,401864.19622956414,-0.5840417609936566,-4.215958239006355,-0.22931414146871765,0.3202459274784365,1.270941801458382e-05,0.00011866149831658977,2.5672891736426323e-05,0.00014539711027339026,2.5892205536431484e-05,0.09957791690787215,1.895195341005255e-05,3.802431442589995e-05,0.021891803971593682,0.1451248967544605,0.46059215669726883,0.09496880507955308,LCO,13,96
-259500.3565962053,2.18620605717265,0.01158873501979651,255744.7773776735,-4.306468978554719,-0.4935310214452926,-0.25637166419758584,0.22267604269668595,1.8736690502325563e-05,8.417692482834153e-05,1.9434074617247504e-05,5.130738013219329e-05,1.841819780894999e-05,0.07886581048657026,1.5707093840791397e-05,3.262169012751713e-05,0.02179447045159097,0.4285012591700851,0.18689354232913982,0.058233534303189394,LCO,12,87
-331774.9951091475,2.187720960293028,0.012145620305258705,311891.06375057454,-0.5619506273445793,-4.238049372655432,-0.2226579961731967,0.28005314114634294,2.8450907465015777e-05,0.00011801304683766841,2.868330434751631e-05,0.00014773888518428344,2.5909989301198107e-05,0.08214980469990737,1.2626825279556977e-05,3.407962223547867e-05,0.021891595469305778,0.14548861185029052,0.4605361429809027,0.10131724899561008,LFP,13,95
-11140.211742366188,2.4429010713686816,0.007099961423008684,8830.764686081664,-0.4344530684941361,-4.365546931505875,-0.30867329048622405,0.2248305840214851,1.3329983136843427e-05,5.8779260680770875e-05,1.3083824201313681e-05,0.0001457833170196334,1.4585292490956585e-05,0.04396730482131696,1.798504010359076e-05,2.316104653785813e-06,0.005163262846651938,0.036771063106250425,0.46332228815301935,0.12123335825450615,LCO,13,84
-238747.7503352079,2.330861052756722,0.017594683765392718,151242.94501931334,-4.313112754791412,-0.4868872452085995,-0.2862867778626168,0.36313755855535845,1.76947845912587e-05,0.00016819422909047422,2.0572732309537357e-05,0.00012497213900022306,1.2361340485270731e-05,0.0418115751425526,2.4711027618908738e-06,3.254290081212783e-05,0.02270337024143648,0.023250395656651098,0.44789941315295356,0.17256341332777858,LCO,12,84
-275901.42777801264,2.369413511183398,0.0708996024129123,49283.15361801207,-1.3535381148619123,-3.446461885138099,-0.49258592953155045,0.22471960022117451,1.2467666506340724e-05,0.00011895528126835136,2.585890346693117e-05,5.373638337077846e-05,2.495887573728879e-05,0.06762598129704628,1.795019200560134e-05,4.7698660049043054e-05,0.021984019481582875,0.14858147613108957,0.19357853250327933,0.09525406183408067,LCO,13,16
-352402.342302092,2.2325810786158864,0.016907383220419417,352788.78600616683,-0.5465763949607165,-4.253423605039295,-0.8579533850143907,0.335458256289188,1.738874280578713e-05,7.247026470966947e-05,3.392122216356654e-05,4.1182249630238375e-05,2.5829350321702677e-05,0.09500139390380166,1.7436779681663566e-05,4.9570229809372895e-05,0.02022733106100225,0.011181613938450258,0.0498413078240645,0.011023693223094655,LCO,13,92
-172551.71101036345,2.5502143451169847,0.008241430199653057,131238.1721980548,-0.5197685434275243,-4.280231456572487,-0.6713020039396267,0.2056610858138735,1.6908085724131696e-05,0.00018750043345582598,3.414935145802716e-05,5.1359090549021325e-05,2.6302483807165998e-05,0.04187025565689544,1.4820598811619748e-05,4.92996866971341e-05,0.018396374718673288,0.010478581093961499,0.1976503298696737,0.0505690850967382,LCO,13,92
-149209.87481754707,2.513745198036255,0.015260169813235478,83406.61164698098,-4.431867961245857,-0.3681320387541547,-0.12875941475325858,0.37304133879553814,1.80203594529563e-05,0.0001675308331308659,3.4167260325277414e-05,6.362474956198922e-05,1.218109351796315e-05,0.04178384460918538,3.6793334039574964e-06,2.5084091536226504e-05,0.01639602014034261,0.015608218321204983,0.564106203709045,0.2215261632164915,LCO,12,96
-616937.759253532,2.770349527350313,0.46436418821953296,190866.23798792757,-1.466511322341887,-3.3334886776581243,-0.39555969788283973,1.638886024088539,1.4775278831383028e-05,0.00022740800276542308,1.7027359421148326e-05,8.355138827418551e-05,1.838724973545355e-05,0.09686047715586449,5.231340064567678e-06,4.0732113085310324e-05,0.02312754966440158,0.03380403087325718,0.027969538853645153,0.472666732390258,LFP,13,39
-260268.87062855312,2.3949862413599705,0.03978501720123771,91547.80517363882,-0.7808649490734112,-4.0191350509266,-0.3444365776957312,0.277389462769974,1.873926359902733e-05,8.42031483169143e-05,1.933388498450113e-05,5.297583613551166e-05,1.8418314568828592e-05,0.056698240498665606,1.569421036392532e-05,1.4085393628299533e-05,0.02401820032858122,0.061663298076167966,0.4712407534292353,0.05265937079886548,LFP,13,33
-145991.03048563158,2.1678056826025562,0.028353061613324355,131226.67103997842,-0.6190585083261553,-4.180941491673856,-0.5047457444934971,0.6360857608522666,2.9291987817515134e-05,7.331435632042924e-05,5.160488634929847e-05,0.00011111211481682187,1.774496834273957e-05,0.05659456913171288,1.582285290911523e-05,3.724363034279635e-05,0.016561972987276408,0.033027467195472476,0.19813733885796744,0.19408944945306303,LFP,13,92
-439257.32529740065,2.250406424282597,0.012114041711342591,348984.72336206614,-4.411052148460854,-0.38894785153915734,-0.17566978744456263,0.2791784173867471,2.869547998429627e-05,0.00014683806491083492,1.23926443737329e-05,0.0001481897663630596,1.8915511511928186e-05,0.08760017590306808,1.282582918692391e-05,3.742499727417185e-05,0.02324429152688579,0.059729906146654965,0.5630518273436117,0.13154847906517075,LCO,12,96
-450006.9908341393,2.8748430627897865,0.31955323101439814,73261.33955742381,-1.8456137089152733,-2.954386291084738,-0.7560617894791305,0.48180274831574654,1.605295857333223e-05,0.00023833491595479968,2.3978234114545607e-05,7.18651136296942e-05,2.835481735915424e-05,0.09847171074697883,1.82551650246651e-05,1.4437370028230842e-05,0.024251814325519636,0.012223084338004328,0.05686437751690766,0.10485074866595755,LCO,13,12
-502023.47209200927,2.494760345652222,0.012075435951567914,451244.24645924114,-0.5044240401046594,-4.295575959895352,-0.11995498778428704,0.3020735180789512,1.4692821551254672e-05,0.0001270081258937178,1.8111419893436132e-05,0.00011129010835591858,1.6627117804582812e-05,0.09979264425869704,2.8428453920182803e-06,1.152546768370805e-05,0.024757182755104662,0.011625366627138853,0.2029319064501898,0.5954877391383844,LCO,13,88
-409913.00402799214,2.3822453440976936,0.0791778035476488,297749.60696446535,-1.041641332489057,-3.7583586675109544,-0.3009433092063186,2.4468434871926514,2.252071679152795e-05,0.00012361245107888694,1.1807028940239554e-05,6.329457786268604e-05,2.859877648414052e-05,0.07764034517953258,1.5613697557406444e-05,3.2928176756876416e-05,0.02182028868461235,0.09408728047553098,0.06806126890290462,0.46690814141524584,LFP,13,97
-310264.9296727848,2.295273829587894,0.0226959293396899,121109.93031968869,-0.5174027068519109,-4.2825972931481004,-0.060353661078340504,0.26369435978056155,2.7638890344617276e-05,0.00011207964895830407,1.0757788851741516e-05,5.5525965347358766e-05,1.8185813446107154e-05,0.05157437350681591,1.3434856598575035e-05,4.663232352511711e-05,0.02418841134248624,0.22746019658558764,0.503787472054061,0.13839867028201083,LFP,13,54
-306208.94311181095,2.267964564713509,0.01145335007787949,423999.3199441373,-0.48764502719026837,-4.312354972809743,-0.3154241355768629,0.24876994839086986,2.4947286815576813e-05,4.197570740194272e-05,1.4062369113840718e-05,5.48183126391451e-05,1.3900201618099871e-05,0.09974642437902609,1.7097143608580705e-05,1.1524242087169115e-05,0.024820460519203107,0.014353162352614744,0.20237552654683322,0.3978471755236892,LCO,13,88
-37509.57174497711,2.5113832379112564,0.012182292844509607,43413.464609697134,-0.5037055784668851,-4.296294421533126,-0.6305771093509448,0.2844672310457994,2.8873832104166915e-05,0.00011414711554617564,4.105745929611147e-05,0.00011746781983172419,2.937719699315114e-05,0.08427115944188275,1.757504575742187e-05,1.0196749623618117e-05,0.0077679428985012984,0.07593914124677383,0.15909680670340487,0.06438694269887657,LCO,13,89
-82440.5429735914,2.1545455864932137,0.06947418612121738,35939.216294469945,-0.8934350550907055,-3.906564944909306,-0.4493874641338189,0.33789407957689654,1.5163556099236572e-05,7.523746388539368e-05,5.347823069231952e-05,0.00013869719674932242,1.2903279057218383e-05,0.046759168026347685,1.8396748881021317e-05,4.9791823907611174e-05,0.01662273646800997,0.29284694577221493,0.11651307526534901,0.07125251482861716,LFP,13,29
-42847.712819814406,2.3977372203674876,0.040147435032908456,14161.939317697244,-1.3652545469401929,-3.4347454530598185,-0.2478605916539579,0.2758259295547581,1.213609724706861e-05,6.499342517335798e-05,5.369115955004734e-05,0.0001419483927795406,2.589849411260214e-05,0.09417903768795509,3.965842349935766e-06,1.1967109174138031e-06,0.010338618709703052,0.012134227494272877,0.0788624661569763,0.591142714694793,LCO,13,16
-18553.965302853943,2.16205437079045,0.05324053400888704,6733.885882379937,-4.709344500616922,-0.09065549938308948,-0.6912217764490324,0.21529038795880268,1.371698663620312e-05,6.170036662088745e-05,4.889552140933415e-05,0.00011748297902734277,1.5577056534512105e-05,0.04198720009852909,9.844041636645055e-06,4.714190219341781e-05,0.00821158077503998,0.14725128477976757,0.0730857565900136,0.01844118218118654,LFP,12,25
-522491.17772180244,2.23215292403286,0.66873435465473,106490.25938493985,-1.093997950983315,-3.7060020490166963,-0.4441000925143148,0.5302249126446932,1.2264864346816444e-05,0.00010717152512370456,1.124318628416054e-05,7.08843401278017e-05,2.3987293242821118e-05,0.09257146783755307,2.876272609432629e-07,4.604701319798044e-05,0.022234523140124612,0.22374558948413792,0.04575184692848951,0.21640247107305785,LCO,13,25
-22595.100449633166,2.600393206656905,0.026278549791215196,17015.36769713288,-0.6105172687317051,-4.189482731268306,-0.4158710376497712,0.5368165058307807,2.352247600006407e-05,0.00024199452629642494,1.6132197419921333e-05,5.765151872094914e-05,2.6290340109431586e-05,0.04630748800875779,7.444055173082173e-06,4.5012206303441034e-05,0.006527894113155285,0.11220912929896555,0.2604958353668453,0.14142399768441807,LCO,13,93
-294691.8566891208,2.2175140590787503,0.008797806914919562,314673.2494806108,-0.5605823698251271,-4.239417630174884,-0.06311099913535301,0.2009818963987744,2.4045964394123564e-05,4.205933085941305e-05,1.4173876954373722e-05,8.156950932229421e-05,1.6221843279110135e-05,0.07651380264393895,1.286819182755339e-05,1.158212028130752e-05,0.024113085868744163,0.14933462309684103,0.5589838402804513,0.15857053748735472,LCO,13,96
-358651.6228305114,2.3013215618768705,0.012513260990490225,207104.72129714306,-4.256440382149002,-0.5435596178510096,-0.23689786060276397,0.2914912271770449,2.9268551253241085e-05,0.000169676934684621,1.992906074140913e-05,0.00010537307602786686,2.0530723188216856e-05,0.08062328719454716,1.2992040248552906e-05,4.552845012222634e-05,0.020284506489609395,0.03986217202226564,0.5608984211614922,0.09234154621347818,LCO,12,80
-159201.17212465368,2.122246438508562,0.011927717711315188,188350.29535249117,-0.3289824248266271,-4.471017575173384,-0.6393113858463012,0.2340792077079395,2.9321648568920323e-05,7.302798825812684e-05,6.284996222498754e-05,0.0001465726775844253,1.7570450516991977e-05,0.07524692087826387,1.4454813418066206e-05,4.6319814027474965e-05,0.018754160846459082,0.19434662848560647,0.08197491584394606,0.014367069824146289,LCO,13,72
-522699.5404875056,2.4404733627938833,0.024933349363827573,371893.0637754741,-4.417302418961015,-0.38269758103899676,-0.6919371858275554,0.5526105833777384,2.015739426638126e-05,0.0001612804646167538,1.5751520341308726e-05,6.762196012899383e-05,2.3574409565062585e-05,0.09913914924200735,3.4818229050757496e-06,4.6152739414111965e-05,0.021159259374113896,0.049525782917532256,0.09612907955476632,0.09240795170014603,LFP,12,91
-336865.6935583266,2.32983283420566,0.011288005004175124,233790.5855929742,-0.4898585493745955,-4.310141450625416,-0.16026329321070854,0.24881850644539957,2.863962840786118e-05,0.00010733978577613598,3.517065284848447e-05,4.9708494788943594e-05,1.3877036228976185e-05,0.09997988930017174,1.4804991362624297e-05,3.38550724454158e-05,0.018329679456463882,0.01042524482202411,0.19564362723947945,0.5636678347277879,LCO,13,88
