SpecificEnergy,SEIGrouth,TempIncrease,Price,UpperViolation,LowerViolation,VolFracViolation,C,la,lp,lo,ln,lz,Lh,Rp,Rn,Rcell,efp,efo,efn,mat,Ns,Np
-14577.687369110068,2.512112095529962,0.0308802598237422,5403.735691929155,-4.4873471948298445,-0.3126528051701669,-0.67314828188779,0.2187431643852589,2.4284508508595173e-05,0.0002282827320233,1.9389028806981398e-05,8.642096567674829e-05,2.498327407489351e-05,0.0438758816979511,4.8418634181909e-06,3.63431378057797e-05,0.005890915826787,0.1418896630335313,0.0678697787429779,0.0470922763357007,LFP,12,38
-10911.24446058274,2.866825790349888,0.2472441009591993,3349.8533164599685,-1.1271324295509828,-3.672867570449029,-0.3166731489422199,0.6568755427853921,2.6576165381373704e-05,0.0001986568523786,8.229516845438587e-05,5.0381966474723823e-05,2.4266998960450697e-05,0.0481618890349549,1.967390110761369e-05,4.669498536449589e-05,0.0054888376847882,0.0692976275106701,0.0441939667729775,0.4998352567741325,LCO,13,26
-12922.719387921748,2.342497386160617,0.0096686921823492,10758.80407570152,-0.4183700735449562,-4.381629926455055,-0.4927956351456847,0.2326396455222439,2.9677666618184837e-05,0.0001897073125304,9.831666957908674e-05,0.0001282670522361,1.3597445533692598e-05,0.0773680845376458,1.753287494356116e-05,3.8763424048888886e-05,0.0041410169998453,0.0277363096487121,0.294646174119242,0.1148218810863612,LCO,13,83
-39519.15960038271,2.583771835513187,0.0127072199397761,28697.609998586788,-4.192270554441436,-0.6077294455585758,-0.6685447419323947,0.2212153759046924,1.969459339244504e-05,0.0001654548913304,9.442513378218638e-05,5.604223156643941e-05,1.5169311205879371e-05,0.0765473095007629,1.814072772994508e-05,2.757921266963484e-05,0.0078258765361024,0.0133963680918262,0.2105919955878348,0.0374668943879443,LCO,12,64
-18051.214734137924,2.175814565311201,0.0382682613762596,8612.17016954368,-0.6510022180810253,-4.148997781918986,-0.2784719134521717,0.235868180825762,1.9591902155081236e-05,0.0001065967404734,1.2601750539948242e-05,9.335944301009248e-05,1.3073409771596156e-05,0.0574571073277404,1.9329882499012812e-05,4.500851647833079e-05,0.006537352821314,0.1443749728008034,0.3391674960623019,0.1679856176847229,LCO,13,40
-50660.92532567368,3.2198836640796147,6.366841776399172,4070.855676093001,-3.163816965767438,-1.6361830342325732,-0.455641014280196,0.2148570631183329,1.9218672516609863e-05,9.89418770659306e-05,2.138420587635393e-05,8.198396653875962e-05,1.2048377715772207e-05,0.0671432734189458,1.5906858091060074e-05,2.717760416119234e-05,0.0180022824992494,0.0995659420409464,0.110503350711449,0.2642896929674085,LCO,13,2
-357191.7366996578,2.7375849518308693,0.0870341979274248,73733.22074386377,-1.015187638631886,-3.784812361368125,-0.4171887639070574,0.2036845777081687,1.8913072172529197e-05,0.0001770943719773,8.48335654136083e-05,4.761363317492669e-05,1.6203253554833786e-05,0.08919694808473,1.735739979615845e-05,4.992453226738575e-05,0.0204323694375006,0.0306511154201657,0.0343367486475258,0.4478233720252511,LCO,13,21
-489344.4670302904,2.561681866555788,0.0095324146691508,478260.3929386309,-0.5629668227066489,-4.2370331772933625,-0.5645861738337917,0.2222356341368938,2.515973028640019e-05,0.0002201392774032,3.945183766132954e-05,5.405598155988993e-05,1.3987982370005584e-05,0.0917616808583874,1.982386069073857e-05,3.504863505847687e-05,0.0230668287502034,0.156021534077663,0.1791911294744457,0.0302011626140995,LCO,13,98
-13163.2190199383,2.39347276411815,0.0100220353105952,13800.572578632447,-0.5478123711593739,-4.2521876288406375,-0.8014619920032942,0.230552444444216,2.6104345703546223e-05,0.000125106698832,5.131088417166432e-05,5.5891884782098e-05,2.383297659044041e-05,0.0434744477492322,3.702373510373308e-06,3.891450078125566e-05,0.0057256626687052,0.0180172428866228,0.0307896921054827,0.0797310730046002,LFP,13,96
-301203.6005327004,2.230264092817229,0.0091536478093567,231224.87247961207,-0.4690779510293126,-4.330922048970699,-0.056016679007382,0.2011095165048253,1.4163034117608654e-05,0.0001488585911781,4.054438244456396e-05,0.0001431833221866,1.8104049747264327e-05,0.0894886144176954,1.699339533170557e-05,4.70593453268566e-05,0.0189342986985065,0.0133265552389342,0.4098740842568439,0.4507826814968398,LCO,13,87
-114886.02786425648,2.0801325720942705,0.0115717447190657,95757.96101581004,-0.3218068448806193,-4.478193155119392,-0.1950512460571134,0.2007743410194869,1.29850800313637e-05,4.405393530197524e-05,1.07662085423973e-05,0.0001051635239076,2.7250148832921063e-05,0.0827631560751564,1.8407865492733256e-05,4.745827639011341e-05,0.0141413351630821,0.1121097576254337,0.1497091456923311,0.4731298506251217,LCO,13,71
-15421.7079459836,2.601282927647058,0.0233061756719849,6425.531848229511,-0.5743094995808562,-4.225690500419155,-0.7204867124862625,0.2674900173323599,2.4885227482172825e-05,0.0002403729540317,3.789431205383226e-05,4.045608295036566e-05,1.5903520550566448e-05,0.0794791198280146,1.550868508128288e-05,4.688523255362096e-05,0.0040681029750021,0.1523570045737179,0.0161766962738316,0.0409795866661879,LFP,13,47
-20748.404042603237,2.5892184749469784,0.0106746261791086,13732.6621329921,-0.3651483913572591,-4.434851608642752,-0.4882465105040612,0.2309466837136664,2.952394387785136e-05,0.00021712553062,3.8289545356052e-05,4.264630689856123e-05,1.3905753965911815e-05,0.0459791752282031,6.462283977064906e-06,4.04801287036509e-05,0.006374182727714,0.1360405222893102,0.1835018501850276,0.1222111170216009,LFP,13,78
-28965.3305296491,2.610217834336332,0.0132754163033826,17105.99074385432,-4.205992473745475,-0.5940075262545363,-0.2470313229868329,0.230038722615699,1.890635488861412e-05,0.0001805089098967,8.847766278091525e-05,4.75271851506052e-05,2.0476782946004584e-05,0.0573654228773221,1.699994499002459e-05,3.0417513728451703e-05,0.0075934752800493,0.0271989285155921,0.0887732931439376,0.5669964553536373,LFP,12,64
-91270.1591240963,2.0673181247570804,0.0134934715319135,82436.3169387693,-0.3494853454455935,-4.450514654554418,-0.1019386784257915,0.2039193091754017,1.8450479088643134e-05,4.179248880997817e-05,8.02395856209604e-05,0.0001363356400564,2.724757451334909e-05,0.0781601335194251,3.893579663212524e-06,4.852954060648768e-05,0.0141449114141211,0.0917806496552746,0.217088495064641,0.5191921768542929,LFP,13,65
-11014.97374472539,2.629250093365586,0.0136326877779469,4761.17598989049,-4.211651171209624,-0.5883488287903873,-0.2950211412909075,0.2037121778620592,1.60390939607115e-05,0.0002428221908779,7.960366584878375e-05,6.47895163495699e-05,2.3173057437044592e-05,0.0567549268586041,1.7158192650359133e-05,2.186869685200185e-05,0.0040066905097544,0.0238339011291645,0.383523276628639,0.227621680951289,LCO,12,62
-34030.44509316857,2.5879427926667478,0.0098300103495182,25483.75632745541,-4.2148634069840085,-0.5851365930160028,-0.3635613110502034,0.2206443606364666,2.657684341753724e-05,0.0001513506502562,9.99464321914116e-05,5.8272432000477925e-05,1.4903150109592224e-05,0.0481101385124759,1.8138908318044323e-05,1.9602733911633604e-05,0.0089392137002185,0.03263492189057,0.0526175134326252,0.4811862536266014,LCO,12,79
-11663.564334299666,3.184845471026019,0.9658986466475902,804.6083898098985,-2.225666866036107,-2.574333133963904,-0.2658197273872533,0.2167964694760536,2.962428295244042e-05,0.0002292479407093,2.3365806317074687e-05,5.5518465011465206e-05,1.4773453621369663e-05,0.0680163652220285,1.834473831665577e-05,4.865288320921787e-05,0.0040028710022125,0.5098223804652946,0.131838895940811,0.0225189962066411,LCO,13,8
-19352.273314145157,2.582813895321671,0.0318713382097203,8310.380805650186,-0.5956702794668729,-4.2043297205331385,-0.6970776308309686,0.3476764188047358,2.848681701129528e-05,0.0002348524646672,2.7221715193669023e-05,4.773445147406061e-05,2.4507958346207737e-05,0.0945524637829558,4.943262529947006e-06,4.888566712255919e-05,0.0043063335544485,0.0613929918935001,0.0356637479365473,0.1358656293389839,LCO,13,47
-517918.8877552403,2.438854670170511,0.065832449834408,105115.81129622714,-0.9888106005285664,-3.811189399471445,-0.1267497311524922,0.3440717666336496,1.7684383644389056e-05,0.0001828691817273,1.884655461500508e-05,8.866409268503454e-05,2.4609118928082667e-05,0.0990759619562259,4.620196279012729e-06,4.10659727603019e-05,0.0226583107478899,0.1237631244731561,0.1643904492063376,0.515096695168014,LFP,13,25
-43925.377742026976,2.124439850689813,0.0054490053308465,84322.78108992758,-4.385898877149579,-0.4141011228504325,-0.6421042725179043,0.2149183763703634,2.993226025390922e-05,4.180455268541074e-05,7.718149743557182e-05,6.485831727953714e-05,1.5196233660334613e-05,0.0541565829410346,1.4367559716978191e-05,4.543953083221724e-05,0.0134570886605338,0.1677796213505659,0.0161276790518908,0.1039884270796389,LFP,12,100
-628768.7343792649,2.446555463903722,0.0290380987838234,223366.95292199048,-0.5242973259325652,-4.275702674067446,-0.6250604933499763,0.2064107371092229,2.454599655316555e-05,0.0001461362455824,1.4847018470968751e-05,6.516328389242426e-05,1.3893993482853312e-05,0.0795524550883163,1.598065877156982e-05,4.846149060590338e-05,0.0244959199864393,0.0812455434229867,0.0161035634286344,0.2075903997984025,LFP,13,48
-174534.9978467541,2.7230538740937837,0.0655398583847659,43348.68176668351,-1.103229826976076,-3.696770173023936,-0.5748255480629514,0.2375081212156007,2.8986707446812072e-05,0.0002216109411073,5.3505815369506176e-05,7.396220305615136e-05,2.55637039286644e-05,0.044151094694361,7.341951347515617e-06,3.914659079882015e-05,0.0224015649730238,0.0949898494809095,0.195253346325888,0.064931256130251,LCO,13,20
-133218.7920958498,2.3746679520692413,0.0143462693839226,77811.72703217888,-0.3964646061964032,-4.403535393803608,-0.5186696788030386,0.2282439317850409,2.6834247914831023e-05,0.0002329367826247,4.0100028094666336e-05,0.0001286232806409,1.2118501953560636e-05,0.0441359993792707,2.692791688554253e-06,3.90764344234986e-05,0.0173926808929008,0.0321332468838424,0.2866021082752505,0.0925949660378684,LCO,13,59
-216468.5569944012,2.3570512905991468,0.016488621587786,168462.00419459803,-0.4298184832011813,-4.37018151679883,-0.4938764858045466,0.3477336739169966,2.856350133874317e-05,0.0002490852320963,2.1496089728332825e-05,0.0001289360189684,1.540732116520225e-05,0.0576367305113735,4.91360521798e-06,3.901978595292368e-05,0.01926788430583,0.0562162821362333,0.2958115215852703,0.0840957104739497,LCO,13,81
-18463.03330891988,2.524541946735253,0.0093294095950553,10159.1012709708,-0.5496397365324981,-4.250360263467513,-0.1192282442713658,0.2253233573778789,2.831077896623314e-05,0.0001753107375769,1.6190648695505897e-05,6.317918140818878e-05,1.4053445990638386e-05,0.0764453621497097,2.2904958390581227e-06,3.974700560394648e-05,0.0041713492786973,0.1004683323555697,0.1861089869764531,0.5241944363966113,LFP,13,95
-69541.01823123262,2.3290294816397394,0.0149735295109092,48607.11436677818,-0.4031556649050003,-4.396844335095011,-0.4227929155426951,0.2073683836527873,2.704988302065701e-05,0.0001924443908768,8.107343584209915e-05,0.0001364191267292,2.5900255498460848e-05,0.0440644660910114,1.7637829607055577e-06,4.702416948370839e-05,0.0141300959972832,0.0925366883024746,0.2868864811846002,0.1277839149702299,LFP,13,59
-60233.63660420531,2.595128245821753,0.0199597598657863,39591.35821297354,-4.23995071147364,-0.5600492885263719,-0.5796738992759749,0.2051346075928727,2.9718555012050864e-05,0.0001664696878592,9.503624105165744e-05,4.310490744755721e-05,1.5139103743995155e-05,0.0468019577641038,7.1954726864160806e-06,2.7512223392526716e-05,0.012719488262928,0.0162137407625379,0.2556588393670529,0.0784535205944342,LCO,12,58
-120722.95787552236,2.0832242547213413,0.0087557547896092,85492.83358690828,-4.238399070966899,-0.5616009290331121,-0.6334497819702436,0.2040985095464554,1.823947182722321e-05,4.177219150594229e-05,1.075513988170323e-05,6.422403247480088e-05,1.4242400373906577e-05,0.0830580290322736,1.991828552793995e-05,4.839624449738566e-05,0.0144179701325346,0.1928983464980889,0.0114268636719143,0.0922250078597531,LCO,12,58
-19280.39230396818,2.183442840424393,0.0064978947617686,16103.354829626747,-4.204887617044378,-0.5951123829556337,-0.636446374684944,0.2249699822942236,2.007812855918937e-05,4.200103841519788e-05,7.163814849606539e-05,4.5422101259229205e-05,1.9124546103294464e-05,0.0519263516111464,1.812186713707937e-05,3.032202696252437e-05,0.0074812249184596,0.1709058222746879,0.0888661710272129,0.033781632013155,LFP,12,64
-292445.87147535325,2.5045743357380474,0.0089128871290844,265081.23834712507,-0.5519817571546355,-4.248018242845376,-0.4568583217561323,0.2034373960975883,1.2098818803448368e-05,0.0002167538914895,3.9709228184783455e-05,9.8123173731406e-05,2.5331320957731677e-05,0.0764462114105858,6.57688735431424e-06,2.403114729623072e-05,0.0191278468722662,0.1275464615492665,0.145752633672248,0.1998425830223531,LFP,13,98
-14980.653210996834,2.3808214734006423,0.0121837214719523,10063.44991702396,-4.185539988111941,-0.6144600118880703,-0.7685622831448207,0.2216709859393436,2.974095620340309e-05,0.0001138911100729,2.1157128504991117e-05,4.260837172744804e-05,1.242858315272076e-05,0.0458411072943722,1.689613564559698e-05,3.0639270123043626e-05,0.0060777827773759,0.1200765864762014,0.01843838317443,0.0229227472045478,LFP,12,66
-260733.76633212625,2.5536584324737417,0.0189979013285598,98213.97127784582,-0.520464943052616,-4.279535056947395,-0.5183277597526381,0.2118204698712446,2.381021175272901e-05,0.0002062903388497,1.570729843392208e-05,5.58576178485134e-05,1.66425610352295e-05,0.085728782664296,8.539322823059525e-07,4.12032628383428e-05,0.0157143195396697,0.1122840145603349,0.0910559708376923,0.2083322548493346,LCO,13,48
-24383.0046194838,2.5141712668997025,0.0114119871573463,14860.216140735483,-4.174824090978454,-0.6251759090215572,-0.6790655175856473,0.2300970082182428,2.386668069861737e-05,0.0002063069377926,8.930297220430662e-05,5.233777956228084e-05,2.2205286721701623e-05,0.0446358154381288,7.112945475151579e-07,4.606369157911087e-05,0.0070125875292597,0.1156643001110443,0.0876904491912994,0.047579733112009,LCO,12,71
-21410.96409495866,2.4331012256370754,0.0107282186292162,13134.486883992198,-0.3727387527436434,-4.427261247256368,-0.361983708412811,0.2354698398134586,2.64712571658844e-05,0.0001512775553866,3.825374658258476e-05,6.523065641092904e-05,1.490344744948412e-05,0.0459767479854323,1.6595034357237995e-05,4.959505106867744e-05,0.0063738637807767,0.0326006734885294,0.0511307921017112,0.4842848259969484,LFP,13,79
-44192.02770437898,2.337192011639745,0.0094498130137062,43152.11076100755,-0.4264203419158576,-4.373579658084154,-0.4872592535606527,0.2095129500408558,2.4989418995385656e-05,0.0002388704937647,3.987394181296016e-05,0.0001358933541611,1.813260349068851e-05,0.0934811678877249,1.818558368754238e-05,4.996348529716234e-05,0.0075193508958606,0.0129112014497147,0.4110709696465047,0.0187585753431278,LCO,13,84
-24862.566138360973,2.3384917479926752,0.0115141608202491,14734.236760593229,-4.232183015502542,-0.567816984497469,-0.1704257558089114,0.2552702162796444,2.9716718260195852e-05,9.75293775650343e-05,2.05186335472929e-05,7.645627767257474e-05,2.791168178175297e-05,0.0509943583086844,1.8842977934251733e-05,2.219061607033873e-05,0.0072349679976582,0.1372081735070348,0.5181095956639261,0.1042564750201276,LFP,12,78
-152512.3875938062,2.103541819383161,0.0192580663385856,86443.80768423202,-4.22194071520839,-0.578059284791621,-0.6754751606798897,0.2026697489731129,1.8232631156231304e-05,4.13667303594391e-05,1.181551115943096e-05,7.35736743297803e-05,2.9715836481292817e-05,0.0862505423426951,2.7981330482789127e-06,4.771449788670487e-05,0.0143625643397882,0.0266238291555862,0.1067123896370849,0.1211886205274392,LCO,12,59
-109246.64556969028,2.2063864108067035,0.0051175057239666,72872.39921232562,-4.199018207049591,-0.6009817929504209,-0.0804596339614057,0.2036949024629039,1.844010799192531e-05,4.1791978815686e-05,6.743295353315322e-05,4.407353727979583e-05,1.630339915083059e-05,0.0785725403212672,3.5526808148976e-06,4.88195606326237e-05,0.0141447381859126,0.0892799715484163,0.2164512246654281,0.5438091698247498,LFP,12,65
-154781.62832969506,2.3748564446797005,0.0364726834593235,103988.15948958795,-4.384805089827218,-0.4151949101727936,-0.5410599263329827,0.3965996296593101,2.6646066574976552e-05,0.0002490970596859,8.196388887342461e-05,0.0001290923161389,1.4748109203557348e-05,0.0567469472861356,4.892466800246526e-06,4.65814062092865e-05,0.0193378249924919,0.0115868885372273,0.2954410215550168,0.0819121635747731,LCO,12,53
-678261.814794728,2.52012692821256,0.0265205429977426,175262.6397293344,-4.443099068297187,-0.3569009317028246,-0.7399787908822446,0.200803999898456,1.5774961059102473e-05,0.0001143767396321,1.8857102689814252e-05,4.341722718967228e-05,1.7081719461494573e-05,0.0852135433452762,1.4538875272104192e-05,1.248663898280787e-05,0.0235047145117499,0.0267891034892606,0.0503949661717128,0.1128371394567819,LFP,12,40
-400106.1347570624,2.470754983373973,0.0100360653949347,395712.3978159531,-0.5783463266111184,-4.221653673388893,-0.0210545195151119,0.2392558666268665,1.5699934618687594e-05,0.0002252273654437,6.923514623669591e-05,9.518962794620836e-05,2.50236721638426e-05,0.0957675077543617,2.680884158865017e-06,4.566350490298306e-05,0.0225223053750824,0.0494432756123922,0.5489296645622623,0.3105725403102335,LCO,13,100
-343504.4573564942,2.224833809119342,0.0119047548705749,205393.90445696696,-0.3502879714287559,-4.449712028571256,-0.309743279450127,0.2130229006653169,1.3717584944499656e-05,9.41294183694259e-05,1.0754042295087457e-05,4.5033301681169006e-05,1.3587306424792657e-05,0.0761210768906288,1.6863168283311088e-05,4.970232251677492e-05,0.0200371378896817,0.075860760600613,0.1374828416562928,0.4069131182929671,LCO,13,77
-350114.6017840876,2.400178683726045,0.0310286252285244,135836.80801413197,-0.4722692969062052,-4.327730703093806,-0.4466228181128607,0.4350142557589875,2.888115713878178e-05,0.0001396058306349,1.034828720613427e-05,6.80777745884132e-05,1.5885185712681403e-05,0.0639464093670371,1.696014112681763e-05,4.464021170658388e-05,0.0199070805606158,0.0131722525442257,0.1636597723944092,0.3065451569485043,LCO,13,60
-236064.05940589248,2.17434224137083,0.027997077128544,188619.6503186801,-0.4315932389730506,-4.368406761026961,-0.3526686639738999,0.4403454847007804,2.9150694823122222e-05,6.879974624566047e-05,1.5452463803051534e-05,7.685645721067465e-05,1.6725099479990258e-05,0.0574186151595628,1.8265169979384767e-05,3.4994934670988275e-05,0.0246094546498467,0.0186301586923694,0.4329916152008949,0.1257095621328357,LCO,13,66
-19387.71462970077,2.3842464350532406,0.009123550015948,19698.95515713999,-0.566397673209643,-4.233602326790368,-0.4695156642778091,0.21036874235778,1.5556227494659458e-05,0.0002409597342358,2.781458137393549e-05,0.0001092536701251,1.6310408250716807e-05,0.098296189846651,1.2807324314431574e-06,4.3601757775046825e-05,0.0045186288543931,0.0174704456588582,0.4017439029509295,0.0412699871124031,LCO,13,100
-105985.25999381595,2.188824947526109,0.0187829948353903,37389.34037909366,-0.6815824274094808,-4.1184175725905305,-0.5803118125380371,0.2459316664740899,2.5358828019052707e-05,5.858637062407029e-05,1.8656295628058172e-05,4.722681796110563e-05,1.4847697254082656e-05,0.0585893984347392,3.239602831683566e-06,4.980273758079671e-05,0.0140556717076381,0.0711034197183789,0.0819982220115112,0.1965865457320727,LFP,13,37
-170531.6355821477,2.148324058992928,0.0570313934777881,48026.84576162467,-0.743497724715084,-4.056502275284927,-0.5805275742021577,0.2644516632013282,2.8586583177949982e-05,5.463582884184015e-05,2.6118485019767577e-05,4.925116300182334e-05,1.369789841744235e-05,0.0585089601941868,7.169655734081358e-06,3.797329842034319e-05,0.0169147339145008,0.0168923745090108,0.1350639793063897,0.1975160719824417,LFP,13,33
-42872.09576544846,2.4316638140897826,0.012133071956744,37155.89548378559,-4.314848325097564,-0.4851516749024469,-0.5926653084526656,0.2770958172617934,1.247696952475144e-05,0.0001566738576555,9.4879333913971e-05,8.181463737553304e-05,2.4917977398458205e-05,0.0403685517068492,1.0990170014570008e-05,3.096868519687108e-05,0.0106105690695186,0.1058405501200831,0.0259138188823241,0.2055803225449271,LCO,12,87
-48933.74437389824,2.342155929323541,0.0270980168239977,17295.644217369776,-0.5588561124622728,-4.2411438875377385,-0.0508739143073374,0.2419527642507697,2.3875943610617795e-05,0.0001029092387844,6.068350325901395e-05,6.666933718845128e-05,1.419932442221795e-05,0.098781136890925,1.5278490596795876e-05,4.741344928081044e-05,0.0068022343952322,0.0162899336941931,0.5361337863730867,0.3267023656253827,LCO,13,48
-332710.6869947782,2.094845022421309,0.1851318605832118,71958.44677119245,-1.408975251093544,-3.3910247489064678,-0.4655444500170692,0.9414882368303288,2.9759910857523847e-05,4.246055301028628e-05,1.0455003353881794e-05,6.914180432044337e-05,1.5824625312517454e-05,0.0901235470720167,1.763824119797172e-05,3.998913835239532e-05,0.0202497702284401,0.0625889491085247,0.3799426424884226,0.0219239583859834,LFP,13,24
-16125.531411346445,2.2261030421931256,0.0098699257745537,11976.56901818591,-0.4256739271935146,-4.374326072806497,-0.3593078355330775,0.2452118975450417,1.8114465529899744e-05,0.0001090799827488,1.3785034124575428e-05,9.313022358082624e-05,1.309361902983984e-05,0.0907302594598856,1.544664575249948e-05,4.184385283952086e-05,0.0042004927125711,0.0131259529868619,0.3906456330146508,0.1669205784654097,LCO,13,83
-11258.769296322964,2.558256398862432,0.0192758859945877,3116.741206826968,-0.536313768973514,-4.263686231026497,-0.2695035025215617,0.210373040277079,2.4819400507707183e-05,0.0002486953723822,1.141156069983896e-05,5.923026685267478e-05,1.653626642592419e-05,0.0404493996023083,1.282841531520094e-06,4.004486603183912e-05,0.0041713779178509,0.2379595875132016,0.3772710796945909,0.0452658302706456,LCO,13,49
-102304.91023073516,2.0897073318536266,0.012318707473719,105260.1177740138,-0.3572687215866992,-4.442731278413312,-0.053354687429887,0.2468089551749433,1.7289532811862417e-05,4.242772520015984e-05,7.241909612663177e-05,8.410895170534806e-05,1.7882120264425876e-05,0.0551425598367749,7.867018052959001e-07,4.031869406561427e-05,0.0180432222500214,0.0184129109606773,0.408832748736079,0.4493996528733565,LFP,13,74
-28524.75040993747,2.5138884695194945,0.0113565249893742,25234.240309652287,-0.5544718080967002,-4.245528191903311,-0.4453562656307763,0.2660408558166297,1.4591032589181668e-05,0.0002028393208646,1.160952466898102e-05,5.958233670209648e-05,1.6998551765793634e-05,0.0937038927244264,5.470255374085111e-06,3.2049951408967753e-05,0.005455044822105,0.0214655666833389,0.0245467576543243,0.4386314100315605,LFP,13,95
-19191.118941398687,2.3604165352597497,0.009123550015948,19277.95445326724,-0.5668957356659945,-4.233104264334017,-0.4603763885643487,0.2103183136463374,1.3402268645296948e-05,0.0002413373907772,1.1197449484904254e-05,0.0001314448756594,1.6310969905802813e-05,0.098299591894923,1.275580775266594e-06,4.686609254018227e-05,0.0044861319855888,0.0382950868289982,0.4020681687516673,0.0292603558549856,LCO,13,99
-24639.47470211532,2.155350915653667,0.0158354334848575,26115.597297212527,-0.5920355722785402,-4.207964427721471,-0.1773652513507606,0.4006182196372422,2.743682797076973e-05,9.037357598720782e-05,1.3129601866994566e-05,0.0001472556417098,1.873878499909299e-05,0.0796532479554797,1.538401055554682e-05,4.74065785668549e-05,0.0065058181088284,0.0675960334584928,0.5398678803134607,0.1451708348772858,LFP,13,95
-201599.18414434357,2.1740957780457424,0.0136423930042814,206373.8244936276,-4.247930483886492,-0.5520695161135194,-0.6826717083270459,0.2864044758986749,2.368124023180565e-05,0.0001044345720358,1.1786412835135505e-05,9.310296766025312e-05,2.06879293374376e-05,0.0930481341833512,9.17915563235288e-07,4.947694605234046e-05,0.0174340647932668,0.0606587178533715,0.0320607120663545,0.154608861753228,LCO,12,81
-163845.5918327844,2.3832429039120218,0.0114988573466166,99522.38858195468,-0.3276769926384588,-4.4723230073615525,-0.5324871977642824,0.2004200039641531,2.98503039478897e-05,0.0002456398108141,4.056281999249335e-05,0.0001140271011535,1.2127463067252831e-05,0.0425800456888766,1.813310605142775e-05,4.290485371076214e-05,0.0189633106616031,0.0134095702048977,0.291509891892614,0.0925933401382058,LCO,13,66
-9747.594613251857,2.282043036716259,0.0107527790092626,3598.81889739834,-0.3448556717440638,-4.455144328255948,-0.0954786899628078,0.2080482373007624,2.3135883240387778e-05,0.000102072545463,1.106716018723002e-05,5.923510834432438e-05,1.7475028594330613e-05,0.0404463829938832,1.7442989622877725e-05,4.372470057340808e-05,0.0040860337937986,0.2412388598491966,0.4849419669368564,0.1083404832511392,LCO,13,68
-481108.32828944456,2.1970743049833565,0.0104436685051294,296665.2295148908,-0.3475324194371296,-4.452467580562882,-0.2319653809833125,0.202406701407257,2.2366739235711363e-05,0.0001122760143929,1.2668407437467204e-05,9.420215898505322e-05,1.305732733412497e-05,0.0762450578230851,1.5816868461809712e-05,4.973120999425365e-05,0.0243399490562662,0.0508645335208042,0.1321025564656349,0.5150675290302483,LCO,13,77
-140899.99774471723,2.621895518636032,0.0621074007324352,23536.637877668447,-1.109082175823886,-3.690917824176125,-0.276259581530216,0.2468180063519188,2.539909889622045e-05,0.0001711881693255,3.550589334439892e-05,5.8344246622976594e-05,1.3405528687700157e-05,0.0737524710935705,7.568747547480454e-06,4.997305088310061e-05,0.0135558583742699,0.013714304333217,0.0860642551201401,0.5539618590164268,LFP,13,20
-29895.142376895597,2.537269683750484,0.016237308217221,13224.160036258969,-0.3889565282706613,-4.41104347172935,-0.3629452212746145,0.2579353918247384,2.226970774313353e-05,0.000245201723638,1.8226428615659445e-05,5.312520451576005e-05,1.2216741361213277e-05,0.069457966094425,3.163215286925105e-06,4.3887253057072254e-05,0.0057325106176541,0.0142966793913557,0.4606397775895916,0.0921183217444382,LFP,13,63
-187362.940424394,2.662578691276015,0.0328715214734414,48106.64296437371,-4.484977832509756,-0.3150221674902553,-0.3093980061122349,0.2153000041537737,2.5447760094963308e-05,0.0002346193771475,3.4835742547650105e-05,4.331068460295952e-05,1.7014022546726476e-05,0.0651506406706924,1.69717353689411e-05,3.4733899413062366e-05,0.0158207519394176,0.0188884975512892,0.0491578207207333,0.5525556756157426,LCO,12,36
-49753.77516339893,2.1489145017476203,0.0134635484520859,49441.232668532844,-0.3670518400733726,-4.432948159926639,-0.2988498401644429,0.2592693829382471,1.3018041680462636e-05,5.55551273640492e-05,1.0124451044329454e-05,4.041232313612873e-05,1.358881561801813e-05,0.0875732825966628,1.7111433969223715e-05,4.6605695715605546e-05,0.0093943615710314,0.0494533981107574,0.1378164455248944,0.4438803161999053,LFP,13,77
-29074.740957934187,2.1441330745864744,0.0231365941578313,13274.819004596397,-0.6364974018384473,-4.163502598161564,-0.7258803685165632,0.2093469151473478,2.312690151778826e-05,4.06385606415925e-05,2.178410269536144e-05,4.716579844938072e-05,1.748992355410337e-05,0.0624760659557284,1.7820697923727775e-05,4.083602712427696e-05,0.0080007309534101,0.0292536078121871,0.0698146511332362,0.1050513725380133,LCO,13,37
-12548.133263167383,2.212051501897588,0.0172091439608495,8768.046794060401,-0.3503912643405158,-4.449608735659496,-0.0005000681339485,0.2421997808595036,2.060521362904337e-05,7.657722951001236e-05,3.350673323460498e-05,5.37000937374516e-05,1.2858260019395236e-05,0.0776101783205589,1.868194021846697e-05,4.240440899366108e-05,0.0045621643254717,0.2271914910417781,0.3830587121813098,0.3192497286429634,LCO,13,71
-173082.15216353087,2.276312770937168,0.0121479964316167,71666.13538124747,-4.169661945790111,-0.6303380542099006,-0.3427333078346544,0.2151117040022175,2.430651803698435e-05,9.530666984483372e-05,1.0338727871212631e-05,4.8011694243808286e-05,1.7073275291008987e-05,0.0651544686423137,1.6977119910206486e-05,4.856574081147573e-05,0.0142119320994597,0.0131509557035729,0.0209478977810823,0.5531678386806904,LCO,12,71
-26313.713481036863,2.482418047158269,0.0107698129331435,17194.93830621125,-0.3430960207497264,-4.456903979250285,-0.1512763503589819,0.2120417246463671,2.225852252032509e-05,0.0002435494627192,1.1269276168102904e-05,5.949540355325003e-05,1.8523541071644244e-05,0.0696823476350327,1.275698446972176e-06,4.56819625792455e-05,0.0064405817696111,0.2389505997179091,0.4965646814864692,0.0432083684366397,LCO,13,69
-76309.23437214126,2.15302010857243,0.0161557134495012,67364.98955886718,-0.3904295961130231,-4.409570403886988,-0.0597013674898605,0.2043193265020566,2.0810973690859625e-05,7.918827044128692e-05,2.526052794180048e-05,7.52169583586007e-05,1.649829595588766e-05,0.0439511216649227,7.055121193530322e-07,4.887400816732555e-05,0.0177934976344304,0.4824389380085441,0.3776029254126807,0.0102567690889147,LFP,13,63
-18488.33462944328,2.3512995389076137,0.009123550015948,19179.86174098676,-0.5671187508624627,-4.232881249137549,-0.4819697314923716,0.2103181839350198,1.6514098737192154e-05,0.0002414985125902,1.05704132077287e-05,0.0001412826647067,1.6310978604090352e-05,0.0982960991711455,1.2733500716817224e-06,4.689254960594216e-05,0.0044731961209007,0.0171885976481371,0.401600435317808,0.0292412355416832,LCO,13,99
-85234.78935137276,2.4565753105134878,0.008441387635181,123722.37378262548,-0.3460392421305585,-4.453960757869453,-0.4919858058013266,0.2382189375058114,2.669870587452115e-05,0.0002394923923809,1.1840254251844762e-05,0.0001437779660591,2.869589058537061e-05,0.046131662392929,1.8492645411971116e-05,2.492793719703062e-06,0.0194936598379486,0.3106964289201365,0.1172466593592819,0.010071105919255,LFP,13,74
-289984.14033525845,2.253324607058466,0.0171684191725906,199276.9378316474,-0.3618594723814183,-4.438140527618593,-0.4528748112531647,0.2785788845218094,2.4165627961979237e-05,9.56893056122318e-05,1.547604644413763e-05,7.769301787072029e-05,1.722103223825259e-05,0.0572506532505306,1.6366701215759088e-05,4.85874256485884e-05,0.0246709796507286,0.013139808995475,0.0161994605570219,0.4477859191943383,LCO,13,64
-223590.5641267089,2.6102252729548976,0.0176052754165204,97942.62038654056,-4.312041700744672,-0.4879582992553395,-0.0509923274565212,0.2080977868573219,2.4812433552172664e-05,0.0002282514340937,3.505486625450626e-05,4.325751284498514e-05,1.7022597694043734e-05,0.0512643617638802,1.7041692597671992e-05,4.005087300497748e-05,0.021236979570695,0.3393242919837427,0.4995701851705644,0.0401131953891716,LCO,12,55
-13918.518163732177,2.128634138569189,0.0196742729785836,4971.6455909906645,-0.6418744823996576,-4.158125517600354,-0.5492112772732987,0.2066857253744966,2.215195974962358e-05,4.046707503445363e-05,1.720124142341198e-05,4.7255587236330446e-05,1.8713854229557924e-05,0.0585806658638455,3.2385165240080763e-06,4.039411714805672e-05,0.0052176662208667,0.0722019458112289,0.0690780056350126,0.2395087712804599,LCO,13,37
-27111.29712708618,2.179618611153795,0.0120472079485992,24965.45037679526,-0.5518586025570329,-4.2481413974429785,-0.4212524351621732,0.2787687329046252,2.729436867118278e-05,8.824992546028263e-05,2.832933146740307e-05,9.124282570085896e-05,1.515750775077274e-05,0.0709747313676532,5.833296270126076e-06,4.748940555510012e-05,0.0065308020199905,0.0173583413086742,0.3434578516962343,0.1479313718329182,LCO,13,93
-14364.687874765585,2.276319493396705,0.0119269285622104,11856.806916404552,-0.563238525397793,-4.236761474602218,-0.2752250411403344,0.2458543560236873,2.982729038738224e-05,8.454864340380005e-05,1.1416572403878294e-05,4.151161348780539e-05,1.4767754389196147e-05,0.0425810609225075,2.2670182358583263e-06,3.202508738173963e-05,0.00607144788817,0.0217963411241267,0.0840133364555854,0.5489652812799535,LFP,13,97
-8207.909546301082,2.1624994114068,0.0121813268602459,5030.253536933257,-0.3391700412425322,-4.460829958757479,-0.0916794756102916,0.210225015161516,2.5881966767412776e-05,4.018871537310875e-05,7.248208468394108e-05,5.757364558636871e-05,1.7280715346244253e-05,0.055494224565609,1.8118100297553332e-05,4.530749653733799e-05,0.004001074815686,0.0114702934723388,0.3728222701344145,0.454027960782955,LCO,13,74
-13691.08248205576,2.267019730652205,0.0092531506378619,13029.563565576864,-0.5693382575195969,-4.230661742480415,-0.437620680274259,0.2218934267532776,1.6485009138108095e-05,0.0001880175574031,3.6281305864122685e-05,0.0001348825527564,1.5145783595246092e-05,0.0702719304605701,1.2160245467310413e-06,4.689183444755912e-05,0.0044229246508401,0.017437293213733,0.4290967893714821,0.0458452371405258,LCO,13,98
-109781.21974456204,2.2166112394727837,0.0254466269778231,51075.438295166445,-0.5730115646943688,-4.226988435305643,-0.0554472670963922,0.2700786023702741,2.383965372586421e-05,9.23796592958304e-05,6.0678565457975376e-05,0.000108197939059,1.4302710067317556e-05,0.0985576416821067,2.722602367569672e-06,4.714181054850047e-05,0.0116170639606569,0.0124890470953991,0.5296018530697002,0.3324618327385085,LCO,13,48
-528690.167102633,2.2747185200643094,0.0165965231921337,78141.16914955266,-4.738484682883247,-0.0615153171167648,-0.4721118499719563,0.2284045523594469,1.7970993044151066e-05,0.0001044533169704,1.0870944754364488e-05,4.994050002981635e-05,1.4471661089900303e-05,0.0761395789683242,2.4248827640732125e-06,4.191660120015057e-05,0.0225532982689798,0.0474913917171861,0.0640102171660067,0.3463865411448508,LFP,12,24
-30653.483999397075,2.6101756302851995,0.0194879788959129,15445.070383121943,-4.269356807566993,-0.5306431924330184,-0.4422821257606016,0.2003262833965426,2.7775259413269045e-05,0.000249353279834,4.0697936179431e-05,8.633769421880837e-05,2.711747000209135e-05,0.0828185965911813,1.1074685910295766e-06,2.101841861868744e-05,0.0061709763797758,0.0309540144854656,0.4250951631228586,0.0316686966310741,LFP,12,57
-10439.29055552238,2.762269576956238,0.0672278226221656,3057.009904010673,-1.1406199851974392,-3.659380014802572,-0.417030123790111,0.2355145608359595,2.1815455106422197e-05,0.0002286224247328,1.963245890641976e-05,6.914172270884895e-05,2.70748752862636e-05,0.0480854766670795,4.921785512020072e-06,3.6665970284228765e-05,0.005874252312903,0.2639199080201501,0.22757515074246,0.0214748174472788,LFP,13,20
-100593.55101329857,2.17593251612388,0.0064923804993829,86439.81019515653,-4.215007314429947,-0.5849926855700645,-0.5235656406403387,0.2348395862907585,2.084688930092237e-05,4.20913849952629e-05,7.138814699058884e-05,4.48927743410748e-05,1.912337839566304e-05,0.0785659817426911,3.555682938366631e-06,4.881133908131469e-05,0.0143785257302247,0.1771118456791923,0.2186174214741947,0.0107050922062741,LFP,12,64
-316388.80740343395,2.504973409573214,0.0089383940552063,338021.6038960849,-0.549093445198622,-4.250906554801389,-0.7925652181392824,0.2053597738407901,2.5446794323460627e-05,0.0001534632027413,5.269733622228089e-05,4.010207589766994e-05,2.893101022903202e-05,0.0950209670786105,3.0376187763590063e-06,3.7476591009344944e-05,0.0188223357768757,0.0386895052196222,0.0211385568891727,0.0776067197519227,LFP,13,100
-425171.5925525484,2.5652559245611526,0.008384826585659,623113.6691692852,-0.5573963401724455,-4.242603659827566,-0.6785576306889263,0.206648193473741,1.594204330065668e-05,0.0001593803539248,9.24077232520896e-05,0.0001476324692847,1.4252200457465846e-05,0.0999736316161384,1.8505765990559583e-05,9.264066003069356e-06,0.0245553845100283,0.0150951159920137,0.0692677322738684,0.1670795210451917,LCO,13,97
-7495.836160701411,2.125745681922002,0.0283062570693248,3623.016101481432,-0.681005534471339,-4.118994465528672,-0.4545527867597417,0.2230858439711631,2.604921904717912e-05,4.3608875293139895e-05,1.9629340874603e-05,6.707393707185887e-05,2.7072740978723225e-05,0.0517618433650701,5.396938557780579e-06,4.745805516674532e-05,0.0047783423932804,0.1721365556682927,0.2912409114402267,0.0120697461317387,LFP,13,38
-31950.737503843186,2.1211562452226493,0.0310037649736409,10669.699609592048,-0.7435402206394741,-4.056459779360537,-0.4302057064097649,0.3566327056929376,2.844626307782021e-05,4.3611298685304544e-05,2.4044308739140186e-05,4.886143699229256e-05,2.651142647210456e-05,0.083316611140098,2.036943851366401e-07,4.695718700091363e-05,0.0065687545377103,0.1676172390456757,0.2922927388710186,0.0398843156735407,LCO,13,38
-11105.8199902023,2.248565708860196,0.1249593231258606,2080.339799209157,-1.8437472938234905,-2.956252706176521,-0.2671525978700856,0.2425775255633099,2.8530931146538543e-05,4.355212471060864e-05,2.9698678094431733e-05,4.3106679625812025e-05,2.779353266204437e-05,0.0829824515627769,5.80799931873542e-06,4.608873173694594e-05,0.0055603709078305,0.2185912729557357,0.2905761818201489,0.1536799473540297,LCO,13,11
-52424.93007215516,2.295986264075407,0.8327809908987167,2493.435767502868,-2.1674122748633025,-2.632587725136709,-0.3709666004660651,0.2013232974213294,2.952784557832612e-05,6.810681390064134e-05,4.8292497686929975e-05,0.0001380492256987,2.3627710388182496e-05,0.0429526214424433,5.8651640440204006e-06,4.944405400231317e-05,0.0091102835652983,0.0515299718247,0.179905358482432,0.3275980692268029,LFP,13,8
-106465.00848158971,2.214255046184909,0.0159114706057941,77593.50035534111,-0.3971455592285409,-4.402854440771471,-0.7070834962749248,0.2249142807924664,2.0752042134619477e-05,6.446299691652965e-05,3.683583206560624e-05,5.272350538631989e-05,2.9696472367516835e-05,0.0975954073417557,2.459846503259941e-06,3.7926947752138965e-05,0.0120914523682793,0.1289709938092362,0.0196805110011161,0.0742649989147227,LFP,13,59
-25162.440187144417,2.390987613696845,0.3878999375367621,711.7038656976821,-2.333719282763944,-2.4662807172360672,-0.1885351799590195,0.2106943858353355,2.572190188112416e-05,6.806737802819666e-05,2.6308620248791888e-05,4.9246164893260784e-05,1.488604809523164e-05,0.0693859732806221,4.085770660718883e-06,4.843429289516632e-05,0.0043114894548636,0.2474808936677511,0.1802856406964406,0.3136982856767886,LCO,13,7
-22236.183931851407,2.151712880753152,0.0187190642214923,8041.078337359292,-0.6620120471796227,-4.137987952820389,-0.4177507445093303,0.2051644938577445,1.4275442723680244e-05,4.3716183156684026e-05,1.9842669489755928e-05,4.41259428386804e-05,2.64285141777462e-05,0.0459409412386851,5.408071282681881e-06,4.898735135035589e-05,0.0074961252041799,0.1458316018708819,0.1889065459439322,0.1775111076758554,LFP,13,38
-147139.7540335277,2.27355067661548,0.0139220901981377,126217.05549833404,-0.5723604743070112,-4.227639525693,-0.4442685606697236,0.2954351493157947,2.2900839937812303e-05,9.550552706568938e-05,2.3996431329227908e-05,4.87633941018112e-05,2.654281374165969e-05,0.088110226188736,3.688679867866409e-06,3.752320116235774e-05,0.0130900761436699,0.2203077561544832,0.2342738656873503,0.0311498174884428,LCO,13,96
-9987.683142492086,2.2686516582558416,0.1804855023767606,1261.0682942670906,-1.8360045719575735,-2.9639954280424377,-0.2496059083501631,0.2431698190056548,2.8606299780373218e-05,4.345145783292494e-05,3.605957422598088e-05,8.213654580246118e-05,2.138127365249911e-05,0.0832488500829644,5.795927250446785e-06,4.929983262275074e-05,0.0041663667016767,0.2317554603154465,0.1333277178666961,0.3153109134676942,LCO,13,11
-234640.39120565695,2.4909983335016808,0.0186769891905966,173369.25933028385,-0.3826856827401386,-4.417314317259873,-0.3161324430859532,0.3259382099299288,1.984008338593132e-05,0.0002243280840226,9.445143017770976e-05,7.363437679703585e-05,2.2896306404369144e-05,0.0803567361567635,6.455933515890914e-06,4.872320055850278e-05,0.0179804807022877,0.0101608754339732,0.5724092054448884,0.0312974760351852,LFP,13,73
-25057.844423900067,2.575051341190367,0.0126317290536594,17591.81582418512,-4.225268132719819,-0.5747318672801924,-0.3997150751407603,0.2568206562073224,2.9774152612050066e-05,0.0001880074635998,4.8412679054147815e-05,0.000112785501605,2.791933546069261e-05,0.0820413132356065,1.885046663128705e-05,1.338854212509374e-05,0.0057341570125384,0.0517052029507698,0.3785223083872437,0.1000574135212261,LFP,12,78
-140515.44794318118,2.131040535489263,0.0086916010544664,140081.08434205985,-0.455982913803183,-4.344017086196828,-0.5925620262966479,0.210935492850929,2.8628667285010692e-05,7.139681846690337e-05,2.6065682706700385e-05,0.0001457160230227,2.3458112616939948e-05,0.0900847968281669,5.8791216576145456e-06,3.79326347170852e-05,0.013794803820365,0.1281445815459009,0.1592529336064232,0.050040458551028,LFP,13,87
-115121.42341207727,2.3004049240979394,0.0086548831715305,98487.7650531088,-0.5032172422112495,-4.296782757788762,-0.6481461967279976,0.2105995356136788,2.54649486236614e-05,0.0001310443604142,3.121480378340485e-05,8.643621172804547e-05,2.594614719615504e-05,0.0411704613510645,2.171495448976002e-06,4.844337769965225e-05,0.0165045323722602,0.0196469584909534,0.0868925422018146,0.1753143025792344,LFP,13,91
-14723.398795888024,2.1663224727298744,0.0106258419213475,10947.458860964867,-0.435062234095561,-4.36493776590445,-0.026080745056355,0.2102951201473546,2.480595206473453e-05,8.315808902769558e-05,1.735924761516269e-05,5.373327910507347e-05,1.3134547196363662e-05,0.0589870349891752,5.789095045993873e-06,4.807209720569773e-05,0.0065375582002852,0.347503269392824,0.5123213320929907,0.0440946534578302,LFP,13,59
-42017.64394592041,2.3289861174045807,0.0094107370857576,38167.04860101694,-0.3802595923765395,-4.419740407623472,-0.6216379792527951,0.2046681352127355,2.641822789789677e-05,0.0002087747367079,2.650544850043173e-05,0.0001491831421973,2.349326296204218e-05,0.0922027233536591,1.8614555450123225e-05,3.808274413271389e-05,0.0071114714083963,0.0748538801787359,0.0683344722288997,0.1651736683395692,LCO,13,81
-73468.39324701873,2.386274218650835,0.0086342892660317,53976.29659859858,-0.46100103959742,-4.338998960402591,-0.1806709740711255,0.2048539938235434,2.461806322923069e-05,0.0001846602881137,5.680308679449431e-05,0.0001004565235485,2.4948966425532817e-05,0.0408219784603545,4.7406012768178535e-06,4.930066635680101e-05,0.013422829175226,0.0886021231501567,0.1767322827977382,0.4839946199809796,LFP,13,87
-21040.046193786304,2.237749808286265,0.0126782899047183,16391.176708100844,-4.204391349942945,-0.5956086500570663,-0.1570281768014678,0.2424551287280189,2.308744219978638e-05,7.664515302310749e-05,2.157798921993046e-05,4.29606577804871e-05,1.543702126800295e-05,0.0988831401926023,1.4904726947683098e-05,4.945439718530609e-05,0.0057360126008725,0.0560265131998272,0.5992502987575774,0.1176950112411275,LFP,12,71
-64754.93423361597,2.3561583735996168,0.4165687324261578,7736.465753357304,-2.0390845952629637,-2.760915404737048,-0.705938051998294,0.4282820911510562,2.9223156135903497e-05,4.340605556030068e-05,1.204441714989839e-05,4.87225114442889e-05,2.4386312635627747e-05,0.0665512594816876,2.0208878323951078e-07,3.9169822266181465e-06,0.01182192757633,0.0724570206816113,0.0254405921694189,0.1261643351506758,LCO,13,10
-9982.789698931354,2.6396457670394247,0.0774725001467258,1172.1450986547738,-1.331419795652522,-3.4685802043474894,-0.6298250617654013,0.2789718203602294,2.9239009826034703e-05,0.0001899852691857,1.3428182862465524e-05,6.909399106724429e-05,2.745320909595745e-05,0.0438263113130678,7.701482918308078e-06,4.8900797461602e-05,0.0040491642173192,0.2657503964954177,0.0134111792713673,0.0210133624678137,LFP,13,17
-33907.66987559391,2.1350328887069274,0.0340211067172427,12081.039362227648,-0.7212549952826279,-4.078745004717383,-0.2468909493402796,0.2106906753248457,2.6177832685325213e-05,6.848257554001124e-05,2.684782501323814e-05,0.0001465307817122,1.3045480566815411e-05,0.0590294144926447,6.64137839968722e-06,3.1498677544833554e-05,0.0084889742537292,0.1884262617351221,0.1806973574059898,0.3139854315186084,LCO,13,33
-70867.86182564261,2.1078312388093314,0.012789979639773,63260.23108259487,-0.3435160145164531,-4.456483985483558,-0.4921193642314273,0.2273827978093935,2.2868661696313456e-05,5.6156099563464206e-05,2.2748090320668004e-05,4.63696408599702e-05,2.7062178655970497e-05,0.0589549718803333,1.4883542896917374e-06,4.035458685422506e-05,0.0131072172638003,0.173567822778358,0.2348325249374761,0.0294802880527385,LCO,13,75
-15767.4608180332,2.1719708419566985,0.0512184275198549,3251.7852260012914,-1.029636854642746,-3.7703631453572655,-0.3037469596804781,0.2549870962958572,2.8540187460527493e-05,7.978064961581658e-05,2.9705562818588874e-05,7.80164672357331e-05,2.1408855919021283e-05,0.0842867418348076,5.807895920984841e-06,4.463047474041301e-05,0.0045953303483227,0.1766708199133389,0.1311543873695865,0.3184278330365963,LCO,13,22
-21335.83115854857,2.20171561451029,0.0120276450601908,19894.36395350926,-0.5623606828384098,-4.237639317161602,-0.221257635330288,0.2469221508880181,2.818384344708928e-05,7.546680818595961e-05,3.392012566411264e-05,6.116608013617369e-05,2.5589163847362275e-05,0.0508735353649733,5.760088345890646e-06,3.899896207083513e-05,0.0072433142222715,0.0545314462095785,0.5305436563327443,0.1236672621273891,LFP,13,96
-64051.76172657563,3.002266375913356,0.7179862741437016,5306.682990789399,-2.227681349751613,-2.5723186502483983,-0.3724619777611653,0.2393398595425419,2.1323411751386414e-05,0.0002051796091485,1.949245585445652e-05,4.37377875816829e-05,2.7080611854382303e-05,0.0431831435954642,2.4003965160085656e-07,3.5064666758497015e-05,0.0131235996944865,0.3015585053506512,0.2382355079463918,0.0177440089417917,LFP,13,8
-20216.205255719346,2.7022134854109043,0.0906521731354717,3996.385553614828,-1.08808918015999,-3.711910819840021,-0.3461553914877714,0.2319674559555638,2.7653464295429924e-05,0.0002445240450501,1.3199508666283895e-05,7.261754459624257e-05,2.4708980310174502e-05,0.0406413106420973,4.875603770991342e-06,3.898452732011312e-05,0.0072475389580034,0.2696726739425379,0.186989701805652,0.1271822327640386,LFP,13,21
-74059.88601304854,2.117543129942832,0.0125821811923176,83302.3794143056,-0.3374871461329363,-4.462512853867075,-0.015350216501981,0.2025987259300548,2.526678476085876e-05,6.794219669372044e-05,6.327527442485465e-05,8.633421818787943e-05,2.356048475495512e-05,0.0400972567045641,5.9701031280495135e-06,4.8540892865734174e-05,0.0198739364120843,0.3629275233266277,0.1126483461996629,0.4390739139717282,LFP,13,70
-5473.036300903814,2.0307104055873046,0.0085722512488975,3456.005537469469,-0.346293625576493,-4.453706374423518,-0.0799453682098743,0.2002268893370016,1.5785102036395885e-05,4.212966833451197e-05,1.1240616994767615e-05,6.466941829698855e-05,1.885405577186734e-05,0.0415197449640414,2.424808323234514e-06,4.969066762018114e-05,0.0040074960161284,0.4583572970377336,0.3786466886159894,0.0130506461364027,LCO,13,68
-114467.7132435892,2.062090646881578,0.017224340708131,147576.40489556862,-0.4299159744111378,-4.3700840255888735,-0.2880670170964002,0.2052502857449672,2.531643299851964e-05,5.1594599929607085e-05,1.4800617556673688e-05,5.355771849074302e-05,2.901583643317373e-05,0.0955275071779285,2.5637515868799472e-06,3.734654638426966e-05,0.0188636262650157,0.3447173267774863,0.2541272119756179,0.0430884441504955,LCO,13,57
-128831.98952762212,2.20983476465961,0.0112227614932789,134109.47164843584,-0.3307455767710721,-4.469254423228939,-0.3197996538080676,0.2030484433273736,1.7449918421183358e-05,9.503555094375358e-05,7.545469130876899e-05,0.0001011572325911,1.3630920650566837e-05,0.0453379171606644,1.698306597697123e-05,3.588227394040556e-05,0.0209589031288664,0.0274844755712692,0.1332446808342619,0.4494711897864012,LFP,13,74
-20162.856382819027,2.227425765898892,0.037223729190934,4364.710716639732,-1.22167611822875,-3.578323881771261,-0.4997255172377507,0.202202526267252,1.3655913892202615e-05,4.1704668267783225e-05,5.301731910736461e-05,6.944577630881436e-05,1.7259938284091602e-05,0.0468000660267449,5.449435388423244e-06,3.490705729691318e-05,0.0074638812860604,0.2053531835880481,0.1927816458001164,0.0321396533740847,LFP,13,18
-199628.10402674045,2.0943536167536787,0.0158047990399723,134880.4023399672,-0.3895685606457775,-4.410431439354234,-0.5640373104191267,0.2040853682346465,2.067823392375823e-05,4.391391135346581e-05,2.9167490520499636e-05,5.265393379033427e-05,2.4212747721246916e-05,0.0771078395684125,2.036823162893768e-06,3.789745059221791e-05,0.0185318212466043,0.1233824692054198,0.0189803783735773,0.223599842001876,LFP,13,59
-29858.039612905857,2.218725576664227,0.0054659072996116,21749.84288295795,-0.5607512203056118,-4.2392487796944,-0.3165670241743629,0.2158421320636052,1.7269866031345358e-05,7.577905500793495e-05,2.5168078250231554e-05,5.770495782894024e-05,1.7097527574101995e-05,0.0467869489358839,5.428529034238933e-06,4.094293888625089e-05,0.0074675067079504,0.0494001139971476,0.5333216958242507,0.0307111660042388,LFP,13,98
-42564.98219879324,2.3906780885365677,0.3034294094665261,4067.117934442845,-2.035521885077756,-2.7644781149222557,-0.4652754759313666,0.2158394920253756,1.7972784348635334e-05,0.0001173149617753,1.0461012216958782e-05,5.790279261097307e-05,1.8243532290950515e-05,0.0899599081208906,6.663447235974243e-06,4.047905612543505e-05,0.0074218875066173,0.0501404961535483,0.0574428720462116,0.3571411558688734,LFP,13,9
-133211.4404444127,2.261504757592628,0.009666199578969,112012.97954473757,-4.394691584549349,-0.4053084154506621,-0.4513484544356951,0.2427998026059088,2.282272749086465e-05,9.60712058471386e-05,4.1746051137776186e-05,8.296208204897185e-05,2.889325039963596e-05,0.0809376612584919,3.642668939694878e-06,4.515715986838373e-05,0.0131682393380471,0.2202392729354221,0.2346924923385326,0.0237197802903501,LCO,12,96
-482436.9529269224,2.23490306418006,0.0405620429570386,78593.12314074308,-1.2835189072421969,-3.5164810927578145,-0.614429775420691,0.2269847926207887,2.9985372200267628e-05,5.0806207623214825e-05,1.3046957622644292e-05,4.0112809156789e-05,2.840332738580788e-05,0.0939324151603426,1.6078890292468603e-05,4.480997856231994e-05,0.0249615402908689,0.115841362387981,0.0929671722434316,0.1067616899478964,LFP,13,17
-38343.180040111416,2.533735159924139,0.0821024808220652,8962.663619863353,-1.0146184292335647,-3.785381570766447,-0.4766014586500235,0.2040900277784362,2.976317952697718e-05,0.0001814115955435,1.6821573593381516e-05,8.945515619886014e-05,2.86433124025647e-05,0.0852427588734618,1.910766147953719e-05,4.577424321291518e-05,0.0072492949979565,0.1718105691296404,0.2382336506055626,0.0433543216147735,LFP,13,22
-428047.6336115288,2.117817057418923,0.0161748971309488,217142.7598903746,-0.4693821588949802,-4.330617841105031,-0.2954797246811077,0.2151801861228391,2.576975780799381e-05,6.59186227707458e-05,1.3154575098129068e-05,8.368685480812218e-05,1.5393825887444804e-05,0.0895826285741772,6.787126919937079e-06,4.67561693859253e-05,0.0232153817862595,0.1714045105749204,0.4305125119680514,0.0326032527759204,LFP,13,55
-81818.47348744076,2.31943523332765,0.0091902077539755,67010.66356476702,-0.5693751763130237,-4.230624823686988,-0.2214947251142398,0.2247274680652534,1.3625182893601542e-05,0.0002275658146815,1.505689187263713e-05,0.000143552595284,2.7579089462210827e-05,0.0458273263749115,1.2858993727400552e-05,4.791959878707043e-05,0.0130518381637622,0.0875736142110474,0.5457335109952112,0.0751981496795016,LCO,13,97
-453224.4192081181,2.4186154364664576,0.0111886323998985,462237.84416188655,-4.412583492059795,-0.3874165079402161,-0.0781039472464416,0.2517288972640132,1.5107259149759792e-05,0.0002289218481396,9.100193838519608e-05,0.000103123284256,2.607092034775729e-05,0.0968647646111593,1.400319244151124e-05,4.8021770332059046e-05,0.0247508172625321,0.0939283556487523,0.530502218282027,0.2274654788227789,LCO,12,100
-436485.47681022633,2.5042892536642807,0.0129110895908715,231049.5371675696,-4.34559335093558,-0.4544066490644312,-0.517142201785775,0.3032829888170021,1.2102700390757964e-05,0.0002342923234178,1.0163957714477169e-05,7.378737024784791e-05,1.7582868087805997e-05,0.0952852430679904,1.6876488469767143e-05,4.982749552822872e-05,0.017254365537502,0.0458287623943827,0.3341192637935428,0.0329097720262994,LFP,12,89
-309996.60175399407,2.4895237146893114,0.009895625547996,204536.3184889203,-0.5468509114943103,-4.253149088505701,-0.2473924050074477,0.2002919459523924,1.2294179601411974e-05,0.0002163506753971,2.7447523379869087e-05,4.5455760765994266e-05,2.7985599329334717e-05,0.044988990981893,1.1857293434053448e-06,1.104185892869498e-05,0.023433162462164,0.036442997847834,0.5858712984890866,0.0602932986556315,LFP,13,95
-39896.03912127639,2.090121025713801,0.008884960004244,47518.16891139545,-0.4478469469114685,-4.352153053088543,-0.2693148928394785,0.2109472341862718,2.617360795409509e-05,4.960862817112563e-05,2.667981808092537e-05,0.0001443636184908,2.348603740614507e-05,0.0924054844008442,5.83501688380732e-06,3.681456071310457e-05,0.0084670273322081,0.1897367428795624,0.15705538523708,0.3138929790438791,LFP,13,86
-278431.99226054444,2.291651618374209,0.0085133775400466,255419.56725997708,-4.389633526773451,-0.4103664732265599,-0.2598847297916168,0.2079666843990154,2.0679108215515104e-05,0.0001241499038608,2.7304101919447035e-05,7.156874246314076e-05,1.280461785821992e-05,0.0966720479168823,1.1691091911429412e-05,4.0323819873348926e-05,0.0183975177277241,0.224927468906214,0.3351702368801018,0.1100175644220674,LFP,12,98
-196365.3246286619,2.4680447232228304,0.0189734689335461,130009.01673764466,-4.234268106184118,-0.5657318938158937,-0.1616367618132619,0.3262688235808776,2.107494976778746e-05,0.0002439697447639,7.597622996119958e-05,7.068882267651339e-05,2.308112770146185e-05,0.0707575584371574,4.609200093814424e-06,4.874886427766111e-05,0.0179733481435865,0.2294479628375034,0.5170771992519784,0.0218380760972564,LFP,12,72
-278688.81085306883,2.6579630555271256,0.0164751442848683,192913.0768317844,-4.315997556504328,-0.4840024434956831,-0.2678886493117107,0.3272465813524426,1.6010219370794246e-05,0.0002319857976308,6.524288578022327e-05,4.532809078561633e-05,2.921653026905209e-05,0.0717210951699607,1.0036504288521106e-05,4.877877339295989e-05,0.0195386203363957,0.1319053092872854,0.5161442450764395,0.0140617963245643,LCO,12,85
-427173.8048591445,2.5382211309924205,0.012719027513235,227858.20702505336,-4.411629532898459,-0.3883704671015522,-0.2114528450702972,0.3038660039189536,1.3325247344710986e-05,0.0002343509625188,1.0833295911555126e-05,6.193457858298463e-05,2.604944335372984e-05,0.0968648918985519,1.8244916404277813e-05,4.9466395006018695e-05,0.0171910544049103,0.1167488663935676,0.5764949247757557,0.0253033637603794,LFP,12,100
-151037.9187530714,2.5680754519893365,0.0158006848354269,112544.11223705168,-0.4690216921657679,-4.330978307834243,-0.6111033979571765,0.3483391937240958,1.607873396753095e-05,0.0002188656579144,3.12750839279334e-05,4.796032651636266e-05,2.288145001797743e-05,0.095290983677376,7.268160401079107e-06,4.851970385691148e-05,0.0117373736000911,0.0623997158868274,0.0251379831398467,0.2313589030161494,LCO,13,85
-96147.81438099698,2.549816239221921,0.009210123126046,66921.88232128976,-0.5630793419172377,-4.236920658082774,-0.2693329306829254,0.224735605682703,1.2818361719885932e-05,0.000249483422896,1.4233879990221206e-05,6.359589941639729e-05,2.7586334974365757e-05,0.0456802164212046,1.7533789375327873e-05,4.799091147592724e-05,0.0129907507164322,0.056778278637982,0.5234636790335873,0.0804251116455053,LFP,13,98
-381008.5804348349,2.1896477057206893,0.0148290369127641,280437.865301707,-4.207357850364716,-0.5926421496352958,-0.390525207124455,0.2751543976602845,1.3146345658106442e-05,0.0001253112241236,2.828416655773739e-05,0.0001419446958448,2.970610998996397e-05,0.0820738645660126,1.4235373576414346e-05,4.960348267077671e-05,0.0241344764090573,0.168982881879568,0.238656848974971,0.1318350620210058,LFP,12,69
-206128.5326924303,2.105804103214415,0.010634048964406,241228.95076895904,-4.301272127649341,-0.4987278723506705,-0.0203254836833436,0.2585167621198523,1.3282043065845357e-05,6.223704983335711e-05,1.004657509486872e-05,0.0001437273394555,2.5492569893229032e-05,0.091565565953617,1.5411501379963055e-05,2.895460988052403e-05,0.0206688755910037,0.3806816583385519,0.5156495267266353,0.0133433312514691,LCO,12,85
-328719.0836214323,2.578927982082856,0.011061694973425,364902.89969811926,-0.5703730057131722,-4.229626994286839,-0.6308030314596444,0.2516083487923496,1.6027617353369283e-05,0.0002187270001941,8.28903515674546e-05,5.054932893724672e-05,2.618098392328357e-05,0.0976279947025621,6.829207864648317e-06,4.778757751780268e-05,0.0191312073993908,0.0485845853926756,0.023223466177729,0.2273889169699509,LCO,13,100
-26056.42888482086,2.788342869582745,0.0786483193404593,9109.215137884306,-0.8241725010326917,-3.97582749896732,-0.8562929172972924,0.2234496512744451,2.8740398283574584e-05,0.0002281168658402,9.855461028415732e-05,4.3924489964581855e-05,1.5849904519769083e-05,0.0527778749668756,1.816719728663661e-05,4.999400872072375e-05,0.0076567927037899,0.0209844154111916,0.0302074330511469,0.022515234240369,LFP,13,27
-525624.9232427033,2.362779818978163,0.0130350088112535,428039.0087535243,-0.5468179033395941,-4.253182096660417,-0.5521083359782564,0.302552513655593,2.306398859748188e-05,0.0001615362699818,1.1759228999311185e-05,8.950545811008823e-05,2.403638093785664e-05,0.0807757527823619,1.5365263166821064e-05,4.872377583863627e-05,0.0245145730035527,0.0917297350619162,0.2377458660437389,0.0484160629160884,LFP,13,93
-316067.8868373381,2.1988544324557013,0.0086420612318884,289377.22447515983,-4.399348813584325,-0.4006511864156863,-0.2552281233099455,0.2117196565956505,1.78375061982376e-05,7.613365619999659e-05,2.7687624145013424e-05,7.05744138911454e-05,1.2540268917525789e-05,0.0966609412411162,9.502793478775555e-06,3.620491658035015e-05,0.0194822884619009,0.2337054714052339,0.3313369541221976,0.109729451162623,LCO,12,99
-41416.56919789888,2.5343483244866905,0.037342291515783,8266.829676178053,-0.7440987192257467,-4.055901280774265,-0.1544619853051163,0.228526355548616,1.2746371654460011e-05,0.0001760517409381,1.266126556158525e-05,5.407714707787755e-05,1.4026209361201157e-05,0.0423343499630125,6.695890191439115e-06,4.619305069799977e-05,0.0081051914678863,0.1790247951125168,0.565610320825968,0.0309028987563989,LFP,13,35
-193679.5587978085,2.4357586312281256,0.0110551493935572,171645.91495189542,-0.4890961835314797,-4.310903816468532,-0.2944978997937684,0.2484742657222421,2.443861997584633e-05,6.637345509414723e-05,1.2246530231981873e-05,0.000119530076387,2.3063111537695037e-05,0.0980382767840061,2.7619858679950232e-06,8.421343298533133e-07,0.0195967046200551,0.3069074960411572,0.3156499237827561,0.0129446803823182,LFP,13,55
-164836.31831157143,2.368235426312592,0.0092370427044418,148304.69755303595,-4.407882052791919,-0.3921179472080922,-0.1574166890695937,0.2339639297395265,1.2921406373299808e-05,0.0002468667693218,3.764682714000448e-05,0.0001113326999132,1.358513672019993e-05,0.0968673091919764,1.8500806773389e-05,4.650045319824067e-05,0.0136788647001519,0.11801976670458,0.584216742887172,0.0703468013386543,LCO,12,100
-296662.4069252521,2.44025480397764,0.0124128332810426,248015.83514890115,-0.4363943609622254,-4.363605639037786,-0.605198170351849,0.2755142625610283,1.2357347902633394e-05,0.0002299097784965,1.8374225863353503e-05,0.0001196454477882,2.5859085788151103e-05,0.0769587609864187,6.411855680110564e-06,2.867971799030684e-05,0.0192438569850072,0.1580111219104901,0.0239505034148071,0.1428402043228538,LCO,13,84
-136700.7119914624,2.572818449173224,0.0120896830923362,89303.51793815511,-0.4492897323810609,-4.35071026761895,-0.3943244146776176,0.2608845295968008,1.6089143423596517e-05,0.0002371860542129,1.666537300467904e-05,4.72635995651275e-05,2.2964727645226373e-05,0.0826856653971308,7.253898398126692e-06,2.349217015212895e-05,0.0117179186478928,0.0614428456818218,0.2405720655925103,0.2336606740480503,LFP,13,85
-338117.9996059201,2.5564903424415686,0.0081445913426945,477078.0345903322,-0.5424330427883177,-4.257566957211694,-0.4735039878420773,0.2090543266631227,1.3163878322813214e-05,0.0001234465221077,2.8285007901133687e-05,0.0001436907099178,2.947965413292629e-05,0.0989466101135577,7.0217850417875e-07,4.285410752006447e-06,0.0231089329539458,0.0435778067284696,0.2406857769030661,0.1722324285263869,LFP,13,95
-162716.42889457854,2.753401080781636,0.1906732092184535,21886.564593859668,-1.345626036981777,-3.4543739630182344,-0.2395031516045483,0.3719120246331134,1.9861627884744863e-05,0.000225691610399,9.693235276439089e-05,8.251558963774295e-05,2.670556070871425e-05,0.0422458345709326,6.36655761186488e-06,4.879409105966496e-05,0.0180371700017519,0.084371225451153,0.5752254279547431,0.0309001949895555,LFP,13,18
-38039.63276350577,2.290690965558544,0.0089328701844765,24196.51242107788,-0.5686604732389284,-4.231339526761083,-0.2531026045836103,0.2062972666247349,2.1171148459826773e-05,0.0001204414901745,2.6128465141815995e-05,6.945420800925079e-05,1.27953254271376e-05,0.0641458213231052,3.926423244309194e-06,4.3762543517544426e-05,0.0066975793129452,0.0384300991415684,0.5281391916961892,0.1103281045786321,LCO,13,98
-37903.00721518694,2.5668539799233923,0.0086462364884861,37243.859673454725,-0.5362265440781044,-4.263773455921907,-0.4097708304684194,0.2083200608372037,2.735783976579268e-05,0.000149946549144,3.0242737324409006e-05,0.0001478091171362,2.23166832945815e-05,0.0466977883997477,1.766942952382551e-05,7.236638820571433e-06,0.0096748390545572,0.036036204019994,0.4419691402587387,0.0422238252528478,LCO,13,93
-151503.2526918138,2.4454835304277007,0.0053244996284424,232543.00009714052,-0.3724053256439461,-4.427594674356065,-0.4853847925687969,0.3145718778438081,2.2198940168953533e-05,0.0002370687169862,1.1967035115146287e-05,0.0001196221066955,2.8696960903320435e-05,0.0863376738407517,1.6543002054008823e-05,8.017369530704943e-07,0.0195281094422703,0.3095122308254546,0.1250780789973007,0.0100248976084477,LFP,13,74
-85446.28149018719,2.227054682365465,0.0090518103833109,95011.2335681494,-0.5746815539791115,-4.2253184460209,-0.1671070753224504,0.2317002343528353,1.2914425575270544e-05,0.0001570441180944,2.685109744526805e-05,0.0001473404933445,1.3546345909246347e-05,0.0466939712752271,1.7568807281762812e-05,4.719980961106514e-05,0.0152928785276555,0.1192080798815904,0.5979331960114503,0.0457516487845088,LCO,13,99
-4234.275401931713,2.0410353077856094,0.0059558755668085,4517.691363759785,-0.4696929642434355,-4.330307035756576,-0.1626152027776002,0.2045078176000616,2.884725548201663e-05,4.12233123862361e-05,1.0465106148458012e-05,6.178617635265085e-05,1.2616403711212429e-05,0.0423783979851961,2.3219052687410918e-06,4.612504800924836e-05,0.0040878700556504,0.5856460773757232,0.1613626365275521,0.0203760833191245,LFP,13,88
-213089.99606320876,2.385253454298485,0.0202135282317255,159374.5007573396,-0.4813423108773946,-4.318657689122617,-0.480481196453276,0.2607454518934378,2.99571031765612e-05,6.626342450627746e-05,1.3693364669460616e-05,0.0001168565385856,2.275260458931223e-05,0.0857677968060542,4.061362174276024e-06,8.372667418282693e-06,0.0196731680870883,0.3015147240943867,0.0927026568449578,0.0553014226073794,LFP,13,55
-265134.680923951,2.61856543476494,0.0167010140262418,167558.7176988823,-0.4688675763860956,-4.331132423613916,-0.4106527697436567,0.2255284196624485,2.965794583207209e-05,0.0002165964835182,3.3066230968092625e-05,0.0001169310702199,2.0430911472399048e-05,0.0528436943342032,5.407094469516226e-06,9.878475822689212e-06,0.0249705160344385,0.3099807166163099,0.149059505391224,0.0603070082488094,LFP,13,55
-91405.9704239764,2.483666886639254,0.0087422886602299,133973.4714210887,-4.23984236757255,-0.5601576324274617,-0.2807374702455363,0.2621755513188213,1.2999864282782983e-05,0.0001893263402025,1.7724137841670534e-05,0.0001436222034614,2.915195957817954e-05,0.0471670097671952,1.8405295121349956e-05,2.4898887336746416e-06,0.0208737444410042,0.0354325846433745,0.598839157709885,0.0149907874012041,LCO,12,79
-308151.5414959877,2.202236939350608,0.0104294502313861,270457.1337657045,-0.51849965858883,-4.281500341411181,-0.3154931433175371,0.2504287276234504,1.2345010711012766e-05,8.65468761386396e-05,1.9066842980451597e-05,0.0001187939371026,2.549041918257615e-05,0.0910318721461824,7.042230851156023e-06,2.967682676640448e-05,0.0192419268464554,0.1482798648716504,0.3210536701032097,0.1451733217076028,LFP,13,91
-12942.16282167346,2.457914596379733,0.0006983804472538,10270.117587305169,-4.234166777329882,-0.565833222670129,-0.4392418830948633,0.2623291899845924,1.2748146345813022e-05,0.0001897689285119,1.1816768065731054e-05,0.0001416816837853,1.9275900928648346e-05,0.0471694515783941,1.86828169399671e-05,6.269564566025893e-07,0.0055600435239526,0.0363120499743883,0.4374491540470944,0.0169969128836539,LCO,12,79
-210651.28111814908,2.6617449826680515,3.370565734411945,10662.644458425351,-2.8220173577599184,-1.977982642240093,-0.3183596872456911,0.2124432489096518,1.8058601729034003e-05,0.0001088536973091,2.454153661440678e-05,6.67484805330571e-05,1.6506727545333885e-05,0.0519593264908763,4.637226543484174e-07,4.590830129755479e-05,0.0240390390016005,0.2040097701306379,0.3779057006380471,0.0297248419856238,LCO,13,4
-139028.85434119828,2.3859624991661965,0.0274994073750299,84849.43080514316,-0.6657057738842624,-4.134294226115749,-0.5448831769026544,0.2000044356100742,2.924644105903584e-05,8.509458871951613e-05,2.7626790184624923e-05,6.501499563930032e-05,2.3011546093345176e-05,0.042348287784441,1.124158351102204e-06,1.585727101374627e-05,0.0247963591891118,0.1103479966010251,0.1921318519043941,0.0826369745919264,LFP,13,37
-552029.8839500081,2.517541175047488,0.0147970821790303,421889.0793526236,-0.5478629805357471,-4.252137019464264,-0.5512951527720387,0.3450362084449853,1.2827466295435918e-05,0.0001222679331323,1.582389724759973e-05,8.913594879677436e-05,2.4009101845385644e-05,0.0940827863320534,6.2952183718415e-07,1.7766814583154312e-05,0.0224901793951014,0.0944906089458501,0.2385674789487045,0.0456467593334066,LFP,13,92
-374544.0693688876,2.116733271472254,0.0686566217729173,96094.52841711367,-1.2143986033863925,-3.585601396613619,-0.6888261967335131,0.7193630029229175,2.939578865417922e-05,6.454445040175121e-05,1.3708851918144492e-05,6.929012699666477e-05,1.6030082219609743e-05,0.0882421548963423,1.6046126875771745e-05,4.769166769848851e-05,0.0218659697106579,0.0637949832525827,0.1553875848398533,0.0219912351740509,LFP,13,25
-4339.758640541447,2.0439053257868203,0.0079809586722183,3160.2504545181387,-0.3789396927323167,-4.421060307267695,-0.022566038115759,0.2132749769864492,2.507982463272583e-05,4.198867697214069e-05,1.1260373762039816e-05,4.700192969296602e-05,1.324144552470475e-05,0.0404329506025836,2.596085909040867e-06,3.945355622484283e-05,0.004199340762508,0.5960924856800595,0.2765860075082462,0.0347554686959353,LFP,13,65
-363202.6148730113,2.1645649541276546,0.0377309869416159,59842.41775990917,-1.2218179460918035,-3.578182053908208,-0.19527219462568,0.2269485434579847,2.2069847193911343e-05,5.804925493351883e-05,1.5087845486214304e-05,5.1293411718448775e-05,2.840563401393445e-05,0.0765087262530251,1.4006954739779265e-05,3.063273412005704e-05,0.0242009256762829,0.0994398203845064,0.0925573327006016,0.5427306522892119,LFP,13,18
-530653.3947043555,2.362396679378928,0.0815465622910539,109007.89420690332,-4.751059526975588,-0.0489404730244231,-0.3770627234392841,0.5443420181919267,1.5645438629124548e-05,0.0001201666627341,2.3612546695466285e-05,7.736847187517184e-05,2.6284146785394943e-05,0.0763431900197971,1.9413488652593824e-05,3.4047659584263944e-05,0.0236385651783877,0.0349774593679094,0.2022322310983994,0.315727586094407,LCO,12,31
-364535.6228432587,2.153820200322257,0.0444333986967217,80963.48701150998,-4.700986028405623,-0.0990139715943883,-0.6957578131656157,0.2021728735222645,2.974421052839226e-05,5.748093462811696e-05,1.5733114484355928e-05,4.784334460788304e-05,1.3148055959985437e-05,0.0710404013170986,1.6078098055461782e-05,3.048585376896163e-05,0.0236076339024792,0.1349750802997316,0.0875954246114781,0.0116716819231745,LFP,12,25
-3739.481374529909,2.0373972195155856,0.0100066457736825,3283.855329173759,-0.3960301170649671,-4.403969882935044,-0.0472283732962354,0.2146341517018303,2.051692833610529e-05,4.258124505636344e-05,1.0551372317497056e-05,4.588522850949175e-05,1.2864506586909378e-05,0.0412751427544317,1.8702145745899888e-06,4.663785605399412e-05,0.0041723031974119,0.5839274169678159,0.2779181679691946,0.020926041766754,LCO,13,62
-413668.5117792922,2.785577479297753,0.1894470360936056,65397.63644374773,-1.2308144408394457,-3.569185559160566,-0.1734989923161281,0.7255866758664719,2.3194074192290063e-05,0.0001732558784756,1.7882355666535952e-05,5.120345790863998e-05,1.3428326040502242e-05,0.0626050271858382,1.6110967283403328e-05,4.894448043680427e-05,0.0224309747833696,0.0858764214576934,0.1983845024278974,0.4722400837982811,LFP,13,25
-345367.5676650843,2.964597024244584,0.2786076593995988,48833.193011559815,-1.5661294689111998,-3.233870531088812,-0.2141910660499677,0.730077273614497,1.625041677156804e-05,0.0001639082423025,1.5439705606999854e-05,4.675136341496842e-05,2.785533500599138e-05,0.076775013899806,1.2373907492132357e-06,4.953433784761897e-05,0.020563931111371,0.061641156726219,0.5999694542651185,0.0541983229586947,LCO,13,18
-4405.049939718284,2.0830534797570164,0.0234743601883041,1956.8735084684797,-0.7386830888348186,-4.061316911165193,-0.1762741313221575,0.2174926718151825,2.139514456135465e-05,4.029965576465043e-05,1.6320753366161924e-05,6.237042624771596e-05,2.635579219041684e-05,0.0406938794620377,2.7785769793806494e-06,3.6302030918554906e-05,0.0042678655351101,0.5154833235201928,0.2127126180655121,0.0255299270921376,LFP,13,36
-4137.078391329724,2.0899489704081007,0.0385778930147059,1745.6762117760331,-0.7680498917752132,-4.031950108224798,-0.1279769148850876,0.2615556517980331,2.9779785987131737e-05,4.272015745994e-05,1.8768522588337208e-05,6.182285938212757e-05,1.26438240849103e-05,0.0403244036529932,2.984167624624488e-06,4.72943308819915e-05,0.0040691504339509,0.5856681493798753,0.1610800520967054,0.0552748836383316,LCO,13,35
-435692.62069325725,2.1720864621941787,0.0579122153321426,81192.6064261872,-1.217645538193814,-3.5823544618061973,-0.4785247070921338,0.2232876759607375,2.747710691302442e-05,6.456972505427771e-05,1.3696147210986764e-05,7.619224949973025e-05,2.860057345989357e-05,0.088488298190649,1.6063974840306458e-05,4.457857786665023e-05,0.0247177020086071,0.1153976416643341,0.091602980255998,0.2444746709875341,LFP,13,18
-438207.4195180996,2.676896573262905,0.0763235280477745,68237.24134753156,-0.9732175451992192,-3.826782454800792,-0.2115063964408871,0.3422932163005131,2.3446338370117904e-05,0.0001819044182345,1.7833725562456298e-05,4.36026186981626e-05,1.3439921875558172e-05,0.0629059575687542,7.330282861362867e-06,4.976979888862464e-05,0.0227032175537804,0.011433622030544,0.1685673366165627,0.5384926449120062,LFP,13,25
-4292.617798915546,2.043329284213352,0.0529337576615581,2014.075149548834,-0.833732120128694,-3.966267879871317,-0.3076176174032374,0.4411881862251533,1.7953113793012247e-05,4.029849053894426e-05,1.5213263433130277e-05,7.335485243438247e-05,2.723383869261113e-05,0.0403474614642481,1.0991803195602152e-06,4.700668941082363e-05,0.0040698433994297,0.4840517389846796,0.1130560110517569,0.025274632560326,LFP,13,38
-4339.758640541447,2.050845119615932,0.0077490779627619,4247.969479698552,-0.5391656431422831,-4.260834356857728,-0.0460259038121337,0.2699868111344417,2.473692985890474e-05,4.183860122106475e-05,1.1052340909177388e-05,4.608194799703626e-05,1.749558084920918e-05,0.0417950058104301,3.068622991642547e-06,4.621602311038119e-05,0.0040130142139048,0.5723373972717293,0.276942673627489,0.0346940252886479,LFP,13,93
-232647.03634329844,2.538558455136936,0.0198266749177753,134598.58678107103,-4.27722479361794,-0.5227752063820716,-0.3988102451154297,0.2039124892260295,2.4924353642800245e-05,0.000138009397967,9.863375864169442e-05,4.853431580995795e-05,1.8776552068458427e-05,0.0956368668748148,1.7570115744995815e-05,3.418182768947101e-05,0.0176067668402404,0.0262558664512252,0.0497942815883894,0.4551396068449556,LCO,12,54
-3761.320349973734,2.024508690302297,0.0372945040608787,3724.0275746199,-0.5163627021782347,-4.283637297821777,-0.1027283948635255,0.5835251400839858,2.2461872512087276e-05,4.2666480392174887e-05,1.5273452976055568e-05,6.952206280764925e-05,2.047889247874808e-05,0.0418223195468818,1.5404219618334076e-06,4.656887886141269e-05,0.00430080580372,0.5809326830421486,0.2345512075178031,0.0117877145765227,LFP,13,66
-348659.1696565708,2.152538059530517,0.0359786285296975,72030.67109761275,-4.7325551686722775,-0.0674448313277338,-0.2419806704233923,0.2459973737484577,2.026440568630124e-05,5.748588201285048e-05,1.5716881524958176e-05,4.068075754506477e-05,1.3611569555577555e-05,0.0710498360967648,1.983736419779329e-05,3.054963105448281e-05,0.023639775013798,0.1364833087257478,0.087978329293648,0.4635576915572118,LFP,12,25
-289042.4112129556,2.196336921483905,0.0253822792843009,148769.75800568407,-4.401963986689104,-0.3980360133109073,-0.4751082155342055,0.275639998017212,2.8245464632073347e-05,0.0001264833471516,1.18927438985095e-05,0.0001475429663961,2.235353005128017e-05,0.0931314889783947,1.7529364823913827e-05,4.884071762787825e-05,0.0195822152525583,0.1659276088579024,0.2381504746689788,0.0508137009389132,LFP,12,49
-339279.9507540307,2.195156927772272,0.8068118747686753,45135.13859520104,-2.0722272604630945,-2.727772739536917,-0.7223293407531554,0.9474759683407574,2.913832230837607e-05,4.458144466089035e-05,1.275163529798368e-05,5.290382807428471e-05,2.6280395939123894e-05,0.0965433283974993,1.5266961297675057e-05,4.478538604292813e-05,0.0207099102273009,0.0637044853017132,0.1099940137871585,0.0339721601579728,LFP,13,13
-370836.101322928,2.5693347700569005,0.008501545825876,448377.3286935842,-0.5626054659372031,-4.237394534062808,-0.2335964844290177,0.2032029179862626,1.5954096756126596e-05,0.0001459769717195,7.435123010147461e-05,0.0001174066181728,2.832264361402024e-05,0.0977259873174422,1.3268490983994508e-05,9.076137575466331e-06,0.0231595459083309,0.1224699461608482,0.4069653334700176,0.1669682359401164,LCO,13,97
-4016.6001948662174,2.0388824123066405,0.0162238564975679,2799.2770941364493,-0.5592242063280679,-4.240775793671944,-0.2609860704248461,0.4446425845264456,2.78894379226208e-05,4.278166642067277e-05,1.4535212294566784e-05,6.11424972690354e-05,2.2246186662312228e-05,0.0402519722533734,1.3055469527712075e-06,4.865977228830492e-05,0.0040381278628481,0.4960607295411197,0.1044642913827361,0.068488908651298,LCO,13,56
-368966.7750653919,2.173748410547718,0.0194805997847863,65934.4374491069,-1.1096686387459442,-3.690331361254067,-0.1711477691835407,0.2269545722753213,2.207031885259369e-05,5.583098616222923e-05,1.4937855931951988e-05,4.99030250742398e-05,2.8411657148806267e-05,0.0765375803087375,1.421761390071059e-05,2.0649086856116363e-05,0.0242760550674524,0.098255561386153,0.1092942638076348,0.5513024056226714,LFP,13,20
-379695.9413654048,2.124335958070317,0.0628694170810826,75720.04723797133,-1.225664974208243,-3.5743350257917683,-0.2005011201079888,0.2285754400752892,1.9542835554810596e-05,5.501858302153639e-05,1.5652038282408993e-05,8.771988791510786e-05,2.860427181690976e-05,0.0887214249372061,1.3087766871122577e-05,3.0405017701328587e-05,0.0245648802546698,0.1229215536767715,0.0912650959972181,0.5153122302180215,LFP,13,18
-390951.09869448014,2.1544569603031745,0.0505619788177744,71233.87197390542,-1.2410346782733015,-3.55896532172671,-0.6339186835247069,0.2658995237617377,1.9557640299599687e-05,6.463589861017337e-05,1.4947970380948783e-05,4.970175733710808e-05,2.832331842178219e-05,0.0762905235376037,1.4194175591365626e-05,4.730389330223328e-05,0.0242749764101044,0.0997857735239342,0.0832499415956944,0.1130456013556643,LFP,13,18
-3844.724440792664,2.042174733458008,0.007961715116385,3532.8157577536003,-0.3686042092519983,-4.431395790748013,-0.1074227164193226,0.2171595784448107,2.0509520669993556e-05,4.252363217272355e-05,1.1911584160381717e-05,4.803328838606697e-05,1.281071475070048e-05,0.0416942560452879,8.277584034698701e-07,3.739699449645388e-05,0.0041923559681934,0.5136298372872268,0.2760822621187688,0.0328651841746817,LFP,13,66
-425778.5028298311,2.1802702546137995,0.6945477662079433,69858.24416994695,-1.8523838270083743,-2.947616172991637,-0.3577295694542072,0.9531537507801416,2.73932074954143e-05,4.746115721818163e-05,1.5221010303709583e-05,7.620946331189029e-05,1.5493681486621738e-05,0.0877240584509453,1.6057437237853964e-05,3.796726390946658e-05,0.0247883276001521,0.0619735101762817,0.4922420724403713,0.0180548479291397,LFP,13,16
-4234.275401931713,2.041365877202245,0.0419420567645774,2041.0247658390888,-0.6998278659437034,-4.100172134056308,-0.062420524210867,0.224588999848668,2.8876735769933443e-05,4.119005312077615e-05,1.14653145848562e-05,6.17839892246202e-05,1.2282436056787387e-05,0.0437215562363017,1.279718390458404e-06,4.493541391750044e-05,0.0040879815853968,0.5910193048276792,0.1879804649365948,0.0885797060248588,LFP,13,40
-523011.7775043064,2.676896573262905,0.0339607673682978,80136.5525338903,-0.8473783347744899,-3.9526216652255215,-0.1462153615983756,0.2241136555069002,2.415597557466885e-05,0.0001820734125614,1.497316915529402e-05,4.063623267723741e-05,1.247029481678721e-05,0.0628045980645735,9.631637666553796e-06,3.938249894168151e-05,0.0240506121298307,0.04204891127457,0.1966063801989347,0.5451293469281197,LFP,13,27
-4339.758640541447,2.067862868250629,0.0263417004904331,1904.868049490628,-0.7085084257591419,-4.0914915742408695,-0.1560270451865769,0.2234992479087214,2.460600783721984e-05,4.1186783485723966e-05,1.0864480837986836e-05,4.038095292044911e-05,1.7661846528423378e-05,0.0417798331428792,1.1303523130234371e-06,4.624064678108078e-05,0.0040881828805994,0.5720486203263602,0.1874142981706712,0.0145100363163916,LFP,13,39
-4812.871051698817,2.0858534402946605,0.5987069028332143,1470.7390301066102,-0.8936168383242062,-3.906383161675805,-0.0057701113052929,0.2247355234368017,2.2037681525397324e-05,4.272975982565817e-05,1.1465189719825788e-05,6.146058316470786e-05,1.838827079768512e-05,0.0452351115304879,1.2855653884690854e-06,4.4965351258557215e-05,0.0040882969145761,0.5132188469181486,0.3818863024131196,0.0291247393634389,LFP,13,28
-40406.00701561476,3.0966482482113618,3.715545623168674,1816.2906459980536,-2.823553561946881,-1.9764464380531308,-0.347115286343283,0.2401767187350476,2.724366985799917e-05,0.0001996538017934,2.134481243505337e-05,6.383990373113068e-05,1.2089800530798335e-05,0.0481912254931643,1.9734461721485696e-05,3.902031665330791e-05,0.0102212354267894,0.0668416172632002,0.40176566130415,0.1142774350893667,LCO,13,4
-4915.143493280424,2.046167332038689,0.0055132023700308,4261.058833690142,-0.3748805902170815,-4.42511940978293,-0.0434591090971168,0.2170817426852682,2.050424452691493e-05,4.313368110108849e-05,1.1917315667862854e-05,6.829966333398608e-05,1.2274428985342632e-05,0.0445663312527545,6.367079350577072e-07,3.701184206595364e-05,0.0040865871392007,0.4775976619767921,0.3179034624866437,0.0910397664394474,LFP,13,78
-240980.90253007232,2.750849190531655,0.7106355311132029,36569.86727670585,-2.310263376475,-2.489736623525012,-0.6157524411565474,0.2070923780373628,2.5029961818333712e-05,0.0001536587905688,5.47371053920481e-05,0.0001398902024946,2.902659124326597e-05,0.0955765209439457,1.6991079884944823e-06,4.96860037818721e-05,0.0235293589676929,0.0574321914909256,0.1828551459602763,0.0739602213922507,LFP,13,7
57058.351863980526,3.1349135134584825,10.167910003898973,81.73023939627006,-3.3679665303126214,-1.43203346968739,-0.73095887343118,0.2172013751609198,2.9789204674868937e-05,4.061618916802837e-05,1.058891713241156e-05,4.272219301307988e-05,1.3129607150081792e-05,0.0463253701702311,8.64636325278701e-07,3.304753804459839e-05,0.0045646977074859,0.1282780896809471,0.038967345644546,0.0317956912433268,LFP,13,1
-451738.3545682988,2.186338427397969,0.5913591187256018,73103.79512437925,-1.8324341202044607,-2.96756587979555,-0.46463311904946,0.9359838529244052,2.9128112815327084e-05,4.977286742130544e-05,1.0368711751987592e-05,6.593882516621843e-05,1.5350031480525083e-05,0.0901557276808433,1.534298815440907e-05,4.002425870528114e-05,0.0248564417345217,0.0617717361199807,0.3798439960793072,0.0237511487512521,LFP,13,16
-5622.207804924421,2.0525481137299613,0.0327430201198718,5051.283664771868,-0.9537686017620572,-3.846231398237954,-0.3198235607848723,0.6454784944309805,1.3451805087989172e-05,4.0248575763444366e-05,1.6260483674905124e-05,6.79716220037007e-05,2.737746519602397e-05,0.0906875243179388,7.596043235411091e-06,4.719047696480291e-05,0.0042537667447099,0.4857675040204656,0.1084321353690405,0.0159767998256216,LFP,13,38
-5916.694979597873,2.0395033444722697,0.0199876368121311,8595.188111788026,-0.6046138697303434,-4.195386130269668,-0.3748477193260215,0.8430654673112556,1.3378953543418653e-05,4.006809396051113e-05,1.1764425665257533e-05,6.853627928307877e-05,2.8164622298431332e-05,0.0865904485351008,2.7410857271286803e-06,4.720729314314962e-05,0.0042816271883778,0.4840730282431721,0.0378009040199346,0.0332783484108715,LFP,13,66
-5510.275122080366,2.3463983290350834,0.0327615300958866,4151.682070520865,-0.7287083937059933,-4.071291606294018,-0.2499018234799357,0.2137645367924202,2.657059363490457e-05,6.126882685692273e-05,1.3117063707819686e-05,6.188106574655214e-05,2.847919254082182e-05,0.0900889765619646,1.954393939306471e-05,8.199591853479455e-06,0.0041815652024228,0.4016693865763594,0.0912728307350719,0.1871559592086329,LFP,13,35
-4405.049939718284,2.0425839720685297,0.0064052077278757,4281.185067876764,-0.4123756904367184,-4.387624309563293,-0.0309273542343402,0.2249697247967641,2.196598001809239e-05,4.307552707888603e-05,1.1197719669761536e-05,6.834302413337841e-05,2.0842061626754387e-05,0.0452485339992243,2.6396065780705143e-06,3.94365550523893e-05,0.0040475187676192,0.5961561049608927,0.2764794539767812,0.0264370868279859,LFP,13,82
-4339.758640541447,2.0571312710116616,0.0060921763861898,4013.430720934612,-0.3608490006249951,-4.439150999375016,-0.1693090151127623,0.2087722881474929,2.5301981108339004e-05,4.201582404356861e-05,1.1442502860555093e-05,4.035313013207742e-05,1.3235912400730626e-05,0.0404309047109322,2.038628348912488e-06,4.891642176480408e-05,0.0042494729676248,0.572014941203691,0.1450962524392932,0.0435797912442535,LFP,13,77
