SpecificEnergy,SEIGrouth,TempIncrease,Price,UpperViolation,LowerViolation,VolFracViolation,C,la,lp,lo,ln,lz,Lh,Rp,Rn,Rcell,efp,efo,efn,mat,Ns,Np
-290507.6912543685,2.1474354977897785,0.0031167576602745776,73177.75125469825,-0.30994162218209986,-1.1900583778179001,-0.2976048343696701,0.28406718150267957,1.8833874307540883e-05,5.025889669582105e-05,3.5980903091963466e-05,7.057808711077014e-05,1.4637892777505626e-05,0.06972203103476664,9.21456989765426e-06,4.7932597344519316e-05,0.021617087907604752,0.016865935606548775,0.09371253755325354,0.5218166924705276,LCO,4,86
-139244.6563083311,2.1325894686596376,0.020407599410489426,6374.172827358181,-0.3716157650164522,-1.1283842349835478,-0.36705244752772925,0.20557754478288098,1.960789281192792e-05,6.139995259482076e-05,1.0011928358217536e-05,6.233970504102002e-05,1.6806735219647158e-05,0.09884544613053953,1.1860472140948047e-06,2.9981139838930674e-05,0.01247162176474151,0.020624783308730577,0.08789723081212739,0.45442553835141286,LCO,4,16
-360553.74385067914,2.7311434238865195,0.08609482430753639,9772.931868092914,-0.46078674198089153,-1.0392132580191085,-0.7748882299011657,0.34871845532106965,1.6126862648847254e-05,0.00018661779673191043,1.0864913042118424e-05,6.342487451485732e-05,2.4079617473246136e-05,0.08356059065322738,1.2191964420222948e-05,1.2913117464431214e-05,0.02460905854984403,0.022851062837637215,0.04691109018906067,0.08534961707213654,LCO,4,6
-230662.68360764175,2.1308242052421957,0.004072645904558365,48567.38650124055,-0.3064069710780526,-1.1935930289219474,-0.2805653750724284,0.41756370494345824,1.631905094572954e-05,4.299858896602129e-05,1.2234658790960413e-05,7.059193215060097e-05,1.5127469638276496e-05,0.04677006441813678,6.457776609460208e-06,4.940396104986244e-05,0.02160709871721728,0.07077716051860593,0.0848032820470108,0.4938541823619549,LCO,4,87
-44849.24839123952,2.153562359096797,0.002313690409396084,19965.63357901521,-0.3177703972633594,-1.1822296027366406,-0.319757266701045,0.20729505934021308,2.585232646497564e-05,4.7290951059323624e-05,7.77988377077454e-05,0.00014152148851771595,1.4487463534395565e-05,0.044668202706260644,1.529852606259364e-05,1.8814397414361293e-05,0.012786764201125624,0.05106095092780706,0.03737161899759138,0.5218101633735566,LFP,4,100
-219068.64927419633,2.1212910105608627,0.013960297148408931,14620.334672607125,-0.3262693409192998,-1.1737306590807002,-0.2695775200575782,0.22378727038724128,1.4545270159231834e-05,4.812102245981971e-05,1.3518450493155243e-05,5.3938899838853005e-05,2.5102538924803812e-05,0.0979940631108799,1.817088060162837e-05,4.775812275993233e-05,0.01596826790062327,0.014597576929532025,0.14558244850424357,0.5002424545086462,LCO,4,24
-679767.3136733926,2.2641988405120923,0.012474280640466592,45659.27977863465,-0.23497934675014243,-1.2650206532498576,-0.2265265101563575,0.41628695625326817,1.442286609997642e-05,6.781848547230134e-05,1.0000067234549775e-05,6.291558712169592e-05,1.5091363240902584e-05,0.0994617552256904,1.5707039318422152e-05,2.9779824484167426e-05,0.022331500093838247,0.019809567426647055,0.08410942623672489,0.5995544961802706,LCO,4,36
-743023.5556436201,2.162471757157931,0.017020033708320517,32782.64463894976,-0.15280348197881644,-1.3471965180211836,-0.249434975315728,0.21311070268114737,1.599652622081158e-05,5.387789510240921e-05,1.585143958525686e-05,4.668003226428925e-05,1.5114595662184592e-05,0.0938671692522834,1.7555990648946234e-05,3.0653471450498e-05,0.02471732804971123,0.05963477449850915,0.07533201138269617,0.5455982388030668,LFP,4,23
-31486.15716973967,2.4881124936717915,0.022886029979261247,2245.165374656772,-0.2753201826411189,-1.224679817358881,-0.7786523583248182,0.2851787653620317,1.754534333314121e-05,6.108319844651413e-05,4.950565940322791e-05,4.0488875263237704e-05,2.9550436883591153e-05,0.09933770047308615,8.222805121871674e-07,3.311430684172007e-06,0.007166654759804304,0.0751125024603867,0.013931974823139747,0.062303164391655494,LFP,4,15
-226227.36596949282,2.0960133973031345,0.014226555576421364,19631.148039030086,-0.15928092782890246,-1.3407190721710975,-0.07947393570750261,0.29004540940454965,2.838692477895962e-05,4.658948382976067e-05,1.0017354822927212e-05,4.3222903719655933e-05,1.592621559943176e-05,0.0927171813468943,1.107349501866055e-05,4.781936731261292e-05,0.020101559884357995,0.5965891277449269,0.10054927078781102,0.15338766575975954,LCO,4,24
-35998.337864274676,2.2834352950589074,0.01371671978115639,3826.859924885673,-0.30891312908222446,-1.1910868709177755,-0.7391366732723113,0.2906184318595954,2.67520985836725e-05,5.180799969663018e-05,6.739364792123714e-05,4.288837390919809e-05,1.592378539326105e-05,0.08887438430360933,1.1180548422580879e-05,2.2236450383536078e-05,0.0078022857706987435,0.06958108902396153,0.1064568129456012,0.01482542475812602,LCO,4,24
-46319.55883334665,2.468227057855985,0.00487161814234704,15590.972865403084,-0.3629055267938348,-1.1370944732061652,-0.6154535046990028,0.4292799214422014,2.1770165254801342e-05,0.00020176872580747213,1.5428237686520926e-05,0.00013376794307200872,2.9263380390423764e-05,0.05035190449200738,1.9981254243564123e-05,1.7563342490675446e-05,0.010268739213479188,0.03346173052798041,0.14807526146359343,0.13300950330942338,LFP,4,96
-553810.4459334622,2.514989972727341,0.005478006855250366,96562.49018015215,-0.37214159741781394,-1.127858402582186,-0.030523539111179887,0.49707647909621966,2.6476345120174635e-05,7.643848375868361e-05,2.0963122074365464e-05,7.236507767884352e-05,2.6033384164677303e-05,0.0996004205762587,1.5665169133996396e-05,1.3465757843365759e-05,0.02211000380237807,0.03089413693702691,0.27178119470609347,0.5968011292456998,LFP,4,89
-373922.3720129109,2.3622953808003495,0.08144841035759544,11581.07377070895,-0.5540906342373457,-0.9459093657626543,-0.42356491437546473,0.2190740480173552,2.5612474233629767e-05,0.00010621664893700803,2.8182680207446933e-05,5.689495138168289e-05,1.4686607964472607e-05,0.08320798208859488,1.8940181011528108e-05,4.76862977740547e-05,0.0215861487320808,0.031270157042960614,0.3506347629209753,0.12453016566059942,LFP,4,11
-34444.48926557385,2.6582016069528063,3.331826128192937,234.85484804190799,-0.4071772929805011,-1.092822707019499,-0.6628126242028113,0.3378782065816324,2.031649528123401e-05,4.252695006223994e-05,2.1072694615301283e-05,4.957926988086643e-05,1.3789066903883691e-05,0.09427901419798951,8.706483250737675e-06,2.1440276265676993e-05,0.00666585129738474,0.016633143824061773,0.18810928663924392,0.062444945333883076,LFP,4,2
-41905.370253808745,2.2115076390360624,0.004419382972459913,11023.38634976651,-0.30311120627897914,-1.1968887937210209,-0.6384616414784939,0.28776596719298425,1.2275503356039769e-05,4.9438024818044616e-05,6.078511383935642e-05,4.496278461875837e-05,2.994461149856861e-05,0.09937146083089132,2.8609374158536685e-06,3.1855203561095876e-05,0.0073460657296492635,0.07266318140220941,0.18939553873381632,0.029479638385480383,LCO,4,71
-15737.583164230222,2.353084998307034,0.0030579682786343776,4245.819907031535,-0.37024171325502664,-1.1297582867449734,-0.2572376188294173,0.20774081309370612,2.8614176550108037e-05,0.00011021476414338191,2.596447521390836e-05,0.0001491134914963448,2.8563904278501537e-05,0.0516420162238321,5.668348462686871e-07,1.328521246057266e-05,0.006459776059329956,0.04308015426598577,0.2731390585233481,0.35654316838124894,LFP,4,76
-39333.269258028224,2.1813547875888264,0.006539407767559149,14912.548517587193,-0.34144731400703243,-1.1585526859929676,-0.8710988017486956,0.3120464544928523,1.3847187626119e-05,4.97975737284326e-05,8.21803113313538e-05,6.93593915276459e-05,2.1795496117577593e-05,0.09946755438116452,1.565708239003617e-05,3.179793148304807e-05,0.008036387155331557,0.012752527002904461,0.017458878202436284,0.028689793045963752,LCO,4,71
-354217.4324756687,3.1330857737713553,0.854260254598954,5071.152554792394,-0.6560315772603111,-0.8439684227396889,-0.3377289627589727,0.32036149571361144,2.9472485327904708e-05,0.00024665318799471826,1.4050194665623635e-05,4.340919246374664e-05,1.6800205883647606e-05,0.08912560834941971,8.46088163005978e-06,4.708616826572216e-05,0.020422237584417375,0.02463674539588999,0.27163477730026664,0.2959995145448707,LCO,4,5
-347873.75355706335,2.586393172628171,0.00836217078787413,49624.46105259432,-0.34457699528022445,-1.1554230047197755,-0.8051758685242587,0.2219623786855498,2.205885739553101e-05,0.00023129397109411808,1.0043083805181194e-05,0.00013514905100205045,1.4086453940064815e-05,0.09986843159024543,7.360478868114528e-06,8.989283283947384e-06,0.021503815734996712,0.04245304184416837,0.07184039586005522,0.010530693771517784,LFP,4,32
-69305.54606132934,2.7618904071509873,0.09666907587353646,805.8966948515491,-0.7911553036638281,-0.7088446963361719,-0.12181609561878437,0.2140249701187356,2.01465784559839e-05,0.00018816049754999907,7.837898085150653e-05,0.00010126949233787909,1.308730791047372e-05,0.041219992084536604,2.4440362514579235e-06,2.158467284189138e-05,0.01222322208263957,0.06241888417306812,0.2748237354165208,0.4709412847916268,LFP,4,5
-15988.914589205433,2.5282338173995473,0.02274521474128857,1028.5221187474833,-0.4052343951803543,-1.0947656048196457,-0.4307192557031233,0.2608100751886252,2.2896300941370547e-05,0.00018602980313127241,8.885795232784974e-05,4.036564447134678e-05,1.679266184034676e-05,0.09895394499428256,1.1584897172901422e-05,3.1656306819607925e-06,0.004596225790074517,0.10209007691136301,0.26208641633279994,0.13510425105271376,LFP,4,17
-45370.8795221051,2.196529153402567,0.004451064205152471,12127.51349732035,-0.2844584494226865,-1.2155415505773135,-0.3573889460919255,0.20423329338041693,1.4008757961778013e-05,4.566852574348204e-05,6.363810647670785e-05,5.2765547433656674e-05,2.2830178332127863e-05,0.08245648883728339,8.156155453554185e-06,3.0075835346513315e-05,0.007421061676880213,0.0625163781414329,0.012122600677223691,0.497972075089418,LCO,4,100
-202586.35168921322,2.5186050419567048,0.005319160581929116,26330.06281322584,-0.4227210225794842,-1.0772789774205158,-0.3653842557125614,0.3793602432359927,2.74513398655697e-05,0.00022843363929295898,1.8573505184340683e-05,4.224106003576405e-05,2.8559294954471694e-05,0.09520038666286747,1.6101437061347963e-05,1.4512914826829144e-05,0.012106636493136237,0.018991307508384025,0.29283672441362674,0.25278771236542785,LFP,4,70
-37040.86115718116,2.495149622643771,0.6807802663168657,237.88811851038133,-0.5205768758532887,-0.9794231241467113,-0.5851112787654213,0.20387196503820432,1.96054845623915e-05,6.14679194611631e-05,2.140413043215765e-05,6.28164571178594e-05,1.8082937849462973e-05,0.09891251580165718,1.2173227497062968e-05,2.1351716499245445e-05,0.006537910307681869,0.016630994602186422,0.1934277956959034,0.13482993093648885,LFP,4,2
-483959.97127245396,2.5631082835770878,0.0023483255637564687,129753.46286763392,-0.40396472870246747,-1.0960352712975325,-0.22472177607569965,0.20095137837337515,2.4710226427068015e-05,0.00018576680427082168,6.409827857475659e-05,5.5945072367336936e-05,2.2811143890301267e-05,0.09993167959507324,7.346222007313396e-06,1.6217643853757277e-05,0.022323395396852692,0.0628235889801011,0.14371846081557313,0.49873617412862614,LCO,4,99
-21606.22673165371,2.070097055689505,0.002726982065419924,6516.37611194427,-0.33353160312950614,-1.1664683968704939,-0.3776987686277422,0.20408479926115372,1.498122730083189e-05,5.179321826023072e-05,1.558467244920632e-05,0.00014926601984373004,1.2118879379353964e-05,0.045118086931606044,1.3485993106340142e-05,4.237756674762052e-05,0.008046580263137598,0.08088983938648993,0.11209874750504764,0.35931264448072026,LCO,4,78
-20210.394419606164,2.3597356451957587,0.0034895692385505995,3964.2370873038444,-0.3396871675013191,-1.160312832498681,-0.3361670448683295,0.20419023359507626,1.4817010050389874e-05,0.00024141941039858446,2.7092555327193146e-05,0.00011103147486134248,1.2104322174794158e-05,0.045488809630424266,4.720034956347803e-06,4.32107577187645e-05,0.006578488761791701,0.081354513198355,0.15606215078067304,0.3564162911526425,LCO,4,69
-20368.005802837684,2.103379376900099,0.003992025755084322,5168.6152555460385,-0.3105168538549439,-1.1894831461450561,-0.6781362355758254,0.21632863267951163,1.2167091937109403e-05,5.175920690974185e-05,1.8360387623133454e-05,0.00010072026951006674,2.2210998814773524e-05,0.0442597179636808,3.5673325638678583e-06,2.945626392160674e-05,0.007346348887221769,0.17745959285613888,0.044785358871317515,0.029618812696718365,LCO,4,71
-17868.379498397862,2.0785189951253944,0.01335788402418131,1548.2886997018109,-0.41855310244252664,-1.0814468975574734,-0.18931428259526129,0.22177379418364618,2.425587248592984e-05,5.0810494346142116e-05,2.734021952317631e-05,9.584273255302205e-05,1.2098585566049119e-05,0.06019971432105617,1.0734117772103238e-06,4.360297137607676e-05,0.00628090238918467,0.08069403250064344,0.15611986844078715,0.5038718164633081,LCO,4,26
-75255.76174963245,2.6551062928996467,0.047619218194440156,1409.6544485461382,-0.4894835355488958,-1.0105164644511042,-0.45134034978456133,0.2293094923336286,2.400499542472164e-05,0.0002242649645837093,1.4699720845735244e-05,5.702589816174358e-05,2.8646162801640505e-05,0.08161416886708976,1.610192337931862e-05,4.7660686416957793e-05,0.008742160996504638,0.030958302442519868,0.37505536451236027,0.07264598326055859,LCO,4,8
-8318.72468034708,2.1939652715222895,0.03249592291148049,393.65753712827075,-0.2540021396088097,-1.2459978603911903,-0.4143721742655335,0.25537982681986315,2.955683409571327e-05,6.333337924770058e-05,2.1553738382764398e-05,4.95287810903071e-05,1.858059877480978e-05,0.04073347206658427,3.902840642621405e-06,4.949051364310112e-05,0.004899785112601447,0.16516671800255223,0.16749679165725523,0.18296431607465907,LCO,4,16
-494997.0011675927,2.271733567900345,0.0027692601253575546,77681.7240146327,-0.3675046798549424,-1.1324953201450576,-0.227025950869984,0.28528147545329813,1.870403714765805e-05,6.691982735598712e-05,2.1234324661657127e-05,4.542897164986464e-05,1.600704622611029e-05,0.07700604757764651,1.321047720736398e-05,4.880525759898994e-05,0.021199420379467,0.015211867185371597,0.09287046801238787,0.5948917139322566,LFP,4,91
-333165.598531809,3.1034962363299137,0.20371384795843167,5567.134801495993,-0.5353907896620917,-0.9646092103379083,-0.3616904602050307,0.3137802141044139,2.6370371112828395e-05,0.00021502378409562302,6.800955256969367e-05,5.156282800170094e-05,2.9385011256921645e-05,0.08941195406032817,1.9796103340343486e-05,1.7856493506845124e-05,0.021277927501074944,0.07005884887013666,0.3447189531482827,0.15353173777654994,LFP,4,5
-199177.83088010177,2.6282881003542964,0.056355111517734965,7495.964262713793,-0.47854198257023484,-1.0214580174297652,-0.13009277058712554,0.23575284902795085,2.6377458515173026e-05,0.00016808198813974756,6.414559267711336e-05,4.565011174541925e-05,2.8038608560181948e-05,0.05078337736258619,6.7437836689751214e-06,1.545542962249861e-05,0.022358138600661534,0.02633743659601846,0.26989393897610864,0.5036758538407474,LFP,4,12
-650795.8351667793,2.096333844366396,0.011483071285058868,32831.558276653894,-0.15285869624229598,-1.347141303757704,-0.09175323494044119,0.26610477180915065,1.5478843803421805e-05,4.163185654499671e-05,1.3635561849328236e-05,4.977415838108307e-05,1.2154692544285962e-05,0.09893247928715086,1.6099195470910874e-05,4.667011439892792e-05,0.023365037824953767,0.21826479248582906,0.029573327022677235,0.5904086455510525,LFP,4,26
-238873.14374524952,2.6209017962130443,0.009019641591934904,21135.80557368511,-0.35338275471260694,-1.146617245287393,-0.36689092620712616,0.22176358445407013,1.8974908632002756e-05,0.00022799685873230096,1.576621990420994e-05,6.949724160458234e-05,2.9306026554390394e-05,0.05185834690188991,7.499214504405965e-06,2.0262631082794597e-05,0.021103599058723815,0.04330790332603701,0.46631892024855914,0.05348225021827767,LFP,4,33
-36908.041188691976,2.628131122195565,0.00907207433610304,1488.2417124090427,-0.4215347970731038,-1.0784652029268962,-0.3017136201674687,0.21901469789880518,2.129729147846947e-05,0.00023625555471040117,1.0024570633978525e-05,5.9463447985182977e-05,1.6798908557703204e-05,0.07335188012921096,3.3099565280966028e-06,3.45680936790477e-05,0.0047980816141225315,0.04793478894412164,0.5075178676952271,0.07283372319318256,LCO,4,32
-402701.07449064724,2.4869785274609177,0.032755534992246677,13007.174946880117,-0.4784460829501036,-1.0215539170498964,-0.17937116839943357,0.33771533821654365,2.8442127978297498e-05,0.00012645414299237805,3.7017886961616513e-05,4.2267920794948e-05,1.362241523282629e-05,0.0951500742320836,7.714056347609863e-06,4.7813096149260114e-05,0.023085684024979604,0.3481031870314838,0.26263559667647574,0.13989004789260692,LCO,4,10
-81269.6767509836,2.4261606568606258,0.00026134947466834924,40804.468853322025,-0.13494581206605005,-1.36505418793395,-0.14900425730860067,0.28661927790636044,2.6408929164512162e-05,8.10649211289872e-05,8.4633391649658e-05,4.247714643839066e-05,1.591875401238078e-05,0.041603186484857696,1.3508558199083922e-05,5.856831162404656e-07,0.02069315777169042,0.010334587839369691,0.27166885480067277,0.49899230005135686,LFP,4,93
-200712.33055917814,2.0994242527622102,0.0024217112363234127,88327.92711214199,-0.26130924942997424,-1.2386907505700258,-0.26417314051384033,0.21688829001258395,1.334208958505048e-05,6.852711229911573e-05,3.7791220745434794e-05,0.00012883662264815608,1.9253635500917705e-05,0.09433231505486106,6.036519716933544e-06,3.710317074403408e-05,0.01862831770182617,0.024442529778401,0.0806104952833449,0.5607738344244139,LCO,4,99
-719389.6239215672,2.321218083678485,0.0027126733995905313,139333.0515260027,-0.22228538497135197,-1.277714615028648,-0.26586417226043535,0.21861614470468552,1.361617067449553e-05,0.00010292253319012427,1.3721723687851152e-05,6.014999211294532e-05,2.081857528933518e-05,0.09788833360587484,8.654428289240418e-07,4.185164751848058e-05,0.024830529817509335,0.015471890696553782,0.056274872665263286,0.5923890643777476,LCO,4,88
-645896.2536531065,2.0889075158522425,0.011122202792586468,41093.46150405878,-0.3384773893386246,-1.1615226106613754,-0.3346148852551907,0.2419554429618066,1.788560827222789e-05,4.078247485293202e-05,1.3543146668554875e-05,5.09638639463094e-05,1.2040997696380146e-05,0.09893403178359521,1.851297492571097e-05,4.716655907948843e-05,0.02265303921172963,0.16313501045823825,0.02893889309227978,0.40331121119429136,LFP,4,32
-244970.19046239508,2.2890811414269567,0.013829592632779573,15314.188006587074,-0.371653310654267,-1.128346689345733,-0.3333243315022427,0.20427134358839807,1.3348845411035026e-05,8.221010310618039e-05,3.795884065769795e-05,5.127254385859172e-05,1.2876362656742534e-05,0.047405632896194067,6.036886200192473e-06,4.9362691167990895e-05,0.022612108471970448,0.02492277215577701,0.01086083935034074,0.5608920569916396,LCO,4,23
-23103.565458214336,2.344190624788691,0.004055171416174277,3311.221550411172,-0.282321377412881,-1.217678622587119,-0.27242739684816497,0.40784407342666107,2.257521820201852e-05,0.00011321723760606523,1.0126283644086138e-05,6.0709059938136707e-05,1.3561563669777276e-05,0.06747214524827728,1.7122789658880114e-05,4.0573036684347745e-05,0.004510399221245491,0.1613281327054783,0.09645441252210334,0.39979005792425343,LFP,4,93
-330564.0419660804,2.5666181424666337,0.0039278510476999364,39957.911224385505,-0.3804615368221711,-1.119538463177829,-0.23555826770368438,0.2291535678311028,1.769902110926859e-05,0.0001578250888558536,1.1106775601888441e-05,4.3637570801087036e-05,1.570399733401362e-05,0.08203523634403254,2.0001822646864194e-06,2.2673353908964903e-05,0.017346261963041256,0.09667267157947243,0.0305999336596698,0.5671691270571734,LCO,4,61
-17202.301340748432,2.3081149593841284,0.17513074295812794,216.85300191648437,-0.38970805648023443,-1.1102919435197656,-0.6158036250762045,0.48981815229364817,1.612909065539041e-05,4.851355120595298e-05,1.089046271450559e-05,0.00011669273426605762,2.3065977034767717e-05,0.04689398432583648,1.1957053690268485e-05,2.2128702686611652e-05,0.005612242390455713,0.14789466394222067,0.0802540407777426,0.0860476702038323,LCO,4,5
-146448.4061638229,2.6579248957935486,0.08902798610867732,3704.7381628198486,-0.5761228325208894,-0.9238771674791106,-0.18725399396292242,0.3374926003587677,2.285873681797743e-05,0.00023310193102551936,7.685974414396335e-05,4.2285442204599204e-05,1.4324398703741663e-05,0.09507443108297714,8.756238714076679e-06,4.908561852758853e-05,0.012112536108702273,0.018109239914056573,0.26109387864133,0.46354288748169115,LCO,4,10
-341511.6861465809,2.3684062526429432,0.002936410914453226,54828.94827929935,-0.1221324809675739,-1.377867519032426,-0.31164574125977584,0.3179067850992453,1.3237669847991914e-05,0.00011450861212608113,1.3352477079508345e-05,5.442070923229484e-05,1.4039490952544564e-05,0.046955622960040834,8.121456049724701e-07,3.757397976623024e-05,0.022036842853855383,0.023247106698318348,0.05261879515704411,0.5424883568848617,LCO,4,88
-395538.98260890285,2.5615298372332327,0.0035355497361265666,62578.07932810456,-0.3690089555135785,-1.1309910444864215,-0.2973195032198145,0.20466837333889296,2.696893260365063e-05,0.00015940817197927386,6.21974643068087e-05,5.202005210911644e-05,2.004808319376928e-05,0.08239566868061399,1.8792870716569936e-06,1.5594168271898538e-05,0.02137166864583802,0.09909446813822517,0.03057316049044313,0.5030128681515172,LCO,4,62
-95087.98100978544,2.4160029804047443,0.004509047063596769,12083.557633021795,-0.30298145683576294,-1.197018543164237,-0.34479337392123033,0.2139364016704941,1.3491813068977607e-05,0.00014354792569146651,1.5273866060519894e-05,5.120095600997563e-05,1.3556860612228214e-05,0.06621528199297114,1.7281361097088214e-05,4.732743292655897e-05,0.0106757101788454,0.05456123726387023,0.10254312289539032,0.4281022659195092,LCO,4,57
-45752.36469620976,2.5145029017210074,2.5174538952854477,650.3383060578844,-0.7165790877408593,-0.7834209122591407,-0.6109010666002563,0.5621299094675409,2.7837183628020627e-05,6.774568662473546e-05,6.488285091629553e-05,0.00011950699473630197,1.9183868979561213e-05,0.046588840608618544,8.684706028617984e-06,4.988500610558089e-05,0.012508790961704982,0.1380045645764838,0.06455213932244393,0.11654222950081602,LCO,4,3
-143604.08124240238,2.4266473950359417,0.003716926150280642,21602.497167760386,-0.35849124986513914,-1.1415087501348609,-0.22885185520781914,0.2314217704033965,1.6407102444137568e-05,0.00014387615338143372,1.5327899100239224e-05,4.466585895972897e-05,1.2647105217332474e-05,0.0950298902132708,1.5553598520035482e-05,3.8743552737214755e-05,0.010679343185772676,0.06911576471381203,0.10334909931372654,0.5286832807646423,LCO,4,75
-11503.205331004514,2.2946475538160707,0.015997459864149733,2178.19676313342,-0.3616498783358111,-1.138350121664189,-0.44541571375598843,1.2977546743642203,2.0642011959338017e-05,0.00011512199368350821,1.2454433184255764e-05,6.929000575575457e-05,2.5820200732152058e-05,0.047152153906878824,5.419732779801241e-06,4.496457604366553e-05,0.0044341967936445525,0.013430527685004856,0.045391805493817244,0.4257619530651895,LCO,4,86
-403085.1672207273,2.336564112242704,0.002499570153221031,75607.79870600905,-0.24696643727012813,-1.2530335627298719,-0.26654315227311165,0.2317575057589588,1.7914514708079907e-05,0.00010853341916075629,1.7058725146769954e-05,6.236544695541393e-05,1.211486062543769e-05,0.08425163706736082,5.866869010507617e-06,4.062063665349555e-05,0.019592477849508773,0.01621068280629448,0.054099706882690016,0.5931464580379039,LCO,4,88
-11155.540378396398,2.13436036880023,0.0034193051877149045,3441.743901448392,-0.30534215689007205,-1.194657843109928,-0.37681137569452217,0.24625511546886833,2.498663418154168e-05,0.00011818188493470219,4.9242441786491986e-05,0.00011916688096582572,2.374080540137773e-05,0.04246659609243779,5.672571049364733e-06,4.1426713092294895e-05,0.00654873445081954,0.3802052502288472,0.09119540433514006,0.08178796974149063,LCO,4,67
-57924.72460530347,2.3690260958725107,0.005295347756020317,5953.080501374656,-0.34328064237847045,-1.1567193576215296,-0.19969348008085996,0.20527118659074117,2.435075709969024e-05,0.00012037883572752815,2.4678662629371488e-05,5.095194160638365e-05,1.6162782993577932e-05,0.08351080605566916,6.574627833375991e-06,4.3052767919803904e-05,0.007703865752793256,0.0740775819108657,0.1499522916635162,0.5062766463447582,LFP,4,48
-89178.46017870642,2.1924017471600763,0.0023919011259573826,19111.77619991097,-0.22599660578257463,-1.2740033942174254,-0.6500163499036619,0.21086073450564,1.6452142931002596e-05,5.145378553434132e-05,1.3332865439725211e-05,4.439659551576299e-05,1.2146326819509913e-05,0.06490831653605957,1.6668955859702164e-05,4.734922335110953e-05,0.010672379739186676,0.06672810735567575,0.09948152458327791,0.1137740181573845,LCO,4,90
-173194.64981055033,2.7539613121317896,0.12649961236362778,2151.3090565310667,-0.30265128569993394,-1.197348714300066,-0.7337525156060458,0.312309188311897,1.7050359864305907e-05,0.00011151399947856161,1.0978584543364485e-05,6.063152857906504e-05,1.4392630284548488e-05,0.04218981168762204,1.4367208880802823e-06,4.1391293059439316e-05,0.020216864407496055,0.029492606224486843,0.03029162988933994,0.1364632482801275,LFP,4,4
-118401.10452634748,2.268394919281722,0.002718444411316364,21829.599369090996,-0.3179328239953687,-1.1820671760046313,-0.3722837819157444,0.20967582982097088,2.1623258952274994e-05,0.00011566472233285955,1.1796487241573526e-05,6.911158118755221e-05,2.586734946602748e-05,0.06781495027248054,5.0955671676880355e-06,4.124862842545797e-05,0.012307739271808633,0.04805750943119502,0.08308857944486231,0.42657012920819837,LCO,4,80
-339422.6282356089,2.3752113730895577,0.0031264277912420187,52285.51681997358,-0.2611700208887555,-1.2388299791112445,-0.3149846029183957,0.3207813863722802,1.2306619401064006e-05,0.00011695778186941917,1.335075744628155e-05,5.4870461571748075e-05,1.4024037112138583e-05,0.04094770087357804,8.117278964462055e-07,3.747039263452263e-05,0.022994171996040848,0.01975433406938451,0.05220970784529609,0.5430513551669237,LFP,4,88
-39287.691023299165,2.181791690388869,0.05539135139542985,1307.994978084248,-0.359436068958221,-1.140563931041779,-0.6912363645857232,0.39733577694111166,1.701832175931968e-05,4.251860820476776e-05,3.306459729342237e-05,5.1267443678913035e-05,2.368832879392232e-05,0.09686571525173461,5.965501307919267e-06,4.9568320121151365e-05,0.006048273338134525,0.057658889555111364,0.06428989784799057,0.11681484801117485,LCO,4,13
-237448.04901860608,2.416326896406293,0.00592399560263169,23441.424677782918,-0.20894496310589794,-1.291055036894102,-0.4493393332251807,0.27675718940880023,2.4010802477489694e-05,4.827336404297813e-05,1.5240024979390507e-05,6.857064710747611e-05,2.512911973767911e-05,0.08932639326613002,1.8101369953005085e-05,7.6163411007803255e-06,0.01569891427992757,0.0208075902061197,0.14426136719062652,0.3155917093780731,LCO,4,42
-72708.32430514667,2.509451165291347,0.002806672390314317,10981.811123148134,-0.39441455548840665,-1.1055854445115934,-0.7422551053476254,0.2009993119909797,1.640480417011069e-05,0.00015861677581508306,1.733562686383801e-05,4.215342492686154e-05,1.5138860554914923e-05,0.04103221089143443,1.7959072342701493e-05,3.754955667878048e-05,0.0105142260382067,0.029462255533358447,0.026825419948179857,0.1314572191708363,LFP,4,76
-213247.34993711772,2.202783893422841,0.050671892757216015,7207.269866541724,-0.3451142159896019,-1.154885784010398,-0.41174424327183634,0.4870527985631783,1.2384496298768116e-05,5.5562168881151394e-05,3.813540266594399e-05,5.1267354741481404e-05,1.2538001298947787e-05,0.04707707968519864,5.9352221618520344e-06,4.936142564877158e-05,0.020488744295126766,0.06960209663503993,0.010564472719297474,0.4380891873738263,LCO,4,13
-61179.55260079461,2.3874783316287993,0.003498656969392035,10768.192377757385,-0.34968303373180376,-1.1503169662681962,-0.24846513437047246,0.24076108094489504,1.3986403627777061e-05,0.00015686022078594805,1.1788715886335227e-05,6.964902550179775e-05,2.632126474584582e-05,0.05496261866079591,1.5644848760992724e-05,3.867526700573366e-05,0.009906637838802372,0.06943644848243019,0.08298650388223268,0.5291119132648647,LCO,4,75
-18592.230909810987,2.4048591431870348,0.0025168224045470176,4533.887549308838,-0.27491777350456026,-1.2250822264954397,-0.35411903610226236,0.2454927684534957,1.3165320779357423e-05,0.000112847600436906,6.61612082659549e-05,5.390249048429116e-05,2.394087637168512e-05,0.042327856328920874,7.86855844989e-06,3.7534070564656945e-05,0.006311814116434181,0.019422499428935258,0.1092300049773518,0.4472284594914506,LCO,4,97
-143920.98335130842,2.788437584811269,0.3624608180808587,1762.7354929087585,-0.6039278966682105,-0.8960721033317895,-0.3395364614509768,0.24640873227312635,2.4253281409832794e-05,0.0001263609907038037,4.3518795152642114e-05,0.000149865241694703,2.5448551654967174e-05,0.042217657239053664,6.3602771450756565e-06,4.6271122721401256e-05,0.022420371050025346,0.06709577060706537,0.017698872987593234,0.5056688949543646,LCO,4,3
-447003.443811585,2.289969184804497,0.0025759228716768752,94058.1256664232,-0.3525562408132945,-1.1474437591867055,-0.214991343350048,0.2042121836728769,2.5327505062025148e-05,8.212947404506214e-05,5.041710918025639e-05,5.1210916562210826e-05,1.288854831333834e-05,0.07742273043070176,6.05951263913975e-06,3.741502403476489e-05,0.022554398639162056,0.01454757684816679,0.11666557004637904,0.5837955097554063,LCO,4,95
-449789.9278701227,2.5903441586876124,0.020849724958565595,88998.00907912973,-0.2851430878457162,-1.2148569121542838,-0.27651415803768964,1.7386829529111911,1.7837666375937597e-05,0.00014946978531803982,1.0079514430580048e-05,4.3310456146444717e-05,2.584097433136408e-05,0.06820716593216312,6.692677124381908e-06,1.1282682249233221e-05,0.023667756018683192,0.013257222851694235,0.04543943634284182,0.5947891827677744,LFP,4,90
-60637.15485033896,2.4099248203548984,0.01706555599144504,2951.8928348223467,-0.36304017888313567,-1.1369598211168643,-0.6242226484674283,0.2812676831204617,1.6157508900247146e-05,9.32183848466735e-05,1.0841786200454686e-05,5.151011909113001e-05,2.6699486343168926e-05,0.05330005425055173,4.991020053920789e-06,2.2002202737196474e-05,0.010362916742675005,0.08724435332168438,0.09187609071140933,0.12665690749947814,LCO,4,18
-384679.36868196743,2.3833731554871402,0.0031437909072007672,60203.02565483808,-0.1221324809675739,-1.377867519032426,-0.3154543990270927,0.3221377697302114,1.2130827079530246e-05,0.00011337639480803835,1.3352508214566974e-05,5.507428399294524e-05,1.4046198871214832e-05,0.04703619787455704,8.12334389591731e-07,3.74685933058686e-05,0.023008539479028544,0.01860921492895473,0.05261915450877311,0.5433172315351795,LCO,4,88
-15464.702555367123,2.172225596155936,0.005616064005181009,2749.607675046011,-0.27515217846016427,-1.2248478215398357,-0.33189839583987235,0.24661438763653112,2.503849298826893e-05,0.00011032484258373474,4.888920254608152e-05,0.0001220012476278497,2.403292259451751e-05,0.04232678317551669,5.664229025007593e-06,3.571588760575929e-05,0.006656192615081577,0.017823932584334123,0.11700140253121567,0.46327626904457797,LCO,4,54
-369726.96024640003,2.6295390651065067,0.04125326435602171,11025.728038091009,-0.4604130793776342,-1.0395869206223658,-0.7169051055578466,0.20228946271394974,1.2473334308389298e-05,0.00018962524713407884,2.3213253768817418e-05,0.0001094220466268381,2.3514100601547748e-05,0.0841964347680119,3.577762730190198e-06,1.228095125446021e-05,0.022396416226355464,0.06774770866079138,0.060402363214253366,0.08494482256710875,LCO,4,8
-19979.845277720327,2.0959519425999744,0.02233414850183877,1206.0330670222631,-0.2698225616900807,-1.2301774383099193,-0.7674346042850071,0.20218389327969993,2.6779353342418986e-05,5.630283186153772e-05,1.0124494901859562e-05,0.00014802599547490878,2.3128200184487933e-05,0.042405657693909186,6.252151966390364e-06,4.102900303235881e-05,0.007900955459966242,0.0353300374033917,0.07039468878988756,0.056840669521713696,LCO,4,15
-22030.74095586797,2.4165428213158755,0.004207480077982719,2678.689311048872,-0.3316666698722681,-1.1683333301277319,-0.19416847054767505,0.2466071644583023,1.3034251616885846e-05,0.00012059510114772685,4.908417359806601e-05,5.3684505971846346e-05,2.373721436827613e-05,0.042532388919500175,5.6627790784035756e-06,3.752966778814201e-05,0.0066588875336490395,0.16893910328912676,0.11595212139854356,0.4509403047646547,LCO,4,54
-225001.83425422254,2.356378354955625,0.003972340123362697,36166.128829696056,-0.2578712015632245,-1.2421287984367755,-0.7084998234733568,0.3122796589287602,1.7055261851531206e-05,0.00011200380243508137,1.0090949393692084e-05,6.07986191927422e-05,1.4038990938306483e-05,0.042162843617935646,1.441124124338211e-06,3.6078425042043224e-05,0.019353772799852325,0.025395802183368142,0.06264642163295413,0.13345795271032093,LFP,4,74
-31308.621772742423,2.4400035405006744,0.009704053763149319,4045.787341838354,-0.3618038391177585,-1.1381961608822415,-0.461890986617988,0.8542576534055405,1.2406526282641513e-05,0.00014952636680037363,1.7690275710131444e-05,4.040973032863993e-05,1.6133380076657758e-05,0.06621080662490396,6.691888255740679e-06,4.91038407844819e-05,0.004704106814239006,0.012173023532640371,0.105995737408096,0.3499402524412757,LFP,4,95
-281960.07047328237,2.4513498503177082,0.004796252144210063,40572.19684504536,-0.3332356162640391,-1.166764383735961,-0.30733611002676897,0.24973398810204547,2.652863132892384e-05,0.00011635912264088568,6.390967962928537e-05,5.0669114796230693e-05,2.2908070114597042e-05,0.058346833124589326,3.0350400126975346e-07,3.794661526819671e-05,0.023014570898395682,0.09927190993120419,0.02144289265295107,0.5019490873890758,LCO,4,50
-155462.00762286756,2.5860625791019385,0.0022489262804683318,30663.914287479754,-0.3617960136879166,-1.1382039863120834,-0.27118113501701047,0.2317350631999289,1.640621843859819e-05,0.00018761939375322998,1.3294934978578838e-05,4.4272233208567806e-05,1.2070403457195373e-05,0.09512098339437126,1.6674272831184325e-05,3.491637617843029e-05,0.010995079852951607,0.07025066962683522,0.10568709391087545,0.48288110144527896,LCO,4,97
-255281.91967177097,2.6481202611266004,0.03827855731291045,6787.4854418254445,-0.5572320245446285,-0.9427679754553715,-0.4624506455996408,0.23330158929607364,1.9009183823264848e-05,0.00022905391367690866,2.2577382447913732e-05,4.8880643945457923e-05,2.9227234474501474e-05,0.04778443303954313,7.0493822434549734e-06,1.7233479515259686e-05,0.021229127771610967,0.012784337272995622,0.3457477493867489,0.10901726774061475,LFP,4,11
-513470.97500860377,2.1861264265749143,0.0027904088233701584,99973.17121653272,-0.2972622967421241,-1.2027377032578759,-0.7489501042892885,0.21718624141008516,1.862025218798505e-05,6.356435871160459e-05,1.5555593239070555e-05,5.3472557933391144e-05,1.2532618627953056e-05,0.07730658715095254,1.83783496249658e-05,4.746980247243784e-05,0.023204116641384033,0.08010257670310762,0.02056629658024766,0.08038102242735623,LFP,4,80
-163661.53020667486,2.4372600183628403,0.028869261985866482,6696.7973628700765,-0.13074752763136743,-1.3692524723686326,-0.011151774916695723,0.20521507791875948,1.3446087825182361e-05,6.367836940439872e-05,3.817996299820628e-05,4.916805456614716e-05,1.439507087434531e-05,0.04173281598637148,1.4608108351324122e-05,8.148697391236987e-06,0.021090984580929548,0.23515349602850905,0.08553323684676017,0.5981614922080352,LCO,4,15
-319563.5280796488,2.1483536683093742,0.0038759571235872075,36295.89778927955,-0.3049903949550945,-1.1950096050449055,-0.2477714579121596,0.237474174410166,1.9199086759073003e-05,4.510919178944759e-05,1.5129785404076059e-05,5.903519702534292e-05,1.4757377122710818e-05,0.08014298890997866,3.0027201344892603e-06,3.8194634914227354e-05,0.017223348637311377,0.033337853408321676,0.07913492453979201,0.5697557641397267,LCO,4,62
-270452.82407414325,2.0825041903347596,0.002536971758578096,93156.08675521346,-0.3371156167111167,-1.1628843832888833,-0.44121210801667543,0.21661873046230323,2.1320478034717627e-05,7.098148214888765e-05,1.1828061112260828e-05,0.00014854669026290347,1.9938982241854416e-05,0.06127417004712715,6.132581098535418e-06,4.129814374614709e-05,0.023301918513753957,0.03877494519368404,0.07252092511631365,0.37749202167332696,LCO,4,99
-209072.91408044455,2.2523641481331618,0.0025660102399277097,58873.713461425745,-0.3046346055006559,-1.195365394499344,-0.2019977245407092,0.2547086837924738,1.600276387524637e-05,8.719197652953678e-05,1.1621242447677145e-05,4.4320211412690105e-05,1.8913742333512277e-05,0.07095117575973113,1.7777224746492873e-05,3.0315839933752226e-05,0.01939541401716271,0.46592931283926253,0.048690962337579455,0.2133820002824489,LFP,4,89
-79250.24376015404,2.371921826981021,0.012803790223874754,6395.998569140709,-0.2547470833869365,-1.2452529166130635,-0.47215110109741304,0.20200801673541535,2.1808284415348385e-05,5.7487166561291506e-05,1.88540364179633e-05,5.018182917846832e-05,2.4398791546641603e-05,0.09872249043645809,1.9826662637491037e-05,1.2446313761624222e-06,0.010720780587776129,0.021283516558993285,0.10418065111957917,0.3323847312240146,LFP,4,22
-240658.0626213358,2.1474004066141736,0.028650498638487003,9062.113425627898,-0.3011823150308661,-1.1988176849691339,-0.34172749375071265,0.26397252254797243,1.2905708040265674e-05,5.4208519246633415e-05,3.27845492046902e-05,5.4389199158366973e-05,1.6491998956740246e-05,0.04141743744412162,1.763927723597897e-05,3.848061045214872e-05,0.024138072186519973,0.05755177006028415,0.033334315683780466,0.4973864205052228,LCO,4,14
-30725.450686684984,2.150740680052656,0.002640274764431211,7336.31215758188,-0.32116945053313906,-1.178830549466861,-0.3096763935354342,0.20520663644847648,1.7852814934761215e-05,4.46618759001516e-05,2.3335732821793956e-05,5.3441815657275004e-05,1.251839935247945e-05,0.08546378897881747,6.4226842432151125e-06,4.749873892329151e-05,0.006435292231033632,0.08016456079772476,0.020193767864559578,0.5199652778022815,LFP,4,81
-48799.55791151202,2.187610082597661,0.00235294966970267,9746.252214592061,-0.24319645374102627,-1.2568035462589737,-0.26778304701503064,0.22774239574642816,1.2178573715221858e-05,6.165843093368972e-05,2.9693530165376676e-05,5.5104434971975335e-05,1.598648306414138e-05,0.08433544213874086,2.9565483293812714e-06,4.389252978698664e-05,0.00694091883305459,0.06694281629285412,0.01432804017728495,0.5809460965148303,LCO,4,91
-444769.3149460138,2.2637837268148044,1.1026776720021194,5407.79077929647,-0.4011279674485593,-1.0988720325514407,-0.24049764621527947,0.20622758374579925,1.3127976937015564e-05,4.903889975593725e-05,1.334642616611345e-05,4.4787051077356425e-05,1.720676232829496e-05,0.09506638735194753,3.6612619185585226e-07,2.9598430362611183e-05,0.023968810904470873,0.03147892640606576,0.1108539733323749,0.5471694540462799,LCO,4,4
-43159.73799053594,2.2099428497439018,0.002242794273592061,9181.268341547768,-0.2906112190127086,-1.2093887809872914,-0.035972308304096035,0.21032969105446941,1.262337262495402e-05,4.3221747537718804e-05,1.898524301068934e-05,5.529788001609687e-05,1.3822890006099042e-05,0.0772558098900695,3.109054495393044e-06,2.4020034525296457e-05,0.007194138374164759,0.23744836844785425,0.14469582390995464,0.5118834993380952,LFP,4,98
-598100.0390956013,2.1613058999985633,0.0023543210696905345,100223.0892202175,-0.3031996597413702,-1.1968003402586298,-0.22008405353196847,0.20276775221747248,1.771255389169374e-05,4.170034509702764e-05,2.442923561087589e-05,5.3465971857236476e-05,1.2357750710491548e-05,0.08540546893383208,1.5378584361323125e-05,4.648232411545207e-05,0.022598104288923778,0.11695132250031176,0.030241193209807116,0.5627234307579128,LFP,4,93
-332844.87391662796,2.279845971346568,0.00259079282740643,64341.168251332834,-0.36971397481886825,-1.1302860251811317,-0.6914881061933967,0.23129785985498577,1.864953153565872e-05,7.157088305723177e-05,1.3505239969487932e-05,4.152263505078981e-05,1.2405549923425018e-05,0.04533567755815435,1.9795964721226464e-05,4.453227420055327e-05,0.024548705624326417,0.08003955050873954,0.024378988022355347,0.13409335527550845,LCO,4,80
-38830.53482218304,2.383163110014858,0.04795400959008269,759.9858539498298,-0.31093067421721443,-1.1890693257827856,-0.22335778545977314,0.2006798317976561,1.6106169546170284e-05,4.459001316988896e-05,1.8757007496620648e-05,5.346866582355903e-05,2.9113853388149383e-05,0.09897655731319813,6.103855519202631e-06,2.0003989388609402e-05,0.006391166540571133,0.08114005076598205,0.03455448205584166,0.5909476817184032,LFP,4,8
-407749.66801084595,2.277583208487543,0.002635257291799389,84281.1490763777,-0.2153787418284132,-1.2846212581715868,-0.20180868191234624,0.23977055845376335,1.3798426499043035e-05,5.386600921314567e-05,2.3658218242026233e-05,4.523376803840629e-05,1.4625591530447281e-05,0.05995889429980833,1.6824906459253812e-05,2.0831542308657356e-05,0.024707960717394794,0.06382196682625885,0.1837147418539068,0.4806546094074882,LCO,4,92
-244808.76022731356,2.4438194950562897,0.03669242596381911,6675.893431109747,-0.18929930476616974,-1.3107006952338303,-0.11449777519379911,0.27608401111297903,1.2384665808185419e-05,5.988426007771869e-05,1.1857429025736e-05,4.158720401968958e-05,1.7879536315048303e-05,0.0750324732475782,3.050215916396822e-06,7.438988677347442e-06,0.023046905827889486,0.11102731858681329,0.14774308459046048,0.5567318216289272,LCO,4,7
-232519.3282056274,2.2729440112205506,0.07033949345891574,5479.785945357445,-0.4556160162402083,-1.0443839837597917,-0.44569367265934834,0.23128909914535686,1.2371670917115979e-05,4.4762242272628204e-05,2.448602843064645e-05,4.645313890669726e-05,1.3846226412667743e-05,0.04756507502674747,1.9875854632339668e-05,4.4064199655005924e-05,0.022779834484346204,0.24643063636776769,0.020893249159654417,0.2169824418132296,LCO,4,8
-293365.44161974976,2.201481808698985,0.0021812013764025504,70828.63518174115,-0.27418629093198277,-1.2258137090680172,-0.47463404486144417,0.231950054864268,1.223001380730536e-05,4.5066910233426256e-05,2.405469460141284e-05,4.635289001606168e-05,1.2775218643360587e-05,0.04591574246755237,1.5190749092161073e-05,2.8561513166723172e-05,0.024134987704909096,0.23972176004257556,0.023182400025414412,0.19246179507056588,LCO,4,94
-502410.8950443331,2.581599269739835,0.003955409354770025,55593.37777365481,-0.2892358579098211,-1.210764142090179,-0.14623170747211656,0.23130507079091858,1.6570878712448252e-05,0.00010568192869032212,1.061791426582464e-05,4.089426792232234e-05,1.6169949668341498e-05,0.0835529979856513,2.444592591359825e-06,2.257047007340396e-05,0.021057365047472604,0.1378258441481679,0.08090868838943621,0.5650337599902794,LFP,4,61
-224039.5798710094,2.38260734206963,0.002667895381362257,38214.475409765415,-0.33801612165748374,-1.1619838783425163,-0.414003218234268,0.2320840672190484,1.2201381305549486e-05,0.00014779039959390684,1.5078996334060438e-05,6.0190868452209206e-05,1.2773862594845681e-05,0.05342568839316575,1.862029569992704e-05,4.584517126827878e-05,0.017730303599573193,0.2984461637916111,0.020740959791277304,0.1968096581828436,LCO,4,76
-12472.215002765066,2.1455451033112043,0.0028131601278851477,3107.2456220017248,-0.3265100138373107,-1.1734899861626893,-0.12250981408862993,0.27799637762897533,1.5972815261067e-05,5.070200385080352e-05,2.4313480638217305e-05,4.4274526963180296e-05,2.1788369352074078e-05,0.0711054707352945,6.398867590453774e-06,3.0313025939518436e-05,0.004580794529649513,0.5490863626179339,0.04700976468010919,0.21139405861332708,LFP,4,90
-111326.18345486638,2.1747722320401683,0.00507911394730321,20521.762593384123,-0.2558564366664289,-1.2441435633335711,-0.015817494678175392,0.20318088197100587,1.473034167574259e-05,4.94018347577943e-05,5.8102737644544805e-05,4.192378032453277e-05,1.779202560857069e-05,0.05328954516620373,1.7255371123944673e-05,2.8079828279387324e-05,0.015261890448985278,0.29851220243670645,0.020362879862603774,0.5953074230225144,LCO,4,70
-76015.27151388014,2.3093646217440735,0.005997865271236182,7189.914799903701,-0.20598119348329647,-1.2940188065167035,-0.49443460860120586,0.2762899487663466,2.007938886296156e-05,5.0056439725425895e-05,1.5210362567222756e-05,6.872419888418997e-05,2.9714928021800005e-05,0.08889679656414935,1.8087382238344222e-05,1.2113388008822867e-05,0.009058095328200719,0.019471875605810346,0.10077918852911974,0.3153143272638641,LCO,4,38
-113890.17273933635,2.249749295576938,0.002970788710033039,26335.56143448288,-0.3211339404398075,-1.1788660595601925,-0.8837929465799906,0.22363947432383519,1.2002134454634022e-05,7.409542024093775e-05,2.8203811923028475e-05,6.488965193362458e-05,2.0180016787156348e-05,0.04086191295949778,1.8949756827622515e-05,4.581481589304398e-05,0.016144264131458686,0.01908458586659617,0.01596908774435663,0.011153379809056646,LCO,4,76
-138655.78379832458,2.3494852667979838,0.004967425232514121,20740.46505126672,-0.32897794298443195,-1.171022057015568,-0.40040706412868177,0.3066649956034217,1.9241784378051176e-05,9.42624915380714e-05,1.5022957496745566e-05,5.7448694588940824e-05,1.781875193316942e-05,0.04219188989572047,2.970014991505955e-06,2.4247272344062863e-05,0.0171578059758745,0.050515826757990226,0.09213901354368154,0.38693809556964653,LFP,4,62
-222827.48641553856,2.1415261957276766,0.025781847183313458,9630.531292857995,-0.34430415008162996,-1.15569584991837,-0.18353418444689718,0.27820026900742134,1.201009746601756e-05,5.074169886230995e-05,3.279211389453802e-05,5.409420674008727e-05,1.67798380488206e-05,0.040793991155319745,3.07869514619302e-06,4.523642939303188e-05,0.02421058572400081,0.12542766165210306,0.12138611990463628,0.49965203399636354,LFP,4,16
-90668.16465537304,2.2583470387617477,0.0036985780175107915,21738.584588320435,-0.2722706129688053,-1.2277293870311947,-0.32430380097686207,0.22003218098859956,1.6583207062256857e-05,5.956777406558598e-05,1.7256586076403997e-05,5.053512056404891e-05,2.0220776075037835e-05,0.04023625070114089,2.237097335261464e-06,2.254261848074618e-05,0.016024227147839385,0.1930552914261632,0.03474166056127535,0.37789924703569944,LFP,4,83
-309176.5131922611,2.527635329167625,0.003408328942698185,51684.676726591104,-0.3643791155393892,-1.1356208844606108,-0.47889036343834557,0.23214290808972518,1.2201166072488439e-05,0.0001498499477350813,1.4802188946615781e-05,4.0117546439105074e-05,1.2773241004455478e-05,0.04255330943929227,1.983836691208655e-05,2.849143091679931e-05,0.024271957498739827,0.23741878539836692,0.02318726376490977,0.1905035873983778,LCO,4,68
-750615.0060612616,2.2455915551179912,0.006316552273802751,61636.45622638818,-0.247935042047013,-1.252064957952987,-0.20403442791981652,0.2660849820230102,1.5135936136203242e-05,6.669855621232261e-05,1.363088834753328e-05,4.947436371437514e-05,1.214799418397229e-05,0.09900406821010958,1.868287681130254e-05,4.952384416509076e-05,0.024766454364573188,0.0998060103905834,0.03989871499262017,0.58626084669698,LCO,4,40
-288452.2023916772,2.2671048715536326,0.002119402870753599,61944.505283823106,-0.29452406200821635,-1.2054759379917837,-0.1156515587348037,0.24567913988416748,2.042118908424387e-05,4.0440463998139186e-05,1.5034216145247275e-05,6.280797086092174e-05,2.2689238929053814e-05,0.09814162809820262,1.958734937518703e-06,1.5747759588766e-05,0.017226064608537418,0.2595898967994125,0.01392565755939798,0.5408328869063859,LCO,4,93
-124472.67784973959,2.3564496950138953,0.0029342847963039925,30063.060798531034,-0.2909228160630626,-1.2090771839369374,-0.060890441035750587,0.29011002360669164,2.05041441320685e-05,6.142674990697994e-05,1.5141712584352376e-05,6.340894688533177e-05,2.2949145322541673e-05,0.06666023358661226,1.4477143201157142e-06,1.5762026400795323e-05,0.014585303033930123,0.10786822685563943,0.20412055253763806,0.557120779570972,LCO,4,93
-429367.48618107475,2.1679711545189058,0.004972357899997954,47234.53244353051,-0.2814593925200306,-1.2185406074799694,-0.7972794593214722,0.2026384727809665,2.560553944962158e-05,5.114601751728415e-05,1.5013537594644206e-05,5.0965808298365954e-05,1.6091232844431926e-05,0.08393421189606688,5.253743805883617e-07,4.7670137194030776e-05,0.020316549373452366,0.06012496565189233,0.057070514604223424,0.015525060422412123,LCO,4,48
-320536.13193001517,2.446723532562505,0.004256646302534987,45592.30008861156,-0.22553337281291874,-1.2744666271870813,-0.27144951067907364,0.2760404873633203,2.051632214205925e-05,0.00011098223982552657,1.6796946829291453e-05,6.526493920203361e-05,1.6164090803037344e-05,0.0971128117844085,2.433885304886581e-06,2.2532456198968793e-05,0.01702850720179732,0.17945086401048965,0.09223118031243631,0.38686844499800044,LFP,4,62
-242087.0748662142,2.1600486048455014,0.0025999180539600366,45752.371381541074,-0.3193927101444185,-1.1806072898555815,-0.17139908156314088,0.20644308805513722,1.8284653468241436e-05,5.41751089342533e-05,2.536810346681397e-05,5.336322006218929e-05,1.251957736557352e-05,0.05216848616562514,6.1598128802127815e-06,4.6539950173457536e-05,0.02052728365817992,0.13410642310153342,0.0376247941320549,0.5868697012032709,LFP,4,85
-42809.551198672845,2.131011867926953,0.002423997170960081,9802.060481431521,-0.17250576252139638,-1.3274942374786036,-0.23882233495978844,0.2338648214511114,1.2177768118681369e-05,4.200437873149427e-05,3.17473292672242e-05,5.5122495193654106e-05,1.27090270703921e-05,0.051308796064179374,1.9095355429967128e-05,4.393553120964218e-05,0.008957724404134362,0.23448300509855155,0.023274633902517952,0.4334200260391421,LCO,4,91
-51734.14293551429,2.5623710744860335,0.003585644966099109,8420.545846663306,-0.35229524171579385,-1.1477047582842062,-0.4472205325472711,0.2276996792368699,1.232570538041904e-05,0.0002471243662897044,1.461004517411654e-05,5.580906763578477e-05,1.596911232336412e-05,0.045043871701013344,2.795357649101974e-06,2.243161742833295e-05,0.00946284308645352,0.11398319074855699,0.09229026317680149,0.2765060135273705,LCO,4,69
-498978.02747574187,2.185935050961733,0.0037851635293851926,54214.89228128641,-0.30264157441098405,-1.197358425589016,-0.5673049090737761,0.2025872368563303,1.593073781466763e-05,4.996257175524294e-05,1.463937017561303e-05,5.096819367031036e-05,1.655313638120635e-05,0.07934495742752028,7.961409354779981e-06,4.7934462417703404e-05,0.020284603692239906,0.060135427341230535,0.056663934408377484,0.24589572917661592,LFP,4,60
-45971.97603504641,2.455116005226626,0.00543697284568399,4292.83402542403,-0.3237020204618144,-1.1762979795381856,-0.06603664854835889,0.20445242986137915,1.2362183695539582e-05,0.00014842375981082587,2.4572307779980397e-05,5.0936319860133803e-05,1.5905576211913556e-05,0.08350628909464602,6.579599156007643e-06,4.2652922174164976e-05,0.006613263646134282,0.06684913393009377,0.21392098311186952,0.5831932344096779,LFP,4,47
-117569.19717951045,2.5625403437070258,0.03604137759657818,3090.6954834372946,-0.45193254674433625,-1.0480674532556638,-0.11298586458946713,0.20445061029391456,1.2352898339328818e-05,0.00019250194207216594,2.4822355639467556e-05,4.6571584031253845e-05,1.4769388681411384e-05,0.09874546376730944,1.157941324304178e-06,4.836983064489976e-05,0.009654518396166066,0.05683636686787426,0.2158603382065822,0.5443174303360765,LFP,4,13
-737556.3994672452,2.1861462768198154,0.018409472961990154,30667.04534056796,-0.10518351489410271,-1.3948164851058973,-0.2802878745400582,0.2895685366297086,1.83717625099355e-05,5.390269819662312e-05,2.4636226809845007e-05,4.7251366349312586e-05,1.2260660578939144e-05,0.09722777524722842,1.8636588191491118e-05,4.953262565118441e-05,0.023780744979546,0.05247854073464989,0.0171415845489985,0.5800920001762935,LFP,4,22
-239621.17666241634,2.2487106256361273,0.012595644063650307,9681.78582896866,-0.3670425734069518,-1.1329574265930482,-0.3393085364359044,0.22003769348011246,2.9924630572883473e-05,8.935567129060635e-05,1.0786955201570887e-05,5.918093438801409e-05,1.3980552130224663e-05,0.04235446955672689,1.85656922256921e-05,4.4258024646110215e-05,0.020249565825844865,0.022014939416948345,0.01594543607429684,0.5527310880728504,LCO,4,22
-244399.93688335005,2.37505354370811,0.0011004348002715137,39727.41849064218,-0.18831402713081857,-1.3116859728691814,-0.12479104465128377,0.2500223323700804,2.3984644838977326e-05,4.824554447813266e-05,1.385415190003018e-05,5.515365798467173e-05,2.2838663692012854e-05,0.0893264537355651,1.8664085724818597e-05,5.92608225350974e-07,0.022082600194719564,0.06164114890798905,0.1440529373313879,0.5995148691093393,LCO,4,41
-61129.44093467747,2.198531128702923,0.004273487454318488,7511.624707693019,-0.26948406244641454,-1.2305159375535855,-0.5474667073224427,0.2080170370571985,2.9793584427121593e-05,5.358566400345753e-05,1.5225353453389835e-05,4.951074330183325e-05,1.6136462813210545e-05,0.09222721798374145,1.853014924374172e-05,4.7342297291806165e-05,0.007971271810426757,0.029816008377042028,0.08061658184617361,0.2721007024543417,LCO,4,50
-230763.36415834693,2.084822088615843,0.005594195867091707,25732.03847000303,-0.32836217106533994,-1.17163782893466,-0.3063825072091454,0.2007457574983377,2.9039758919384158e-05,4.067267600418021e-05,1.9485172537760935e-05,0.00010861989404091793,1.6113069452006097e-05,0.08642194995526081,1.5248869231845644e-05,3.569046838261505e-05,0.017129925816021015,0.02030464391560919,0.022699543377435603,0.5806133054978099,LFP,4,40
-127642.72195939122,2.2216161290475527,0.006815627236954603,11972.970917269566,-0.20219795477964908,-1.297802045220351,-0.2797385558068147,0.3210567242922943,2.97995373062918e-05,4.430853148395262e-05,1.2668757457167507e-05,4.0028714348509656e-05,2.4396529182723677e-05,0.09242417181607544,1.8454485625809896e-05,2.464245066142845e-05,0.011034456113500866,0.02003749843930941,0.1381956854915431,0.4920282602623328,LCO,4,49
-367578.8625279166,2.1390392092678656,0.0048467202868602045,41338.031691640725,-0.301696818443153,-1.198303181556847,-0.28690331067019614,0.2278383216176734,2.778200185756927e-05,4.475091194672488e-05,1.9376390504332066e-05,5.746297257029787e-05,2.9469945080167816e-05,0.09452725280061658,5.231310416201845e-06,4.6472902846253825e-05,0.019522429956394673,0.10232425070325898,0.037857710086258774,0.5029147285402862,LCO,4,50
-25212.954603123933,2.082237114703947,0.020489054395722836,830.1330711313044,-0.22701492401825263,-1.2729850759817474,-0.36231673046646373,0.32414577746493856,1.8323108855485055e-05,4.008128927891272e-05,2.8331677020041174e-05,7.510002971327974e-05,1.311347562514854e-05,0.08380904411672575,1.79637080650888e-05,4.985612187686358e-05,0.00410988075985699,0.040035007800189204,0.04550086897314273,0.48214739276020435,LFP,4,22
-381976.7894100836,2.077704915635872,0.006121099092963227,52304.73091957702,-0.3398032744944608,-1.1601967255055392,-0.3213874357314306,0.21182137971615045,2.9848503702889555e-05,4.925617774964764e-05,1.733386211009168e-05,0.00012108044517212112,1.4065366245957197e-05,0.09012787042704065,1.807855149615638e-05,3.490924909129803e-05,0.023950937811274955,0.022027610954505426,0.07248952062204897,0.5140954326920151,LFP,4,39
-520110.8014837024,2.128150071440193,0.0061711314988311195,38459.952431083024,-0.3461878291492049,-1.1538121708507951,-0.281811636811062,0.2270788942253357,2.6405108264499005e-05,4.420774960755739e-05,2.8163513990581696e-05,5.4204627051883567e-05,1.6682665418941323e-05,0.09458568939029835,2.3397105028465544e-06,4.531505135685414e-05,0.021342150405696644,0.10267754255032187,0.03704894367786291,0.5084618769607532,LCO,4,37
-193529.73284984595,2.1358909942841517,0.005594195867091707,20647.186378045644,-0.19066664006535916,-1.3093333599346408,-0.3767517836990327,0.2002654177050387,1.2880267346362825e-05,4.0727612017296e-05,1.8147487497730976e-05,5.864502505893963e-05,1.3465568199275625e-05,0.09772947192276414,1.9211093448627806e-05,2.9806338973926625e-05,0.014028201883571682,0.01935015411741635,0.01449935019110986,0.5193987119924411,LFP,4,40
-258192.39027999676,2.152352963770808,0.006521466038193484,22899.99044498899,-0.2579484150648135,-1.2420515849351865,-0.35751041607933254,0.20055620652038456,2.8103167891352623e-05,4.983045237741551e-05,1.95098760527989e-05,4.51539282034963e-05,1.5235552310167069e-05,0.08169755159489159,2.7607313484528927e-07,4.632119376223728e-05,0.017057253388554294,0.030492017637740145,0.039210826686846514,0.5027867395960809,LFP,4,40
-9603.318386976616,2.0699995009105323,0.0051508368010549635,1016.7416090967814,-0.2970824373358969,-1.202917562664103,-0.1474735145008924,0.2006340849886331,2.7774560916744315e-05,4.074305986995403e-05,1.5536881956214354e-05,0.0001085564415938989,1.3325535789814112e-05,0.05978928967037861,1.628978199995628e-05,3.5566485181766594e-05,0.004103076970472625,0.08428980436967143,0.11141154591351682,0.5868251352159194,LFP,4,42
-440844.90080175875,2.1340192108139373,0.002631600682676553,79046.16661874104,-0.23584432264193822,-1.2641556773580618,-0.2541977335625014,0.21653116659087646,2.54022430603511e-05,4.95203575953924e-05,1.1735983483740883e-05,5.348800849614275e-05,1.9965578381566778e-05,0.07036320372730297,7.421980652139414e-07,3.745082364852147e-05,0.02344654848198449,0.03903362490272639,0.051884794846164733,0.5848838466886075,LFP,4,88
-245960.73796040536,2.226290820204772,0.009823661912057274,10544.596788300218,-0.3670425734069518,-1.1329574265930482,-0.31492944986641513,0.21982536617465973,2.9925118812305703e-05,7.89932012945326e-05,1.0786641033878446e-05,5.2476802031726254e-05,1.761449227681721e-05,0.042340958379511004,1.878643948127774e-05,4.4227050932846464e-05,0.020216309784480337,0.02529608320917971,0.015938636254226077,0.5738358306701792,LCO,4,25
-45022.79335299506,2.1842791934184285,0.004991687685676483,3674.390343889371,-0.1742539646396999,-1.3257460353603001,-0.23977413269627978,0.2080187693863847,2.9276530608239552e-05,5.411344003757063e-05,1.5079426113115026e-05,4.9231368605949003e-05,1.3255878960648347e-05,0.0590841069375012,1.9475494289961462e-05,3.0119052000395354e-05,0.007983414144648458,0.028247105522835454,0.06620871726705412,0.5957700445138308,LFP,4,42
-99089.75432153343,2.258194255223154,0.035129492265696706,3129.6181613766867,-0.34491808797277557,-1.1550819120272244,-0.25108185068728706,0.33207102784071796,2.3549270659435986e-05,5.6474475045874404e-05,1.508039030480222e-05,4.9133099210188024e-05,2.3502858808070997e-05,0.05808870792408348,3.948168381837328e-06,2.155550831386074e-05,0.011966950168370977,0.10952953561599524,0.08144115961679621,0.48794745407992157,LCO,4,16
-156539.86796464073,2.6207912771759663,0.0293605555821829,1585.4593537411151,-0.10484964008949227,-1.3951503599105077,-0.4018092636035815,0.21990277432056315,2.365039785870687e-05,7.920056985920057e-05,1.2815119390393209e-05,4.0065512088964186e-05,2.515184747518421e-05,0.04354029381307031,1.950621477881315e-05,2.5688509487956407e-05,0.019106482494733495,0.02267920743300321,0.015449531982092233,0.49006199698132313,LCO,4,4
-374370.9728323639,2.0554039933104864,0.008553871107398619,56305.71521689167,-0.352914951923637,-1.147085048076363,-0.25260568695980823,0.28678733702548875,2.7089544784595986e-05,5.1008484430820616e-05,1.814953075549214e-05,0.0001371251026588803,1.286841166331785e-05,0.09726544789073419,1.9890941973077882e-05,4.6368976801682055e-05,0.024889455333804465,0.0932816939615183,0.019577036275506665,0.5645355828031668,LFP,4,36
-330944.4215984388,2.248179504627713,0.026770149934728427,13110.403616035452,-0.35443298809977897,-1.145567011900221,-0.6055457565460756,0.2197750775379168,2.3461288065258446e-05,8.349438171469288e-05,1.2720029277559298e-05,4.688163661938708e-05,2.5153930463211675e-05,0.06144108120946495,1.8842356466139477e-05,4.465656624546382e-05,0.022889143796955124,0.013649356354354266,0.02001161719846006,0.2907932699011102,LCO,4,15
-506901.66892369,2.1409518212744585,0.006245625790430102,34966.3812120359,-0.30375009877039005,-1.19624990122961,-0.30528925489246495,0.20804399625991407,2.903626233478712e-05,5.371351145148439e-05,1.9542208121960435e-05,5.7554448522748346e-05,1.6102094718571713e-05,0.09231492919292875,1.982202559581495e-05,4.7579725532882464e-05,0.020877721086971283,0.016078253798832515,0.019494469991088788,0.5891380213176138,LCO,4,36
-77784.88751761189,2.1189237042279685,0.012309212006662013,5095.284063691358,-0.16460163585738918,-1.3353983641426108,-0.4352866754616633,0.2074518124859932,1.4008258160354502e-05,4.859722664845101e-05,1.9567314696677314e-05,5.417934373549586e-05,2.649591858533921e-05,0.05826008631989654,1.3337135171679823e-05,4.7534201542461576e-05,0.011818062584363702,0.0345113263790168,0.015900054182953965,0.444301943976366,LCO,4,24
-98451.69943137816,2.1419012849185126,0.013510631266768441,6876.350292127935,-0.1954088508969054,-1.3045911491030946,-0.38972581111984617,0.2962141428715666,2.2870930199987715e-05,5.350007090751775e-05,1.37669497243778e-05,6.14223027007885e-05,1.834771420545505e-05,0.0582105836040118,1.5646623720444002e-05,2.9805260391859296e-05,0.013914810782108615,0.0279109097034098,0.06630578336569326,0.44605749581105086,LCO,4,24
-212084.96700004552,2.4471624233163434,0.03005603473142156,5827.767195478567,-0.3381865357946232,-1.1618134642053768,-0.23932344346294654,0.20564414381476895,1.678921447727466e-05,9.875678292508929e-05,2.9707958983348747e-05,5.206274297579733e-05,1.3091576188781102e-05,0.044230956963371294,1.38972597843676e-05,2.9936756005090767e-05,0.020406832921641666,0.09204747593618746,0.10980045675023999,0.4888286238506261,LCO,4,12
-153332.3145833266,2.191134527672866,0.005781930587227986,17222.120448849953,-0.26948406244641454,-1.2305159375535855,-0.39641674716523356,0.3181529673187478,2.9793818006314873e-05,5.368385026771263e-05,1.5225463187902164e-05,5.121221274401079e-05,1.4952317752103653e-05,0.09222718261175522,1.8417526310931293e-05,4.7342679428236974e-05,0.01234464806328649,0.030266422488028848,0.11013646787365229,0.39318036247308535,LCO,4,50
-696956.5377673061,2.135378871065832,0.02395467455085786,26583.526019467397,-0.25588732732047603,-1.244112672679524,-0.2890671780836368,0.3301963053770547,2.3944510107789918e-05,5.378845914042298e-05,1.9788298462892653e-05,5.51174631182914e-05,1.6084405753829696e-05,0.09229314478177122,3.606164366793506e-06,4.562367006372578e-05,0.024847278884353844,0.032262185134992655,0.019433121010739705,0.5892375157706309,LCO,4,19
-518058.4113150874,2.194128196215446,0.002871934496560806,101487.54153743577,-0.3217215755389642,-1.1782784244610358,-0.21137626089225836,0.3235835845891435,2.695946151871348e-05,4.502733282518272e-05,1.9999463427612684e-05,6.736515860337051e-05,1.4729770907275628e-05,0.09756400873968095,1.613408515510089e-05,4.969393388061311e-05,0.021227850352208533,0.08565178431238275,0.05614681176080037,0.5768251430345586,LCO,4,97
-165046.77719484855,2.1385118425815546,0.013761367375161516,7935.891640850296,-0.3009578394577552,-1.1990421605422448,-0.3411420852568222,0.21143428474264084,2.9748684963495215e-05,4.320028506655426e-05,2.1726237685540634e-05,4.864209176485091e-05,1.731265055904841e-05,0.041850457767688455,1.671390365660392e-05,4.441445522113622e-05,0.019116274601297507,0.023556553093293933,0.011505341378906409,0.5537960202709775,LCO,4,22
-392094.63802880497,2.199143224124212,0.0027209522721745867,56999.00685554786,-0.144712405143542,-1.355287594856458,-0.3897627230126647,0.2363977291945037,2.6716059515180893e-05,4.420699962544743e-05,3.246787642654566e-05,4.57298509895708e-05,1.6596250450553612e-05,0.08222801664221041,1.7301468225935762e-05,3.120323830193063e-05,0.018246924976697176,0.023321565921364723,0.025560793729746574,0.4913549173362241,LCO,4,84
-394019.9964806315,2.580427258934832,0.0039040156930734,37566.33138526913,-0.3751785063349953,-1.1248214936650047,-0.3017157881361935,0.20044844829776676,2.3616442621011294e-05,9.576628208113997e-05,1.2051757646060173e-05,4.00780452200657e-05,2.3039209202618527e-05,0.07333379645705235,1.9507048531551622e-05,1.1599177564571923e-05,0.019105109243340756,0.074879277517411,0.06620586392677845,0.48719907041961713,LFP,4,57
-211113.06740263672,2.1601201520701956,0.002377058887441035,38344.79453334273,-0.2200727410143717,-1.2799272589856283,-0.3623560116800594,0.23472114593792354,2.9314711447139968e-05,4.417442496350927e-05,1.0170352677417671e-05,4.788923106001531e-05,2.8567963968249915e-05,0.05734959934725684,1.7321994155096125e-05,4.274123786067398e-05,0.018273497533775638,0.06420581399016828,0.012346018576537351,0.491092155753235,LCO,4,89
-61958.06836875352,2.145619043188935,0.005293640843649503,5489.178846741126,-0.1419143268023415,-1.3580856731976585,-0.38400528996055483,0.21475511528166624,2.4996128083457065e-05,5.3822969619074824e-05,1.5021247418884372e-05,4.987610555414755e-05,1.4921552748198788e-05,0.09115896415737233,1.897517965700798e-05,4.8177584285631884e-05,0.008069576515960625,0.023062465949413354,0.013197102292554923,0.5097351417974769,LCO,4,37
-56626.12926716199,2.1172615386691027,0.0058392295725366245,7141.125052493569,-0.23084299049303958,-1.2691570095069604,-0.09816127466816904,0.20044676545042328,2.9564778493326905e-05,5.7198378570989386e-05,1.6569572879110574e-05,0.0001404532349506809,2.979948952571005e-05,0.06562627498729144,1.4798117009868535e-05,2.5494207294445867e-05,0.010487046933199696,0.08437196847398376,0.15704887879314133,0.5904178780647059,LCO,4,42
-192991.83495319667,2.381545944317661,0.002174247018659899,63343.13541820697,-0.29210408234100704,-1.207895917658993,-0.45794714939699493,0.23385471237551897,1.7567104797142308e-05,0.00018647027355844228,3.6779536249097815e-05,4.117673110201011e-05,2.5542758990340467e-05,0.0497421329872016,1.3613300842988782e-05,4.301845923908631e-06,0.02373621538628407,0.07465106466797249,0.28579040530927935,0.11161138062575326,LFP,4,79
-464296.4783546127,2.232798583932704,0.16541373341389543,6437.014541408779,-0.15249335125598407,-1.347506648744016,-0.06191964380180681,0.21044464098337898,1.3561814352506284e-05,5.9877417384191265e-05,1.2449503087330516e-05,4.160512612228221e-05,1.7905154239565844e-05,0.08751514813499706,3.0526241660962297e-06,2.2601757637512036e-05,0.023055080653727605,0.14923861669065316,0.1491083575458494,0.5697333819616907,LFP,4,6
-650989.0071377469,2.2165164741445533,0.024630761359136406,19837.940988475046,-0.19189014602730836,-1.3081098539726916,-0.26544751846230497,0.20445251025620642,1.4046177352201404e-05,5.4114536349263163e-05,1.3235947989791225e-05,4.9683921028408426e-05,1.216406980435164e-05,0.09255385720843844,1.612094826577933e-05,4.940005997639585e-05,0.022862592497103366,0.016769844183964742,0.15151336055458509,0.49626927679914523,LCO,4,16
-318624.5892433286,2.1693976203046734,0.005631045162850818,25329.13087706673,-0.24280785466627286,-1.2571921453337271,-0.3025657247080258,0.2009835839912122,2.9479529426465823e-05,5.440134977687692e-05,1.5003246481294883e-05,4.9230653686395955e-05,1.3202865056649578e-05,0.05824100698891782,1.974070555551915e-05,4.584778995424789e-05,0.022214434493989247,0.02735959500779648,0.03566268068225612,0.5644119996019217,LCO,4,37
-448316.41954912234,2.3790401436406157,0.005009799027213563,35813.05410191008,-0.3015293478545118,-1.1984706521454882,-0.25417788776681605,0.21595013816043993,2.3583899372360085e-05,9.598901432505809e-05,1.1751862533743969e-05,4.787903334187037e-05,1.5448023339632258e-05,0.08647529549507806,1.6295911772670232e-05,3.132693762861165e-05,0.01912708152745552,0.09871924712551627,0.08395975629322065,0.493143108814447,LCO,4,45
-655150.6799243923,2.210044242258457,0.019943231995389114,22877.706275207955,-0.43497238602148514,-1.0650276139785149,-0.3753486329357265,0.32071566339529706,2.4773847346215845e-05,6.654981094987937e-05,1.5183750993837372e-05,6.931404609235135e-05,1.208022133877333e-05,0.097409873963998,4.234501731700113e-06,4.992148349842649e-05,0.02171340667349411,0.010968818329396984,0.03680451055713168,0.5068780381777449,LCO,4,19
-237493.54226953062,2.09679133427712,0.028645286824628517,14860.812316189194,-0.3799309219104092,-1.1200690780895908,-0.634912593912969,0.32173855765277026,2.3137036563257202e-05,4.850219623103007e-05,1.7363806263841874e-05,0.00012125498703573109,2.5447020103590442e-05,0.06009553607530363,1.8843670828267178e-05,3.4659708005137964e-05,0.02395552543558861,0.025959325368287985,0.07350405458582372,0.1956240261329194,LFP,4,15
-4808.566849090128,2.039281638197332,0.02886033611110356,576.4587172210156,-0.27019157398051163,-1.2298084260194884,-0.2961041070658046,0.6249980415386278,2.056767735583453e-05,4.320077495602659e-05,2.134176467162886e-05,0.00012223903756187514,1.970870501452287e-05,0.04003003357201208,8.042399457216669e-06,4.894974688473668e-05,0.004263053182703248,0.4816998822603433,0.022534072788757048,0.12966193788509509,LCO,4,30
-4127.643985232795,2.0812549987366373,0.020938422481749444,380.33626971240557,-0.3837210198619889,-1.116278980138011,-0.17398432863413438,0.27966152751490186,1.4572135064558366e-05,4.238720356641788e-05,4.880118937226304e-05,0.0001474582404372065,1.4218369447624417e-05,0.04135197985322602,5.93367055653682e-06,2.9493156431638507e-05,0.004155557158930387,0.5379464569255765,0.06881187464088603,0.14925733979940314,LCO,4,20
-3864.912957676291,2.0732769956219532,0.03663164018125423,257.94227843822,-0.4256173315054639,-1.0743826684945361,-0.1831874793091376,0.3186454316252343,2.5675514377476557e-05,4.787962403015436e-05,3.9794810790403944e-05,0.0001249471710471869,2.0659982378488324e-05,0.04318129328150991,6.484502205264278e-06,4.493083138664436e-05,0.004113292856108085,0.5608740065844475,0.08311893295705361,0.10281958114936128,LCO,4,14
-728866.0882082168,2.248254749054102,0.013088982841094096,41905.849510502936,-0.393905741089295,-1.106094258910705,-0.2791252443609693,0.27651203859432705,1.3181246245420716e-05,7.872047372803398e-05,2.2623011759451387e-05,4.649711861376685e-05,1.2624010778629833e-05,0.09723759627765109,1.5492897238308316e-05,4.929913909860759e-05,0.024863423738495653,0.14363810852039782,0.03427801288152973,0.47295863423710316,LCO,4,26
-55490.56099271262,2.1988732514678055,0.033455952586456165,3849.8947733273635,-0.25212221089950404,-1.247877789100496,-0.6054919159260603,0.29280518974801684,2.7108729882510898e-05,5.186621262543402e-05,4.9628549622976756e-05,6.139621164042333e-05,2.034758192500588e-05,0.08517498144032679,8.298343991001708e-06,4.131239130014021e-05,0.011165015420924426,0.16600389634346896,0.04542279160410133,0.1130813961263694,LCO,4,13
-735429.739501347,2.2165572374723648,0.006732175755004477,55685.62097952068,-0.24164881555786977,-1.2583511844421302,-0.27885661708592613,0.2935886080197972,2.903199505274638e-05,6.63568809402496e-05,1.3645729098800191e-05,6.845560221238056e-05,1.2756113661216162e-05,0.09206788147044336,4.8866754226764525e-06,4.9458509131733165e-05,0.02474037519175458,0.01512720649235544,0.03674815028009663,0.5992680261416219,LCO,4,40
-472612.855388475,2.6545598376286024,0.06534049371357353,16862.25972040155,-0.4415057451458324,-1.0584942548541676,-0.3183097555343555,0.3138439709576595,2.6394984339513716e-05,0.00021451096967563734,3.453773088301058e-05,5.293665596954339e-05,2.625655825743079e-05,0.09949471653749556,1.4775262785118302e-05,1.781324400613091e-05,0.021249947262548564,0.012122419033693856,0.44460068554359955,0.15496713988835115,LFP,4,14
-4768.445793123493,2.028846792848958,0.0034088144810132297,1830.409550538853,-0.24612404336922644,-1.2538759566307736,-0.3688411658039765,0.22244872410949268,2.6744570857496284e-05,4.052767467459056e-05,1.1631965548800562e-05,0.00014752970241630546,2.5488958522159787e-05,0.04319108159556442,6.08109206300363e-06,4.497238879579035e-05,0.004163033494338361,0.4633530190542674,0.05531948101670321,0.042486334125052844,LCO,4,93
-3959.9488152010535,2.0446883704919747,0.0043187469340564034,1327.2885107263307,-0.23932586528972521,-1.2606741347102748,-0.1405797577055382,0.30184090241546624,1.4438593458050348e-05,4.20708038939875e-05,4.3807272645865814e-05,0.00013202621131313606,2.5484844110467744e-05,0.041190167334444625,1.932187480432646e-06,3.0252556247940982e-05,0.004025971264431205,0.5554866597547052,0.08779328178973754,0.14614030075001908,LCO,4,78
-4706.493859162303,2.159416699367931,0.02552265552934679,301.1388287129077,-0.5123812848558433,-0.9876187151441567,-0.2263104352085158,0.24299543591199813,1.5627501072835935e-05,5.1906902415737934e-05,4.881721909290794e-05,0.0001479698910831182,1.6194495384561766e-05,0.04048561361961892,5.4186188830323246e-06,3.2781772831750706e-05,0.00414629024341395,0.07627696347403803,0.06963815902390742,0.5577744422935388,LCO,4,16
-672487.4308127218,2.1343993152028973,0.022719246453318114,25367.38879664124,-0.40609423185952664,-1.0939057681404734,-0.3601518396034886,0.29188514340718585,2.4783180578167182e-05,6.614949742547625e-05,1.4543658470665048e-05,4.7281715684147074e-05,1.2093766983229665e-05,0.09742651823998083,4.436941634096007e-06,4.27689729260256e-05,0.02265441261969569,0.030684000321646924,0.03683508613299265,0.5023290739418719,LCO,4,20
-4898.180936881508,2.066006227734343,0.006085169074689945,871.6680320612917,-0.29832078802422224,-1.2016792119757778,-0.24055347459985799,0.2701285793343928,1.2327202852477028e-05,5.299479761910723e-05,7.757975414152758e-05,0.00014842024247573485,1.3689896352804723e-05,0.044442945729418926,1.4744702070499291e-05,4.988972299338704e-05,0.0040482630788049,0.26138982507964703,0.02491392237984876,0.40314277794064624,LCO,4,43
-753457.6443965512,2.1197868278250334,0.010839612527008838,48840.82111892929,-0.30699693861645905,-1.193003061383541,-0.24113193621990214,0.25368951195810086,1.2056953338932354e-05,4.4041254467926745e-05,1.8165631106185208e-05,5.3098904816739246e-05,1.2327966171515818e-05,0.09895031717458624,1.546287123890219e-05,4.784736489222249e-05,0.024088394326602217,0.07261021268256922,0.018942228239955644,0.597315622857573,LCO,4,33
-4607.173493936162,2.0854696391538465,0.0022067708035433545,1480.5966332014636,-0.3898682953003938,-1.1101317046996062,-0.033689887850793965,0.2370378233258446,1.5856866357746043e-05,4.559882183637769e-05,5.4537584285833376e-05,0.00014387805620493806,2.8097629590197775e-05,0.041281657996600246,8.03978975603358e-07,2.4422128516650194e-05,0.004081122161171705,0.3929854216931883,0.03349841604778547,0.4698262744082323,LCO,4,88
-700222.3055773891,2.183143819111321,0.013375173692833184,36055.604824264585,-0.16455153453627602,-1.335448465463724,-0.14303721137534398,0.276991942451253,2.826117575169053e-05,5.094172522074092e-05,2.5267454006529807e-05,4.862422059392075e-05,1.2726523791000314e-05,0.0972335029053864,1.3946377349167213e-05,4.9068747443735836e-05,0.02492250127447144,0.1559076207001497,0.03443162977344107,0.5966235381510653,LCO,4,26
-744701.3364927175,2.1789877817214793,0.013378097019998739,37988.77152751361,-0.23206455411183313,-1.2679354458881669,-0.25032729084645566,0.2769793420635605,2.5936053676660827e-05,5.0937455450335165e-05,2.565580518684096e-05,4.8621649059746204e-05,1.239918648950709e-05,0.09723350209480963,1.902439763476522e-05,4.905688957265773e-05,0.0249292178703414,0.0984053466621728,0.03641203651090388,0.5448553259804677,LCO,4,26
-699968.3202119982,2.1147253698915454,0.019872534265620804,33333.64820841318,-0.2347289966646855,-1.2652710033353145,-0.23324679436016937,0.41008430307778476,2.5935332124774912e-05,5.0932842798780126e-05,2.9360262206009506e-05,4.7602503038928596e-05,1.2638188399514095e-05,0.09723289158267213,1.9980513705049505e-05,4.659036945466057e-05,0.024846003765909865,0.14747331342514228,0.027525410813813954,0.5217544814008744,LCO,4,23
-4502.606351769279,2.0880254587833744,0.23163900580862612,246.1684964690507,-0.5208985307408049,-0.9791014692591951,-0.3111667187727908,0.3021871100281544,1.640164160277139e-05,4.705101984115716e-05,4.852088622099037e-05,0.00014253013368885028,1.3986254938527931e-05,0.04176319071027709,2.321815213468035e-06,3.272090831750454e-05,0.004190827564608385,0.5612428568505647,0.017301919672430187,0.04028850470421427,LCO,4,12
-657372.3554063153,2.09956334420726,0.011824433448201131,39286.871968448075,-0.2168570515928785,-1.2831429484071215,-0.17129068191795416,0.2767771582542707,1.3028798658628306e-05,4.075142578947714e-05,1.3506676000219424e-05,4.448590719476453e-05,1.2639651020694768e-05,0.09893371213634079,1.5458255790702604e-05,4.788545317020642e-05,0.02262136794550857,0.17561236992723364,0.028931844675909483,0.5541651034789028,LFP,4,32
-4502.606351769279,2.1113664858296537,0.06545672206987513,195.28316625400956,-0.4376460285843855,-1.0623539714156145,-0.1899950391340437,0.3153668103280297,1.832754206978676e-05,5.581366103052012e-05,4.8063751009884696e-05,0.0001424904992700367,1.3671371609510531e-05,0.04156925535805144,3.7686074385167404e-06,4.997739918332919e-05,0.00419245443634431,0.5645781857931196,0.02854877920026228,0.14687799587257447,LCO,4,10
-4491.96989383032,2.252495242360938,0.005004042897728948,1070.1932263096558,-0.3723128953173358,-1.1276871046826642,-0.09917905726653253,0.22404226089599655,2.475399230437502e-05,4.9324594133642116e-05,6.0719492017579415e-05,0.00012381815510032672,1.3192973940745428e-05,0.040259424821515614,5.268212693209024e-07,1.0195380408329968e-05,0.004141260797053572,0.19694067610224325,0.058679500287100644,0.5752007663441236,LCO,4,62
-4594.404815638926,2.056027804392382,0.018083538880195316,505.56375254073504,-0.278452080891892,-1.221547919108108,-0.4022114835325583,0.21910368441587438,2.5175522954667182e-05,4.042914007635339e-05,2.1178966664620626e-05,0.00014767983147591683,2.766300917408877e-05,0.043195613890222445,5.935590851853223e-06,4.4973443532590935e-05,0.004183540912047467,0.4180766139560136,0.09499634356294692,0.014715558948481158,LCO,4,25
-654364.7672180245,2.18325367106402,0.012505815147026056,34941.510269985745,-0.31883647043828844,-1.1811635295617116,-0.4330261203659289,0.2773796648068294,1.766661286355719e-05,5.09653474241977e-05,3.069370388543752e-05,4.768195427600555e-05,1.2234439885455e-05,0.09722111825489942,1.9737043420866025e-05,4.991265312555145e-05,0.022620143633147214,0.15586954665814776,0.026874029845719127,0.3142303031302043,LFP,4,26
-4850.5157544148515,2.044252372863125,0.002244418404977928,1505.6315248363064,-0.2531810831457513,-1.2468189168542487,-0.06949997726530055,0.22140047837498444,1.9701631471893994e-05,5.125014094092312e-05,5.411982191753344e-05,0.00013948052188136542,2.8327373953786294e-05,0.04030953924438089,9.162264434114611e-06,4.521813963231258e-05,0.004002296421051026,0.3676441074891885,0.09758500824964236,0.3952709069958686,LCO,4,95
-4012.1195263421687,2.0407224447491563,0.018567743737863584,484.80197812095236,-0.2621950593409359,-1.237804940659064,-0.2919283196013721,0.3520638816646069,1.8540077869983365e-05,4.9890226215400204e-05,4.492645097108e-05,0.00012093159016613208,2.8226449276438173e-05,0.04024563704576389,3.767436622117863e-06,4.820238200067529e-05,0.0040283869182734505,0.5327417117451453,0.07032390185380544,0.03500606679967724,LCO,4,28
-4328.261829213958,2.4980699363977443,0.03681818210487084,174.1393981704442,-0.6661117960004699,-0.8338882039995301,-0.18747835858889705,0.2795910951866204,1.2832201067199308e-05,5.596570487022524e-05,4.805201406480143e-05,0.00014978934750772404,1.4230329336711025e-05,0.04124960518623514,6.905083003844745e-06,2.9474254653550745e-05,0.004154219176349889,0.564758365451561,0.028464157989768552,0.14929911796977344,LCO,4,9
-4874.913044972554,2.1465154210517223,0.011099509330959843,533.3085264066546,-0.28902021653538057,-1.2109797834646194,-0.528053900748152,0.2433784304273762,1.8552050469439552e-05,4.1922193865310235e-05,5.529143107992625e-05,0.00013041976400082257,2.404827247866778e-05,0.04031751704538017,3.875289185509938e-06,1.4711470279037489e-05,0.0040293864314775215,0.30955949236015395,0.07091538295722043,0.021471223934473732,LCO,4,28
-635761.6346736912,2.0889075158522425,0.010740606511485078,41223.85995459015,-0.3617134576277188,-1.1382865423722812,-0.4064782988213361,0.22608207567468014,2.017973636341601e-05,4.075133967453496e-05,1.2603262905521078e-05,5.1107741082450334e-05,1.2658257871983017e-05,0.09893403288401305,1.8519643986303445e-05,4.8227223715474305e-05,0.022606309568724788,0.16280811536157205,0.02893890669167613,0.3317746791254158,LFP,4,32
-654364.7672180245,2.1871528864590997,0.012001399535319018,34342.99561823451,-0.29048468189363064,-1.2095153181063694,-0.4379242317827855,0.24287467045767466,1.5927183862194992e-05,4.144313574850611e-05,3.082204194418406e-05,4.6605973367403604e-05,1.6553871837617148e-05,0.09720388501090114,1.8459232819785194e-05,4.999781919694141e-05,0.02261789019811093,0.15243278180537193,0.027516322055046217,0.31212666435679637,LFP,4,26
-5078.797010147834,2.043300742601938,0.01070072661791172,610.9990071145332,-0.2685730889167104,-1.2314269110832896,-0.38306840289888744,0.320465318264053,2.568989345108458e-05,4.04131767147836e-05,1.2519598615068281e-05,0.00014199189238075992,1.752464578500803e-05,0.043202042444641736,6.496348104999091e-06,4.4973557982974595e-05,0.004185103173783245,0.4178089034302097,0.08253091874777017,0.046591774923132726,LCO,4,30
-729373.9940648598,2.310181762183236,0.012433622601682218,39263.29937962351,-0.3772750976293757,-1.1227249023706243,-0.20889178687794274,0.31515772269457637,2.4566359906749126e-05,9.183863830423615e-05,2.5280220760828948e-05,4.956452743319046e-05,1.2575774597660496e-05,0.09723939623286273,1.6177896671957412e-05,4.895985668264932e-05,0.024862969924876296,0.13947442406619037,0.03421267597905676,0.5474211130768102,LCO,4,26
-82056.92768757591,2.226290820204772,0.010879860909761015,3767.439097281999,-0.259614298589554,-1.240385701410446,-0.4767382490283291,0.2197554870140968,2.9794214278196867e-05,8.153433598261778e-05,1.1294610477691602e-05,5.250452153405255e-05,1.4862232633351658e-05,0.041709378281725065,1.8414759615798133e-05,4.734377412887828e-05,0.011998772519278993,0.032567211389394835,0.11184539742425437,0.30884914215802173,LCO,4,24
-5078.797010147834,2.1011130253445263,0.011127091940331424,524.7676666822932,-0.3736986565676208,-1.1263013434323792,-0.1640765946604268,0.2085415297288335,2.520129778464575e-05,5.7162586648618355e-05,1.0483848998234038e-05,0.00014797376330440712,1.3212475017539885e-05,0.040437807302465635,6.180891293157445e-06,2.722365107285617e-05,0.004183576016176844,0.4191494638703705,0.09569473089810265,0.25107921057110005,LCO,4,29
-4180.598349889467,2.0741317434633553,0.027464118059897614,423.4390856216094,-0.16865511765864838,-1.3313448823413516,-0.4467568540228456,0.35355617390870486,2.817346869299408e-05,5.005746483788874e-05,1.049459561536312e-05,0.0001099671418604679,2.8493270647293886e-05,0.04006796601210524,5.996028073043e-06,4.8207702551871965e-05,0.00402565842719539,0.36793753728747747,0.10034718071348002,0.014958427976196925,LCO,4,25
-4637.790014189299,2.03238668655707,0.0036618181436177516,1542.555684344449,-0.3166882741710104,-1.1833117258289896,-0.4042970623127665,0.22377298046608357,2.4427830844901394e-05,4.042797804816142e-05,2.510616252140853e-05,0.00014768140415054727,2.7771229716951247e-05,0.04319579092858844,5.866897988259354e-06,4.4973930280717956e-05,0.004153419826362399,0.39738078904061713,0.11371974017369549,0.014602408472920977,LCO,4,77
-5005.058474497024,2.0480148959728237,0.0036618181436177516,1548.6671496990712,-0.24778621608189688,-1.2522137839181031,-0.4349120445871857,0.22483519676003633,1.948341195952647e-05,5.126526786920417e-05,1.144100625753239e-05,0.0001477196573193609,2.776714707074739e-05,0.04092795823614952,4.356814169127488e-06,4.522281684235437e-05,0.004215865530326084,0.36721242668538007,0.11380272414732356,0.014072804580110742,LCO,4,77
-617169.8089832709,2.1126753156427975,0.0076752718738478005,44800.21323115583,-0.2788224564173678,-1.2211775435826322,-0.07999006291230482,0.25343811749222683,1.70558818829953e-05,4.0631600272996367e-05,1.1525892163508017e-05,5.312656723241577e-05,1.24102252068198e-05,0.09895850627541786,1.609930750376843e-05,4.612925973010918e-05,0.023361423437581234,0.2208326448931567,0.029575074767971596,0.5996022174265669,LFP,4,36
-258096.98395987414,3.0460531501191905,0.11580407304245455,5530.923543343245,-0.6517608657806839,-0.8482391342193161,-0.6111186355425935,0.2324676669727779,1.2323324008255507e-05,0.00018826651799400926,1.4814627348913617e-05,4.230234322025561e-05,2.0307105291650914e-05,0.05751403644405494,1.2345167583422431e-05,2.255276088604468e-05,0.02483170494906964,0.11250449431032535,0.19576965746864294,0.010607212678438227,LCO,4,5
-618816.6366982809,2.1246620336668673,0.021672200577406167,16353.444448167476,-0.24639753203160275,-1.2536024679683972,-0.2716507664601474,0.29219522116500685,2.9646936813345696e-05,5.104467502436272e-05,1.4995881954125043e-05,4.85999747426581e-05,1.264294795167675e-05,0.09739673652238144,9.457705488301179e-07,4.794617491295802e-05,0.022654506648031276,0.056810726456117844,0.02526487351044032,0.5762736335732944,LFP,4,14
-759371.3139650953,2.2373940033995257,0.007041692601455462,54655.29470043699,-0.27216668808005906,-1.227833311919941,-0.21562694101898283,0.2533905340136768,2.927288922356347e-05,5.874479680058752e-05,1.3625860450114862e-05,4.1107757939628985e-05,1.3029609384670746e-05,0.09805675586295307,1.7866195443123025e-05,4.952406737334596e-05,0.024636687466702167,0.08454816504824456,0.0352688104847882,0.5945560834479845,LCO,4,40
