SpecificEnergy,SEIGrouth,TempIncrease,Price,UpperViolation,LowerViolation,VolFracViolation,C,la,lp,lo,ln,lz,Lh,Rp,Rn,Rcell,efp,efo,efn,mat,Ns,Np
-488624.45745245786,2.2226932296751967,0.00695642446480081,81255.86441404463,-0.3034133935737433,-1.1965866064262567,-0.5225773334985282,0.5157128904862349,1.705243095162865e-05,4.693252871888926e-05,2.2727043991393777e-05,5.606724890697741e-05,1.39306533307307e-05,0.09057201254554662,3.2267104625096407e-06,4.984730739541191e-05,0.020460204013746354,0.07019815201164932,0.02052745214593933,0.31669706234388323,LCO,4,77
-172146.19376423885,2.3830652679256934,0.003546999328860318,29383.269662508606,-0.3325495068956741,-1.167450493104326,-0.21488834491787834,0.27307215111180255,1.6201374661771025e-05,0.00021453887879222992,1.4538344567500487e-05,0.00012467688269076843,2.327625211588894e-05,0.04420717118649828,4.416935254936371e-06,3.119430096922162e-05,0.018125026217826162,0.06040019363080408,0.47419357024557895,0.18051789120573872,LCO,4,75
-165775.1934811339,2.1549227843084373,0.055645372254295056,7231.912695546707,-0.3910244902598201,-1.1089755097401799,-0.15879866034346024,0.25789279533473186,2.6223100495061e-05,6.714997973256991e-05,4.256880713322569e-05,0.00014344518109624352,2.1015434584904736e-05,0.04801241674113663,1.2164795445404681e-05,3.899621339097603e-05,0.023385455340832775,0.09236827456836424,0.4932211333562204,0.18561193173195512,LFP,4,11
-12133.848453038258,2.437458050356628,0.0061422178887449354,1329.8207751180917,-0.33558210126512655,-1.1644178987348734,-0.6631308676363419,0.2993237019016141,2.658580970892931e-05,0.00017536234589608248,2.0326523829997304e-05,6.329904850306336e-05,1.2473824534270007e-05,0.04547228529343768,2.9624398908694313e-06,4.96016827610802e-05,0.004237163976359027,0.013208254994948581,0.07827438892882091,0.17538648843988872,LFP,4,53
-239501.85746474145,2.227843353992345,0.0028591024363044198,77456.86212351592,-0.32052091980481556,-1.1794790801951844,-0.08750088589797811,0.20601526429838218,1.9644036912969894e-05,0.00016312722926246746,6.313825870047648e-05,0.00012484212966901688,2.7729333433334737e-05,0.05596005286040391,1.2659169593153721e-05,3.801267508143227e-05,0.024905397835442742,0.06859788855663684,0.4470452147774583,0.32685601076792675,LCO,4,88
-30989.38500677022,2.1914558443516157,0.002130487748928045,8261.481736480786,-0.34304223679521684,-1.1569577632047832,-0.10230064355530555,0.2086486227733677,2.512237126396275e-05,0.00015480119279657044,1.7839464496489804e-05,0.0001430331787835551,2.511461331678594e-05,0.08007988415104697,2.3878046118699534e-06,4.240412542883431e-05,0.006532824159858355,0.04999310323743476,0.33567624504341453,0.4420300081638452,LFP,4,97
-18578.274358488306,2.4934860831674075,0.002542228330293249,3291.548085076399,-0.35359748433995186,-1.1464025156600481,-0.4219671356378911,0.20400073886214543,2.7421376888323665e-05,0.0001736274072194228,2.9953444341285333e-05,4.649899314188891e-05,2.3144547037562036e-05,0.07557744629834034,9.867066992608007e-07,4.1833528824586325e-05,0.0043496829267234876,0.0695685653058971,0.20848728726374957,0.22997701179246227,LFP,4,84
-423745.8088062486,2.1039401442440018,0.004639409899301888,100891.94068149169,-0.30325142373588676,-1.1967485762641132,-0.7271923577346957,0.3052956072797858,1.237854291883226e-05,6.086441664468165e-05,3.4654175177002906e-05,8.935480057418828e-05,2.8362145451221e-05,0.08268431385530728,4.288766294054287e-06,4.656892819562131e-05,0.023571264296016293,0.03678439802493628,0.12160534175255339,0.04441790248781462,LFP,4,72
-125007.26028977467,2.3407537490094072,0.002613501631342227,20872.93768624971,-0.32543919875424265,-1.1745608012457573,-0.021643828366806672,0.20325346814881828,2.2284869637166687e-05,0.00013348472117141524,4.487326460653642e-05,5.3078467279687155e-05,2.6289674292834695e-05,0.05540552248498059,2.734815398670213e-06,4.998206695737184e-05,0.013327553648883233,0.18420961044099965,0.3964919123754487,0.32765464881674516,LCO,4,89
-130612.52336586753,2.6237656285133433,5.044309969197393,1066.331342179234,-0.7053690017456606,-0.7946309982543394,-0.2745030560632068,0.20762162899901512,1.391244820626692e-05,5.762727767193641e-05,1.5489470212035897e-05,8.415123445238105e-05,1.2004135458223064e-05,0.04127615493039946,2.570190184512066e-06,4.861401864765493e-05,0.022036626164792343,0.2515190519832212,0.15191099368992866,0.2520668982636433,LFP,4,2
-7142.760525249328,2.1374239386009353,0.0030045079021479293,2664.8301231087253,-0.2514447278250316,-1.2485552721749684,-0.6830951183208915,0.2990675124225953,1.8778041587126418e-05,7.335483866135624e-05,7.72911278450776e-05,0.00010918330836547416,2.531565577985888e-05,0.05265197888678151,2.8310847016194773e-06,3.4174425158896656e-05,0.004048008203285544,0.06105421958587137,0.03772246245277912,0.14812819964045804,LFP,4,100
-70889.68610796062,2.140349753910641,0.0030100877545702204,14107.839676705968,-0.3078082296139577,-1.1921917703860423,-0.4247206673596481,0.25328755138477277,2.3028315756100354e-05,4.201147794730123e-05,1.1684047546871681e-05,6.511372135905667e-05,1.4925595551458847e-05,0.0782318924064048,3.7197748763715864e-06,4.1348901258927695e-05,0.009158611779686292,0.18194518870593152,0.028895899991811202,0.2944382439426093,LFP,4,84
-17072.07833463235,2.6632648535999612,0.12261313994267906,162.90435132903644,-0.5269057428742592,-0.9730942571257408,-0.47198322939162346,0.31895145860878094,1.4259983244728336e-05,0.00018624343715796518,2.224397162978599e-05,9.621239393616386e-05,1.4177143990520892e-05,0.04631810235198056,4.848020979189966e-06,3.134925805986584e-05,0.004835660757823754,0.07975270241369269,0.04709241833712982,0.3311716498575541,LFP,4,5
-510717.3900060744,2.235738081252913,0.0030824936754852606,86758.38614238627,-0.3040556313777252,-1.1959443686222748,-0.43787435964106525,0.24217960880466494,2.9158181946569425e-05,4.385966247711585e-05,2.2720694836214447e-05,4.589846509833098e-05,1.2943733062879037e-05,0.0946863581450541,1.644651554033206e-05,4.873639756891142e-05,0.021518023820014952,0.0666740259914918,0.10844523048349243,0.3170063838839506,LFP,4,80
-57913.82657114269,2.212143470461669,0.004989220623471216,7754.91354491695,-0.2799708497274942,-1.2200291502725058,-0.5353090204612609,0.2109454888980717,2.6612110682800783e-05,5.4177732815191795e-05,3.907791065865537e-05,6.297860248667962e-05,1.6680692600010448e-05,0.04405083600985389,2.9675147596776567e-06,4.9601574853278296e-05,0.011148710981612386,0.019294541086459043,0.08775688611228757,0.2876395523399925,LFP,4,52
-20735.64701654986,2.0905316820616084,0.002608694558905646,2781.9777900350355,-0.23107315508593196,-1.268926844914068,-0.19592419274419537,0.20216165119371796,1.373437663619306e-05,4.6288895604248046e-05,1.5348769938371427e-05,8.158582471264092e-05,2.5160795506792807e-05,0.06889196620247857,2.7332810259263646e-06,4.927929148836915e-05,0.004371731346002701,0.08311431692120089,0.2855742305062752,0.36538725982832865,LFP,4,86
-230512.35011227764,2.199593151012797,0.0030176317278087102,44700.50997712897,-0.35184827645583994,-1.14815172354416,-0.7602428747763198,0.33017687720745115,2.435279589705687e-05,5.035884637310867e-05,1.649126545503659e-05,4.457687291771579e-05,1.67141476023515e-05,0.04108740408673722,1.081009845518091e-06,3.032273844219022e-05,0.02038894158178433,0.018688849414812282,0.05661242098979047,0.09445585481907752,LFP,4,94
-29896.541109337133,2.095656438233396,0.00955455619854438,1844.9507025560717,-0.2578518372948224,-1.2421481627051776,-0.6051404316895344,0.22039240271870536,1.2015629815407054e-05,4.9258207642581855e-05,1.4507657563765298e-05,9.37568187915509e-05,2.7981926690089846e-05,0.09920087078750156,2.4855955113313914e-06,4.9424932727073704e-05,0.004810353078604971,0.07500611410361839,0.2315010822049192,0.01835237200192813,LFP,4,28
-60702.02909345254,2.0701036200304115,0.004417652219765037,8741.15651058015,-0.19792994931127694,-1.302070050688723,-0.4249977689592376,0.25121988348138485,2.8689043082392047e-05,4.3537175760800906e-05,1.1360526515663326e-05,0.00010870668337667336,1.3827856228157743e-05,0.07584145824295387,3.719863776769092e-06,4.134980992906373e-05,0.008717828829570333,0.18194847504637662,0.027581206963867247,0.2954725490305186,LCO,4,57
-387370.73279984685,2.289053568245988,0.003727887457878075,58195.658519464545,-0.3359734649502393,-1.1640265350497607,-0.709709804665906,0.2586722043492271,1.2146534761639042e-05,7.335562455259995e-05,1.30242021638893e-05,4.000104614543869e-05,1.2074907627905547e-05,0.08137801413226121,1.8803471528763412e-05,4.3528252973355656e-05,0.018411230352984163,0.013026763440194614,0.10380826732492066,0.1034551645689787,LFP,4,69
-269065.4007971347,2.118479598426036,0.002490648626040596,123952.80162270709,-0.3020997942819328,-1.1979002057180672,-0.4928113522815136,0.20553887926208322,1.6983441946437583e-05,8.500816461572987e-05,7.798671772680616e-05,0.0001344259433944712,2.9338229892887024e-05,0.0917403185593812,2.653440039237064e-06,4.2699433481972694e-05,0.022528478794325228,0.07042076940421312,0.04516534432778495,0.32160253398648836,LFP,4,91
-44167.79316094597,2.4781226247251085,0.0021322482965140978,9100.217544706087,-0.36284502455139034,-1.1371549754486097,-0.5797650779130545,0.21095614785879227,2.300392331986063e-05,0.00015624885459537193,1.0713637577507827e-05,4.535093081137471e-05,2.523373070644342e-05,0.07735918782830087,1.7886360352216997e-06,4.134793656744663e-05,0.006473357079664294,0.030861995558331672,0.027971529409089063,0.29140139711952473,LFP,4,98
-480294.6922040532,2.2559088726768626,0.005163155036361121,99857.04439716779,-0.32408955786959837,-1.1759104421304016,-0.41870813953619446,0.3416393070438245,1.459772603388975e-05,6.161630416106759e-05,6.913434015837044e-05,4.1083973043669835e-05,2.5066998330230818e-05,0.0939224683451047,5.316068834570841e-06,3.719741122198387e-05,0.02460513651575858,0.15363826113172127,0.15728344787687065,0.2003701514552136,LCO,4,64
-19657.393547648735,2.5102630036318456,0.002483904784158408,3571.9154346590785,-0.35312115759854557,-1.1468788424014544,-0.257905120250317,0.21096192211048811,2.7469882318053374e-05,0.00018186203739833747,3.0111513699063264e-05,4.7019185032967604e-05,2.246364952554849e-05,0.07652408420934645,6.148725204035822e-07,4.200864063181727e-05,0.004640536320553116,0.08787574709764304,0.29258446139345706,0.29163467125858306,LCO,4,83
-475890.9820776481,2.1366949516731277,0.004593187812014081,102731.44522168797,-0.27727762471637973,-1.2227223752836203,-0.6968479816602273,0.3012098847378714,1.3306843554625348e-05,7.426400346140828e-05,2.2872191299160365e-05,0.00010954212776987204,2.0798750093876517e-05,0.09121911862736,1.0643031922940772e-06,3.10905774611018e-05,0.02451189249021523,0.06163627986676029,0.027388200531042222,0.14412753794197014,LCO,4,60
-84948.89142031551,2.261477294748312,0.0026272466714683195,21845.908746097768,-0.31087410512507674,-1.1891258948749233,-0.1456984550596807,0.20016077658759893,1.4954549353288565e-05,6.831902803183962e-05,4.561507561292127e-05,5.733133765463231e-05,2.8161182201317432e-05,0.05463625052714591,3.4580138365291563e-06,4.984578953841163e-05,0.013190437447692984,0.06889232519139646,0.3987142027102293,0.3166950170386936,LCO,4,94
-317128.96972532803,2.2147900467855988,0.0025054359310201727,106255.15384725903,-0.32249288443757607,-1.177507115562424,-0.25038826570713757,0.20552253448766458,2.872931305152782e-05,0.00015495790151946458,9.329569681464347e-05,0.00013083496963946052,2.5030558520669325e-05,0.0797346675836326,2.2746344605979645e-06,4.227242139397414e-05,0.022659581897260583,0.07047293307631473,0.113452467852157,0.4956863333643908,LFP,4,97
-358651.03581215127,2.1102920348773457,0.005878446846550556,58706.48163016738,-0.29596674497726383,-1.2040332550227362,-0.37778255880976064,0.30206406874418706,1.369820320381354e-05,7.688625031699583e-05,2.2850472647627728e-05,0.00010954639592162488,1.6232946483624938e-05,0.0922799421553791,3.566326641264416e-06,4.9507886493210855e-05,0.021168118541126664,0.09734914501622345,0.011008631603801961,0.443859664570214,LCO,4,50
-242261.95983921332,2.072909140979767,0.002647295836591291,110697.4925841004,-0.29214741512928377,-1.2078525848707162,-0.36553054770763327,0.2055002109738827,1.3277044678153726e-05,5.9763952140349186e-05,7.838938322991332e-05,0.0001343815283263974,2.9376681033563336e-05,0.07515502395732629,2.2661521126244737e-06,4.2266003750847944e-05,0.02430276075873542,0.07129229742195811,0.04492823225081036,0.44824892261959837,LFP,4,89
-113446.01587917306,2.0786602410893007,0.006880508399982896,21950.03950324257,-0.2225783612892851,-1.277421638710715,-0.384934687075425,0.21936050035514443,1.3083662113013353e-05,5.970928726283623e-05,7.890466783870644e-05,0.000148079072261392,2.9404022277324528e-05,0.046234290796890745,3.003260578545512e-06,4.386996452877797e-05,0.021262885535642533,0.06009730161983086,0.04487205968009943,0.4400959516246447,LFP,4,37
-171820.80035707378,2.112469689771919,0.005432688521002325,26429.53218768229,-0.2989472391959005,-1.2010527608040995,-0.27776042490921005,0.23221498621255127,1.3474325920250093e-05,7.467893173625681e-05,1.9955575567889805e-05,0.00010582692935343099,1.2158278046561359e-05,0.046889373824920165,2.7649496345614463e-06,4.803974791465117e-05,0.01970838888633164,0.13447112801338112,0.06593251041134338,0.4518359366660655,LFP,4,53
-150589.69576926023,2.827292513889607,0.17738980118845088,2941.365307486785,-0.6694757778867118,-0.8305242221132882,-0.6032047135395235,0.29382739280043363,1.3037152829957715e-05,7.743000613226984e-05,7.764406736321668e-05,0.00011003109335344043,2.542730466417872e-05,0.0438224868743584,1.0983622390473302e-06,2.787346758217725e-05,0.023396857995295655,0.011709125815167452,0.22725475685573138,0.08783140378957774,LCO,4,4
-43007.77727605705,2.182745923850002,0.002704994589853466,11805.629580440755,-0.30261236846891393,-1.197387631531086,-0.0576502060158004,0.20238110356951808,1.568181167291771e-05,5.9544431020415984e-05,7.930634562218325e-05,5.922378979905198e-05,2.9933252239796154e-05,0.08474877627320343,3.973548658104799e-06,4.223652474752623e-05,0.008181112211365428,0.05078822423684055,0.563697530782995,0.25786403896436405,LFP,4,87
-302968.79109870305,2.0678528056158747,0.006949629598002058,35752.912160555126,-0.31200491436345956,-1.1879950856365404,-0.486522474941179,0.20903435992916808,2.764544246891235e-05,5.055466895160252e-05,2.2744483814036253e-05,0.00013908189525854226,1.580170709617427e-05,0.07649872475349431,6.101854749004559e-07,4.18601961869569e-05,0.021811437393964857,0.08764197561180156,0.13643659007800582,0.21939895936901366,LCO,4,35
-296869.11511313077,2.214047320639268,0.006856417287605375,45004.923593043044,-0.33250486942691815,-1.1674951305730819,-0.5841641355979081,0.24331838130512046,2.2412898558370744e-05,0.00013523736540232745,4.5154641924413705e-05,0.00010985482232861785,2.6303887328976445e-05,0.05476352471891548,3.941805915760454e-06,4.9792603283499315e-05,0.024422086453355984,0.057867376302860554,0.011143241252038315,0.27682524684719306,LCO,4,46
-23916.490954676185,2.5395073024941386,0.47974344062022445,146.4510508606603,-0.7942517886407359,-0.7057482113592641,-0.05015301038699527,0.25610309874157394,2.21040024199656e-05,0.00013453517655347632,1.6903837320959283e-05,8.618462828085996e-05,2.4419150252076742e-05,0.04601466855605825,4.089689562927196e-06,3.565963263104319e-05,0.006650129154647575,0.07204814280159891,0.39144349821254754,0.4163553485988583,LCO,4,3
-387819.30451900075,2.1921753322754114,0.003032204018429928,120569.14575213681,-0.2977312144470634,-1.2022687855529366,-0.5302838004538055,0.27920466730270277,1.3275073305492909e-05,5.959027487660733e-05,8.00798400900811e-05,5.41247091065861e-05,2.96413415133147e-05,0.07575006692857876,2.0045233977952874e-06,4.782897373710581e-05,0.02476211887832229,0.05291180267655608,0.04161818269740086,0.3051862141722375,LFP,4,91
-81348.56363131505,2.5142912997114095,1.9667365820343325,1266.6428528806125,-0.8153067417549238,-0.6846932582450762,-0.4136296456966976,0.23117587671579515,2.22924144947308e-05,0.00013797128061410465,1.8699737462872573e-05,0.00013524274796279336,1.4346264888736742e-05,0.06453050096467897,4.41522027015927e-06,4.9799175374951935e-05,0.018463966135155968,0.050980191073540126,0.21282678529108873,0.25256337793867356,LCO,4,2
-4516.829846663806,2.0322111413513433,0.0022115172217323925,1514.6188060259642,-0.24936049256284853,-1.2506395074371515,-0.235454894758782,0.2249326989744683,2.2179658198683127e-05,4.097654606208666e-05,1.482653250871879e-05,0.00012512974192953544,2.344799607525217e-05,0.043018280657221054,1.955730636621818e-05,4.781936002976333e-05,0.004037802322430924,0.42983132507997907,0.2019247241368462,0.0627890560243928,LFP,4,87
-21727.941415029753,2.1159299567499477,0.0030122521501549653,3777.188636681032,-0.3096941157855664,-1.1903058842144336,-0.10604551829826847,0.2572088128539588,2.5596382820575763e-05,4.6265582499005985e-05,1.7425436649811896e-05,7.973311182622114e-05,2.5437091840379567e-05,0.04599699487102076,2.7305046304114996e-06,3.5655457350492286e-05,0.006679264624446031,0.06721667202282201,0.3916474452490865,0.36509036442982307,LFP,4,82
-759371.3139650953,2.1334219236755487,0.011076583000115905,33044.93217183653,-0.2043913388125702,-1.2956086611874298,-0.26115871760739884,0.24681466378528155,2.0308494537017663e-05,4.601657029557749e-05,1.3646445977866863e-05,5.119037975890897e-05,1.9118503296608514e-05,0.09736884222216977,1.6815152851387588e-05,4.319701108144403e-05,0.0243513538307219,0.07875083541838986,0.04040341851497405,0.5496870284592373,LFP,4,24
-17044.232719886546,2.049016222871839,0.005751109472753197,3154.2051505124873,-0.3902425522736941,-1.109757447726306,-0.1291322599551602,0.22079062537938765,1.3353267891422943e-05,4.3754545336324704e-05,1.0944615425720785e-05,0.00010297549630341874,1.691613313391268e-05,0.06046551851579683,1.5475090603783953e-05,4.136784260936327e-05,0.007358563563286886,0.44330713897666285,0.018567140891395592,0.33899346017678134,LCO,4,38
-17079.969428872188,2.0471606358119057,0.00506213053449746,4805.114429297435,-0.3567799288885851,-1.1432200711114149,-0.045457040423670825,0.36799212673527115,1.2068177240953084e-05,4.03560685521533e-05,3.8525573438526564e-05,0.00010479341127264452,2.6851463306033442e-05,0.0576759279199362,1.5259159231681996e-05,4.539776309338932e-05,0.0069573310861040915,0.44059804285683535,0.016155414096386177,0.4277895026231078,LFP,4,72
-5405.737285543998,2.047461311419558,0.00414270810576712,1387.1570695355708,-0.24936049256284853,-1.2506395074371515,-0.013322451833482574,0.21198893478950434,2.511150249717867e-05,4.107806223829657e-05,1.5613184967006583e-05,0.00011479027980291066,2.3121032965336005e-05,0.0401673599648138,1.9779114152191363e-05,4.881587245132913e-05,0.004002262360272509,0.4153623530570489,0.44821840478966,0.05309679031980857,LFP,4,97
-4125.227333073664,2.025975150595173,0.00264479691495407,1376.4958259797288,-0.24936049256284853,-1.2506395074371515,-0.10710734499880803,0.23518131407718273,1.7335088998536e-05,4.2248510740252445e-05,1.0642733193665926e-05,0.00012416814120062378,2.3776053227613395e-05,0.04361628129882858,1.721114464409957e-05,4.814647482430737e-05,0.0040066051705759205,0.5915268631021728,0.09048230094369673,0.1408834909553225,LFP,4,82
-74552.8083876939,2.6590677530825015,0.019357634151619892,4985.735052576897,-0.3618010359817614,-1.1381989640182386,-0.6277629822810509,0.2471114773133015,1.2108097517217695e-05,0.0001878883396991413,3.78252914273074e-05,0.00012148863562194397,2.6835991131635832e-05,0.07326018758249372,1.5189350494627607e-05,7.704423855751827e-06,0.009903312566772054,0.041006019954803144,0.012542724594429656,0.2486882731697164,LFP,4,22
-59131.14394583226,2.093475883633656,0.017191499239826706,10369.020017710245,-0.21573750820986604,-1.284262491790134,-0.8071312158329135,0.648223416483781,1.3381953448131988e-05,4.209459334811575e-05,2.4036031909873078e-05,8.863728345810258e-05,2.773276464458539e-05,0.09322731071865648,1.2915394446412569e-06,4.490344814854355e-05,0.009556085999644427,0.07481872448760632,0.019213964938310988,0.028836094741169244,LFP,4,40
-9659.99384166281,2.0804030656150405,0.004460854942196873,4031.448154847199,-0.20507005502851428,-1.2949299449714857,-0.6985346220908593,0.3019286912908506,1.379551508346641e-05,6.109515202840456e-05,1.0347516463017244e-05,0.00012034947025770827,1.9997052795550963e-05,0.05522454151746857,1.4367495036006151e-05,4.5234884437545466e-05,0.005043783624280747,0.06026667210925031,0.15309827849182894,0.018100427308061575,LFP,4,93
-46935.17378138613,2.080614691038608,0.005130527570885273,6177.8846885256635,-0.3062445555825466,-1.1937554444174534,-0.3283581139153521,0.20138993318097226,1.6111804357373248e-05,5.2994188059339885e-05,1.606148868852156e-05,0.00011306702561717785,2.0831232382599828e-05,0.04403363369857965,9.148946762399721e-07,4.189336875192637e-05,0.011633850947573136,0.0711223881993132,0.4145137835025519,0.11600571438278287,LFP,4,39
-191519.9610203625,2.2704783147971357,0.004207226888973901,37739.04348160813,-0.31410439226304376,-1.1858956077369562,-0.3457118231508042,0.3890199009032648,2.138816152928345e-05,0.00016032393830656662,1.7694786688847363e-05,0.00011026383640833403,1.354256320992789e-05,0.04115608346998919,1.3502865890778774e-05,3.650273567644188e-05,0.019193752137784445,0.07993918736238745,0.02114040463225416,0.4832085848545543,LCO,4,88
-147095.75334275333,2.390632603780821,1.10235067546601,2198.0557369174358,-0.8877328499049888,-0.6122671500950112,-0.5033051753891312,0.2792987557766463,1.224825764754507e-05,5.9682491296964485e-05,1.3571411767603924e-05,0.00010663853889547362,1.9873985568447333e-05,0.07077229944147895,1.5517120107973864e-05,4.4552130082084e-05,0.023144468144693474,0.08529796545688438,0.02131273385499516,0.3200841252989893,LFP,4,2
-10449.583757264989,2.0873187743447996,0.015960141829580016,1138.6100400773735,-0.31054685455383435,-1.1894531454461656,-0.15711272952848543,0.23032281096364243,1.2731509107909842e-05,5.90459802856832e-05,1.2329322554661068e-05,0.00011114342110404502,1.8344802574595804e-05,0.04832130993720837,1.6124950750229657e-05,3.8437329596036205e-05,0.0062675488946397195,0.4574482559243124,0.02249158089683343,0.29294743365036885,LCO,4,23
-408074.8351220709,2.1180125754488235,0.005502164400786795,91420.57536514195,-0.3206668056145734,-1.1793331943854266,-0.6884220412859341,0.4296079116198001,1.228315331697979e-05,6.352700826438611e-05,2.9889235350829833e-05,8.839545770430738e-05,2.646237538648386e-05,0.08371222017744596,1.99437445565825e-05,4.6571767884459745e-05,0.02137043699010541,0.015543327584579738,0.027965782910899836,0.1980688482185864,LFP,4,79
-459438.6645008996,2.1595197363592784,0.005666763037363072,84180.32263389479,-0.3218720991260451,-1.178127900873955,-0.5714037649008255,0.36750251101859877,1.2486383765817422e-05,6.97862990622219e-05,3.0058280054655894e-05,7.746330978155062e-05,2.7328375203222305e-05,0.08417059107052584,1.792067173916915e-05,4.885080242631376e-05,0.022399693999909754,0.056187937633237886,0.1532648009231666,0.14914349654277004,LFP,4,69
-361321.6674456615,2.0883787447975135,0.0030141381445857153,91411.90434033831,-0.2822743203165121,-1.2177256796834879,-0.6260804972396862,0.3019963119604695,1.3814365539312664e-05,5.735145085839482e-05,2.7203070521611063e-05,8.722088967533997e-05,1.9875589915017248e-05,0.09476986691285919,1.4438864320120344e-05,4.715444025338456e-05,0.018662538562310926,0.020526372044529496,0.21478410222752983,0.06860902848825455,LFP,4,93
-205445.90704069758,2.063873459563191,0.002358494703171587,116681.54282210903,-0.31216353078414194,-1.187836469215858,-0.7032881630155372,0.20976337673345188,2.142735676903788e-05,5.6474731598438516e-05,7.334422868958403e-05,0.00014182733944594975,1.790704074801984e-05,0.09319620303845243,1.7666225828883354e-05,4.8944985116724446e-05,0.019930557652813853,0.0830632181849077,0.08906652939168706,0.05458208940786802,LCO,4,100
-105675.59052474351,2.1918963174725907,0.004559147665833357,38777.10766401981,-0.3563994588654342,-1.1436005411345658,-0.7534028216482165,0.4250447023041768,1.7315058854368915e-05,4.97770350316269e-05,1.8687928000023782e-05,0.00010476393656401312,2.0457984047814508e-05,0.04080165792427981,1.5273577548069127e-05,1.483654663519623e-05,0.01818498619831365,0.0708600777864932,0.06779453759251756,0.03794256297277279,LFP,4,94
-182872.73773338718,2.3907652897486154,0.0037656016671149127,45747.32400898013,-0.3368113688832146,-1.1631886311167854,-0.7233585955413648,0.20166679426409032,1.962651006270322e-05,9.432600180786567e-05,2.0416163692246704e-05,0.0001081881781646762,1.659675030482953e-05,0.09334236214176192,1.8541027019994932e-05,1.3970659967640904e-05,0.01455817646351601,0.010027036446772143,0.1574479328383024,0.03916643517356063,LFP,4,74
-191186.79033759,2.374801812118117,2.076261999556798,1725.6472461606916,-0.46439867937199963,-1.0356013206280004,-0.39344387211944276,0.21613830270383147,1.2246413306777984e-05,4.723824795891725e-05,1.0001276697754249e-05,0.00010260837354134817,2.7579095962525633e-05,0.06394236875428175,2.5059290434250534e-06,4.4540485777663365e-05,0.022378787372848603,0.05328908840967478,0.040645665444480776,0.4426213740264018,LFP,4,2
-28370.831718956197,2.096398961964161,0.0038048018550306127,8184.977406046022,-0.29622763473902936,-1.2037723652609706,-0.6181833752560169,0.22973592700607504,1.244778723401618e-05,6.110137055160495e-05,6.275165024277601e-05,0.0001113061255672599,1.3555714626775627e-05,0.08980640675446128,1.932000221688832e-05,4.866472049964399e-05,0.006587584509397119,0.08616046663399854,0.15869737137950332,0.06695878673048136,LFP,4,67
-514347.1129932302,2.1994565197941203,0.022747543604216634,11493.012209676324,-0.19001218416752508,-1.309987815832475,-0.07183944742734527,0.29025982594490335,2.4043925209636504e-05,4.600406755915604e-05,1.0242526060221939e-05,4.354093389879303e-05,2.4235287093510746e-05,0.09506171539277831,1.6734448809841507e-05,4.31263181252456e-05,0.024067753444011502,0.0868396476795981,0.21348479353952987,0.5578361113535267,LFP,4,10
-19146.73551393442,2.358709999183292,2.779201964767034,160.94074963043073,-0.7401758112696264,-0.7598241887303736,-0.08813305883713751,0.37996817694583357,2.96019055491376e-05,6.841121050336573e-05,1.0240033728370303e-05,0.00010985972101397074,1.4599644397993039e-05,0.0899108144225899,1.2312381290886512e-05,4.8218502419689977e-05,0.006167236891753421,0.46688128897620074,0.02232092623621325,0.3526647259504485,LFP,4,2
-140940.87597877753,2.397192344871632,0.001095464330147335,76693.36091426548,-0.24502468336287997,-1.25497531663712,-0.4234448127394861,0.2766800157145026,1.4763981340912053e-05,9.506828949819095e-05,2.4704390182281215e-05,6.439284140958436e-05,2.5253359669602834e-05,0.09315546880998693,1.851804015286806e-05,1.5622829548075733e-06,0.020273144623918476,0.010025379617302157,0.20871212357396812,0.2878176840692437,LFP,4,73
-440101.05372289533,2.3550791850249113,0.017815054154779037,21339.591967424087,-0.4411630706866472,-1.0588369293133528,-0.18205933180562972,0.41809522319420583,1.4439797646020057e-05,9.474166744165376e-05,2.4295303501618325e-05,5.340801696963726e-05,2.9158549804207866e-05,0.0931932098554166,1.3702514037828415e-05,3.085327499457287e-05,0.020109900303573503,0.17255789357135237,0.2861756136474268,0.2892071609755912,LFP,4,23
-21518.5128281666,2.0722576603935483,0.002748046055218667,5986.47676977299,-0.2846050268420335,-1.2153949731579665,-0.5212822674993951,0.2783394268177882,1.2204914370086012e-05,6.114922130279944e-05,2.115381227591784e-05,0.00014916247961340928,1.8493891201135866e-05,0.04586024224949118,1.5152708473101586e-05,4.252349114536025e-05,0.006736456229145841,0.07984450138027863,0.11081277008304376,0.2180604610372825,LFP,4,96
-12187.34681433314,2.047690148258594,0.0027830103171957196,7415.76385138729,-0.2846753467214107,-1.2153246532785893,-0.39034918432655574,0.20025981188767264,1.2734368978852514e-05,5.995877498257822e-05,6.235474450050896e-05,0.0001488544608351379,1.7845441921707368e-05,0.047562926031299635,9.046208748397289e-07,3.8390290207941205e-05,0.007496658955536136,0.4679342581607089,0.012408327106177758,0.059308230406557624,LCO,4,95
-83607.35906046908,2.057994150281115,0.004341847922109858,19006.126507324676,-0.29971807084271873,-1.2002819291572813,-0.7300613749438812,0.2786677829268835,1.2418960419995115e-05,4.720478786778192e-05,1.0149663717408274e-05,0.00012888085903784864,1.445219984475908e-05,0.08597944644786452,1.4604258873970338e-05,4.418970863117533e-05,0.010575641547744777,0.04167307424740549,0.014553082733596592,0.1437124680751167,LFP,4,62
-10193.55312730571,2.0932846572062616,0.0027042174637937847,2052.719955847607,-0.33354866338471467,-1.1664513366152853,-0.33791712218714165,0.2110473162552443,1.2234654674926516e-05,5.898604800607314e-05,1.3982918851003128e-05,9.46192271822854e-05,2.055871632680863e-05,0.047776204699887775,1.6926675813408914e-05,4.4745246626692924e-05,0.004370666245727851,0.08374838294645989,0.20722242185421985,0.30111207301217874,LCO,4,83
-369086.02625915274,2.1011257183835395,0.002746324866900171,69302.271874313,-0.2955820628317838,-1.2044179371682162,-0.6019883770319372,0.2370019825047365,1.2767739098034355e-05,5.924732917598425e-05,1.1871379209516751e-05,7.675484457110191e-05,1.9295669728206433e-05,0.0818209916348668,6.161435340262619e-06,4.9522087184583776e-05,0.01869702945926997,0.07132528218336509,0.120627598837411,0.1360587419472868,LFP,4,83
-63600.13004602762,2.1910827382273084,0.03027795292941651,5985.825935227667,-0.331985287482885,-1.168014712517115,-0.5955942214034153,0.7653738052954181,1.2061665488547214e-05,8.256151770169001e-05,2.3997771892739485e-05,9.319625169731783e-05,2.7916837058207536e-05,0.08404555316550931,6.840461611260069e-06,4.9423140978592926e-05,0.009284295330169747,0.07485635948610195,0.23190617344693046,0.027643245663552245,LFP,4,28
-10231.63710185222,2.1791656778836117,0.0027885331853510524,1821.3067988606188,-0.2402299483855188,-1.2597700516144812,-0.47316663407038223,0.2012364806732651,2.9290381237342997e-05,5.4756742881344536e-05,1.0199667633802486e-05,6.083135618249763e-05,2.243099177000739e-05,0.04320408190042569,6.0739000161844e-06,3.999145549892335e-05,0.004819668134358771,0.01863731411210021,0.08223763982469846,0.35595841199281913,LFP,4,73
-528363.3587442534,2.154208904686163,0.002270488183935048,106785.34438993662,-0.30583271232087306,-1.194167287679127,-0.4052608013938961,0.23656921504230602,1.2768051331253137e-05,5.895110962815488e-05,1.1225279502016807e-05,6.747382584396915e-05,1.775653345834284e-05,0.09576652231707186,1.5366119260053115e-05,4.248485332736294e-05,0.0202737137598789,0.029754603127764265,0.2499763502941002,0.24500824518423944,LFP,4,100
-95346.34920525612,2.1744409968113843,0.004950261992175233,20099.422367062874,-0.2819840831609923,-1.2180159168390077,-0.6722056107807365,0.23991440488228502,1.3252259935955752e-05,7.049610068218119e-05,1.2383821048080083e-05,0.00014011693030577783,2.0950770461948182e-05,0.09971247761708225,7.037788213979952e-06,2.3569379189611382e-05,0.010071244603053815,0.07086817403708695,0.15375595102582212,0.03317026415635447,LFP,4,64
-588625.7799230553,2.097526864722693,0.01623031102988228,42878.42297576627,-0.27501232156589595,-1.224987678434104,-0.43767917144933455,0.3307891381343515,1.2209854480586076e-05,4.7030541625306246e-05,1.0059329984641811e-05,7.7328542105548e-05,1.2074757633518088e-05,0.09511756508783235,8.372843405911615e-06,4.354366424190811e-05,0.024883410677990193,0.03770143767181033,0.38278741885527734,0.07183197202357783,LCO,4,26
-44140.43717463648,2.5751467364741867,0.0033770153662061576,8809.620416270605,-0.4175695147464715,-1.0824304852535285,-0.5641313991363582,0.229359818772488,1.2597774846513222e-05,0.00018856434159972605,3.771825032055963e-05,0.00010662758570412636,1.653377026882271e-05,0.09738964075521489,1.8768259551651697e-05,7.334246422875897e-06,0.006572164376690553,0.040407679215548366,0.07524106343568966,0.2502198582124038,LFP,4,67
-577171.9139751565,2.3649532946417984,0.004184791671288015,85021.63053446918,-0.30844573512063356,-1.1915542648793664,-0.21070298527748943,0.3015359391603583,2.194535375304413e-05,9.41304867798951e-05,1.8141033017709878e-05,4.867999003694385e-05,2.9279151755676244e-05,0.09335076077579368,1.1391501412615822e-05,3.871387336148004e-05,0.02268762628414906,0.17982284405309967,0.1548439649677883,0.3846302057016227,LFP,4,74
-174926.940826299,2.1059973961409924,0.005032608726530168,40839.10206203545,-0.31347925030515356,-1.1865207496948464,-0.002508914461640366,0.2360313563930573,1.8784859808801185e-05,5.459634358795666e-05,1.1663478273759264e-05,6.603254480275508e-05,1.4520547151963834e-05,0.09847604590471903,1.2310437074711157e-05,4.240941810308798e-05,0.020459931042202395,0.47777946044702824,0.2542285377955464,0.195483087295785,LFP,4,44
-67823.4865875351,2.1118613991809534,0.006788061901098169,15548.593373698082,-0.29016139361866067,-1.2098386063813393,-0.5931333594562116,0.4043531829603946,1.2058031615581459e-05,6.47740969151418e-05,1.293409196292422e-05,9.092859954282154e-05,2.8799333847827163e-05,0.09502703083235794,7.039151476835781e-06,4.9973261533008037e-05,0.00928151873393835,0.06922087660340272,0.23218244067526622,0.035463323265119584,LFP,4,66
-647933.3886633306,2.1214166952580924,0.009704786541035132,43795.76122969584,-0.2706261581732292,-1.2293738418267708,-0.5754186654812572,0.21781441648673716,1.2246496461980498e-05,5.986566507065339e-05,1.1174767124977414e-05,7.503715643900177e-05,1.349670155099978e-05,0.09906736007446033,1.601349520077598e-05,4.831160944583462e-05,0.02313622133786239,0.05561272548673238,0.24990059614179913,0.049068012890211316,LFP,4,28
-280973.6515997421,2.5918570846529616,2.613555843141551,1944.3633073642295,-0.1772083671406275,-1.3227916328593725,-0.1965989679455572,0.6320334702325753,2.822634169054133e-05,4.197322867041596e-05,1.1846538266560667e-05,5.858740954723101e-05,1.364412307606965e-05,0.09138156739318395,1.4770182497305892e-06,2.9806241791414356e-05,0.017685895964543036,0.2655509379870559,0.15163581913657245,0.3162142749308145,LFP,4,3
-762667.2834443004,2.1056182274383364,0.015162037781696613,43431.68703306208,-0.24435926746039094,-1.255640732539609,-0.5006417373615974,0.3364988017219446,1.2028520026743866e-05,4.69647205204579e-05,1.006723103542418e-05,6.574802013706563e-05,1.2121861054755664e-05,0.09508296494639627,1.0306742018290119e-05,4.364814719890567e-05,0.024881926232120637,0.030451917721396934,0.32709630818752833,0.07181003672947732,LCO,4,26
-425270.8718085374,2.1075711891235165,0.0027298335524354876,108931.04150006063,-0.2868923343021663,-1.2131076656978337,-0.3327288113743798,0.2227439389168258,2.0995422345880607e-05,6.164626634606423e-05,1.0046325079668394e-05,0.00011975616298252706,2.3864157532525992e-05,0.08242563106405942,2.5205775517425337e-07,3.321992108204285e-05,0.024727096690051954,0.07227653552665916,0.4472532440213184,0.0777414090776427,LFP,4,83
-560699.3437073829,2.1531939494386965,0.003677499876227577,95204.7669389022,-0.286524617278058,-1.213475382721942,-0.07593145906147003,0.4070241374789277,1.379527797213143e-05,4.807251153682975e-05,1.073324213993621e-05,5.463524229516732e-05,1.3784900897861239e-05,0.08722378501550886,1.6163528307150523e-05,4.440241676812331e-05,0.021486478104841694,0.05783851216886551,0.24542709542090427,0.5508029333487602,LCO,4,100
-373120.38760978007,2.1435096122345785,0.01207855088873748,31892.59678825948,-0.25771856506627344,-1.2422814349337266,-0.39467242141379144,0.2285303741223461,2.2703598859528406e-05,4.153051519100217e-05,1.41211840435436e-05,4.6722738719889795e-05,2.493080998782576e-05,0.0856871143312408,1.9582021337103654e-05,3.336210479613554e-05,0.024570872453670563,0.34542947367216154,0.03873250600540365,0.1511655989086435,LFP,4,26
-707470.1596623583,2.0981135550212797,0.012521599225074079,34983.60910256797,-0.22273107662567426,-1.2772689233743257,-0.4807050361200818,0.3256249034172229,1.2010663178280893e-05,4.078687810800828e-05,1.0066011049270826e-05,4.8962249450569735e-05,1.2032132408145445e-05,0.095281214252493,1.290008087230028e-05,4.545811948732968e-05,0.02358797482556463,0.06828401200621997,0.3277390503556952,0.053271901518003054,LCO,4,24
-37579.174464624615,2.5170675343746733,0.005796086913494442,6098.803688793165,-0.28480317891117934,-1.2151968210888207,-0.6871893503975723,0.29662445563702583,1.2051217200573455e-05,0.00017912314508541384,9.379070011703268e-05,5.563554133669083e-05,2.83262345730293e-05,0.044672350418073145,1.4463478314588634e-05,9.359707829783894e-06,0.009139175675439698,0.043862313010639836,0.06564141684018777,0.1333069197516001,LCO,4,51
-76576.30429743155,2.161029415717736,0.00385677112490112,8123.234540812205,-0.3278638837853798,-1.1721361162146202,-0.15451416902517068,0.3604837387454167,2.658601218332219e-05,4.555616097425716e-05,1.0026295085111121e-05,5.259023294353802e-05,1.5081115704135267e-05,0.08442123247088415,1.4724624350030585e-06,3.9059606375392586e-05,0.00706864586573208,0.04749934452072586,0.5483758108417677,0.1796106756123358,LFP,4,87
-752328.477960802,2.1226132466525565,0.01447760263906803,44077.686392511394,-0.3568632726755929,-1.143136727324407,-0.6385618061427799,0.34982709588366195,1.2152280561744117e-05,4.6824818356916674e-05,1.3008322306824098e-05,4.121367298713761e-05,1.2075605048243809e-05,0.09511655383853201,1.4415631916453058e-05,4.357722296121721e-05,0.024789572780201587,0.014667308854126853,0.20493892231782593,0.07183196268526734,LCO,4,26
-166960.98652385178,2.1164758381299964,0.0023764667179329395,56419.55011420641,-0.2995771078140077,-1.2004228921859923,-0.7443550648082482,0.22850174646683594,2.4845091777890833e-05,4.194909617039201e-05,1.729484509656138e-05,8.272425287207871e-05,1.2975600726331711e-05,0.05852188390982199,2.964349429337225e-06,3.8483211155626144e-05,0.019230206549574864,0.017010383255146578,0.11386824844558728,0.05476630349101794,LFP,4,89
-468462.7770420922,2.202900281617731,0.0023595858131230133,72241.41874602079,-0.3704269686323922,-1.1295730313676078,-0.26672706505879196,0.22100762761302148,2.0960121681089998e-05,5.252781066551805e-05,1.0156065366635569e-05,4.206886774179851e-05,2.5068756174729672e-05,0.08275662754922908,1.546384523231594e-06,3.727333609140141e-05,0.020458702749161183,0.10132729415316362,0.43678515874833884,0.1251604820397056,LFP,4,91
-127481.10234450428,2.6352950645765705,1.056232541420834,1389.2076737754517,-0.4207426220892394,-1.0792573779107606,-0.39700462765431543,0.2795572254881024,2.2922623547455445e-05,8.976009539416328e-05,1.0118329685500747e-05,4.77405346408866e-05,1.729789441586453e-05,0.09525713949618184,2.0051320836935663e-06,4.731234550664456e-05,0.01662986017633654,0.17160854207150006,0.28956713886469376,0.07181969140949077,LCO,4,2
-83618.09274878263,2.2898459906078643,0.01489388663125454,5947.3131354062625,-0.3820671088805536,-1.1179328911194464,-0.5609474777744847,0.25423368206612607,1.967248800473873e-05,9.117118470002589e-05,1.6579482933979612e-05,4.117338879889929e-05,1.2051936252164193e-05,0.09715104562101812,3.3923858370196343e-06,4.973712929062921e-05,0.008189662812253303,0.014404533548187312,0.2880299013856571,0.06661808729167085,LCO,4,32
-143407.11145342424,2.171999504122741,0.0026308624572206176,27262.893557552732,-0.32279328592226797,-1.177206714077732,-0.3532149851146965,0.2507870145453057,2.618345412376058e-05,4.7948620905145355e-05,2.6380441029076962e-05,4.332574649345489e-05,2.928324544271501e-05,0.08226671376467659,7.063648792887183e-07,4.625372543447263e-05,0.012731723219048391,0.11994656379904975,0.012130486428911638,0.4447079646573421,LCO,4,87
-672836.191561183,2.130539476917044,0.00614046291113793,100740.38921249301,-0.31067320983487967,-1.1893267901651203,-0.4793416581482075,0.40721537067529656,1.200988548176709e-05,4.6963969349597604e-05,1.2147433646157651e-05,6.580354637479852e-05,1.2116876857771065e-05,0.08704369732772842,1.0305303369723474e-05,4.473035195232036e-05,0.024933673301212253,0.018179226802692752,0.3646632045672422,0.06781591048185756,LCO,4,66
-5347.0159550395165,2.040107596102667,0.0029199267692323447,1502.7605784179573,-0.24936049256284853,-1.2506395074371515,-0.23629388208098911,0.2364652586103507,2.2995028917471776e-05,4.0494513734388264e-05,1.3372544928521366e-05,0.00011073508546418007,2.277965013729732e-05,0.048322439191887646,1.5878148851358403e-05,4.797187012923893e-05,0.0040119869160453675,0.5917907004755941,0.04207869954725292,0.05983671789616387,LFP,4,79
-381144.3371918214,2.115352415060956,0.013809226744458863,25849.350214949423,-0.281818937094922,-1.218181062905078,-0.5553270369725289,0.3078887255482955,2.2539861746055785e-05,6.52967625829939e-05,1.5560169693586494e-05,8.505894578159066e-05,1.2084848702608415e-05,0.09987411488707718,4.182549487725912e-06,4.732493636995609e-05,0.019072153218246582,0.05677553179717022,0.28815491339140753,0.029742517838893336,LFP,4,25
-563436.5817137486,2.1778288687857565,0.03022546792084947,19038.497223849434,-0.4046515554904708,-1.0953484445095292,-0.826441173691368,0.35573777171671084,1.4608876147166929e-05,6.362199955777178e-05,1.0029662878012004e-05,5.065510511526573e-05,1.5135527015394739e-05,0.08548040695004926,8.363037860105222e-07,3.397970591465023e-05,0.024516175944705065,0.011163519169000446,0.01609042057504099,0.07630488656459053,LCO,4,12
-606203.3873972577,2.4418702682388886,0.002883027349272981,93394.04038975241,-0.34419742276015697,-1.155802577239843,-0.12294732867908198,0.2865419152770394,2.638278370375845e-05,0.0001731715476974127,1.0806469665746593e-05,5.631533042575623e-05,1.443944895071942e-05,0.07826757546187664,7.102693380554978e-07,4.490811210585724e-05,0.022090147409838185,0.06312218809865973,0.18995964287100178,0.5539708403512565,LFP,4,99
-513346.56790450413,2.3675270908615165,0.003390773005903959,69356.38470467181,-0.35198172873170464,-1.1480182712682954,-0.29597555441528145,0.2005902132335266,1.890254335470133e-05,6.612697363301422e-05,1.4477776740285186e-05,5.314047955157716e-05,1.9901149221052193e-05,0.09804651815579866,1.9559237137202598e-06,1.520526415942272e-05,0.020240859278938463,0.011022521081461425,0.06422336190734561,0.5587785625959115,LFP,4,69
-673467.0680276998,2.2162252032141665,0.008896867419282096,51888.76829914361,-0.3272115772033679,-1.172788422796632,-0.5439475302538004,0.23110293448820504,2.2637882873975168e-05,7.047307187589329e-05,1.8309880885057446e-05,4.71074909317969e-05,1.2051711502110205e-05,0.09716636666460216,4.34500379866896e-06,4.218271676097927e-05,0.02413373029494653,0.1151788468674241,0.20627880615157915,0.06459481672719637,LCO,4,33
-9624.042284321815,2.310599835146533,0.002550261497222666,2068.792398704895,-0.31215855575903007,-1.18784144424097,-0.02110464877506424,0.21097533903845386,1.950545088635652e-05,0.00013329472990843656,4.4352737529744584e-05,8.354082936410406e-05,2.8434146538766902e-05,0.04636922015771415,1.5990058059533087e-05,3.968724199509896e-05,0.0045218257964858306,0.06559687421409244,0.42800864613491746,0.41528983087592586,LCO,4,91
-329107.8496227163,2.052757147760557,0.005163263246778925,76823.58388156685,-0.3151629800306388,-1.1848370199693612,-0.042592309075940804,0.3636251056376388,1.3648952148617517e-05,4.7913747280744934e-05,2.490107007901904e-05,0.00014468683266685305,2.7670169306248584e-05,0.0958874527561624,5.449069001473959e-07,4.3491852144680374e-05,0.02184126309184674,0.06471620968027135,0.26870436788257457,0.5539871133612133,LCO,4,69
-314682.19002004724,2.525320505859632,3.767562847173786,3624.365569493246,-0.4071772929805011,-1.092822707019499,-0.2977949810376369,0.2828616187979984,2.805680109513688e-05,4.487757421284027e-05,1.0370046232991679e-05,5.2367953598141784e-05,1.6430401327542213e-05,0.08417620697071504,3.712628442639787e-07,4.3459481113783136e-05,0.02495678341220005,0.03237359608828985,0.5278869868099924,0.07194443606408094,LFP,4,3
-46414.08894040962,2.112819574546809,0.007646696215503176,4018.5781450257887,-0.32915325153876474,-1.1708467484612353,-0.29242461448750046,0.20886384936155888,2.155092593034347e-05,6.15405181327604e-05,1.26993320425224e-05,0.00014675043130266417,2.948357448407621e-05,0.0966000161805719,3.508089615504523e-06,4.9741682293756016e-05,0.00721712326575762,0.03160660003175604,0.5233202779243347,0.08264850755640882,LFP,4,31
-35569.3236843808,2.0695759013987822,0.00477768672722459,12249.70357073435,-0.29427656962076654,-1.2057234303792335,-0.43228371459346104,0.23862377973478677,1.255549252431721e-05,5.9071084384964854e-05,7.531598406042044e-05,0.00014269786045886711,1.7902891611136534e-05,0.0940028989340685,1.8402149511238193e-05,4.6461858604462804e-05,0.008237635933591737,0.080389401007056,0.022114110057781723,0.3952127743417013,LCO,4,65
-348064.05859170895,2.1075711891235165,0.0027224223055916904,86434.11305465396,-0.28814905344179387,-1.2118509465582061,-0.5489110155000912,0.23249583525234094,2.1057606814277837e-05,6.180559202083009e-05,1.0309654918257068e-05,0.0001175350165665947,2.401736193931369e-05,0.07947126532061163,1.2787931810087571e-06,3.291157635425389e-05,0.021550868040781816,0.07590083595321219,0.15993275701039997,0.1452553915362966,LFP,4,83
-317631.6937568812,2.2982771196219907,0.03626902681168842,11213.305819158524,-0.15352899249836227,-1.3464710075016377,-0.8070071985717153,0.2953607437699467,1.6653485242031497e-05,6.088950482918074e-05,1.362756668694603e-05,4.6715038872006494e-05,1.3587717584969785e-05,0.0856466489406073,1.504774204112222e-05,4.821686528725074e-05,0.024806303679198012,0.012885567324236041,0.07526440034419969,0.034842833759849035,LCO,4,7
-374726.0146243054,2.060872986942057,0.004108872023169852,136321.05415555745,-0.28383685101385936,-1.2161631489861406,-0.3115859527585437,0.3370253377785154,1.2113010762603483e-05,4.680929477069175e-05,1.5792855460912202e-05,0.00013531682972132584,2.0672054883547134e-05,0.09504353865569304,1.3812861464275151e-05,4.9052450175816055e-05,0.024805304473755726,0.030433132262296166,0.020911436520620635,0.5670694784585395,LFP,4,85
-171393.34588534312,2.2529480728945512,0.012985000200924596,9355.629784902261,-0.20089498514956006,-1.29910501485044,-0.576308532685135,0.33192440880128615,2.9028254603542158e-05,9.119898567074239e-05,2.6479280169034675e-05,5.5918476297082736e-05,1.8298122451656257e-05,0.08645099805700258,6.938826651716321e-07,4.767535268265735e-05,0.012754696256534219,0.0418811526909215,0.2914193288363435,0.020390985787599958,LCO,4,24
-21109.145889340092,2.3617867012748786,0.08862051175798465,223.5565960031552,-0.3651378921279509,-1.134862107872049,-0.6773125703424473,0.22842475348654262,1.3903775831188978e-05,6.367813872121801e-05,1.0314985402958992e-05,6.842173124480963e-05,1.2402022220837606e-05,0.046637222311903266,1.839954187313019e-05,4.4240073500147276e-05,0.0056124665172670295,0.04710215266851689,0.13359194807143385,0.07199332891760205,LCO,4,5
-584987.3884281823,2.332900650341097,0.002786305288128954,96876.45440068614,-0.32282193294660466,-1.1771780670533953,-0.22637449093181916,0.28810307169012933,1.8724664905565447e-05,6.066327188233706e-05,1.0554920687602225e-05,5.1728768557850096e-05,2.2303946790216492e-05,0.07786279768236087,2.528581964009958e-06,1.4849034199493504e-05,0.022935229655180033,0.08910791382372503,0.06096290633833172,0.5535546889061241,LFP,4,99
-255414.35200074658,2.0879336025514936,0.013824952221598314,24239.219011647503,-0.32828332902638735,-1.1717166709736127,-0.6261144960891418,0.23162857145515686,2.113405071554619e-05,5.9910631518705365e-05,1.5566676347832998e-05,0.00014828138165314648,1.68567817035911e-05,0.09863390319690979,3.2073507860197405e-06,4.915555853086127e-05,0.019268464068642976,0.03123480524296938,0.18960498744936954,0.08304571121851925,LFP,4,22
-652589.2211977748,2.2153742019260156,0.0037925087658002444,111824.35693130328,-0.33749918912243615,-1.1625008108775639,-0.38373004826078927,0.3569210582787208,2.3819278322665628e-05,6.365004538739095e-05,1.0046431467080385e-05,4.961581318641246e-05,1.4847622840962276e-05,0.0866397512770669,4.536287961104952e-07,3.39835163254953e-05,0.02442885937872651,0.01036123490366321,0.457529671815604,0.0783790450199436,LCO,4,86
-319899.85062375834,2.16870395295015,0.005287967964896675,70684.59405476412,-0.2574436798225683,-1.2425563201774317,-0.5182559820498067,0.4812746228209159,1.2732801094503527e-05,4.0185910658233245e-05,1.0294286885215484e-05,4.1050484281882975e-05,1.2115294778371971e-05,0.09708952378057492,1.3154526224948299e-05,4.494313959603625e-05,0.016843706816798337,0.1946007447655107,0.15494400851316334,0.06219926467151922,LCO,4,93
-202846.46221230508,2.055949888763922,0.006340361087251597,49370.555380490565,-0.34413540690220223,-1.1558645930977978,-0.15753173871916604,0.48257476196032073,1.3656874098602985e-05,4.324698156831567e-05,1.0196938067643773e-05,0.00014486838637718598,1.2384005688188216e-05,0.09709184704099544,1.8879808100604146e-05,4.280692238426276e-05,0.016753951750431394,0.06192880534493206,0.15316950410354685,0.5573699518323552,LCO,4,69
-584112.4219208693,2.1062382804454023,0.00433189631362709,78447.31881203869,-0.30134931398516684,-1.1986506860148332,-0.6322158295869393,0.2281798039983907,2.762495000897757e-05,5.055249773525252e-05,1.1012219249423215e-05,7.528291622453498e-05,1.2391515457555352e-05,0.09637124845655048,4.803599431256896e-06,4.418211900794414e-05,0.02287303044241007,0.047024478367377304,0.1326956261610828,0.11806406588460058,LCO,4,56
-261832.75050747982,2.332239914197667,0.0021882214405076544,64276.30280312179,-0.26199683950575015,-1.2380031604942499,-0.4782284830780385,0.20460107239280104,2.1578746280467015e-05,5.081506703500446e-05,1.0293852302648672e-05,4.4012750481622984e-05,1.559067693704771e-05,0.09766749367017348,1.8851464959749423e-06,1.4506229673255627e-05,0.016127920819904013,0.24240766291614893,0.1555593792676763,0.05380447473813632,LFP,4,99
-632600.5704093415,2.184820829133507,0.008852836312812203,43025.71671033683,-0.4442830388315908,-1.0557169611684092,-0.1760354029110882,0.21847553383660628,2.119344219957629e-05,6.946394803347732e-05,1.0389548182008609e-05,5.015704352223042e-05,1.2264242458185341e-05,0.09964142879288514,1.4558341415472762e-05,4.4311578828732656e-05,0.022592725785484297,0.127109747081293,0.5784446038029081,0.04841024620471079,LCO,4,35
-75010.46093438248,2.1760672019002865,0.003104428192760353,9897.534676280982,-0.34296863868867433,-1.1570313613113257,-0.1901443328048782,0.22648185626159612,2.0697937184393924e-05,4.828831640939666e-05,1.0097362916405747e-05,4.090390418774838e-05,2.5001201101486866e-05,0.0968695058725028,4.433446663571365e-06,3.7254869618039904e-05,0.007515690149047693,0.13369217780902187,0.5237644873484857,0.08239900203761433,LFP,4,82
-472348.80607804935,2.0787056478972805,0.008263591829110767,87046.52904886994,-0.21751052369471857,-1.2824894763052814,-0.5397961837326746,0.6040172213446331,2.1029815782565186e-05,4.1033499739377225e-05,1.0212281294505035e-05,8.61747031240081e-05,2.902808359262705e-05,0.0972493484676064,6.993218213164613e-06,4.1072968056755094e-05,0.022151167788904354,0.11979471380174744,0.14584878446665997,0.12456031799891804,LCO,4,69
-724305.9559090805,2.1476327776627504,0.024913529033484795,28439.69448959935,-0.15533654896374038,-1.3446634510362596,-0.21833515942748216,0.4483961589283912,2.8698754042034428e-05,5.3915620948970385e-05,1.5562925357814853e-05,4.566647046298199e-05,1.4456572801770188e-05,0.09709847558772224,3.009327600054397e-06,4.498117089984644e-05,0.02412281609610898,0.06097982965388797,0.07289564985074135,0.5777893610678886,LFP,4,22
-5273.2922134206465,2.0226374724736025,0.0036589325194384906,1421.1411389377067,-0.35359421162370097,-1.146405788376299,-0.2428157563436376,0.3151363306936533,2.9734342965778207e-05,4.128753785860765e-05,1.7254839617062577e-05,0.00012163036552300631,2.484853156264435e-05,0.04284731325003879,2.9392622752761264e-06,4.395147631251819e-05,0.004095728377920986,0.45295203730077,0.17182947537040041,0.06240273098519204,LFP,4,82
-12033.342332198106,2.3139685532499663,0.0028439214744779627,1565.965968482302,-0.37420772686497017,-1.1257922731350298,-0.3971986961279579,0.24792408350699405,2.515412915836949e-05,0.00012810833469106386,1.3712188118827829e-05,7.129202851731657e-05,1.552811549891466e-05,0.04075753532860462,4.852068460585854e-06,4.181254526582983e-05,0.00406964894529522,0.06494774649499502,0.12279071039761699,0.3450628469794301,LFP,4,85
-489538.6506337983,2.285783323132566,0.0030541665565728135,93652.25126559068,-0.3169453202600927,-1.1830546797399073,-0.30973414960021906,0.2868080622336287,2.733632367972517e-05,0.00013584982749100801,1.0805645220522665e-05,7.498934636699511e-05,1.2831702103442918e-05,0.08578340351889596,5.01824799042728e-06,4.97582810433134e-05,0.020452164197813257,0.06740005287089727,0.4496404277701124,0.10322536975877125,LFP,4,99
-213094.52860165644,2.1005459826533026,0.0063600297227122855,51316.28119314442,-0.19724324630893264,-1.3027567536910674,-0.7047319716740755,0.3059115331902,1.7494051820350825e-05,6.157346949295908e-05,9.455953937394345e-05,0.00011158634457781662,2.2322511154474112e-05,0.07747543291283189,2.42538850568488e-06,3.7246110021705304e-05,0.020484296176817955,0.05435105821061078,0.15634557943775598,0.01457139067755777,LCO,4,50
-246379.00088268184,2.126726262511953,0.030636360359443254,13557.036789250164,-0.16365468816465878,-1.3363453118353412,-0.044667338801234524,0.2519162469027162,2.3823745438064146e-05,4.692655902978381e-05,1.0369011402770182e-05,4.549822816849274e-05,1.4161685789195597e-05,0.0840263853144046,4.4628979224655394e-06,4.1133509409261275e-05,0.023561909839187017,0.5735566436998045,0.09027728229896134,0.2214987351999996,LCO,4,13
-30774.017842972993,2.263395568225105,0.03380998691945515,1113.5977781796703,-0.18903583722200423,-1.3109641627779958,-0.6347644572641383,0.2429031911411689,1.2807941751769075e-05,5.9758339209436127e-05,2.414141961895273e-05,4.965889407115092e-05,2.8453536985589306e-05,0.06154748493519007,1.3065277762446254e-05,4.794022702895189e-05,0.008384784824444293,0.26451698729795725,0.015655401780147106,0.015063153657757357,LCO,4,9
-36159.547369983295,4.799082257801763,11.177616917283062,284.88401468397393,-0.859778611564721,-0.640221388435279,-0.2933599622837685,0.8133309779445368,2.2698134587590786e-05,0.00016976387216182407,2.1449755802689515e-05,4.336845242402215e-05,1.4334373411202589e-05,0.05773281132502855,1.373043950814286e-06,2.6216358149534397e-05,0.01358840536202191,0.0554904278542436,0.012688664355120617,0.5684609455068673,LFP,4,1
-11324.397748144116,2.0837714326797134,0.0025895990982157543,4388.926900865249,-0.2760277883750071,-1.223972211624993,-0.3327027940759768,0.2434734791038498,2.9284496973996907e-05,4.7206216921642265e-05,7.557586524436049e-05,0.00010274278138247503,1.6694253115494045e-05,0.06511656303829085,3.552629969193541e-06,3.698976814795398e-05,0.005276611493802331,0.16282968312031434,0.13698151535405506,0.2974860074496538,LCO,4,91
-8959.456324143333,2.3075467394295126,0.007311810292159553,1553.9720309219804,-0.36017263664046695,-1.139827363359533,-0.16488476057704415,0.6126572718053538,2.3769673334570438e-05,0.0001977886078535135,1.8311608890321635e-05,0.0001213567232308696,1.5332705653492712e-05,0.04056410412482371,1.0252498461624378e-06,4.7929532563860295e-05,0.0040743925429345094,0.12099881299521373,0.15360271762085778,0.4905137088068844,LCO,4,87
-42471.06529704982,2.5723381910157617,0.012427994809993109,2335.966502762746,-0.3770639236185218,-1.1229360763814782,-0.20705823991408456,0.23630990975182636,2.2907274689344773e-05,0.0002156409494156213,1.1546461141692888e-05,4.9338137290530535e-05,2.8898350117811164e-05,0.04246323821628867,3.3222627361092773e-06,4.827689950739752e-05,0.008273103340846312,0.1154001163185696,0.015662090751979232,0.5918795530153667,LCO,4,31
-224187.27834069106,2.0870979182203633,0.021088792437943215,10671.891289198655,-0.3950208177535153,-1.1049791822464847,-0.16228573684397862,0.22671464407085032,1.6622094792114118e-05,4.615946558041622e-05,1.130880733079335e-05,6.187243804415826e-05,1.555263002527452e-05,0.05650082201038047,5.217831265828247e-06,4.7745503268077505e-05,0.023389729391938674,0.5594371101401963,0.19636855837718364,0.011908594638641478,LCO,4,14
-8633.519192130914,2.150009154176788,0.058950980883441036,228.39388916896516,-0.4544033587576024,-1.0455966412423976,-0.17902673673976055,0.22381088648369574,2.4982243703882245e-05,5.495942896191934e-05,1.2187704329858095e-05,6.0869618844253595e-05,1.673772891649418e-05,0.040518591288444275,1.5633393216219544e-06,4.5173917774303884e-05,0.004889137156432358,0.17882850574874537,0.06351975609743099,0.5086250014140632,LCO,4,10
-24124.002460830623,2.1322572398926587,0.01573844447236273,3335.550045720717,-0.3435742955759338,-1.1564257044240662,-0.40567698513097117,0.23660415500791165,1.7946598082128806e-05,4.138127575329875e-05,7.824958930168947e-05,0.00011467184429234054,1.650174395846717e-05,0.06463587887983718,4.4336870918019753e-07,3.8811921308320234e-05,0.00890711078842379,0.2671929911695708,0.14158999804149672,0.11554002565796141,LFP,4,23
-38987.293456027706,2.154889358888153,0.03522089066555724,1339.9941507763353,-0.34382728462526835,-1.1561727153747317,-0.785550087781528,0.3055574845623663,2.301705498979188e-05,4.8856799639601734e-05,1.948526097232856e-05,5.513929694914102e-05,1.7051463540837113e-05,0.09555467270274562,4.428350629694842e-07,4.1503526377909805e-05,0.0063512242962617226,0.11576269488995065,0.012461840748188222,0.01622537658033311,LCO,4,12
-208523.5264297725,2.163037917996575,0.0656755255110506,6028.461606652281,-0.39047547741022015,-1.1095245225897798,-0.2177268217563716,0.2109776356369068,2.5140194510446002e-05,5.413372491368678e-05,2.42152824921633e-05,6.091580514255634e-05,1.6649131916002803e-05,0.040441104941934244,1.950084565860785e-05,4.785173402541602e-05,0.024943242336951124,0.17343853333470566,0.07578293759448029,0.46305170731444245,LFP,4,10
-18877.399819923652,2.263904123615499,0.0031314559482942214,3395.98204026652,-0.32115133817564967,-1.1788486618243503,-0.41325268242917546,0.20996110916596236,2.910840425856666e-05,7.205786543669116e-05,4.8994540409077024e-05,6.074930373202681e-05,2.247591717832375e-05,0.07373956960278039,5.793036107136243e-06,3.45137791499818e-05,0.004853949000263589,0.015208368503998128,0.09756797934160774,0.4039709697252187,LFP,4,75
-11362.240148983226,2.252691606491313,0.0023833841413249974,2434.9845727214647,-0.33916450418950816,-1.1608354958104918,-0.5134815559532815,0.20130714752490772,2.9252803033658074e-05,7.614928342570252e-05,6.579537156450719e-05,5.050093522088438e-05,2.2475730942831944e-05,0.04282126356907802,5.722089379738398e-06,3.467802610782134e-05,0.004843740765901503,0.018345775593117286,0.04161786645431266,0.3565548019992887,LCO,4,89
-50841.15335063638,2.1819952186333826,0.005687662401868007,17725.92131250264,-0.2671016904201089,-1.232898309579891,-0.4047191874980901,0.39873774321531136,2.3330622523690544e-05,6.29082659545838e-05,6.257170147950601e-05,6.613036341792496e-05,2.225107395537215e-05,0.09523617146568639,8.195015869713037e-06,3.3148356065428825e-05,0.00879095105480473,0.27155536778089234,0.021978414333873653,0.23174703038714395,LCO,4,89
-24987.45904405752,2.323551842800938,0.032043055255752316,939.5987882798024,-0.25016665196637256,-1.2498333480336274,-0.7185395120270544,0.30745346801043316,1.5182670772820604e-05,0.00011262270745204738,1.9914924433097918e-05,5.510955311947514e-05,2.5539021237916293e-05,0.04155691791863317,1.7767978028218333e-05,4.1518287424031764e-05,0.007012337598695605,0.11807455335297751,0.08186699894652048,0.011518935673447733,LCO,4,15
-4624.073264572424,2.136494626147363,0.06366829749061548,349.6512008154196,-0.43008292381970037,-1.0699170761802996,-0.3703016631916761,0.2568523446926496,2.0010709146544282e-05,4.2009021484998016e-05,9.27702101570567e-05,0.0001261204525194858,1.5732689237333112e-05,0.045568716063506876,6.133578850215758e-06,4.127907684788601e-05,0.004967255959061494,0.3929969285058077,0.12282406562195503,0.043877342680561204,LCO,4,11
-17322.45918191794,2.1656705750704988,0.00519994566595823,2270.1850515041556,-0.334859755243901,-1.165140244756099,-0.1436906312241094,0.36780746952512267,2.469919545332736e-05,4.444193037070909e-05,5.735214802968267e-05,5.123480404715372e-05,2.742630864227768e-05,0.07424650722971529,7.164349549752317e-06,4.485869606147367e-05,0.00416837622127496,0.05499640243929625,0.5519276275411292,0.17938533879546517,LFP,4,76
-54988.806987433214,2.5674485892020313,0.005303972269641561,4207.306668733732,-0.3443479177320903,-1.1556520822679097,-0.1439348997258375,0.23649012020401194,1.578633174404485e-05,0.00021590093233806124,1.1707526140181361e-05,6.090370081327717e-05,1.9382730751487457e-05,0.04245826745149118,4.108454847382466e-06,3.831288358052527e-05,0.009829984973668379,0.11780251728464393,0.07496355962743281,0.5932990233620857,LCO,4,39
-8038.08088964503,2.4557604875119763,0.03044104004048006,449.0029996751627,-0.5208306452094895,-0.9791693547905105,-0.21048151614292443,0.27788515249240175,1.250805759717188e-05,0.0001426727042521337,3.662040524660011e-05,5.1203661017418744e-05,1.5657241274826936e-05,0.0455027738309898,2.3134211312038332e-06,3.71171281848094e-05,0.004996236520422973,0.5570904123658174,0.13795387184887117,0.024474199642387087,LCO,4,14
-20791.99072743253,2.1727820449259148,0.0037197690663141473,3176.2854030567187,-0.3607843256376331,-1.139215674362367,-0.07411681631750111,0.27734845614145265,2.4712467302738243e-05,4.8909947942184217e-05,7.541788140033304e-05,5.6960354885439175e-05,1.2265843699622292e-05,0.094340702678619,3.856502253219472e-07,4.000194366890909e-05,0.0042629954641994735,0.027568253257596514,0.5781022307987642,0.25021269962613824,LCO,4,77
-607262.8289456225,2.108438459178821,0.0035424419123839825,103696.01715622375,-0.3017342405039649,-1.198265759496035,-0.5525048535185211,0.2370773481072966,1.2295242979014714e-05,5.921684576100131e-05,1.184912354770441e-05,7.58380374286179e-05,1.3537056801078971e-05,0.0899220218898972,5.661224617822051e-06,4.8263492770601574e-05,0.024231723236979724,0.06460706142351673,0.17650337650019055,0.13638470855777168,LFP,4,67
-114163.59546235409,2.227121732246144,0.002824967862153991,35084.49690078553,-0.24149395659547146,-1.2585060434045285,-0.7440157605560016,0.327664302699473,2.8481513923310647e-05,7.203336720255651e-05,1.1544139865178924e-05,5.5866956342142085e-05,2.2380465981563837e-05,0.04972929837032619,6.06117743924657e-06,4.488882467211415e-05,0.016242648568284182,0.016857790675012717,0.04849851122681895,0.12062793754216683,LCO,4,96
-253346.76725282855,2.239301509663777,0.032365537960825794,6855.626608273186,-0.21433223987050098,-1.285667760129499,-0.6437670446426489,0.2564662320036199,2.6208274508239426e-05,6.686297907750231e-05,1.0233111531185337e-05,5.070332547316543e-05,1.542346994716901e-05,0.04801661359266594,1.6466808887486934e-05,4.990662912886464e-05,0.024064140436104706,0.03994236691998551,0.07103606730451045,0.17525452113285522,LFP,4,9
-79132.11541455983,2.3995905202777634,0.0030138107299125224,14804.800593766959,-0.3313516963883725,-1.1686483036116275,-0.5340256915619624,0.22433447087097136,1.2477182127182136e-05,0.00014298586655579076,2.5934215018900508e-05,6.670335774711802e-05,1.2804972532868424e-05,0.05641735748921525,8.333955215323767e-06,3.314438836833657e-05,0.010523738903222921,0.2688309794200556,0.05230297203251892,0.07484035698546306,LCO,4,76
-49716.38553307122,2.143197327405317,1.9906787129738304,1246.930966675281,-0.4092146168007904,-1.0907853831992096,-0.7380918534876557,0.23639265720985053,2.5130363587728845e-05,4.200023320889768e-05,1.858207297613072e-05,5.4851821832538865e-05,1.6501003711366175e-05,0.06461379342730636,4.0531547134677054e-07,4.277650047404897e-05,0.009945053702900171,0.11376883055549743,0.06453909996587444,0.013600215990972442,LCO,4,7
-43590.43785525417,2.4794778106776785,0.00249514667719734,9928.864533227299,-0.3351095392834331,-1.1648904607165669,-0.30244734597186096,0.2245915989977921,2.914045421961261e-05,0.00017138906400267494,2.535966302792675e-05,5.943068144373684e-05,1.2642277530424733e-05,0.056261566708636954,5.692686318112138e-06,3.6791082870858925e-05,0.008337579511563215,0.2725863169939534,0.05647096520136952,0.29849537183281616,LFP,4,95
-188084.427025755,2.389497857017237,0.013318769241785164,9168.45056269226,-0.3406830328387773,-1.1593169671612227,-0.5803476561765607,0.21010098384756154,1.9790523654875476e-05,0.00014085119674842706,1.3465515093068896e-05,5.042835053861335e-05,1.612399308279645e-05,0.04129500816642056,4.309836813539147e-06,4.609497688634942e-05,0.017694136413489547,0.016608464056533725,0.012408526793525363,0.32063535297338025,LCO,4,24
-28018.632222789223,2.3438878318689933,0.3441432405790592,87.7719732904929,-0.225986812322585,-1.274013187677415,-0.08466998168522122,0.21812812483888458,2.4960429363056988e-05,5.5493122961622227e-05,1.5569239627535574e-05,6.791167931626252e-05,1.7818125771977425e-05,0.040244302730709156,3.525169205012229e-06,4.517679277855969e-05,0.004870873021188063,0.18106187716379363,0.0729418554943886,0.5913262856565966,LCO,4,4
-40530.641209830406,2.144168842975431,0.010395591550360662,20364.98408606406,-0.274585819431735,-1.225414180568265,-0.6179521789756202,0.69476892898119,1.2857881485906751e-05,6.310404568591032e-05,6.353313623747232e-05,7.766095502891711e-05,2.0876899534096056e-05,0.09522457160103422,3.6574710632461193e-06,3.3163391321037234e-05,0.008761988626289104,0.2656223370742225,0.025375699687593005,0.02104978426256443,LCO,4,91
-23819.8389089997,2.1992154232309,0.029373470022267912,2073.0066510826928,-0.29708891560337136,-1.2029110843966286,-0.3381236445415007,0.5537838098167949,2.197084119523449e-05,4.6643828188931714e-05,9.571294948722175e-05,4.284444063466688e-05,1.4570687968606574e-05,0.06354232109474388,6.170629629402035e-06,4.353883616508428e-05,0.0074579782196757104,0.04091940113831804,0.09447316294535166,0.4564837913748297,LCO,4,22
-285568.87810098025,2.1367543718393724,0.019222195439149086,27941.702406089233,-0.37232572066571024,-1.1276742793342898,-0.3391470297520497,0.2366830188216305,2.8715679137918732e-05,5.3832390471369636e-05,7.619492347773284e-05,9.706143066635724e-05,1.446671172100991e-05,0.09701625986816316,2.8734648640350563e-06,4.719703694384257e-05,0.02445292194809768,0.013348482825932012,0.061030967259098706,0.5164735201629197,LFP,4,18
-146582.2343755818,2.0969697896014594,0.12023597649527688,6654.3515889019,-0.41028896778866475,-1.0897110322113353,-0.5038584607213501,0.2325020751022002,1.607183630259516e-05,4.837717027961493e-05,1.2190045616381237e-05,0.00013820227034619663,1.5137244427627196e-05,0.05641254515815395,7.497125558612927e-06,3.8664018151536136e-05,0.020055885820846733,0.2624092526043664,0.11639846233535088,0.04733382433893267,LCO,4,10
-231881.7725285218,2.0541841190660954,0.00437208689059797,83170.321561972,-0.37201850956157934,-1.1279814904384207,-0.6605883643178059,0.306586495320468,2.516493983744087e-05,4.1840580416002606e-05,3.3022127988255394e-05,0.00013738955458766092,1.3881459881794353e-05,0.06460004453989009,2.4857181865319395e-06,4.531771627138997e-05,0.02472427854409832,0.05428551337769717,0.20011153315186112,0.015014589152635937,LCO,4,70
-241450.31693054456,2.147947705302761,0.02049110463219736,20079.55669087082,-0.3581152821374243,-1.1418847178625757,-0.36374214579527686,0.21282422138372956,2.527345006708757e-05,6.829878122477789e-05,3.3193316425405584e-05,6.964392217646407e-05,1.6818669639316796e-05,0.06465778494033114,2.6959010800430454e-06,4.795164706484529e-05,0.02479160107365872,0.3584953588964236,0.1926766778840267,0.015085817424272991,LCO,4,19
-10679.95589716895,2.3731534244514187,0.023820123946774782,661.630441125844,-0.38601992312680977,-1.1139800768731902,-0.5927049055803995,0.20894026923357584,1.7273265711346174e-05,0.00013147922282526388,2.4252027009662055e-05,0.00013934213423696218,1.8451680321248026e-05,0.05469007345746246,1.7820397509556835e-05,2.2341219016615037e-05,0.005117713184890965,0.14481612950986616,0.15643381448928256,0.036045150420451845,LFP,4,15
-4787.35611960264,2.0541929539472754,0.0026944918890916053,1296.9878011623762,-0.16795541946002324,-1.3320445805399768,-0.1749136931842329,0.2006706212046326,2.9483551469486357e-05,4.177142501797397e-05,1.1082194142048676e-05,8.395281348123112e-05,2.2078741414509825e-05,0.042568490804045775,2.2521258244172748e-06,4.683728206571694e-05,0.004007668082220522,0.49458340208083296,0.12149956876376415,0.13900333597117004,LFP,4,84
-31303.537635930534,3.4431478185078865,3.447147828639784,44.96829988866548,-0.8381475198510344,-0.6618524801489656,-0.6783368262550742,0.22788220747420665,1.663377314730778e-05,6.740314177998736e-05,1.0006911631253199e-05,0.0001271246419866359,1.8503044926959968e-05,0.08296641204614888,6.7192645289638475e-06,2.851766504381855e-05,0.004203900881378758,0.059771923204621685,0.15600383154007247,0.03588741900023178,LFP,4,1
-4516.829846663806,2.037546255265466,0.0021820635012234943,1483.082205583018,-0.24936049256284853,-1.2506395074371515,-0.3058200134977679,0.21198724535632202,2.517204391204459e-05,4.1075037285158416e-05,1.5552825812476906e-05,0.00011468789367236366,2.308435284361572e-05,0.0424536572356753,1.95608826002606e-05,4.783328164031533e-05,0.004004142265045781,0.4532748381997247,0.10812066535788456,0.06278448294462292,LFP,4,87
-716603.9933108082,2.235206459027448,0.017567424841852513,28981.46283499465,-0.43628558066192014,-1.0637144193380799,-0.33854294604893276,0.21724165613288685,2.845902605849832e-05,8.25643685541151e-05,1.0464607498780793e-05,4.9027801977445245e-05,1.226635684657714e-05,0.09010735181429043,1.1288787071061653e-06,4.938415230285476e-05,0.024127895085698507,0.04315870269292646,0.19031999440857725,0.3579783568495636,LCO,4,22
-737457.4955742792,2.2156160869810813,0.020460832472547343,36457.02536698869,-0.39204382191390685,-1.1079561780860931,-0.4250746774234352,0.5390006826363412,1.3260650537408705e-05,5.5986244832446806e-05,1.039798008459722e-05,4.03838012422683e-05,1.343651964592837e-05,0.08992222196596206,1.1210252879712663e-06,4.9504510185635064e-05,0.024117576512823195,0.018216399999047936,0.12996969861971044,0.35673922395780655,LCO,4,26
-734303.066803233,2.127801681213298,0.008868553128658023,38462.68207488798,-0.18894220704829934,-1.3110577929517007,-0.10593511508768849,0.2065259833343348,2.6968463243305986e-05,5.163354898451606e-05,1.3493214951061495e-05,4.660063503338835e-05,1.4440472200683288e-05,0.09709135435573257,3.0876841026030072e-06,4.5224798187498985e-05,0.02412211145871515,0.03221358589212249,0.21467338065997044,0.5771779183602186,LFP,4,31
-728023.7235172188,2.308131712792257,0.018247385787267055,28423.654694249617,-0.43628558066192014,-1.0637144193380799,-0.22588945629357882,0.221749018537646,2.3983995653997343e-05,9.913861783992839e-05,1.3488579628812345e-05,4.4234281926003935e-05,1.5636292070879818e-05,0.09003466764587915,1.908990363625814e-06,4.5281177065746765e-05,0.024142422739234705,0.012864347269588673,0.12418793002839654,0.567058266408436,LCO,4,22
-712182.9665455266,2.1190794140445735,0.03041183688558129,20401.005571648722,-0.2714910807160855,-1.2285089192839145,-0.024887202816558096,0.44779775815793577,2.6292727382451714e-05,4.711544364524019e-05,1.3469267033557909e-05,4.6292692121614723e-05,1.4582633307433802e-05,0.09203015345577557,2.969060754389208e-06,4.513798087077055e-05,0.02412289293085067,0.026546618050660626,0.3521596849274441,0.5264064942053372,LCO,4,18
-4893.40470532906,2.028227378781432,0.0022115172217323925,1546.6342217127592,-0.24936049256284853,-1.2506395074371515,-0.22903846445481613,0.22493116259958518,2.3081357712276014e-05,4.128860606669924e-05,1.726784992862133e-05,0.00012490256707195084,2.2276380563422333e-05,0.04299674876406103,1.9805419969398085e-05,4.786314516934355e-05,0.00403733448439537,0.4370158520724485,0.20172350131895492,0.062222182153780524,LFP,4,89
-718707.8933990573,2.2406925601358885,0.01586471813942315,30594.9550795019,-0.2966181551584235,-1.2033818448415765,-0.19436360680309606,0.37178623038252717,2.6002551913537427e-05,7.770935583249369e-05,2.522834484221441e-05,4.496041777685685e-05,1.458614492965462e-05,0.08638617379829765,4.0694568649694e-06,4.987966506584928e-05,0.02482540337023461,0.026522716858430165,0.3547286768307676,0.35438499950770624,LFP,4,24
-728023.7235172188,2.3179433839436894,0.031556964160714844,18605.960285194535,-0.43628558066192014,-1.0637144193380799,-0.1099735915587784,0.37584156675751634,2.9402723358711628e-05,9.917391815684136e-05,1.2820080527855952e-05,5.111769014269915e-05,1.2945238613015762e-05,0.09152206769176473,8.818202712951663e-07,4.5955597779345903e-05,0.02414282110452746,0.012292494507513638,0.24869916615740117,0.5590347477763068,LCO,4,15
-5283.623188016515,2.0627538927559694,0.0032941243009096083,1231.6065337613109,-0.2684390615934795,-1.2315609384065205,-0.3628907625959391,0.2344775016335742,1.3832630509515684e-05,4.0307729405086446e-05,2.1664721165935767e-05,8.269719767400589e-05,2.3990109875439963e-05,0.04260551527549307,2.2404764971047714e-06,3.973384706527711e-05,0.0040010118420185856,0.3010723331390563,0.1901998006313059,0.07583710363369874,LFP,4,69
-728023.7235172188,2.385694604396753,0.020744463111329534,28096.27818186038,-0.3919050136077349,-1.1080949863922651,-0.21277150386942634,0.3706889622375669,2.648761662363685e-05,0.0001140716612590881,1.3286962619799785e-05,4.437867032358669e-05,1.4684363207580176e-05,0.08942208173082901,4.870343136931005e-06,4.3328289438702785e-05,0.024096216543958743,0.013316577415583715,0.1661501035356302,0.5377618151793598,LCO,4,22
-734303.066803233,2.1271757877685835,0.02491516031056378,25119.452064200716,-0.15533654896374038,-1.3446634510362596,-0.011312828557056842,0.4962813953725158,2.9933871545874173e-05,4.654502468268314e-05,1.1681191623375144e-05,4.49701943746801e-05,1.4280845468489382e-05,0.09559464261842358,1.5730952148653183e-06,4.576503072656114e-05,0.02409640234496345,0.06970516607481754,0.25297751710024885,0.5960044882678769,LCO,4,22
-722110.0539486747,2.1580762204440367,0.0380445444109616,15828.076822513012,-0.3726705485422208,-1.1273294514577792,-0.3043561782878501,0.36983168399065836,2.9584662109436878e-05,6.185617649052231e-05,1.9140189511798435e-05,4.4318995123853496e-05,1.854345239449119e-05,0.08867766057826229,6.015636761834094e-06,4.136599845028127e-05,0.024109378091706907,0.013315238581867379,0.07475222300007639,0.5375763601302062,LCO,4,13
-5534.411390867981,2.04787971814531,0.0025276584679886998,1637.9638038879214,-0.24881885722315644,-1.2511811427768436,-0.1285010314534314,0.21197347950641549,2.293951567052644e-05,4.1047616271453657e-05,1.3353864639600912e-05,0.00011456361938194482,2.3097283735458505e-05,0.048313287608253944,1.6279163879651932e-05,4.852942055982761e-05,0.004048869328603588,0.37897312824218915,0.33678845300499105,0.08573738729938837,LFP,4,88
-66822.91710366856,2.432163918864502,0.005270004091136943,9116.175235015002,-0.31509737188811116,-1.1849026281118888,-0.6420955906923321,0.22886716444490168,2.658560930879048e-05,0.00017805929121166448,4.0179467019514636e-05,6.330943385884948e-05,1.6783070811416086e-05,0.0455002114912982,2.960406196744284e-06,4.960152462265771e-05,0.011238906494422305,0.022183663377451663,0.09059474925614992,0.17512599667406636,LFP,4,52
-5119.620687739587,2.0432093564152956,0.004167271550281259,1090.1278684317945,-0.16466750624679705,-1.335332493753203,-0.08148698639686547,0.2119572938684723,2.5299591523318933e-05,4.093185018559622e-05,1.04264345892757e-05,0.00011475784956605824,2.3007113989216153e-05,0.04885285202682564,1.836796060038527e-06,4.853243183301208e-05,0.004008178631821614,0.42236252250266904,0.33884282730161686,0.08730766379884869,LFP,4,61
-72313.58877757704,2.1837526655404864,0.014104325408608766,4703.286170590416,-0.33035502614640144,-1.1696449738535986,-0.5456927794332848,0.2600527360264348,2.8843526868617427e-05,7.725584966324489e-05,1.547043785562689e-05,8.49340102786211e-05,1.2413825998157326e-05,0.08513693043144127,3.29781671604957e-06,4.764895748403996e-05,0.009088348687557023,0.06569470169790526,0.2880939959172781,0.03051852295153194,LFP,4,24
-748576.2034014051,2.1423175914779993,0.008363593018497551,41487.11421881807,-0.14932347213844288,-1.3506765278615571,-0.15997452557789893,0.20075707811600826,2.9922804690754208e-05,5.165118349299308e-05,1.4294633493688305e-05,4.660352347231217e-05,1.4440741016247756e-05,0.09779870536759826,8.647394535598767e-07,4.579932229866255e-05,0.024095790612633058,0.015292470240271909,0.17793907103876244,0.5767939331430668,LCO,4,33
-4195.125796440691,2.0257426320245093,0.00279375385515058,1560.9898552008603,-0.1649116064903442,-1.3350883935096558,-0.11986275081848663,0.24808635777698543,2.300656805580636e-05,4.0288728651592566e-05,1.0959518476816101e-05,0.00011662699399216255,2.3115161903404882e-05,0.04831592655930818,5.135514618829395e-06,4.7727566730897575e-05,0.0040066090528616235,0.594352494573607,0.11612081437092071,0.09966394023698577,LFP,4,86
-5274.294569755305,2.0459626468896324,0.004597643116863554,1094.1920883634664,-0.1636619609664649,-1.336338039033535,-0.12421030535373978,0.21194984101815711,2.5313263773829727e-05,4.110060023602934e-05,1.0968856573032116e-05,0.00011484835816802151,2.300512901286232e-05,0.048309939756442676,1.723659208818097e-06,4.8529383923282714e-05,0.004068115224803709,0.37882985692582616,0.3389110355565475,0.08804880216388664,LFP,4,59
-713750.5869190467,2.2489854765250694,0.02267104612463422,19983.649771955792,-0.43628558066192014,-1.0637144193380799,-0.24175626379431714,0.22261425893494374,2.9401481670755204e-05,8.404262024270578e-05,1.042476207950749e-05,4.903072721210396e-05,1.462101290894988e-05,0.089362217641857,1.102669310319701e-06,4.3133178304614815e-05,0.024130273151383833,0.04320092205225219,0.11352712251473487,0.5315156916386958,LCO,4,16
-4344.04213343894,2.0591936067806844,0.0036834081636281037,1057.9868574073057,-0.2874773531055492,-1.2125226468944508,-0.10201070051109007,0.2083483669769371,2.535479083305241e-05,4.985738720573644e-05,3.85937511347528e-05,8.108859607488865e-05,2.445091546963022e-05,0.04258292906736691,2.123202376859004e-06,4.831306310475299e-05,0.00420717811804893,0.5837699378156314,0.19097111353773957,0.05324824813553912,LFP,4,61
-4897.391034860214,2.0242674564205205,0.00264479691495407,1649.9595379011084,-0.29062182590525865,-1.2093781740947414,-0.0959753087828078,0.23514767652044227,2.5688366288927563e-05,4.304414163670073e-05,1.064229686140844e-05,0.00012420586071445637,2.2809433749268014e-05,0.041501786763761477,1.7288526855941884e-05,4.75504255422869e-05,0.004629370786686556,0.5956995775560218,0.07916241188579728,0.15916270177537314,LFP,4,80
-5594.932854324721,2.035360726282659,0.00486827796370814,755.4772292508472,-0.16466750624679705,-1.335332493753203,-0.03742197178233175,0.2119198282507004,2.525027954250199e-05,4.09872695038586e-05,1.4442706591072624e-05,0.00011385030990995904,2.911520090502267e-05,0.04240101603024226,1.0627963086053289e-06,4.930341157707039e-05,0.004053291524112111,0.44617818928808184,0.3466382217494999,0.09976161718008664,LFP,4,49
-728023.7235172188,2.264436419016558,0.01620673096860857,35996.71679920451,-0.37125702520854453,-1.1287429747914555,-0.28498286910705983,0.43509479147245844,2.6702751676801446e-05,7.00338202404857e-05,1.0196884130057903e-05,5.343016354144916e-05,1.2182034170952629e-05,0.08671695776475141,6.157444552367632e-06,4.9134649796306986e-05,0.024152556365567908,0.013256881457664866,0.11273736276282549,0.5190228866724499,LFP,4,29
-725047.3953427124,2.141485911600212,0.020530015922401876,24857.055526705535,-0.40609423185952664,-1.0939057681404734,-0.11483000002547517,0.3136968811551499,2.6155332724028297e-05,6.299517667549806e-05,1.4048882981913221e-05,4.437251911450949e-05,1.4120984634011827e-05,0.08657137951553612,6.371868839866271e-06,4.331454704737297e-05,0.024096129270590613,0.012872082926628649,0.2923172313740271,0.5099806856738691,LCO,4,22
-4976.135534403391,2.0345904956079357,0.007712070685636739,1075.3987865750778,-0.24379860467004733,-1.2562013953299527,-0.23434105030113261,0.3601551185912264,2.5221365370802896e-05,4.077078856947784e-05,1.730551131993693e-05,0.00011155132550981645,2.2129251412308772e-05,0.051572757335235225,1.8302927764328795e-06,4.855101445200798e-05,0.004095763691328404,0.4652802108515497,0.1682024835717556,0.062176255275562184,LFP,4,51
-485236.0127086936,2.162946298875239,0.004601325476202215,100766.18863012448,-0.3216782913279328,-1.1783217086720672,-0.6503964342164189,0.3405819356665792,2.9669921141413393e-05,7.319152032477823e-05,3.940131912307189e-05,7.845400298858474e-05,2.9956004752928515e-05,0.09290116359529534,1.787859683089443e-05,4.901848897385566e-05,0.02389473474187919,0.024434290888652368,0.10846545499676363,0.1467038198981651,LFP,4,68
-4481.188643411561,2.025179957502719,0.0027294479929200715,1644.3582413257259,-0.1649116064903442,-1.3350883935096558,-0.21338572582648552,0.24996420869458652,2.20471428241936e-05,4.007750980861446e-05,1.1396205203082337e-05,0.00011740858389418235,2.311517213475948e-05,0.048346770651103606,4.912372468503201e-07,4.788144289044121e-05,0.004003016793692869,0.5497565144342267,0.10441065150274886,0.06244710823653894,LFP,4,87
-5108.364016195801,2.0468360032945223,0.006297066783540993,708.1172764841019,-0.25840075078900426,-1.2415992492109957,-0.18964034021796894,0.21194966698341844,2.531987328608597e-05,4.110080999374743e-05,1.0779407825968703e-05,0.0001147659522030973,2.3121436443814423e-05,0.04368479790797331,1.2857229958757635e-05,4.840007444035662e-05,0.00402892186133007,0.41613897886834395,0.2876090521610403,0.03661162875264687,LFP,4,42
-713750.5869190467,2.1450279027658055,0.018950703971247304,25663.37441283046,-0.20399138076230372,-1.2960086192376963,-0.19822990688652797,0.2197627928005218,2.1293500168221714e-05,4.8575086980432204e-05,1.4295261886998384e-05,4.2071604593889965e-05,1.9914455755780706e-05,0.08758851457716034,2.337911353500402e-06,4.705883564280554e-05,0.024142552718798223,0.021847374272605705,0.12969761331402085,0.5802251055268456,LCO,4,22
-4787.35611960264,2.0541929539472754,0.00250214162714853,1340.480342870029,-0.16795541946002324,-1.3320445805399768,-0.030179742219449746,0.2253811399152757,2.7487555785485474e-05,4.179780233701195e-05,1.1742912524555629e-05,8.344973747012425e-05,2.2284658669715126e-05,0.04255449085478227,1.235510552084199e-06,4.789907987458303e-05,0.004037372171276227,0.5189146701695575,0.2401507061260044,0.14075488148498838,LFP,4,90
-724531.0937147815,2.1159659594166884,0.01313299366836717,31636.920702648225,-0.2668055307441932,-1.2331944692558068,-0.3366372573429989,0.21231632371310477,2.4283583084944607e-05,4.1843457708813104e-05,1.428405308841442e-05,5.1090884419293566e-05,1.8599730857063812e-05,0.08928778067955491,1.1601717537322505e-06,4.619773109324243e-05,0.024852124719617875,0.026652034968407498,0.02819029922496169,0.538520408463632,LCO,4,24
-728023.7235172188,2.1836604933374257,0.020460832472547343,30869.478996077127,-0.18894220704829934,-1.3110577929517007,-0.20539721816305279,0.5407317919535508,2.6882233068727435e-05,4.9802801379077486e-05,1.010671136624252e-05,4.5612578031104314e-05,1.3437784516671409e-05,0.08995678645194866,1.0294617681871908e-06,4.912896204150725e-05,0.02410337631610425,0.018225730806632808,0.11251325161024642,0.5938637994200681,LCO,4,26
-4584.109120308393,2.025593872582965,0.0023593422449716796,1637.7169567980827,-0.30408058776258784,-1.1959194122374122,-0.2606169002327975,0.20285241976206564,1.7431858572719637e-05,4.008991189643959e-05,2.3692635783074113e-05,0.00013873193376749,2.3624373743070942e-05,0.042850891134525275,2.201880125988726e-06,3.781600910703498e-05,0.004096575981306227,0.4440484797007857,0.1631464752429797,0.06218814482343718,LFP,4,88
-733775.3363305122,2.4397905351989895,0.01949198413931838,28429.119242524,-0.395705227242626,-1.104294772757374,-0.30962367881361175,0.24524053697696596,2.395420087708795e-05,9.938401307662398e-05,1.3439478642133459e-05,4.423301961003803e-05,1.9850343183654327e-05,0.08805101533611359,4.0528771768909516e-07,3.9967892031273777e-05,0.02415678168822395,0.0128397812199687,0.07383336143237394,0.5337031785340457,LCO,4,22
-4893.40470532906,2.037546255265466,0.00240784939944694,1543.4275113899037,-0.24936049256284853,-1.2506395074371515,-0.3092809896452573,0.21233378234629277,2.2177283105678465e-05,4.106734705848871e-05,1.5550717337678676e-05,0.00011461321434117993,2.2270995971323045e-05,0.042996978825725646,1.9911677477813086e-05,4.787717677003057e-05,0.004051493592668999,0.45349909987647086,0.10443247038884507,0.06278744008942683,LFP,4,86
-701428.4741510425,2.1878859236112196,0.027047550314645293,13389.509075770471,-0.3907016209169889,-1.109298379083011,-0.09297730718929864,0.22000862741204533,2.5988506622162874e-05,4.268296413116848e-05,1.423497895499561e-05,5.1352639874267584e-05,1.8571490276635776e-05,0.08224418220686631,4.074131274035564e-06,4.994531199801217e-05,0.024125841966453353,0.02664517413964553,0.46189987764201157,0.34847764102904427,LFP,4,13
