SpecificEnergy,SEIGrouth,TempIncrease,Price,UpperViolation,LowerViolation,VolFracViolation,C,la,lp,lo,ln,lz,Lh,Rp,Rn,Rcell,efp,efo,efn,mat,Ns,Np
-47042.68740495713,2.453732864868844,0.1029226488397055,5336.807098173907,-1.4238824736922666,-3.3761175263077448,-0.2707732385378297,0.3575063046897593,1.928546744509737e-05,0.000118014890654,1.5301276470028072e-05,4.467690206255837e-05,2.94468197314684e-05,0.0419300061037039,1.3705478612195972e-06,4.848503587753049e-05,0.0098748507620127,0.0208989162776172,0.1436797648485544,0.4946480803359986,LCO,13,16
-80003.7266141291,2.3204128722845523,0.1549437515786302,12725.854819050288,-1.6025989135595893,-3.197401086440422,-0.6572129179309656,0.2476271851732834,1.2249097084272004e-05,0.0001079765415838,1.5274598480151067e-05,9.211853597914577e-05,1.9641812761043357e-05,0.0467765587475705,6.090323124804696e-06,2.5896486428538105e-05,0.0143925574917227,0.0143385466418535,0.0105431596572965,0.2479053757698844,LFP,13,13
-120888.476070277,2.2497528207415245,0.6491924657682714,11796.855298108165,-1.958898876489385,-2.841101123510626,-0.4734578739236101,0.2459930384397702,2.8414052137644174e-05,6.13967855397623e-05,1.833159118341619e-05,0.0001172720909439,1.4956884705177702e-05,0.0848237932997648,7.365547874235426e-07,3.760577096648369e-05,0.0124887704867018,0.1746950916907425,0.234209341720684,0.0476376926649633,LFP,13,10
-259225.22162448085,2.253436629762534,0.0131445683232937,156490.3440542832,-0.3512429972724362,-4.448757002727575,-0.6020536770670948,0.2143927309625418,2.9682260383220964e-05,0.0001354205710214,2.5916219002172754e-05,0.0001071613099765,2.446065301150462e-05,0.0448671117960636,4.1631357392243495e-06,4.6610896758180296e-05,0.0241029588504182,0.0563664613748617,0.2440761104012741,0.0275037511567693,LCO,13,63
-380557.6030369985,2.234030975090599,0.0148033203316562,284901.7424588014,-0.3979210523011005,-4.402078947698911,-0.6912579604245804,0.2150695850671921,2.5534796668437687e-05,0.0001115724087043,2.284275471791026e-05,0.000144607425464,1.233753939319848e-05,0.0987929967622069,2.4108282881856933e-06,2.908357814285649e-05,0.0220601529981389,0.0307624716173336,0.0100656445257722,0.1979139234323136,LFP,13,58
-14086.8626471364,2.181710373974001,0.0085464131889066,11872.445079512116,-0.5218312169842605,-4.278168783015751,-0.0914986665318855,0.2218399153978179,2.192647300475496e-05,0.0001248116888636,1.94581279412807e-05,0.0001263428459806,2.489969743604672e-05,0.0771511500728142,1.238092523190274e-05,4.294258394597399e-05,0.0045653932068643,0.2505381471574783,0.1739613604036212,0.4140018259070149,LFP,13,92
-18387.72157896902,2.1032836828145003,0.0108706337252067,27125.15810268355,-0.3745033551286454,-4.425496644871366,-0.507670676638193,0.2459744732791509,2.2190389655769445e-05,5.316695359189615e-05,1.890946430008315e-05,0.000110152505119,2.6406508084334335e-05,0.0968648363585416,1.0065366877700345e-06,4.978210731684798e-05,0.0062985088167281,0.0557708077591457,0.1207928771698699,0.2457656384327914,LCO,13,79
-261256.5331798046,2.412261586395167,0.0101915850157215,223002.3281620505,-0.4637566484678004,-4.336243351532211,-0.5311850940157663,0.2133990124793657,2.881779249360313e-05,0.0002491664965847,2.1040708519737755e-05,0.0001131066750243,2.414450393002648e-05,0.0459496654019769,4.138085070272171e-06,3.1617750884781144e-05,0.0239912698963932,0.0564782541908564,0.2990345600761385,0.0433020917172387,LCO,13,87
-138102.86092079314,2.0921632456070776,0.011656721317512,85929.90241399965,-0.3285526784862043,-4.471447321513807,-0.4870132104361849,0.222182117675674,1.4761073455446456e-05,4.384866348222979e-05,1.1698607002553915e-05,0.0001495617348191,1.2230918156008693e-05,0.0425832603807139,1.0339962159874914e-06,4.517457480258976e-05,0.0173347555788076,0.0226926252621625,0.1564088443663085,0.2638853199353441,LFP,13,70
-284663.4668106659,2.3577255336066454,0.0132137123233031,220637.9459849136,-0.4605783362660389,-4.339421663733972,-0.2757108392759216,0.2828588806875918,1.923808179124722e-05,0.0002491221504237,2.1067108056579126e-05,0.0001121875029506,2.4148341863780008e-05,0.0502591036429604,1.4592460631823053e-06,4.928276135620668e-05,0.0239240326166018,0.1010147835448644,0.2999085658787138,0.2533658113005,LCO,13,85
-157749.91609353462,2.107074461460964,0.0088331494660543,198635.04947854768,-0.5070175231414424,-4.292982476858569,-0.258561001140181,0.2226337057826451,2.9954640182154854e-05,0.0001028711129974,1.6802365831858926e-05,0.0001340817317698,2.3875590472270303e-05,0.0448652198575226,1.294913006764156e-05,4.784819573692474e-05,0.0241407102878147,0.3362353933269537,0.0312122118398126,0.3039913936930526,LFP,13,91
-385610.0144921142,2.249127611381055,0.010998822724657,310691.7177559158,-0.3915136033701216,-4.40848639662989,-0.5920295837572837,0.2032073494567439,1.9476789344954133e-05,6.836996195236746e-05,1.0765574966661326e-05,4.0235146503568666e-05,2.359542637329681e-05,0.0806966114566926,1.6695272056600093e-05,4.767830749797933e-05,0.0231986623357708,0.0418154071902291,0.0480914342203523,0.2480635748321348,LCO,13,82
-243139.41414893777,2.273315877610289,0.0089751399525682,281662.0895723039,-0.5497007338750635,-4.250299266124948,-0.5305533530495207,0.2325395462130901,2.9690640114275417e-05,0.0001051292803186,1.081008231464424e-05,7.686008731179119e-05,1.702834942536385e-05,0.0751701037635359,1.9117582057686605e-05,4.43549691828698e-05,0.0207132765424543,0.3266839996433825,0.0369681668889835,0.0357944804181132,LFP,13,97
-249427.4434869725,2.405766628869185,0.0121188051732288,167441.67316353403,-0.4354799923932404,-4.364520007606771,-0.2631619915031972,0.2829564757888959,2.254782590942757e-05,0.000249168248085,1.4745094844257958e-05,0.0001007005606023,1.7579819310493956e-05,0.0425393315012919,1.7115219120143005e-05,4.955909757260203e-05,0.0231204867888583,0.1012576060452238,0.3088151540716655,0.2567652483799135,LFP,13,83
-457753.55497715855,2.312670542500147,0.0094498248407725,394930.0466180629,-0.4152534142788724,-4.384746585721139,-0.5920881480501297,0.2006751529893094,1.6379826273510113e-05,0.000127682147312,3.264104876031381e-05,0.000109323915747,1.2382303942972303e-05,0.082326233111651,1.5216651638585322e-05,2.802035022211816e-05,0.0237871817695239,0.0281409669019309,0.1140487869404558,0.1957220981074835,LFP,13,84
-46726.863524866654,2.0806413792191494,0.0085329953790231,42811.42731133251,-4.368568683893429,-0.4314313161065826,-0.3490200157216819,0.2157760522486271,1.9197644842741707e-05,5.1839053190139904e-05,1.8514334091241267e-05,0.0001212231964179,1.2303393008351673e-05,0.049975114753244,5.306436557040295e-06,3.6500751346820975e-05,0.010545171798343,0.2952412044668732,0.0509722913314079,0.2347664884800369,LFP,12,94
-328571.5198564195,2.4690497438665973,0.0095263180488045,268563.8241046011,-0.5579577507028688,-4.242042249297143,-0.826195588749434,0.2028573788494512,2.923768693319966e-05,0.000178382985294,2.5406740509224856e-05,7.828175515853785e-05,2.6574782511688184e-05,0.0462306345011773,4.070464934213594e-06,4.459226673004253e-05,0.0240070463771528,0.0153245820532275,0.0458808698445202,0.0425989593528183,LCO,13,98
-42952.122518150456,2.5926222275602813,0.0102627058291394,35914.7520833526,-0.4118042073713965,-4.388195792628615,-0.2374433644857884,0.2310385335643645,2.2182209383481933e-05,0.0002465392175103,2.3663001784279383e-05,8.26258859515566e-05,2.626165811905808e-05,0.0502765801833774,1.4945358173605144e-06,2.5407571335507363e-05,0.0100398658107773,0.0138540044605984,0.4332673618643444,0.2454352691892686,LFP,13,82
-57577.11294519242,2.3108635992700237,0.0090267098924205,52880.88701319963,-0.3916811678657694,-4.408318832134242,-0.6081298356047835,0.2022410281209272,2.698845267767559e-05,0.0002062303538905,1.2126660134360494e-05,0.0001321119595667,2.455524028088992e-05,0.0958185133946744,1.1527918424301066e-05,4.978081821614093e-05,0.0082428743898144,0.028949913753066,0.0908442227514864,0.202076027890664,LCO,13,82
-4791.990644237824,2.2216201740714627,0.4857655193167903,546.8111815283319,-2.097477569294945,-2.7025224307050664,-0.1005820872884842,0.3998916160782457,2.760032802488909e-05,4.984555739815051e-05,1.6438875424091813e-05,0.0001426454940333,1.965238037332521e-05,0.040637701024781,1.4181988602887834e-05,1.1625461292927055e-05,0.0041243131551834,0.5997425012673758,0.0526551463273835,0.1770202651167564,LCO,13,10
-270678.59264560154,2.226164124985716,0.0096944961031285,232455.244016628,-4.394282633235584,-0.4057173667644278,-0.3323509211487712,0.2583484253418436,1.853854491423063e-05,0.0001032945760696,1.0693828455685968e-05,8.895825203976459e-05,2.876810088235605e-05,0.0793278337907816,1.513495385759618e-05,4.336453563506989e-05,0.0195601827453069,0.2482018237160952,0.0495604840705897,0.2998867710645438,LFP,12,97
-491628.4284734068,2.450755812529005,0.009263630977116,427257.0712785124,-0.5467218793426198,-4.253278120657392,-0.7197933754489126,0.2083045400533083,2.752675982909685e-05,0.0001823182669807,1.5812169267023074e-05,7.712770234050801e-05,2.4850262742547263e-05,0.0750980662876983,1.940215126358129e-05,4.2772937183653006e-05,0.0242483219098494,0.1007919403466182,0.0368008497722186,0.0726138344322505,LFP,13,97
-61925.239718026205,2.102379014372261,0.0476920275323058,23883.239994433417,-4.727756337200965,-0.0722436627990461,-0.6938755319194687,0.2016989527340286,2.868292937573964e-05,6.468235969898998e-05,1.8601461161388665e-05,0.0001230936074019,1.2879084862490566e-05,0.0997390451753877,7.4378563755511874e-06,3.6491141894786834e-05,0.0105302712757019,0.1236966408067799,0.0514474997087855,0.0609803275649657,LFP,12,24
-16468.599290490412,2.1050287374155108,0.0102516682257471,18599.19967366248,-0.3432704209852275,-4.456729579014784,-0.5869328910432703,0.2003576504865989,2.2245524048714066e-05,5.9889390746232e-05,1.2696254561458952e-05,0.0001090002023194,1.6706497263002333e-05,0.0755365715136725,9.385424593204288e-07,4.052702566403906e-05,0.0058374696835224,0.0564251179963843,0.1140230874597121,0.1726189035006333,LFP,13,77
-216598.48426576908,2.087984135777964,0.0097124544788391,385328.6687180597,-0.4519861549126247,-4.348013845087387,-0.5830429361325972,0.2321549095468962,2.8817753499106397e-05,4.60423428731125e-05,2.571248943143033e-05,0.0001443792758238,2.42217771515684e-05,0.0843773693116893,6.872954834775597e-07,4.553967719895027e-05,0.0239889631622233,0.0778383485119441,0.1221550696006347,0.1469636457548239,LCO,13,86
-143492.71493635105,2.291440217882066,0.0090420493986022,152868.23263464042,-0.5022679465408473,-4.297732053459164,-0.3635571172308222,0.2314032488341884,2.1856018753278656e-05,8.786625310500394e-05,2.258635912744638e-05,0.0001073213354405,2.712168465486225e-05,0.0528012972241228,4.104362305338195e-07,1.545911510245564e-05,0.0192756517944333,0.0762777453054747,0.2407274558770532,0.2494376815866499,LFP,13,90
-127639.37404244878,2.076265649793567,0.0095160232290592,243757.02081338377,-0.5379039495000413,-4.26209605049997,-0.4038355345680692,0.2397554184232945,1.895021040231524e-05,5.410197044900904e-05,2.5862022306033543e-05,0.0001209725307109,1.7094610987671985e-05,0.0499027864940747,7.0445100636995965e-06,4.979115645178147e-05,0.0240502899818264,0.2979968141577668,0.1224462708893763,0.1057213803847877,LFP,13,94
-310491.1297335476,2.3533780731446803,0.0093578416999986,279815.54329519835,-0.4924489869082435,-4.307551013091768,-0.2833600630804342,0.2134314429434933,2.620936904764969e-05,0.0002039899285562,1.2092695673089604e-05,0.0001409988379866,2.398163747806211e-05,0.0964372447126217,4.102645335036207e-06,3.1502779392801e-05,0.0192033995919462,0.0695137557412102,0.3010172447533401,0.2761089364250154,LCO,13,89
-168466.15813904288,2.0770879898930743,0.0136990186574599,172642.29142873437,-0.4010079976461185,-4.398992002353893,-0.1214042892425762,0.2835165247242462,1.741988535816939e-05,5.189286619455196e-05,2.652774647200301e-05,0.0001000289188269,1.689354195631007e-05,0.053258946671194,2.310326699874253e-06,4.98995579864137e-05,0.0226766818233803,0.3900817153341195,0.3136897752827041,0.1048242201406001,LFP,13,79
-13288.469946015684,2.12521325102556,0.0123087183290318,14339.787240756312,-0.3386638253165444,-4.461336174683467,-0.4227960341490541,0.2317219880547169,2.217182481579948e-05,0.0001041801208492,1.875500736272566e-05,0.0001340051412475,1.669756105860927e-05,0.0651439508512487,8.165329997589903e-07,3.927542101645114e-05,0.0058023937005173,0.3410878737388911,0.0503067895621772,0.1158093025498776,LFP,13,71
-119268.8092576565,2.2360526709827613,0.0087870374586346,121629.62578435527,-0.4793335301340562,-4.320666469865955,-0.6688175510537666,0.2089458960527375,2.7006929294830915e-05,0.0001448908385865,2.312771166686522e-05,0.0001437297604211,1.3603635868127095e-05,0.0585889306494898,1.9192710779100564e-06,4.140521700265859e-05,0.0151537901151795,0.0542588308758023,0.1316707268979728,0.0752528911724582,LFP,13,89
-215741.1712904166,2.3596276554720954,0.1727953391647906,34628.54700165196,-1.592349879604157,-3.2076501203958543,-0.364942821922425,0.2118259280075254,2.9703172475730235e-05,0.0001150004954623,2.5919687591238656e-05,9.405439247568976e-05,2.091967736845509e-05,0.0823607669907112,7.218739382973101e-06,4.679687554821286e-05,0.0193104249728303,0.0541906941197654,0.2480860043586109,0.2627804795991987,LCO,13,13
-228019.38449794543,2.1448313481673287,0.0096110671347736,244379.9871467796,-0.3770141407425313,-4.42298585925748,-0.5037400937343641,0.2266892280297668,2.2248617440483288e-05,8.225671117994373e-05,1.3463512206511234e-05,0.0001197307816662,2.34777753141854e-05,0.094175047987713,1.614274004616294e-05,4.882104960158788e-05,0.0187891205728493,0.0569713535332482,0.0249320136332037,0.344356539099184,LFP,13,80
-142194.22360636847,2.447779969024117,0.0086294111299372,123343.74854632164,-0.4589848205184523,-4.341015179481559,-0.5466051230023219,0.2133145165031913,2.8104087352009043e-05,7.655842982916244e-05,2.104053090527568e-05,0.0001131702292487,2.853496762646964e-05,0.0427652487152557,1.7171887698650464e-06,9.828913768478252e-06,0.0192236756885274,0.0763522832627966,0.2382382611923678,0.0688043325425137,LFP,13,87
-401728.1186353789,2.2152122778438463,0.0084983764365825,642421.378937848,-0.558006414623577,-4.241993585376434,-0.7978847746696115,0.2010199088278698,2.3038267123964335e-05,0.0001137700362025,9.18642255356719e-05,0.0001225860705159,1.2362571307982294e-05,0.0971797825469436,1.2078852277267573e-05,3.39175214629279e-05,0.02498747230623,0.0152628765839843,0.0921414744277826,0.0247108743186215,LCO,13,98
-302259.09856499324,2.247236871346195,0.024467897699749,169194.03370994478,-0.4897485053220194,-4.310251494677992,-0.397962830917848,0.3127772306049439,1.7381391078578025e-05,0.0001365516883838,2.5648907990006105e-05,0.000107592714286,1.341460618592632e-05,0.0534894634873143,5.012631481396332e-06,4.647666422824542e-05,0.0247703887801195,0.0534152665193874,0.3400012205414536,0.1386206820213109,LCO,13,55
-354256.71119189233,2.150725059327262,0.0320860818659699,182426.1497678228,-0.4696405136761115,-4.3303594863239,-0.2406058647929858,0.4170645878137818,2.9621726135470407e-05,5.988263271255272e-05,1.6935725197660864e-05,4.61907358262403e-05,2.838440435737697e-05,0.0807091635395285,1.83856873334295e-05,4.641880045310383e-05,0.0226747474388929,0.1388714468993693,0.0539849981104861,0.4965376901971588,LCO,13,60
-157468.49093601044,2.455413073607825,0.0304180595069065,56423.3875140062,-0.6448373033818058,-4.155162696618206,-0.4967806375735466,0.228675891253682,2.964710870296132e-05,0.0002345433243838,2.6181347260006875e-05,0.0001410941388042,1.3229349474776408e-05,0.0530067746418042,5.442042508160447e-06,2.4562794380637675e-05,0.0167268350973466,0.0695975317028241,0.2863149623065992,0.07730686841703,LCO,13,39
-245266.494052526,2.1432911516155917,0.0095886378647655,270312.53822891583,-0.3731596853369296,-4.426840314663082,-0.7753766971719269,0.2266288281557534,2.6904194009922228e-05,8.224309527043776e-05,1.3411203058033556e-05,0.0001483426460965,2.7397672399382594e-05,0.0942527931959094,1.6653669753189972e-05,4.88801564351108e-05,0.0189641823063655,0.069711787867888,0.0244807757300911,0.0604307392300938,LFP,13,80
-319681.5836052943,2.1034132139681416,0.0118965783332809,313274.3790071263,-4.193405768338799,-0.6065942316612123,-0.6089277095291362,0.2267218415938179,1.787816002855093e-05,4.200610978463461e-05,1.1255223112902688e-05,0.0001214309106963,1.6988933506676582e-05,0.0942772459724501,1.6195898524417918e-05,3.063297539499758e-05,0.0222367655903278,0.0746396090875317,0.0626275532793694,0.1838051281039625,LFP,12,76
-693205.6447434714,2.325646214510764,0.0092628615006061,380202.2211579426,-0.3733308134586579,-4.426669186541353,-0.342300230858007,0.2031975510167923,2.223535519951979e-05,0.0001182406847657,2.712494362308483e-05,4.849823606403296e-05,1.917543728581568e-05,0.0943489450953589,8.165072009482128e-06,4.844715146046761e-05,0.0242069379728056,0.1647008467587098,0.035779188888694,0.3872197334945891,LFP,13,80
-214221.9907157892,2.0813610854926297,0.0087608643100965,246619.8811633812,-0.5527705645648098,-4.247229435435202,-0.4947130451545502,0.2001457697828065,1.5405763959515338e-05,4.689301868308343e-05,2.0492921324053053e-05,0.0001327250851218,2.2840993408391573e-05,0.0948289562008748,3.6358016823243966e-06,3.842506686411671e-05,0.0167768631353707,0.050426847558023,0.0132935784474029,0.3715665288400238,LFP,13,99
-45896.03025519488,2.2994859699839414,0.7499435239534906,4426.666861356423,-2.180430845552237,-2.619569154447774,-0.5961203650692064,0.2148040717607001,2.5470378867964635e-05,0.0001122550799877,1.4203726607952188e-05,0.0001451212380835,1.4224011323859066e-05,0.050880219473056,2.439196964048352e-06,4.617964459930307e-05,0.0105407260152284,0.0876754314523627,0.2181292722081694,0.0280749312702614,LFP,13,8
-207735.1165036261,2.2514355325446056,0.0690857382366762,31261.70205270501,-1.5520636579079437,-3.247936342092068,-0.2484120130592759,0.2346137180949423,1.2255193213419316e-05,6.545585205969979e-05,1.49252966879305e-05,8.035086818830051e-05,2.2057280174017107e-05,0.0764987826292699,3.367599895585e-06,4.8424826234469794e-05,0.0187086600928199,0.0722257822382167,0.5818183882352453,0.0275438164672619,LFP,13,14
-216514.56422356432,2.206162435821171,0.00923647605502,201569.80389544717,-0.5647095287250394,-4.235290471274972,-0.1933746772664433,0.2001642246479437,1.2528850568466336e-05,0.0001290119045452,3.3015498321547466e-05,0.0001473977471557,1.298962097361363e-05,0.044165219522431,1.1065884150412369e-06,3.699452881093449e-05,0.022633294190182,0.1677886090737501,0.4654544891430894,0.1033822245167171,LCO,13,100
-9290.545045099332,2.2595922499215773,0.0091908022422288,7498.837752387137,-0.471495073413152,-4.328504926586859,-0.6517775400207633,0.2280089128934221,2.1688510231986185e-05,0.0001474383063019,1.2182520693464236e-05,0.000136722118813,1.6535731239836545e-05,0.0486031826489886,5.896512526341339e-06,3.3683316975179824e-05,0.0041561025362292,0.0710364428162568,0.086970432545934,0.1202155846170459,LFP,13,88
-142693.27435627015,2.1113432244203887,0.0093672997960088,166410.98532109143,-0.4212728942639785,-4.378727105736033,-0.2990290567236927,0.2133470298902403,1.8391669568836303e-05,7.791399590954308e-05,4.3315912907405386e-05,0.0001359246014236,1.3368441798813745e-05,0.0784298180957145,9.918943232001564e-06,4.3461765033550496e-05,0.0167895887520255,0.3078167644665164,0.0140474419866058,0.3091067368231851,LFP,13,84
-169820.37734963518,2.2097687684050498,0.0099438236626555,169244.4259671659,-0.3757115933814532,-4.424288406618558,-0.3521796032920731,0.2157769157307551,2.9546564302062528e-05,0.0001054945818871,7.007027464356237e-05,0.0001408716719263,1.2091074598482271e-05,0.0473548325359878,1.5465620526736645e-06,3.160163902631955e-05,0.0221861207952473,0.0375430837972956,0.011511268684729,0.5287660442259022,LFP,13,80
-17200.915787169863,2.262822259857312,0.3898421544166014,1988.5464761236856,-2.1787228172116078,-2.621277182788404,-0.6749937576443819,0.2282236564006565,1.6025904687482944e-05,5.843579971330832e-05,2.136521505616048e-05,0.0001232496894876,1.217012109123022e-05,0.0916435327558895,3.406766482328235e-07,4.369222459288077e-05,0.0051675660040382,0.0750355397045708,0.095336886697583,0.0846338159534642,LFP,13,8
-488678.2038729008,2.552032152856513,0.0120513590521609,375838.2931617126,-0.541578545352948,-4.258421454647063,-0.4645608800098457,0.2087208499551144,2.60280265924613e-05,0.0001479414314147,1.448337497336734e-05,8.218587336836268e-05,1.2516244512613433e-05,0.0944586292325361,1.989556500578285e-05,6.561274958237948e-06,0.0212527012347247,0.0239811380074605,0.0752301507371313,0.3662278312455624,LFP,13,95
-4729.266702013962,2.1743076150002247,0.0289600100149394,2335.631468560934,-0.6732030332957777,-4.126796966704234,-0.1224580140581883,0.2488254494099187,1.835057557702677e-05,4.766684768823384e-05,1.961969351791181e-05,0.0001461713443638,1.918150736492357e-05,0.0401368852658518,1.629352723191277e-05,1.3982605230801942e-05,0.0041020158801925,0.5721621669496074,0.1967872219187827,0.0385925970734215,LFP,13,43
-501711.4899457126,2.303215350701953,0.0153258324612391,322193.317259706,-0.3664921715513998,-4.433507828448612,-0.3660760578218539,0.3103803991088401,2.847346183121662e-05,0.0001201092756,3.0165355620282164e-05,7.537527188325039e-05,1.9173135487924683e-05,0.0856529076436371,1.7543144161832125e-06,4.8879917624291545e-05,0.0242144541019546,0.1404532630531316,0.0357791776850422,0.3876915014399722,LFP,13,74
-200258.93640095784,2.982965716449377,0.0909246708694138,28424.19605424064,-1.557805610953082,-3.2421943890469294,-0.3179153031806819,0.2958523827748395,1.4374421669349076e-05,0.0002090666814627,1.9605105600296536e-05,5.341499651480888e-05,2.7500925112428843e-05,0.0417073011331467,2.011142799325311e-07,3.960571090472604e-05,0.023372211804091,0.0542861671575224,0.0972139914070075,0.4605845382547882,LFP,13,14
-395840.2639021751,2.3128157773224856,0.0120452319773009,481601.98925234406,-0.5835195923334027,-4.216480407666609,-0.5568840955661971,0.305230331964475,1.6673986483932662e-05,0.0002144665270291,4.319497047653525e-05,0.0001489661348181,1.4649145399728376e-05,0.0852510223150061,1.5455835110683365e-05,4.873900510564957e-05,0.0236123256240326,0.0678447153840968,0.1274852648955569,0.1777859241541493,LCO,13,99
-26341.12699619903,2.0877143738162944,0.0092884850442845,27162.3308815841,-0.3886718058079594,-4.411328194192052,-0.1202919363397326,0.2142834384998913,1.894612153995078e-05,4.200956432441149e-05,3.2147859167311964e-05,0.000136766585154,1.2627741393044556e-05,0.0481534820384148,6.059450178290673e-06,4.1188330640602455e-05,0.009271466516353,0.0487508126684455,0.4669197833951048,0.2940374675967169,LFP,13,80
-10722.632813513284,2.291889946719091,0.0091750910300459,6366.450326153616,-0.5002518894547165,-4.299748110545295,-0.2214641733571173,0.2040289867006381,2.931993311972411e-05,0.0001055870671895,2.1259769658461676e-05,4.11857112472563e-05,2.070952738692448e-05,0.0506280330440702,4.8046180638971744e-06,3.4098944008822634e-05,0.0041792862530373,0.2720262691563721,0.2369479360466941,0.1995616214398164,LCO,13,90
-54119.98262309048,2.174925744522496,0.155361081566041,5753.297806089171,-1.7151401502231494,-3.084859849776862,-0.4873132729042762,0.2052941738181558,1.831988631511248e-05,4.16448178798842e-05,1.152084099005744e-05,4.722904537385285e-05,2.8975894764413877e-05,0.0401098405695786,6.091153609441921e-06,3.267011536984244e-05,0.0122203875410636,0.3040702622408658,0.0424602542005285,0.0961562106543295,LFP,13,12
-6388.429843434151,2.093616536784375,0.0151121851461481,6688.494944577135,-0.3630935847737078,-4.436906415226304,-0.576902642442288,0.2001368678785777,1.5391715894056294e-05,4.6669408818064345e-05,3.4016926048518265e-05,0.0001334742560319,2.763087640758461e-05,0.0409689587707096,3.63459748602549e-06,3.832799000663407e-05,0.0052611530914728,0.1575637678477442,0.107709391863405,0.0878241978465628,LFP,13,62
-138663.87429952784,2.148636250936771,0.0086915302438872,203862.46247605636,-0.507598364701181,-4.29240163529883,-0.3193993443125965,0.2225415523609617,2.891825932100393e-05,0.0001032226751166,1.69134283002361e-05,0.0001263348956935,2.581670940383639e-05,0.068344359805841,1.9667029045382917e-05,4.344676704532828e-05,0.0196329420238536,0.2461798010674431,0.0708323887403786,0.2935884658795818,LFP,13,91
-261406.09694566787,2.120820623321911,0.009332410284979,497280.7181591146,-0.5688111181242448,-4.231188881875767,-0.6475829288022752,0.2420935794006778,1.4800277032662344e-05,4.482565184663416e-05,1.0103918582637289e-05,0.0001492799209984,2.286931963910472e-05,0.0948815048775496,4.30866206409346e-06,3.351851193588413e-05,0.0231905793432123,0.0751768967749358,0.1291999300366376,0.0780402443861513,LCO,13,99
-29534.496460001246,2.298395272028793,0.0551961118630291,7502.88940756365,-0.929809050735308,-3.8701909492647033,-0.1871019890432166,0.2007806143227978,2.780020727551984e-05,0.0001383226570503,2.526200117832954e-05,0.0001135820269651,1.6311982140960607e-05,0.0851431123211091,1.6377853816053e-06,4.533218757847466e-05,0.0066227426879845,0.0825823212526647,0.4801430476922169,0.1801726420119017,LCO,13,24
-9926.473065246622,2.1924185476168647,0.0156050131370092,6210.568239245716,-0.4014351727806584,-4.398564827219353,-0.5315608493286208,0.2173409986028935,2.910872847258681e-05,0.0001123853929693,2.805651066118597e-05,0.0001443964972726,1.439685512595468e-05,0.0499351092704282,5.638908806094324e-06,3.8273155173761696e-05,0.0047328576571037,0.030711536114211,0.0100599444684679,0.3576676700887002,LFP,13,58
-75875.87792911692,2.32137587828255,0.0096648984712122,54429.28397822208,-0.36142032619329,-4.438579673806721,-0.5538392422390911,0.2053255581277079,1.6452232229817558e-05,0.0002068409677932,4.19549114519954e-05,0.0001398797241996,1.6442653529425756e-05,0.0450210060169821,1.5145190667408675e-05,4.8674986032767794e-05,0.0122920819646806,0.0285365710693697,0.0919154050562329,0.2557087816353063,LFP,13,79
-9191.42191005442,2.149341163121578,0.0085595804426681,10507.850667970935,-0.4931322009621723,-4.306867799037839,-0.5337053716321205,0.2008375029626172,1.252824561408255e-05,7.777269367431333e-05,2.087252515278549e-05,0.0001458405582558,1.3447346909938103e-05,0.0582836369388694,8.446770459371561e-06,3.239503926774219e-05,0.004472614091559,0.1934677096526871,0.0140883655080008,0.1887385532071915,LCO,13,90
-12755.877719082171,2.224073698695059,0.0084646534046197,11507.255960899422,-0.5471012255558421,-4.252898774444169,-0.2120195644859436,0.2065686123628194,2.3064444536463007e-05,0.0001247182705339,2.0830977472849988e-05,0.0001437394291548,1.3382970587584463e-05,0.058420996372416,8.452542173966562e-06,3.232012195593893e-05,0.0048508748503836,0.2697381798934325,0.0100261801265219,0.4382160754941019,LCO,13,95
-68302.89075213954,2.191209306645564,0.0096219298670168,56265.00922416808,-0.4083418898890159,-4.391658110110996,-0.2922310636218787,0.2044053779337341,1.6566120564239683e-05,0.0001214154166779,1.0797434338425064e-05,0.0001394398203432,1.3360158474769627e-05,0.0482384577726107,8.138220204059325e-06,4.873371221885499e-05,0.0124669989578054,0.1030226517073866,0.0927526575949588,0.4419936270757759,LFP,13,83
-148159.78662611387,2.087099871189446,0.0220511064892883,105382.64353058964,-0.3960779943749912,-4.40392200562502,-0.3108021188707242,0.4104734625746788,1.660399601925689e-05,4.8351113988508735e-05,1.6575496536538224e-05,0.000144727000269,2.766364008595577e-05,0.0558522808873853,1.4230864985578972e-05,4.911472837928971e-05,0.0172526329886765,0.011473976666993,0.0125415484773927,0.59518235598489,LFP,13,73
-13643.13141586319,2.1020469816328005,0.0095904945668101,17973.20292157966,-0.421547775085358,-4.378452224914653,-0.3690635021972998,0.2181976243694116,1.3157202540980162e-05,5.109974708021447e-05,8.557482337657167e-05,0.0001267885091889,1.2343314291658503e-05,0.0822624361307357,4.439438664982808e-06,3.163819193614731e-05,0.0052645821477513,0.2424213160038688,0.0131176305802421,0.3053975512185892,LFP,13,84
-236643.854289096,2.462682219644769,0.0085351102090469,230262.9546790992,-0.5429342006249342,-4.257065799375077,-0.6273486924813911,0.2032042132534764,2.666396948400781e-05,0.0001362333154618,1.7902228537975164e-05,7.787509384518821e-05,1.2940066749691074e-05,0.0900240020025541,8.447115943288193e-06,2.503932898188245e-05,0.016526393798068,0.1516141199345786,0.0452008112125824,0.1058363763714478,LCO,13,95
-9693.732067923283,2.1722731741348893,0.0143235677394365,8996.466233631681,-0.3593785619977083,-4.440621438002303,-0.594971594621782,0.2000006881795255,1.5238661431778286e-05,7.974287272507389e-05,3.453895089924346e-05,0.0001381835714442,1.650629692569892e-05,0.0522246951999355,3.632827518280862e-06,3.355887981230502e-05,0.0052706409166741,0.0843605591135668,0.1174785793156565,0.1331892669489947,LFP,13,62
-55009.15709832512,2.534953275355103,0.0755130985299138,8048.704248085096,-1.1628688091349062,-3.637131190865105,-0.1693477519578811,0.203231224071907,1.3014523086512686e-05,0.0001650847865583,1.0660989901311728e-05,0.0001437942491541,1.2895446128638083e-05,0.0450939276895518,6.699072368501602e-06,1.9294529723921664e-05,0.0103439501671279,0.1046543997393477,0.5202661143542637,0.1357317339485074,LCO,13,19
-148788.10268205224,2.369812773409106,0.0170037788072487,62361.698797018784,-0.5232561056891001,-4.276743894310911,-0.0707724463400295,0.2109744018945283,2.603168621096856e-05,0.0001437031204229,1.8565260273605862e-05,0.0001243651307632,1.851665993139707e-05,0.052738308564747,1.4022669125694896e-05,2.6087652536504306e-05,0.0171925263858254,0.1764653952343107,0.1397247884700254,0.5430373699556343,LFP,13,50
-9698.390687461297,2.168263639205068,0.046918120111365,4122.864623153213,-1.0008597405892772,-3.799140259410734,-0.0058968959253281,0.2001500373427829,2.783460193066273e-05,7.652412444401172e-05,2.522359428213213e-05,0.0001428819426891,2.7867198459661044e-05,0.0870615512618942,7.191163131467919e-07,4.538636511400772e-05,0.0052559807423164,0.1925862461423008,0.55093503571253,0.1805818222198409,LFP,13,23
-128507.0738738233,2.6318321621304093,0.010637976316842,65976.46030779203,-0.3119579791230862,-4.488042020876925,-0.5733048601829269,0.2031927351908657,2.906665655362081e-05,0.0002112741273131,1.7443290246816296e-05,5.0550696619152495e-05,1.2369915632305353e-05,0.0896839000882681,5.665930925272744e-06,2.432525358321124e-05,0.0103188493103229,0.0484825632645729,0.0450571283309681,0.2631554482215321,LCO,13,71
-7640.076869709194,2.1747353087859222,0.0099591509294283,6469.2446096777785,-0.3592208369343694,-4.440779163065642,-0.1105752628980539,0.203700236648206,1.52713492514881e-05,0.0001261188484574,1.4509291815250938e-05,0.0001272465045632,2.330677948258343e-05,0.0581869516005396,2.732741435811063e-06,3.234703032649922e-05,0.0040939411429133,0.3601944154092318,0.012447741604966,0.4467825800877482,LCO,13,78
-134411.82111710298,2.166336727582772,0.0097426333689268,100004.1472985699,-0.4014817960479249,-4.398518203952087,-0.3404783077743524,0.2146925508122231,1.920141359149293e-05,7.810340500006276e-05,3.213350036643092e-05,0.0001381321054016,1.2294026109349123e-05,0.0473389531833225,9.924407934751276e-06,4.117546606547937e-05,0.0168425912792068,0.0727465700003732,0.2207190119708771,0.2960561102543972,LFP,13,82
-308653.4604915244,2.3812212511968283,0.0118755362018557,284006.7887725301,-0.3254015729140747,-4.474598427085937,-0.2080478898890424,0.2032342318200617,2.014720883844753e-05,0.000118612002619,9.196428951110356e-05,7.388711238167808e-05,1.3184780905006154e-05,0.0950459537117567,9.395777523459702e-06,3.448645706791183e-05,0.0217044781966073,0.2812163668454087,0.046123551981161,0.3946121912843877,LCO,13,72
-28296.64637419805,2.4380318447997005,0.1230408943496871,2374.8598054629983,-1.0575879547677545,-3.742412045232257,-0.6154811143151498,0.2072855640062616,2.955659194040718e-05,6.285879875596588e-05,1.3542007334807691e-05,0.0001408463948736,1.9308445046082932e-05,0.0514039326855043,3.247199848838323e-07,4.813217762758492e-05,0.0048436940922212,0.2652445004407189,0.0274090606154352,0.021865324628696,LFP,13,21
-8056.088933328389,2.181294146009809,0.0089216904778588,8780.201628627516,-0.47121294635118,-4.328787053648831,-0.1179503849287919,0.2085795561911173,1.6438561378933744e-05,0.0001481259239811,1.474358221434238e-05,0.0001394053815346,2.212673050676333e-05,0.0514120358369632,4.539034152021126e-06,4.78494703891352e-05,0.0048152939420795,0.3408483415013772,0.0267277021980969,0.4444735713717339,LFP,13,88
-11272.30431160898,2.371765683282244,0.0134143977731733,8848.851665109016,-0.4430478954308441,-4.356952104569167,-0.682884324433306,0.3082990697537955,2.462490114387218e-05,0.0002295814807954,3.39862158979147e-05,0.0001334003771678,2.792492922810408e-05,0.0402440781686309,9.844820355088142e-06,3.128310680245823e-05,0.0050491096684272,0.1223992378576082,0.0380421350888166,0.086674302620269,LFP,13,84
-507222.5219285704,2.6636162692698897,0.1644834017833866,51223.262623687486,-1.8356089253233565,-2.964391074676655,-0.4554294925481456,0.2788188405874207,2.8852834396103576e-05,0.0001392046209885,1.4348640977170531e-05,4.053631364491628e-05,2.953850585162737e-05,0.0922963654538476,7.49639205937127e-07,3.776106553297128e-05,0.0241954567270456,0.0994059435050713,0.0677023674493682,0.3074621964974149,LCO,13,11
-525630.1268263648,2.4288617265220624,0.0313700063191027,137975.7130297951,-0.6538191492522429,-4.146180850747768,-0.5322150019106029,0.201842503847255,2.8736919761676076e-05,0.0001610850757891,1.4190740542362808e-05,8.892309185605715e-05,2.8666952015816325e-05,0.0802442935011005,7.427161435508612e-07,4.8711493508991887e-05,0.0226745872405592,0.0995930717866559,0.0604213053332167,0.2377706209695245,LCO,13,36
-216141.869130356,2.138981928970035,0.0293485412468571,78804.45412501685,-0.6320126181362724,-4.167987381863739,-0.3640506432767609,0.2016510300483665,1.363914964928978e-05,8.593402041097885e-05,1.5622496694798593e-05,0.0001468444627516,2.726785231685679e-05,0.0423083283454287,1.0702661643561928e-05,4.840495734699525e-05,0.0235364363448044,0.0114894135816449,0.0165568872103929,0.5379030559312012,LCO,13,37
-209555.1130852456,2.0936070118910868,0.0127867635690282,148706.44792172842,-0.3377617244630997,-4.462238275536912,-0.4522288950240782,0.2111523024395955,1.2737517576217696e-05,5.761213902362131e-05,2.175266263721056e-05,9.14812448146338e-05,1.2220843890866968e-05,0.0777776386232318,1.0367532349089917e-06,4.805753714802084e-05,0.0175766675345443,0.0568901378296118,0.1568597571461562,0.2640212100001537,LFP,13,66
-45987.47586020642,2.099375895571421,0.0163738884848632,29060.780409195213,-0.5023933324275589,-4.2976066675724525,-0.3461673489819891,0.2117527848725652,1.703763971037509e-05,4.230311138251465e-05,1.1366812131490065e-05,5.565805676577064e-05,1.2340349793932896e-05,0.0999146559303495,3.053871308775026e-06,3.848073450651607e-05,0.0082164349275409,0.0466907875492952,0.5215443296385557,0.01559753383016,LFP,13,52
-156302.78419376005,2.397146548974096,0.0792085220439263,25095.10304647222,-1.2027176093854806,-3.597282390614531,-0.0114324115049936,0.2009599409688684,2.8047071702225003e-05,0.0001167325235048,1.488599103790523e-05,0.0001452415465561,1.342691406171348e-05,0.0462996416642924,6.059542194012504e-06,1.558615604842532e-05,0.0196427902806286,0.0212522785427125,0.3695551432089349,0.5277601667433589,LCO,13,18
-241843.35315293304,2.2221492285129747,0.039369422885513,62329.31648588382,-0.6510656221832036,-4.148934377816808,-0.3918723326174177,0.2290297549978747,2.9179718407031543e-05,8.49194726759699e-05,1.5234354013892438e-05,6.417321303268436e-05,2.2565200199795006e-05,0.0419054586897488,1.95621495043389e-05,4.7153317617739104e-05,0.0220251255579392,0.0398741600642965,0.0191690984467612,0.4790844088715246,LCO,13,37
-176256.78072461954,2.0972682126596336,0.011326255132799,167857.78920605514,-0.3337985183137277,-4.466201481686284,-0.4869505702502461,0.2057475830779498,1.961886565127817e-05,4.531333190919433e-05,1.78759337937376e-05,0.0001241777068714,2.876933577665036e-05,0.0411769386714393,1.555980950818692e-05,4.411992374532725e-05,0.0246773264241032,0.1214239149122961,0.0599000542069007,0.2617254606305571,LFP,13,75
-258122.84791322408,2.195757492674279,0.0296745567758204,75750.28511616042,-0.6349971305290154,-4.165002869470996,-0.3814589131260434,0.2240987253863194,2.962311888450191e-05,8.49327452970502e-05,1.5203260388712018e-05,7.181433735960123e-05,1.833924948548258e-05,0.0408755541004879,1.753011138007149e-05,4.592846708585949e-05,0.0241037223005911,0.028254057624651,0.014934440635805,0.5053525886135005,LCO,13,38
-12346.375366676868,2.1556184692077704,0.0568028620573617,3914.489952639236,-0.7686768689714398,-4.031323131028572,-0.2394166792389351,0.3904651197429598,2.9766502469135374e-05,7.008062700269577e-05,2.142192424171528e-05,6.315419065513002e-05,1.4087113308308344e-05,0.0795619382510812,1.972163732990281e-05,4.948144273945309e-05,0.0040773585806005,0.2146665642016727,0.036278403902881,0.4396383526565111,LCO,13,37
-261382.7617932588,2.106571891380145,0.0485379744020465,100958.0352733277,-0.7155730830386773,-4.084426916961334,-0.3134894540783689,0.3270377408595048,2.940427179384186e-05,5.1059187468144185e-05,1.517039814741066e-05,6.355261873139014e-05,2.428243653406711e-05,0.0769855130692897,1.92825397156264e-05,4.716557234029986e-05,0.0214951313850687,0.0524291590492613,0.083273254852264,0.4808081320201057,LCO,13,37
-45023.25242811428,2.1471201156112136,1.941529427786532,7122.955874922846,-1.466755974422263,-3.3332440255777485,-0.0016676605672411,0.2376054381322451,2.467022232311847e-05,4.5346279089756665e-05,4.118466408275174e-05,0.0001494416639082,2.0766018183560937e-05,0.0406491509074953,1.529650923707167e-05,4.710169862537162e-05,0.0122921441464339,0.3976904896363807,0.0181731952812984,0.5124686545150797,LCO,13,15
-218331.2576404026,2.2808980452928864,0.0556236155176337,45864.790602733054,-0.8552353569597031,-3.944764643040308,-0.1628712648747446,0.2178252198543046,2.274817143037196e-05,0.0001237183341951,1.1190166848464528e-05,0.0001397070761001,1.8593786980353768e-05,0.0405842074238983,1.951483239972825e-05,3.836341647716077e-05,0.0228066782321931,0.0111923667562609,0.2576796556266169,0.4982567127423776,LCO,13,26
-180702.7094642728,2.466515246902837,0.0528601063933069,30519.012937215408,-1.2433902943132722,-3.556609705686739,-0.3178102540023055,0.2066953636642795,2.98269124497352e-05,9.82564511372377e-05,1.3727375571201242e-05,5.803492510788377e-05,1.35500752764803e-05,0.0417682865077923,1.1519189943823327e-05,4.388663590639237e-05,0.0228180775058904,0.0116722752247585,0.0105743600801512,0.5899431106927847,LCO,13,17
-141281.98035418548,2.1890274636872094,0.0633656460863468,18214.034350382164,-1.4456970939965714,-3.35430290600344,-0.2650123439794219,0.271869911287158,2.716493576885801e-05,7.222045628827955e-05,1.4863102789031974e-05,4.90773589435841e-05,2.953850144413759e-05,0.0406734159237847,6.1524071028882245e-06,4.822966369733602e-05,0.0199025933389811,0.0129505977085419,0.1587815664815483,0.4932554918304877,LCO,13,15
-248444.6928065496,2.553292725943721,0.0637137750459243,68530.20660445056,-0.8519530551989263,-3.948046944801085,-0.5451816730676697,0.3651407483945899,2.724760747722584e-05,0.0002229888500502,2.6462589606564477e-05,7.26991080043372e-05,2.7582867511832848e-05,0.0970373295759646,3.507906291022108e-06,4.6573749758901085e-05,0.0154704385852583,0.0988210772936102,0.1939481045307239,0.0920491451079962,LFP,13,31
-314005.51841320377,2.379279877573523,0.0494358722236224,181850.8497310103,-0.6137087180374223,-4.186291281962589,-0.4458869351590585,0.6064742939498609,2.9958067892734657e-05,0.0001202868033955,1.2862897526643968e-05,7.297420891053682e-05,1.6667054689652717e-05,0.0963531632577928,1.695699285259143e-05,4.92798509536011e-05,0.0197052490574956,0.0188553669291369,0.0522552683347378,0.4130024295770667,LCO,13,55
-77507.13500003835,2.2634602736692413,0.0333414468479454,22593.682455041297,-0.5927123107209127,-4.207287689279099,-0.2380965656107219,0.2258805301983877,2.959643276712607e-05,0.0001234562923271,1.5456682486538765e-05,8.949943849738522e-05,2.256920950985201e-05,0.0414643327792045,9.246223405308209e-06,4.4721283762445935e-05,0.012160668681431,0.1988531438780226,0.0951007278444229,0.3979495626668325,LFP,13,45
-218609.721699236,2.3619275645324653,0.0113505540772312,145695.41340638304,-0.3342886623197643,-4.465711337680247,-0.4872321579479659,0.2166988371515893,2.929974090611065e-05,0.0002007804198958,1.4166846150269802e-05,9.742147593673723e-05,2.113314163492997e-05,0.0428097049036185,1.562166425622051e-05,4.412223945261249e-05,0.0218976904067521,0.121232268421386,0.0601114871168134,0.2614240865138346,LCO,13,75
-56040.69737029149,2.2664253087313706,0.1234883987820897,5864.063798587443,-1.4223959828648631,-3.377604017135148,-0.4996826966663545,0.3748683705305042,2.7003457502688358e-05,0.0001035347881313,1.3690092104304046e-05,6.490024501082703e-05,1.7778050631427553e-05,0.0416886064549663,1.6397566025401455e-05,4.201064606155535e-05,0.0099292411499434,0.0106119929435759,0.0105385526987806,0.4091667576912888,LCO,13,16
-90706.96966909792,2.4993777235955474,0.0619603141101033,21039.590697732623,-0.8212292901510025,-3.978770709849009,-0.8096174824403229,0.3179722770770578,1.2852468753125391e-05,0.0002210691173607,1.5223724066698942e-05,9.258944654556458e-05,1.4241855376776366e-05,0.0404571639249663,1.2004362742784172e-05,4.864032643376874e-05,0.0127161522077575,0.016649270361537,0.0108117839451276,0.0929214632530124,LCO,13,29
-233728.20845368807,2.202164636548495,0.0274820290163136,104139.38483743032,-0.5864253784037814,-4.21357462159623,-0.2482430142090309,0.2235805603110554,2.3900294258216807e-05,7.8622854052881e-05,1.886735920586949e-05,6.371827052452706e-05,2.540284902255212e-05,0.0487523327928929,2.4643892869326645e-07,3.5318393266887e-05,0.0244995116503229,0.0763393413485556,0.207227674033499,0.3981899704089143,LFP,13,45
-46939.47789877081,2.8213662868720584,1.4391315256077877,3395.862961793237,-2.768198317134633,-2.031801682865378,-0.4028914529249126,0.4678884879266357,2.9903195978639422e-05,9.89510883359477e-05,1.6940399240858516e-05,4.180510825962644e-05,2.7684560497380464e-05,0.0821024340970731,1.8435015900013947e-05,4.997566056063533e-05,0.0101113491757494,0.0159737777190877,0.0124081593909644,0.4987266099650352,LCO,13,5
-199778.38731054217,2.153062734731563,0.0406689593603621,40260.1794598169,-1.2181488329750323,-3.581851167024979,-0.5068257778243148,0.4454426378806103,2.345637945455173e-05,4.893103512195513e-05,1.483079801973413e-05,5.116353267814589e-05,2.764688482292929e-05,0.0417282649009744,1.647074422705161e-05,4.200314326611772e-05,0.0243614553495796,0.0194170005623346,0.0104568297200299,0.3933003918933205,LCO,13,20
-208642.5409606085,2.2012934326177787,0.0254404334590431,74493.90207175475,-0.6713230262187295,-4.128676973781282,-0.1369511786339122,0.2243307181790624,2.9887354880648245e-05,8.494156509335686e-05,2.0593114727402502e-05,6.36805062692673e-05,1.828739571100187e-05,0.042501661351609,8.073710327189469e-06,3.511518424361983e-05,0.0246630557718599,0.0770373847362615,0.2082166744509986,0.5077947621788276,LFP,13,38
-333781.0392318821,2.6500051736416816,0.0113303403035386,187572.71841550208,-0.3321499062450428,-4.4678500937549686,-0.6891107819597377,0.224444944865734,2.9886137133799855e-05,0.0002497585780974,1.4132871145268236e-05,4.786637461608539e-05,2.2465070313922703e-05,0.0429471907512758,4.558922664316955e-06,3.5040253695760786e-05,0.0240649122894159,0.0586266662077575,0.0377100614454212,0.1445524903870836,LCO,13,75
-9126.273195081743,2.558279659191799,3.356498711307011,240.99622002889785,-2.812211019869011,-1.9877889801310005,-0.1645787588756345,0.4613737900220931,2.25188250579463e-05,4.14224992260116e-05,1.786614463851967e-05,6.754362483120773e-05,2.868546073299496e-05,0.0403443832767001,1.9711581733110063e-05,3.2649796095625645e-05,0.0040021047734215,0.3386423500660671,0.084038474271516,0.3427404167867823,LCO,13,5
-236415.53972699973,2.247614767453604,0.0089864571074569,208844.4113566279,-0.4961052995736494,-4.303894700426362,-0.1800933352869818,0.2231772298701361,2.113936168705005e-05,8.287957633755e-05,1.8920192422420464e-05,7.076363269561293e-05,2.67900387687158e-05,0.0513759731314784,2.118295802646624e-06,3.503984822796449e-05,0.0240643374674926,0.0766682608235312,0.266363636336119,0.4068747675533679,LCO,13,89
-274314.54768086283,2.285063691231602,0.0098193659875553,191197.41358478396,-0.4239947545759079,-4.376005245424103,-0.4148385666725975,0.2189640148088113,1.2155684894361044e-05,0.0001537154588423,1.8068126269237783e-05,0.0001056190204483,2.942678921335752e-05,0.0423229100739368,1.5634491986789443e-05,4.424542947373683e-05,0.0240764042880913,0.0253902366484651,0.1613926212129833,0.3283785754659539,LFP,13,84
-186822.0851331105,2.0831206675091067,0.0248759402259092,311378.57304004766,-0.5503202524338775,-4.249679747566134,-0.5559259981357543,0.5154239727267926,1.2189409096345309e-05,4.678571761495153e-05,1.4845685525985996e-05,0.0001471411664155,2.9522241093658627e-05,0.060739843500259,1.679539990245448e-05,4.857455707116583e-05,0.0247126042210946,0.1677747313160135,0.0435112286161597,0.1627880419320725,LCO,13,88
-219482.13931503744,3.143925606936655,9.61965239117232,13173.166028620712,-3.0266827984552904,-1.773317201544721,-0.3584284092667573,0.6009255060521006,2.9877011479651518e-05,8.904815471494179e-05,1.122081499413226e-05,8.769083546389782e-05,1.6627905008764844e-05,0.096985353981406,1.8465135697301628e-05,4.926407663155048e-05,0.0200233566872438,0.0202291635642621,0.0525822917490312,0.4987601354199493,LCO,13,4
-175522.0027058553,2.0733284885461827,0.0303365147636036,129013.02928030671,-0.5021083309811019,-4.2978916690189095,-0.0605229196023281,0.5758863385771775,1.4072423638504546e-05,4.058986173404594e-05,1.89180831747317e-05,7.175669671614926e-05,2.8679330468024057e-05,0.0400962731218297,1.9940161635663013e-05,3.603246818198872e-05,0.0230386522796091,0.237293607529112,0.1269717125845918,0.5052117602839681,LCO,13,81
-438021.3359791177,2.397515312128139,0.208107283084931,63341.29041478725,-1.703376647623401,-3.0966233523766107,-0.6369011755985355,0.2492440273847101,1.345636056254128e-05,9.888598680741406e-05,1.08533291434605e-05,0.0001223536487863,1.4072593549756386e-05,0.0971026557604876,2.859927089519636e-06,4.165835665012973e-05,0.0230735572292593,0.0180543878090828,0.0140175716294574,0.2610268649629242,LFP,13,12
-232237.59359348225,2.1929191442279907,0.043164850589793,133661.57662917164,-0.4968211270567551,-4.303178872943256,-0.3199651543502669,0.6954272416240241,1.2877645644814183e-05,7.222846444886773e-05,2.009017119151972e-05,6.722702857918622e-05,1.987560539056348e-05,0.0405016879231903,1.9111653203915965e-05,4.48782079582843e-05,0.0230011112554731,0.0263030739516678,0.1666079595253675,0.4171238121726976,LCO,13,72
-237389.31133629853,2.076665408725676,0.0093768416015896,195467.5337200568,-0.5594705075547424,-4.240529492445269,-0.3468821604231881,0.2256084711044879,1.45399019836826e-05,4.663083983999381e-05,3.449212351599282e-05,0.0001248541963527,2.985106124096751e-05,0.0799628424740306,3.171534918257385e-06,4.131186638405213e-05,0.0166999528826069,0.039739636425925,0.0350602396008535,0.5083179635500334,LFP,13,100
-27055.97108071273,2.170843091921241,0.0466295141003631,8891.278512830313,-0.6897017559254621,-4.110298244074549,-0.364407252051017,0.2922022082814955,1.3929346255782223e-05,6.488941913132651e-05,1.5777145928558003e-05,7.551854495238072e-05,1.937457734771212e-05,0.0418043693093233,1.9571404034386893e-05,4.650148304046925e-05,0.0080941994955944,0.0216608577060044,0.0626364859322354,0.4812954043107431,LCO,13,37
-55044.995476168326,2.2783711291923394,0.039897848019639,8354.439424970182,-1.0474670266571948,-3.752532973342817,-0.537681903666116,0.3304402444448212,2.697952477516496e-05,9.890962939219685e-05,1.3648220450803708e-05,4.8988187779648086e-05,1.3586363544879406e-05,0.041362815503344,1.8454892042489544e-05,4.728320467737616e-05,0.0101177524099138,0.011909680505023,0.012781155428916,0.3676272603999449,LCO,13,22
-241776.1931026565,2.4042875137589155,0.0590976017815249,46742.27491847798,-1.0487201199298894,-3.751279880070122,-0.3523112228564766,0.547673097346512,2.2437705076342985e-05,0.0001243162726295,1.4840975959312303e-05,6.828947238930406e-05,1.8532611239086667e-05,0.0422566820170356,1.6449924387629912e-05,4.204150342873324e-05,0.0220681902493105,0.0194683793746637,0.0105085725697898,0.5477118251990698,LCO,13,26
-283736.5731051174,2.108003714529844,0.0175160996093121,255785.95453503705,-0.4663220783668862,-4.333677921633125,-0.4513120486643742,0.3781339522964265,2.510940055567001e-05,6.72457432982724e-05,1.2820246977438728e-05,0.0001251816773794,2.5934582182826585e-05,0.0651547646492841,1.6985687859768067e-05,4.183073281716814e-05,0.0230314205027885,0.1675159000667067,0.0560930860081591,0.2550789652607599,LFP,13,84
-42886.36395559659,2.144854154623583,0.0143675882270526,34341.20629212333,-0.3921264336788894,-4.407873566321122,-0.3172153059196287,0.2118525515221381,1.8617100891577985e-05,8.646252770102704e-05,1.1247346891842665e-05,0.0001468757814631,1.860582598366333e-05,0.0994345261720571,8.773181959216918e-07,4.844423921871221e-05,0.0080927437525307,0.0488651601567331,0.0160162712749379,0.5479032626487002,LFP,13,59
-498101.4810689103,2.672955188105546,0.0466607558323251,117348.05790533138,-0.689161345546978,-4.110838654453033,-0.5456536437176411,0.2079549770878322,1.876517534709208e-05,0.0002140076913675,1.9688117489880877e-05,5.604157317395533e-05,1.8439150638135653e-05,0.0818643782848208,6.9966243376608015e-06,2.0780165232891908e-05,0.0210679476543678,0.0122604130051754,0.0776985943649954,0.2943873489121881,LCO,13,33
-357586.5166763323,2.564240653949315,0.0220161059559015,153144.16545805757,-0.5850403454088422,-4.214959654591169,-0.5475065633852496,0.2054643508868919,2.6042608480303323e-05,0.0002204544770971,2.3118900318634557e-05,7.305426445996313e-05,1.3626953910778527e-05,0.0895982553935614,2.669941058020477e-06,4.877247390151988e-05,0.0199453580450768,0.0977356715816736,0.1883256049832642,0.0964321600498125,LFP,13,44
-50099.68728894001,2.375464081600525,0.0195006329229055,26729.78538202777,-4.376504169007426,-0.4234958309925858,-0.5613042546711942,0.2033685324785707,2.435957802865279e-05,0.0002497146073287,1.861991430279688e-05,0.0001409749710976,1.2060323217706172e-05,0.0452642980852308,2.070687503621507e-06,4.642932000611828e-05,0.0115002055751977,0.1923129442032927,0.1574228485883423,0.0189599525371707,LFP,12,48
-200176.6193683374,2.3718713550926145,0.0181220635351266,97709.31422046154,-4.307988653789309,-0.4920113462107025,-0.2407124457726611,0.2000160224282351,2.516286250100176e-05,0.0002483026047487,4.906878899565497e-05,0.0001231659479146,1.5244871395510384e-05,0.0590450496145213,1.578350055984607e-06,4.138069630456632e-05,0.0195088653476315,0.0610510832312097,0.1373441810813836,0.4908922899147454,LFP,12,53
-94525.42397879322,2.2822342778386515,0.0186796886355993,67824.58856686228,-0.4822916973246833,-4.317708302675328,-0.0097206031163253,0.2163908092779179,1.2402384299460827e-05,0.0002423822870501,4.761307878881343e-05,0.0001249235447183,1.8641947558359352e-05,0.0566257564683687,1.45289484496913e-05,4.796287430732485e-05,0.016256690906924,0.3739393987109941,0.0231456765876957,0.5231943215849848,LCO,13,53
-152568.29970770294,2.3540210263527843,0.0183228240047153,69017.37438495758,-0.5267582370609603,-4.273241762939051,-0.1602402058027763,0.208840691323778,2.6302260040942907e-05,0.000243492657355,1.876500902275178e-05,0.0001243277766939,2.062700960763811e-05,0.0550808455924261,1.3880691447587028e-05,4.149286758443045e-05,0.0171970091976959,0.2418895941254247,0.15341745093143,0.3744527491403689,LFP,13,50
-161258.72971869158,2.2293563055774626,0.008499248692021,152399.11226488888,-0.533176535772796,-4.266823464227215,-0.5989511996576645,0.2124443777827979,2.487747880237376e-05,0.0001457961842588,4.892452672003228e-05,0.0001436648732325,1.2009325277958533e-05,0.0587257841534743,2.132561623251608e-06,4.388449981977711e-05,0.0165544918121802,0.054502638037606,0.1343888620478997,0.1421573002568296,LFP,13,94
-236831.92357202937,2.329477680003221,0.0091909563322625,203176.8829193577,-0.5135701914436055,-4.286429808556406,-0.5045652393680801,0.2248961325698136,2.34659251707456e-05,0.0002222561477362,1.114258602596372e-05,0.0001406141990493,2.7547584923728203e-05,0.0401468853516179,1.0576622166436036e-05,4.827231927748491e-05,0.0240172566619978,0.0166217270563818,0.0104830687652476,0.3983299648102905,LCO,13,91
-62267.61042154119,2.1710267112591595,0.0086459543720028,63201.11555238441,-4.367474185030112,-0.4325258149698996,-0.4614184505104875,0.2079795592322564,1.5068280811970531e-05,9.605490184619676e-05,1.0536103125647008e-05,0.0001233999281043,1.3871554720448676e-05,0.0713202264429432,1.959655816168287e-05,3.866212478350732e-05,0.0103876256427841,0.034416930020837,0.0673478593700491,0.3668167600986263,LCO,12,93
-24647.196650573016,2.569749439310306,0.0204693066147503,10492.0469781293,-0.5440496007759208,-4.255950399224091,-0.4546284241325711,0.2054331471365091,1.6628915231901304e-05,0.000234999633546,1.3368202720275314e-05,4.928492935402889e-05,1.233809337011673e-05,0.0903810701243053,2.640300484715372e-06,4.682670700839626e-05,0.005009273528249,0.0968235313545004,0.3259883080330772,0.0525597364798511,LFP,13,48
-138531.28419690338,2.3062391074312703,0.0097913688057259,125513.15481300856,-0.3964573580058115,-4.4035426419942,-0.2017388477386479,0.203918345305009,2.696291714767835e-05,0.000177414863162,7.025756054583143e-05,0.0001180605821599,1.2064079772346166e-05,0.0582924958622884,2.0084058023246425e-06,3.0574845813394986e-05,0.0173671271830143,0.2048966747035223,0.5083919225382066,0.0149725550196231,LCO,13,81
-158251.048412995,2.35346881334027,0.0757640608054509,49897.14021769651,-0.8756310332101052,-3.924368966789906,-0.5479381787350728,0.4848675766725266,1.6642268882044482e-05,4.658009318666107e-05,1.971086927920234e-05,0.0001436783133097,2.530886537725691e-05,0.0738105064090293,7.019128866435408e-06,8.348640926568609e-06,0.0149485463770415,0.0126155187543224,0.0754599637526514,0.2939863387579534,LCO,13,32
-51917.19214498427,2.565049591792323,0.0378773291428201,14918.896215074989,-4.553146501244676,-0.2468534987553354,-0.1827277744471896,0.2033684185794564,2.325329144730563e-05,0.0002170984380203,7.053681351587622e-05,0.0001073471701087,1.2060244040984594e-05,0.0403125410198563,2.099086670464515e-06,2.3412763760487125e-05,0.0114618985466858,0.2107954885180574,0.5233966946087967,0.0130800424259562,LFP,12,35
-329083.07613108866,2.6612574675426166,0.0243775868846901,139178.47203084332,-4.238666635356829,-0.5613333646431826,-0.4639096178664497,0.3992699287894596,2.4157425847311552e-05,0.0002363750919916,2.3196353444560467e-05,4.2854334097430765e-05,1.2554033977643175e-05,0.0806923622101816,4.031564644790911e-06,2.7790131975195952e-05,0.0168976430810132,0.0403601918763924,0.016765085929148,0.4089651043280099,LFP,12,69
-354114.98887886823,2.4776353971899807,0.0093252386252635,211092.01352231432,-0.5685968635406979,-4.231403136459313,-0.3055300093080627,0.200317382694762,2.7340103530591244e-05,0.0001765273805337,1.930358111147125e-05,5.193239444537565e-05,2.130919202933675e-05,0.0481383512630806,1.949625929490836e-06,2.0652603299467395e-05,0.0227928208939241,0.011780214760779,0.5513641652779075,0.0613256106532507,LCO,13,99
-234860.49259057903,2.507700027335253,0.0192240997792546,112662.70131554196,-0.4692898545472559,-4.330710145452756,-0.3252030238307993,0.2264370634272016,1.5387869845819763e-05,0.0002183440995516,1.4783785948444415e-05,7.389414089473403e-05,1.527391042685396e-05,0.0584082660696425,1.2620757977159133e-05,4.138065283533342e-05,0.0197450798069055,0.1444729192350557,0.0929196452668267,0.3674044116673182,LCO,13,53
-12738.253647011816,2.2182021251983377,0.0401293500945109,6594.713450865973,-4.466743298986785,-0.3332567010132266,-0.0457570602029467,0.244742107299329,1.577989575088432e-05,0.0001654238508397,2.602129422237016e-05,0.000125420984187,1.2324741365281244e-05,0.0426351291758798,1.2289012137767756e-05,4.981559932831407e-05,0.0067229775297174,0.4706382543151119,0.0460765641647281,0.3675281213172132,LCO,12,43
-435887.8234873469,2.2113764324546423,0.0092138360680853,378372.1026020511,-0.3633747065382309,-4.4366252934617805,-0.5581472828330045,0.2182500285940054,1.947673965322545e-05,7.578367876908406e-05,1.0763737952455857e-05,8.588398334157462e-05,2.3424554602545537e-05,0.096256001648027,1.742804251964559e-05,4.784138297909557e-05,0.0232830187738828,0.0287903568485986,0.053564785256215,0.2894975750621817,LCO,13,79
-217146.8265038707,2.474039523886077,0.5289320768859737,47699.11511037853,-0.925369721993448,-3.8746302780065633,-0.2277294748050383,0.2049642087115887,1.6850080124537437e-05,0.0002400276084838,4.639039526651584e-05,0.0001496997087974,1.2015468848043028e-05,0.0591523672282885,1.2485938550564828e-05,4.2211124682881024e-05,0.0192704871080428,0.0920570752252956,0.1361852852421437,0.4740281647275223,LFP,13,24
-317126.0232849993,2.425933313597882,0.0607333488438076,132542.45414727004,-0.681932491680584,-4.118067508319427,-0.8722014975326806,0.2078444182590758,2.9743724165825334e-05,0.0002141708750773,1.959473089650537e-05,0.0001478886532301,1.8441168315867925e-05,0.0781274163601658,2.644770026450983e-06,4.1706182545223e-05,0.0216913800890605,0.0159278736780466,0.0271967475606265,0.0146738812286462,LCO,13,33
-24152.32891464233,2.445245444661933,0.0348062903327393,10842.81278609027,-4.529128709039895,-0.2708712909601161,-0.4042911719535129,0.2033289784826022,2.975182280306507e-05,0.0002069988328682,1.889232641861905e-05,0.0001343899165046,1.4080843287235605e-05,0.0794323478872518,2.9083797750352463e-06,2.2220498819898172e-05,0.0066506718442815,0.3024080772152323,0.2102267464887449,0.0130740043425098,LFP,12,36
-213458.28080624048,2.2254822339258498,0.0171684191725906,128062.1624125686,-4.224304697035677,-0.5756953029643341,-0.467215789198355,0.2736918020083924,2.385178785152604e-05,0.0001446550685473,1.2727686587964866e-05,0.0001206368634873,1.2074855008580891e-05,0.0566837551361002,2.0718574085230603e-06,4.276220838291336e-05,0.020094071098219,0.1022680558828506,0.1309158394234337,0.2296003154953606,LFP,12,64
-75250.60736510517,2.437955685855194,0.0681829177971884,26967.11683693288,-4.531168833176153,-0.2688311668238583,-0.677980545759959,0.2041656664177579,2.7018287231478583e-05,0.0001470614535801,2.5095234051467165e-05,0.0001480790456648,1.2060311150373853e-05,0.064372657284783,2.098305247513422e-06,2.3530077297894207e-05,0.0114134480136344,0.205052936348176,0.0279863235147055,0.0189801943771595,LFP,12,34
-300883.3627708765,2.276320080793363,0.0151161682993732,168940.60904893235,-4.275552455174179,-0.5244475448258328,-0.3213218743976347,0.2003359430495559,2.8212930960376e-05,0.0001822302919217,2.5300923578573546e-05,0.000114346370936,1.205672247861312e-05,0.0891185273530181,2.901987413271372e-06,4.874935359454007e-05,0.0200409104395861,0.2740859645134338,0.2010263505690687,0.1335658105198627,LFP,12,57
-109228.02852646432,2.4000593233156677,0.0316475954753295,52002.80533685997,-4.533794741642801,-0.2662052583572105,-0.5949930345202086,0.2187841360163733,1.656470317913303e-05,4.258318503214619e-05,1.9685973880371937e-05,0.0001135796253849,1.288509032413236e-05,0.0490019984196253,9.346831261022864e-06,8.227667607973987e-06,0.0192070933177447,0.0120028638108325,0.0272786498408563,0.2957254518281026,LCO,12,32
-58647.45152578705,2.630557296462662,0.0188251978724914,19190.932372047944,-4.330248801036134,-0.4697511989638769,-0.4887191618614714,0.2461262471196575,2.711543838643971e-05,0.0001769759842489,2.614459434778741e-05,6.163289241271749e-05,1.3781724749237875e-05,0.0401959019381295,1.5999960721177912e-05,2.038271818433195e-05,0.0104003342072889,0.0117332042644503,0.0615685364432244,0.3679790974308538,LCO,12,51
-253472.59349332884,2.536516671621585,0.0458528534977555,118559.80707787434,-0.6033091919088065,-4.196690808091205,-0.3126022530320036,0.4954568650671969,1.5380211196067442e-05,0.0002377025544896,1.4781420452316809e-05,7.389347389129016e-05,1.5695868548094257e-05,0.0584049689582469,1.2521928153421917e-05,4.210040294497302e-05,0.0202549338056187,0.1566168702920622,0.0932347044845913,0.3675461721913428,LCO,13,53
-21235.69156948899,2.4048405887557704,0.0596749937088122,4930.551252239852,-4.667219366175345,-0.1327806338246659,-0.1749614246732435,0.203567475118826,2.704984106693053e-05,0.0002374833765185,1.3012489328074422e-05,0.0001070571578279,1.2058982146089134e-05,0.0904416172148571,2.3136628671232438e-06,4.747943899923521e-05,0.0049725102338679,0.2528225543167844,0.4494261870120054,0.0527898339979666,LFP,12,28
-65260.700564448176,2.6232040313350637,0.0607162312385061,21785.414835296426,-4.481171159685644,-0.3188288403143673,-0.42166193991301,0.6206663089730793,1.588172167328868e-05,0.000185296918477,1.4168720741309703e-05,5.145294292075294e-05,1.2985305060760195e-05,0.0442339451007801,1.2453754317266345e-05,4.137505456427996e-05,0.0103193716868111,0.0402698917379938,0.100521796306197,0.367546372042799,LCO,12,53
-260109.15001037263,2.2761156902455624,0.0176962456016866,192487.2946889612,-0.4008920475374893,-4.399107952462522,-0.0197079565522227,0.2625034317787784,2.4575064105579285e-05,0.000246710537409,4.735910530039757e-05,0.0001144163084943,1.2035569590789793e-05,0.091750938832645,2.602779436835023e-06,4.739553768870135e-05,0.0200580731486948,0.3324131680510728,0.2067181592646184,0.371160716132086,LCO,13,62
-231300.19482426785,2.500681113111592,0.0265520043727637,84094.17458589496,-0.5873544280351553,-4.212645571964856,-0.2904130848079261,0.2072144269953865,1.462338338058476e-05,0.0002366993206489,1.7036399382796668e-05,0.0001255576536211,1.2313476994787908e-05,0.0418196827246397,1.4633000921218482e-05,2.038699355265449e-05,0.0222514809023402,0.2034214959956034,0.0347172575595192,0.4014481616369512,LCO,13,43
-5054.898891710369,2.287068507678467,0.2814524090935254,792.1468821044843,-1.8825253072645796,-2.917474692735432,-0.1827241717548242,0.2545493313388529,2.765732045664748e-05,0.0001026085959457,2.5359810040033902e-05,0.000146735702987,2.524978577804124e-05,0.0419433686102911,7.031414974205955e-06,1.7521656080798522e-05,0.0045758128414052,0.4915855764309818,0.0529465195802295,0.2027437322339644,LFP,13,11
-85097.47962412579,2.435258312787171,0.0694329424596066,34583.290664097534,-0.8748558994494715,-3.92514410055054,-0.2306174009693578,0.4183023148919686,1.6023485724918148e-05,0.000192883324083,1.8995493565858977e-05,0.0001329518511962,1.7722902710201515e-05,0.0522797802775902,3.431542477941696e-06,3.895269265843793e-05,0.0154350611402126,0.0994273153399362,0.2101159814727084,0.3898393022179975,LCO,13,31
-86943.80712434353,2.4623221811510363,0.0189565002987192,35699.59589655472,-4.370345084059345,-0.4296549159406666,-0.3975741225718809,0.2060173421803375,1.2307099115532551e-05,0.0001115921720035,1.5637613076807602e-05,0.0001485928785042,1.2053451648205991e-05,0.0642456145735084,2.0801923307163137e-06,1.4098986797372364e-05,0.011481002354508,0.047245743743787,0.4676049308006138,0.0175752028837182,LCO,12,48
-405926.9494580981,2.603270356941908,0.0265448055557587,171021.50317580774,-4.33798970838474,-0.4620102916152717,-0.5316440978145329,0.2388457578435498,2.280838811018973e-05,0.0001518013645501,2.6171742014826743e-05,4.586769196009137e-05,1.3798651881494362e-05,0.0980962096235805,1.6188718063549476e-05,2.037498596246805e-05,0.0197802672837885,0.020785457116484,0.0242019337987263,0.3533685112702568,LFP,12,51
-66577.82733714643,2.235059850753011,0.0312373555673618,34646.349627920514,-4.368890964601533,-0.4311090353984781,-0.853861842469947,0.3939111331400647,1.5829860134605742e-05,0.0001288250770642,1.371768134935088e-05,0.0001487803183596,1.2056307995463704e-05,0.0644070191427495,2.928943058649791e-06,4.153492779900341e-05,0.0099396082629337,0.0376069687926021,0.0273418649296041,0.0111893238078468,LCO,12,53
-275035.98643481906,2.5940562882283937,0.0180726688186325,100192.84859131576,-0.4669246082563703,-4.333075391743641,-0.2433945597658832,0.2003186548942209,2.6433855906843737e-05,0.0002484231323205,2.234471788743224e-05,5.014223364285094e-05,1.6420707360369604e-05,0.0574939945966761,1.5543114281913808e-06,4.13327230613032e-05,0.0195078385622915,0.0600814470730541,0.1349529128797208,0.4915710802813419,LFP,13,53
-242130.65363483955,2.106785221160376,0.0088537285270189,339007.6749008096,-0.5481751385491052,-4.251824861450906,-0.5608280895482283,0.2031159445522081,2.668715966055322e-05,5.0303451124515656e-05,8.294243586782936e-05,7.386460908601419e-05,1.3212075095683164e-05,0.0788958375097786,4.408729766126658e-06,3.456292618586131e-05,0.021771835748409,0.2459095713638397,0.0130457136565101,0.1102166254314218,LCO,13,96
-26234.415719566616,2.7025289361177247,0.0457688728336237,5635.659812432708,-0.8457903598923693,-3.954209640107642,-0.3358902905899147,0.2090936136485992,1.880867692338489e-05,0.0002350060775004,1.0490408203732316e-05,4.915886434075809e-05,1.84834999202246e-05,0.0943819421231144,8.892046246053598e-07,4.086808983912136e-05,0.0050068064324361,0.097015476590049,0.0764610378343051,0.4206331949857311,LCO,13,26
-127616.21227827002,2.530174237832284,0.0483365360159271,26406.0534783138,-1.001079033514273,-3.7989209664857375,-0.4179213293130376,0.2040513583744388,1.5075241523746433e-05,0.000143890646354,3.1802273194655725e-05,7.367922449585468e-05,1.851365317646409e-05,0.094681607862523,1.8750326650941116e-06,1.65175009092161e-05,0.0115331898801854,0.252399490872572,0.0780165709570975,0.1816626088572928,LCO,13,22
-425048.8032164653,2.455108335309887,0.1740696722922267,53931.64627908063,-1.7013476590541217,-3.0986523409458897,-0.7908345617658794,0.2471844327750522,2.6645646060681065e-05,0.0001264326307595,1.3265078301136314e-05,0.0001386323050034,2.525053120306183e-05,0.0749601405925178,5.696761109820106e-06,3.0095490135760356e-05,0.0241910830272291,0.0230204414734228,0.022227507219599,0.0939174895410986,LFP,13,12
-4816.445002782841,2.095890664707703,0.1011521196036912,1357.092199473809,-4.741414995630912,-0.0585850043690996,-0.1217521036542953,0.2485433026618066,2.221985538560571e-05,6.427258166594251e-05,1.6949637454212703e-05,0.0001333972220132,2.7246051745897744e-05,0.0412197783549829,1.1591617840003864e-05,4.7035777159280106e-05,0.0041205755350767,0.5994655863102168,0.0136658576790302,0.1951164523564577,LCO,12,26
-4826.584792332542,2.07370052810518,0.0090484404566627,6887.158650600576,-4.369908621896556,-0.4300913781034552,-0.3679768550004745,0.2003115605388307,2.7437207158185878e-05,5.178723665368075e-05,5.042021263635729e-05,0.0001422587617073,2.0545732453568616e-05,0.0401378222775431,9.05137237775634e-06,4.849676573366398e-05,0.0047247729342233,0.3993010837245432,0.0705480717410531,0.0921739895339291,LCO,12,94
-436664.3316223932,2.884456141628749,0.0810534389928786,63407.57347967366,-1.520858903649085,-3.2791410963509264,-0.5999350700363614,0.2455617812918574,2.3381982659189224e-05,0.000194031684341,1.6768222204534276e-05,4.406856527268898e-05,2.534088054752748e-05,0.0780655760599034,9.477355587200644e-07,4.9927139216854094e-05,0.0244416677030558,0.1261418015103173,0.122087026122182,0.0818361023311393,LCO,13,14
-4332.910484483055,2.0699514243856725,0.0171712244793802,3787.3476956348377,-4.28812588926111,-0.5118741107389013,-0.2893349121489219,0.2139145638257643,2.7481783491381348e-05,5.1310101326255886e-05,6.69362988016824e-05,0.0001336391777192,1.9822334891199e-05,0.040485128752759,9.107510317400602e-06,4.4036324553634845e-05,0.0045663140550108,0.469163050959558,0.0778348342218641,0.0936672026696559,LFP,12,57
-417823.2261712612,2.3701053824965426,0.065854881304102,55031.44496679291,-1.550243442776129,-3.2497565572238827,-0.4170867923218745,0.288558322346683,2.4160186769728724e-05,9.617991642049768e-05,1.0727752555889264e-05,4.852207134101936e-05,2.358101584000361e-05,0.0755361718242203,1.939208555266862e-05,4.741454387344704e-05,0.0249047184025222,0.0558203327118757,0.0720003315597313,0.3850925434065184,LFP,13,14
-5067.428779758364,2.262597636611641,0.0170682912396543,3432.6234700378463,-0.4418122106674147,-4.358187789332597,-0.2466337085449881,0.2414412655676533,1.7036077756330882e-05,6.98301456706645e-05,1.666074271404772e-05,0.0001492852393123,2.39282259292114e-05,0.0400020039282418,1.758546093768864e-05,1.0152402635892702e-05,0.0041121137532042,0.5999642250657081,0.0524739119590725,0.0309281544302311,LCO,13,58
-445561.13818348496,2.6851301737026354,0.0378488418865258,100938.18976820164,-0.7523929526937323,-4.047607047306279,-0.1972687617166896,0.2071665049962652,1.2576406341679652e-05,0.0002120467716892,2.364900555853658e-05,6.864190295408862e-05,1.4174390743629429e-05,0.0613800670746881,6.956552170291779e-06,3.77606402332741e-05,0.0245777458926734,0.0122244532383429,0.5033197552475934,0.2171870297973741,LCO,13,31
-562899.5667477278,2.761849377537102,0.0514855618615307,87190.93915608076,-0.966483102757806,-3.833516897242205,-0.4493091530558022,0.2886490290915063,2.708688680897104e-05,0.0001872285349208,1.1118849922723356e-05,4.263298053563756e-05,1.3772250961062064e-05,0.0744310865148863,5.143967470074808e-06,2.197722664985476e-05,0.023116831443003,0.0748178641629793,0.0167798936111696,0.3890930891700489,LFP,13,24
-4495.038016730964,2.05805477441382,0.6159649543820226,2005.5392113251244,-4.648749743041591,-0.1512502569584199,-0.2042878611911741,0.3145943647132561,2.664217930429943e-05,4.049836519164629e-05,1.1818633617538602e-05,0.0001350596433634,2.5875530865744537e-05,0.0401097737666694,1.897085725003877e-05,3.4338403821318136e-05,0.0045725743670753,0.5349151787574087,0.0530989263263782,0.1376980337250389,LFP,12,33
-482438.3928929513,2.696432921314776,0.0440898131095427,85593.37979242955,-0.8470823490694883,-3.952917650930523,-0.4138153389651247,0.256050598747711,1.7347456911977022e-05,0.000183185548166,1.9689964030582773e-05,8.110389783975438e-05,1.8421953851795392e-05,0.0761906361213514,1.978767615538039e-05,2.5926342843303777e-05,0.0210996013501365,0.0122603611413302,0.223922691853166,0.280001608040379,LCO,13,27
-4705.210442331663,2.081372441208796,0.6323749734343868,1626.5638697545314,-4.653872973753444,-0.1461270262465674,-0.2201562056922154,0.2903382392395786,2.7288990627736227e-05,4.811728781223058e-05,3.442904781732168e-05,0.0001171185501955,2.9436217227281265e-05,0.0402971091508394,1.6404643818782423e-05,3.0687804955137566e-05,0.0041612898319364,0.5934959691859552,0.0107916939221116,0.1055561311997178,LFP,12,32
-4467.271135074455,2.2119139146858613,0.020186713665904,3521.092154133076,-0.4291798204733084,-4.370820179526703,-0.0790487374794987,0.3400580982063024,1.2381797073399227e-05,6.813267991206041e-05,1.1643215847533911e-05,0.000146088818676,1.9187386491866097e-05,0.040142958409576,1.975824133575289e-05,1.2387247607400968e-05,0.0041024385013175,0.4925103989020966,0.154221419241994,0.2042194443764107,LFP,13,64
-4768.418898453331,2.1181138927302263,0.0249691741758764,2872.038603755475,-0.5593452232119489,-4.240654776788063,-0.2682723143432974,0.2052348006723376,2.7217299688650605e-05,0.000104000532329,1.2296674228794886e-05,0.0001333966228043,2.861337950283297e-05,0.0414683010879281,9.939502679761588e-06,4.793148625021911e-05,0.0041189156488193,0.5998960879800035,0.0215689704166205,0.0402626272600785,LFP,13,49
-342406.6226242926,2.289549266039812,0.0130696649133199,350489.4047107564,-0.4359843406799584,-4.364015659320053,-0.5877253410921724,0.2738149896113697,2.4555073725585462e-05,0.0001746560303563,4.28295458156891e-05,0.0001361332663197,1.5330692439911904e-05,0.0856756763125402,9.813332957972436e-06,3.1305805758685176e-05,0.0219468818272733,0.1227274284851964,0.0155017643001542,0.2040454661224769,LCO,13,84
-664959.6511569457,2.5549225471588333,0.0268084324238846,161599.55296921218,-0.6342442101038586,-4.165755789896153,-0.2596163584631872,0.2900160995633002,1.822485717481469e-05,0.0002499409408146,2.3422873495225743e-05,4.033395852587098e-05,1.2809842733788829e-05,0.0758112463613626,1.903135558406677e-05,1.0224317455357668e-05,0.0233197220939549,0.0717541110633056,0.1981384919111943,0.4004910385623128,LFP,13,44
-408514.7159335901,2.3593875831058417,0.4201608225401599,31561.4877351684,-2.360976946880662,-2.439023053119349,-0.3590952872655302,0.2884398579810788,2.542165393234334e-05,9.135321993884134e-05,2.000329042486008e-05,0.000126218542865,2.9443959746015025e-05,0.0956416719971064,6.661753819493207e-06,4.077427703840593e-05,0.0233681212773179,0.0597525548173933,0.0979630724903692,0.4131890854267072,LFP,13,7
-45257.725925831015,2.593190013654473,0.0211174842935504,16726.545813185545,-4.358546862464699,-0.4414531375353121,-0.033920013747784,0.2467479540289572,2.637864278202118e-05,0.0002014249291215,6.008144647842159e-05,4.572255774383261e-05,1.3357135695756912e-05,0.0443102148255816,5.761878843787495e-07,4.841818088998702e-05,0.0099528044329266,0.0249849252707462,0.4961006972716997,0.3749943637097699,LFP,12,52
-499454.5726486454,2.7374790794356936,0.0709707999837853,99020.2882147742,-0.9678950075268632,-3.832104992473148,-0.4193864645722246,0.2874821518260067,1.587255192120116e-05,0.0001844984007959,1.7350409252676095e-05,4.123216327816485e-05,2.511148852063351e-05,0.0734592362264318,1.777311839264229e-05,9.920555829028054e-06,0.0247933678241086,0.0748198429135161,0.0440130823284938,0.3917806101857654,LFP,13,24
-456600.7994083093,2.276225619874764,0.1204182127882515,67738.34444105109,-1.5736473910706934,-3.226352608929318,-0.3058146767983205,0.3120288409445341,1.811282944141297e-05,8.591326837121824e-05,2.070240101892262e-05,0.0001194827034551,2.9559829941793888e-05,0.0959447260766616,6.5095991640460365e-06,4.68728270647754e-05,0.0242204411628896,0.0771228212024253,0.1335276148101788,0.4135348871890753,LFP,13,14
-594124.7153636438,2.6184119621408013,0.0468107965515014,147011.73031458227,-0.6933049471501533,-4.106695052849858,-0.4825862934822832,0.2071628844495812,1.4306982828044005e-05,0.0002140575394115,2.5507855900484708e-05,7.440289467707232e-05,1.843916530256453e-05,0.0809444639992511,6.938193793574337e-06,4.55768486480218e-05,0.023769873638318,0.012224384550545,0.1378707473936464,0.2973185745735253,LCO,13,33
-522505.0530500086,2.729012729585457,0.0597678848785658,119652.21525208176,-0.7749283693060107,-4.025071630694001,-0.4276832296299965,0.3254866118765253,1.481455649260198e-05,0.0002264258807854,1.0860892389418384e-05,4.277715698154348e-05,1.3691094628872953e-05,0.0847098293165598,4.497155261572489e-06,2.075384877977778e-05,0.0210671113661321,0.1029565952207262,0.1056735509226331,0.2936866242266442,LCO,13,33
-3839.0243899772368,2.4507683718196667,0.0094938898457969,6220.7203155610805,-0.4155527304933812,-4.38444726950663,-0.1742932176992671,0.2490337211649127,1.452122789518962e-05,5.1819133693075856e-05,5.0736116613957785e-05,0.0001405152087611,1.914793734486483e-05,0.0401368620913143,1.635268623605159e-05,2.767817956514388e-06,0.004733560152062,0.5457116216532093,0.1969008788495345,0.0130942817979891,LFP,13,82
-435775.26657956175,2.603824416440696,0.0804259348770613,60546.492046548185,-1.36220749084314,-3.4377925091568717,-0.624167307991931,0.2537313174303919,2.9898265270594232e-05,0.0001136465792099,1.1629866068651472e-05,7.640151760635355e-05,2.8768341032535043e-05,0.0749048905007605,9.205178867282568e-07,4.267793469028409e-05,0.0234599903170096,0.1283588056118036,0.0998963791658132,0.0775775072304521,LCO,13,16
-5040.7942175736935,2.07026584087519,0.0204454402854155,2973.8858668944144,-0.5653850089014512,-4.23461499109856,-0.2504685918418475,0.2415984339090097,2.479086316299781e-05,5.9821648663990125e-05,1.1794469176169713e-05,0.0001261243041724,2.6541183118253385e-05,0.040677345906526,1.4509371624170575e-05,3.875745993599605e-05,0.0042373437541389,0.596240862868129,0.052736658912361,0.0305538863776623,LCO,13,49
-5133.356996053912,2.0625390970948265,0.0173397202438846,3823.5501081543816,-4.318602553872097,-0.4813974461279144,-0.348565474736516,0.2415079467400698,2.7158972640883717e-05,4.083311209350311e-05,1.6591783562955396e-05,0.0001353854500596,1.8862555249840467e-05,0.0401560626922782,9.981942118199883e-06,3.840152461945537e-05,0.0047201021110536,0.4140320923090876,0.0176020673205991,0.1498003656337971,LCO,12,54
-4316.37997942341,2.269475124060176,0.3192227472296076,617.2263587058135,-1.948811168049552,-2.8511888319504592,-0.1094009541677016,0.3485076890681011,2.7575564510129173e-05,5.617076878975988e-05,2.6700863365053503e-05,0.0001426446878631,1.2365485362931623e-05,0.0405022300000645,1.42629282298917e-05,1.162018120014904e-05,0.0041242379060103,0.599815003995063,0.0526549288104099,0.1681291130268254,LCO,13,11
-4611.936685828919,2.2950360332206343,0.0111431330704548,4332.723627225288,-0.3921150273846052,-4.407884972615406,-0.1006549389895031,0.2404419813851187,2.75987244284972e-05,7.00325175345297e-05,1.651339124055757e-05,0.0001424842341863,2.921637307632881e-05,0.0402173861257086,1.7629736428325764e-05,1.0143376380312463e-05,0.0041243126375088,0.5999670234770397,0.0524697243473639,0.1769083131860933,LCO,13,80
-4605.628314670115,2.184499517341211,0.011854593758057,4516.988441561571,-0.4017526085166167,-4.398247391483395,-0.0970667675479036,0.2401064908269335,2.7575431046609453e-05,5.8454296221547386e-05,1.6429308091213906e-05,0.000142717234237,1.21335181522347e-05,0.0405034393049313,1.7648058337187868e-05,1.1733968068051122e-05,0.0041242364914717,0.5997444351399319,0.0526559332595133,0.1805328640526511,LCO,13,81
-495244.058496256,2.685530097531138,0.0658246923721461,103946.74150853106,-0.7674178671983896,-4.032582132801622,-0.3880429466405027,0.2013166408893736,2.469499031807343e-05,0.0002283947251824,4.0511760782550414e-05,4.232774713200056e-05,2.069118053680533e-05,0.085252317042963,9.240525226088194e-06,7.169106394521306e-06,0.0211253741279171,0.1020003928614363,0.1437275348320016,0.2962291256660593,LFP,13,30
-215505.8482155577,2.264964677498662,0.019672605352389,155946.8296107911,-0.5200839281808669,-4.2799160718191445,-0.5322989766343105,0.2009617082378222,1.7551568133066676e-05,0.0001355392778748,9.493366505886294e-05,0.0001292303147942,2.981874561481248e-05,0.0583261528013355,3.5740638997963065e-06,4.6980121304304486e-05,0.023821715449426,0.069861587735465,0.258695485698125,0.0691439499320994,LCO,13,48
-4838.023336585636,2.30444535814887,0.0095381290897572,6288.196578209368,-4.241693422711094,-0.5583065772889171,-0.367146130568631,0.2014114931715759,2.7438367945415944e-05,5.84638625382254e-05,6.712816135733461e-05,0.0001470478315691,1.2088132964365696e-05,0.0405121388093578,5.434822405031346e-06,1.1248198233008757e-05,0.0047742306968974,0.4132313034628602,0.0895757102904731,0.0600468556780356,LFP,12,82
-215337.97674983685,2.2491801656057357,0.0177046904545175,68988.15542543099,-0.8004688731543439,-3.999531126845668,-0.0927985710582467,0.2139840785318313,1.3663395385179109e-05,9.513379323849388e-05,1.4611051581535034e-05,6.643751495776027e-05,2.359431491630424e-05,0.0486317682288181,6.223291800905553e-06,3.531726571466423e-05,0.0249103217891544,0.0762147801355682,0.2074123392005184,0.5535743096056666,LFP,13,29
-4181.586269290551,2.2990558379275177,0.0089823119727514,6725.419973396166,-0.5115728171492009,-4.2884271828508105,-0.1281735459154565,0.2020212389167869,2.7441895915611027e-05,4.797775533737407e-05,6.723201419202952e-05,0.0001295427077126,1.223938707899011e-05,0.0404767338207313,5.036686526984983e-06,1.16986702554787e-05,0.0047263730569559,0.5421929479760648,0.0779415978497385,0.1816919082587402,LFP,13,92
-4760.670099899252,2.1174545526275472,0.0769291421939523,1705.2059051426934,-4.643443969013454,-0.1565560309865574,-0.0770309035769279,0.3159918235502295,2.2198147010660332e-05,6.343744181071008e-05,3.117703214776987e-05,0.0001429172544732,1.849375269816529e-05,0.0404272188257397,3.830302441355825e-06,4.828713990072431e-05,0.0041242903512972,0.5990957949760042,0.0587305790033294,0.1951427224437384,LCO,12,33
-4961.048042946054,2.1622703339029767,0.0226647419688799,2971.283156607254,-0.526937283876812,-4.273062716123199,-0.3585119992142674,0.2497240981973536,2.9634903892781835e-05,5.140596044068229e-05,2.693273090780833e-05,0.0001333125705321,1.8385077139489902e-05,0.0404939733907456,1.6687425165576504e-05,1.3892582457089628e-05,0.0040664306830831,0.4379020522433775,0.0442452682817067,0.0893406802606482,LFP,13,52
-436433.1899265233,2.533049286343504,0.1734744936561251,59261.12945511929,-1.7036884136910544,-3.096311586308957,-0.555902287595333,0.2471743561022512,1.3366059711617426e-05,0.0001383658005403,1.0223644020212685e-05,0.0001223445884319,1.5214046186839464e-05,0.0926669935961695,1.5128905023628613e-06,2.9915880491675468e-05,0.0230654450006028,0.0231264272920461,0.0138347828219125,0.3371365022907084,LFP,13,12
-4815.800740270815,2.45472806790996,0.0089121853812771,4630.341713291616,-0.4095726413412706,-4.390427358658741,-0.3092318875475994,0.2458390981733546,2.7875161119504447e-05,4.317554204550813e-05,2.0560316244417195e-05,0.0001395783697518,2.6161683502089856e-05,0.0406975075785759,1.5768438677724543e-05,2.6979482013015783e-06,0.0041103484717854,0.5754382947524499,0.0346044823236992,0.0107253353762514,LFP,13,82
-489507.1976554192,2.4490237284678966,0.2676925177211595,52927.35924807001,-1.935841115174341,-2.8641588848256703,-0.6611668778534134,0.2471637866878613,1.4478695533602654e-05,0.0001139906010189,1.083625599189061e-05,0.0001243108076385,2.518710112960752e-05,0.0957809491188843,8.827239781800298e-07,4.131030258337476e-05,0.0234729840822893,0.0535066947904753,0.1399359731983488,0.0753904541577623,LFP,13,10
-485506.12179567927,2.7866054657058017,0.0923780829745265,85509.74155762167,-0.9518959717377412,-3.84810402826227,-0.3843804043819102,0.3121093441419869,2.932095472095384e-05,0.0002300331259258,2.48402522657868e-05,4.208417009387218e-05,1.3560312039243635e-05,0.074056479704693,6.556830237514228e-06,4.177550011125461e-05,0.0225897841313158,0.0737233242056762,0.0575982399084252,0.4142980315039883,LFP,13,25
