SpecificEnergy,SEIGrouth,TempIncrease,Price,UpperViolation,LowerViolation,VolFracViolation,C,la,lp,lo,ln,lz,Lh,Rp,Rn,Rcell,efp,efo,efn,mat,Ns,Np
-429217.1760357629,2.579621918579031,0.0098810806276381,309467.54578617483,-4.381676326058376,-0.4183236739416358,-0.5491319828919835,0.234384361266785,2.5755153510542053e-05,0.0002418963065449,1.096489394243434e-05,5.135611523078544e-05,2.8563442538119465e-05,0.0660929782951702,6.524737862446612e-06,4.958302887287683e-05,0.0237345716707585,0.035805820320495,0.127853362367891,0.2172088344196304,LFP,12,95
-26855.794951119187,2.435804612217845,0.0056154940124636,22881.928809880705,-4.167830900233902,-0.6321690997661094,-0.568790307824077,0.2143466296149987,1.801098711830467e-05,0.0002497270536057,1.0679200326188516e-05,8.115384560340288e-05,2.28299413319154e-05,0.0661748257971668,3.435820770801598e-06,3.2103849250898406e-06,0.0073231103569197,0.0360388927401989,0.0715961725773491,0.2535746268583749,LCO,12,70
-74877.7990530183,2.6059788769285013,0.0179377361322407,22985.029624573297,-4.302456374230154,-0.4975436257698575,-0.1477568458978683,0.2002991382365356,2.7331301992765016e-05,0.00023784470689,1.875652503206473e-05,4.166713788154926e-05,2.2847011522304883e-05,0.067817000790873,1.3177757551839575e-06,4.3302811767173575e-05,0.0091405908822257,0.012637081536857,0.5893934272040143,0.1802126453612603,LCO,12,54
-426746.2114830261,2.2812464922290223,0.0113843036881626,318837.7069304172,-0.6081566999243719,-4.191843300075639,-0.1843017428353347,0.3960609605100776,1.3427084810842845e-05,6.919962698209447e-05,1.4894993611651285e-05,4.6596016516444576e-05,1.595662578624693e-05,0.0866511905181803,1.5261603497328495e-05,2.735509087154674e-05,0.0216639080054305,0.0558267007467755,0.5922402474496095,0.0976313089682803,LCO,13,97
-134729.65114051008,2.1461916220732964,0.0149999130340789,124375.46556200983,-0.3866185116633858,-4.413381488336626,-0.7777625057613353,0.2072632871821841,1.7759132312868988e-05,6.361304276215729e-05,1.0135517491907652e-05,8.920738629529512e-05,1.45496990713017e-05,0.0962112569759389,5.88151121211954e-07,3.784792807715576e-05,0.0147306244249351,0.0659041471001278,0.0679764405181385,0.0183569066203982,LFP,13,59
-5302.8472232540535,2.044528666816954,0.0070009653879145,3296.012951316998,-4.196262595336009,-0.6037374046640025,-0.2023639402024951,0.2307859534182365,2.9878574709809745e-05,4.073207494768643e-05,1.1829918648334933e-05,5.662403419804498e-05,1.4337066118942368e-05,0.04294491745558,2.042195949990849e-06,4.067345414331279e-05,0.0040752699922775,0.3628381428805989,0.1012820473634095,0.2635158695534964,LFP,12,69
-407644.1987797666,2.2773597538922945,0.0143643398140949,467699.4269919567,-0.5784950395929513,-4.22150496040706,-0.7662495327042921,0.3102214850535116,2.5886610977592957e-05,6.876225391685529e-05,1.09035932456009e-05,4.591586877621504e-05,1.3826790345269876e-05,0.0868572839280532,6.268995049760974e-06,2.6497789708310325e-05,0.0244032550208165,0.0356348222315341,0.0841715016034532,0.0439441434607206,LCO,13,97
-267044.512724941,2.579032512243669,0.0319682519594322,80996.31970663085,-4.483806228048358,-0.316193771951653,-0.7998016234371148,0.2352565548857428,2.714253002888964e-05,0.0002025202506625,1.1143892272345238e-05,4.3190573962162816e-05,1.8212763564467914e-05,0.0557924140116492,1.0735750724920262e-06,4.482185173738631e-05,0.0200503384886642,0.0226333846611388,0.0777318381054852,0.029833153796261,LFP,12,38
-175089.54736617053,2.256292785321466,0.0147926730359377,85943.86209899875,-4.24519578271277,-0.5548042172872414,-0.1619162963133292,0.2140347769943539,1.5275471088625637e-05,8.085406691142668e-05,1.0571323648120065e-05,5.502563157825453e-05,1.89676635159762e-05,0.0424879240760661,1.9715856536815457e-05,4.09478528598446e-05,0.0184597845829207,0.0139415210215815,0.5514979175914145,0.2026442650736746,LCO,12,81
-206974.75971538905,2.2147062899597785,0.0220536546156318,104884.0520473592,-0.416303383614732,-4.383696616385279,-0.4357208660842357,0.204409322008243,2.0353418334759045e-05,7.293873652237983e-05,1.992595670883647e-05,5.165155650027769e-05,1.2577102461278294e-05,0.0950992611147023,5.890252180370166e-07,3.48075812809061e-05,0.0147237939770379,0.0246710491785616,0.4536936730901344,0.0159144116470682,LFP,13,58
-252956.5059592953,2.512882633297075,0.0130303117840621,137266.28016322182,-4.185337929889272,-0.6146620701107395,-0.4554829967402986,0.2495579438509035,1.3007121810800354e-05,0.000238732159309,1.5215950250853135e-05,8.959927654428191e-05,1.4588963828750325e-05,0.0982626698605848,8.473424099550882e-07,3.280150067314932e-05,0.0149437179189358,0.0392315731227397,0.1731857213971776,0.2620997087397841,LCO,12,69
-13079.381306344168,2.4784444418003737,0.0113961402648062,5953.860315549897,-4.1938773886279535,-0.6061226113720579,-0.1704567096898719,0.2307981321795565,2.02903923914526e-05,0.0001502478970086,2.174672349197375e-05,4.220838627749375e-05,1.901606176454215e-05,0.0674771026112725,3.235115640377123e-06,4.899435881199113e-05,0.0040285552433083,0.0206307460767929,0.5466405606402933,0.1922719835930418,LCO,12,72
-8448.771056039735,2.0778115176446064,0.0114232365507131,9394.87188690912,-4.193172372851066,-0.6068276271489452,-0.6178006631848053,0.2317177176712787,1.230006776549727e-05,4.103923470031918e-05,1.6017314744676505e-05,0.0001350832751825,2.1402495185470275e-05,0.0631184921951301,1.278547310782055e-05,4.851444555183437e-05,0.004645312295985,0.096455443591758,0.0855944023929309,0.1301494908305057,LCO,12,76
-407644.1987797666,2.2785890508196927,0.0160139842221573,372656.7912729361,-0.4491606622598638,-4.350839337740148,-0.6046331782949546,0.3231438035245131,2.764363060679433e-05,6.756973859831518e-05,1.0606240435350528e-05,4.533651789695407e-05,1.8141452516227277e-05,0.0867713147008912,4.02228541275346e-06,2.629966923146973e-05,0.024407823399743,0.0352321646987557,0.0911377424790578,0.1989969145272318,LFP,13,84
-30667.276970490704,2.434154643911994,0.0039173096402295,40604.773656000325,-4.389589268705436,-0.4104107312945757,-0.4658979148784496,0.2166783630957893,2.050724591119649e-05,0.0002499724914689,1.9064146088313503e-05,8.157878025181552e-05,2.2819469799131827e-05,0.0881715791522535,4.77031261035431e-06,2.8797086243981136e-06,0.0073236393835393,0.1378224241015891,0.0820226473600556,0.2442570136599056,LCO,12,96
-297139.7349540679,2.1978667528099325,0.0352104455887798,72904.86709356036,-4.722717577956644,-0.0772824220433676,-0.0741784594870452,0.2494487232013403,2.7868170756030075e-05,6.455262908093691e-05,1.1360383064260857e-05,8.330717369296345e-05,1.4729274402609953e-05,0.0991840505980782,3.846712232560308e-06,1.7068090851324022e-05,0.0203140420412665,0.0153913034158167,0.5470422657489764,0.2933879713481616,LFP,12,26
-37018.10229189065,2.511548846510677,0.0103274091953051,24827.575544087977,-4.2313146662806815,-0.5686853337193298,-0.5681234810526474,0.2406254420036553,1.6826909366032994e-05,0.0002434860359902,1.3863343662781552e-05,8.062309398940602e-05,2.2759605760178472e-05,0.0454400562212674,2.170013323234492e-06,4.783484781164184e-05,0.0086225922499614,0.0101071989053166,0.2603996158387278,0.0913697042033081,LCO,12,80
-30989.93625461264,2.484169520404895,0.0124454032578004,12130.455315299932,-4.206702583066672,-0.5932974169333392,-0.1050528414701673,0.2364695364742003,2.016316233776153e-05,0.0001503085099627,2.1602893883578045e-05,4.093756771182378e-05,2.1454917949060068e-05,0.0466656194147927,2.3241103972155443e-06,4.7795452333719714e-05,0.0073367131421032,0.0333656706794055,0.5332853801266084,0.2582961077238188,LCO,12,66
-158705.36859093598,2.4189871694086014,0.0116568724766782,123952.71278305336,-4.413556085116213,-0.3864439148837988,-0.6340734021518277,0.2925058502839653,2.676850686406071e-05,0.0001529019707263,1.08772548490799e-05,7.014884384307855e-05,2.678803325928026e-05,0.0785954328220439,1.7768990909637926e-06,4.0934332648839055e-05,0.0134825363282481,0.0328619259957054,0.0732895113168597,0.1897751605356071,LCO,12,99
-19715.726956079063,2.2841184652945445,0.0107727392833963,18754.134689543454,-4.4015655374151805,-0.3984344625848308,-0.7625282510787394,0.2420992602557024,2.564018122751122e-05,0.0001128425841864,1.0710223408014594e-05,4.514952018815595e-05,1.8130269668834925e-05,0.0977824325545135,4.103642267505218e-06,4.872833946900104e-05,0.0046324210481392,0.0342906768030971,0.0568528680316295,0.076328204086534,LCO,12,100
-541464.8092855072,2.468908705125289,0.0098556498435613,424867.7263148178,-4.326581246572545,-0.4734187534274667,-0.603263809586988,0.2257458100119713,1.2591543798994337e-05,0.0001855679206258,1.4083686709921632e-05,7.897247913880655e-05,1.579040810440488e-05,0.0872013653515252,4.762044651224208e-06,3.6638212020731725e-05,0.0240086597985679,0.1064122049873891,0.0815948205172843,0.1387291649083385,LCO,12,89
-66133.43469413118,2.5410797789906865,0.0100595614552375,43526.08639311677,-0.3878172801564403,-4.412182719843571,-0.4921547239752617,0.2401866176869665,2.7298228047148075e-05,0.0001752827082331,1.539865327475087e-05,5.134779958995316e-05,2.4924678937586728e-05,0.087040814015797,2.1565070852062574e-06,4.786114890605872e-05,0.0083111766946566,0.0104765365450079,0.3375549652723176,0.0898137742074126,LFP,13,80
-517464.0586948664,2.308068663040008,0.0105654508428949,406090.9370435699,-4.34570044836542,-0.4542995516345911,-0.3240314027076648,0.2398022542723591,1.8002284120067996e-05,9.528628065003125e-05,4.169931621310095e-05,4.577519421501394e-05,1.8159245894777725e-05,0.0953361724725976,7.300131460638831e-07,4.993101670592312e-05,0.0242293630921567,0.1391606290061183,0.1859311977636514,0.2808767705225654,LCO,12,90
-47334.21967315952,2.3696002312056748,0.0096879004128785,33935.48576608725,-4.398575679687198,-0.4014243203128131,-0.4172247590746568,0.2264756799828272,2.8006060027682663e-05,0.0001257199062004,1.7523913250612647e-05,4.737578008634204e-05,1.4812972069345458e-05,0.042318911097762,1.6607026399876895e-05,4.905163882398906e-05,0.0099811008374453,0.2028512675433822,0.0777315708224128,0.2321924025595482,LCO,12,98
-74931.51814807633,2.464804317547466,0.0114593947090878,60494.80543745255,-4.425659629508509,-0.3743403704915025,-0.0983326122556284,0.3171822091238848,2.562866899424508e-05,0.0001139297849388,1.565065007955501e-05,4.6514311463494585e-05,2.956924613000527e-05,0.0916856642634323,1.919523133685933e-05,6.177771104449642e-06,0.0098022698410046,0.0494474041150395,0.4988084456621995,0.2834115379671326,LCO,12,100
-49250.56483568573,2.5514225801094583,0.0091986040275883,32194.93544416332,-4.35221575684163,-0.4477842431583809,-0.6129424824128323,0.2218936828308494,2.7353135852814943e-05,0.000172196429276,1.5980807899638213e-05,4.1467237559327e-05,1.4902931742170896e-05,0.081754556958758,2.151727831309561e-06,4.3165584143372e-05,0.0069463699001618,0.1132906286925982,0.0436193494727362,0.1601475394218332,LFP,12,92
-102716.44925719767,2.734083592150259,0.0572151477277916,22110.841155230915,-0.7302120294725754,-4.069787970527436,-0.1753727304957336,0.2772805898045956,2.678869675023872e-05,0.0002291105256742,1.0743801540809998e-05,6.991718707384758e-05,1.809664285750031e-05,0.0743303978092361,2.138941633120851e-06,2.110389290367573e-05,0.0101817785979369,0.0752524121113583,0.091058824968018,0.5883160324248901,LCO,13,34
-46421.09510697088,2.5265159777663992,0.0092706985609046,32137.19954266666,-4.316861711012322,-0.4831382889876892,-0.6974741353043775,0.2301588854832994,2.940508431008398e-05,0.0002115172313033,1.122666086865222e-05,7.613402323206845e-05,1.8196356712966592e-05,0.0401318006676626,1.657983515515939e-05,3.7813862978263325e-05,0.0098891964636428,0.0284956877587197,0.193941096850101,0.0100890800868017,LCO,12,88
-27487.3288124667,2.419243383902875,0.0151989495524782,19903.604022629617,-0.3867510761432839,-4.413248923856727,-0.2177228445681601,0.2441658757137303,2.9037590427054653e-05,0.0001776461138192,1.039124683114454e-05,5.1329841729501024e-05,2.499878928804391e-05,0.0547924152791935,2.1565084051817228e-06,4.056803242288787e-05,0.0083391400438916,0.5238574359706458,0.0992680693581999,0.0891516501029942,LFP,13,64
-359967.0301676071,2.496233713979115,0.0326816584070746,105058.15230560536,-4.495049927018641,-0.3049500729813701,-0.2568562669497324,0.231707436572954,2.400355990203269e-05,0.0002499161512876,2.2302173667442468e-05,8.226747983468619e-05,2.281594407798461e-05,0.0878005462800338,6.759414537120626e-07,4.5871376772406536e-05,0.0198524664336557,0.1388923091003253,0.0540240452546228,0.4802273786953194,LCO,12,37
-87771.3804910812,2.387788611481648,0.0202420161170867,40125.9498979751,-4.335725268881575,-0.4642747311184365,-0.2603220401259974,0.2935664411085723,2.0970328358606734e-05,6.898601801619888e-05,1.0987712632002335e-05,4.07774020663629e-05,2.510471591372356e-05,0.0707255201766957,1.4437682500843627e-05,1.1295107118190472e-05,0.0120801774348154,0.2243560724961156,0.1441239012578346,0.3011979861200523,LFP,12,55
-283945.3129869244,2.585526055486276,0.0214071385549727,94713.44465666523,-4.343640597495174,-0.4563594025048374,-0.1327642321505869,0.2363769791076878,2.9252743353400865e-05,0.0002422902915684,2.631327438704097e-05,5.141746518005564e-05,2.859571579230644e-05,0.0662493540137163,1.6197248873835908e-06,4.868580117054558e-05,0.0192006608795677,0.0398018462133935,0.5590195701547602,0.1984143514812593,LCO,12,52
-38482.087356795,2.281302878973996,0.0128955784892986,37182.74367176978,-4.337172738183355,-0.4628272618166562,-0.77710613773487,0.2493045146045983,2.5927141582991707e-05,5.259283548829796e-05,1.1992491564524989e-05,4.080986668246358e-05,2.8830058032581423e-05,0.0870963490677838,6.9111259485130405e-06,1.8417434818551357e-05,0.007771857628781,0.0394570258525414,0.0669490548292607,0.0464877815833277,LFP,12,90
-45790.30833408573,2.5618721870517995,0.025782137355557,16375.21459945899,-4.332695605955571,-0.4673043940444401,-0.4361810097910908,0.3180266036905512,1.807706942018077e-05,0.000203704545435,1.1217750169417783e-05,4.021282534185757e-05,1.5023436750472371e-05,0.0492114790490708,1.998949756099997e-05,4.050225579256671e-05,0.0083689386047742,0.0211607523119278,0.1701727893257683,0.302485448571213,LFP,12,55
-59926.1740053228,2.0862572407137563,0.010875964657594,41661.22991051662,-4.186974568794824,-0.6130254312051875,-0.3315139379035308,0.2302718869224547,2.5915414581616048e-05,5.301415633177285e-05,1.1752422687364228e-05,6.326766081359087e-05,2.452174113110426e-05,0.0931720272768367,6.926113902450943e-06,4.968508385341626e-05,0.009493700205406,0.1290362270710466,0.1027913297856214,0.3666585052398012,LFP,12,69
-46970.42478601029,2.2316208527933616,0.0187024469921681,20524.299412748234,-4.276334958343064,-0.5236650416569475,-0.1760091284748742,0.2384226974835766,2.748520684430185e-05,7.758711423400874e-05,4.27065536222609e-05,5.122027393682087e-05,1.979036763421496e-05,0.0955902604684978,3.2880722866268048e-06,4.913282974577402e-05,0.0072136813309728,0.1395075498662888,0.2394651860563975,0.3750181356024393,LCO,12,57
-461537.8003128794,2.218950339611712,0.0180906175781554,416910.5353523086,-0.3946646699247225,-4.405335330075289,-0.8065041583682897,0.3610458506849382,2.6967310410661613e-05,9.543083562908792e-05,1.5416492254813926e-05,8.136181085358042e-05,1.810676200906948e-05,0.0888808490718403,4.897010787250495e-06,4.223886915371132e-05,0.0245744303046701,0.021307643522678,0.01082330912981,0.0913648889792222,LCO,13,78
-93446.47970442976,2.4900698128944376,0.01332941872731,60767.44384652477,-4.1928282410786295,-0.6071717589213819,-0.4609016881768976,0.2104745267084273,1.3160933315914146e-05,0.0002377736802754,2.456885462086184e-05,8.840629520503282e-05,2.148334292392014e-05,0.0458893821934332,4.075297593378244e-06,4.400260853759827e-05,0.0150824334028445,0.0389819877094388,0.1679933434968837,0.2621229806167798,LFP,12,65
-603203.0638936227,2.740542300250737,0.0502430425293411,96596.056992404,-0.9429802063737256,-3.8570197936262858,-0.1156784159639895,0.2190710124942234,1.923255440518453e-05,0.0002105834304431,1.1817539107782622e-05,4.515102337977184e-05,2.6582406731800828e-05,0.0874314424106646,8.212437031082136e-06,2.894256329304209e-05,0.0238423002735544,0.0490649974300205,0.5492664661067284,0.2159901204992616,LCO,13,24
-204370.9845107533,2.6863000406367368,0.0376180629579649,49192.81740846166,-4.747167650657573,-0.052832349342438,-0.253527114586933,0.2625656986322054,1.4190326967691342e-05,0.0001503069350356,1.4167076411797173e-05,4.270604492690306e-05,1.2838726920880636e-05,0.093659925236947,7.243899785124264e-06,1.472193907183068e-05,0.0158083127398833,0.3440692297130676,0.2506156200940532,0.0817880356059461,LFP,12,26
-241842.7538975789,2.0881638468451347,0.0086145888624019,365533.12198043073,-4.372193572310124,-0.4278064276898874,-0.4610937267446481,0.2017184846546944,1.4109289615802675e-05,5.864389134812022e-05,2.0454562496621307e-05,0.0001273947434583,1.2523920064491706e-05,0.0763316474162859,6.646976983613867e-07,4.38727525193685e-05,0.024020708411132,0.258234523061128,0.1896274845454643,0.0210442656487596,LCO,12,94
-186570.2142916881,2.1259716362196843,0.0089915022849156,220287.07471825727,-4.388176026975486,-0.411823973024525,-0.6403049319131893,0.2301548920449104,2.7103692593421976e-05,8.187042411672247e-05,1.5053566295130309e-05,0.0001339194022091,1.3443452423529646e-05,0.0497263980495691,1.922803852281232e-05,4.1393918502337686e-05,0.0223079092363507,0.2418270566057513,0.0262817873590111,0.0215862241220481,LFP,12,99
-725568.8059528188,2.2703559640206605,0.0114425159389014,311926.24280721624,-0.3236206829054353,-4.476379317094576,-0.391881260107806,0.2134136556893635,2.882222080703132e-05,0.00010909730512,1.885871775339044e-05,4.905519695903641e-05,2.393403979905145e-05,0.0915983682497911,2.834894581444245e-06,4.5864671802185984e-05,0.0246248592699609,0.0695249404703716,0.0364726201202272,0.4321211793015951,LCO,13,67
-67937.4216670706,2.268949493954934,0.0249734753441097,24512.07056232105,-4.44840478103675,-0.3515952189632614,-0.4525397255415384,0.2758744037114289,2.9314274245856724e-05,6.972442768772172e-05,1.3549050029060923e-05,8.137024057122585e-05,1.698802921711702e-05,0.0668983740114955,3.670560841586618e-06,2.6002730375052443e-05,0.0102744153567512,0.0451746769491279,0.4159870756940482,0.0162985218152855,LCO,12,44
-11031.629880061548,2.336347723465701,0.0091587031014629,7561.513237203128,-0.536461649967336,-4.263538350032675,-0.4627030463401967,0.2136889275914813,1.2100604603512911e-05,0.0001167469028772,1.0468430895764028e-05,6.609280776939651e-05,1.891685294253647e-05,0.0503035575173058,1.8869948483221195e-05,3.598862699120418e-05,0.0041591638848151,0.0373947326925957,0.4178764429111161,0.0120257780560914,LCO,13,93
-542082.016097028,2.626530029359736,0.0097022272075058,308896.4371065883,-4.3284949016936665,-0.4715050983063449,-0.3101113130785257,0.2117429495581163,2.842509293195505e-05,0.0002321911883763,1.9193225190079136e-05,7.437157376346821e-05,1.4585637575151967e-05,0.0811004357617732,7.581590039555728e-06,2.294515482360432e-05,0.0228722592355665,0.0596964563562225,0.4697113424953165,0.0904808880699352,LFP,12,89
-368801.0917338791,2.619058011589768,0.0117654991561493,181851.8800704672,-4.246319745650467,-0.553680254349544,-0.225759914160983,0.2548874912869927,2.996749071007471e-05,0.0002228075356602,2.3466222267653053e-05,4.077982772785713e-05,1.7475126717043072e-05,0.0503131208981689,5.376058288786115e-06,4.795428242803126e-05,0.0239569091430737,0.0321453199813562,0.0762470642427868,0.5958477016148739,LCO,12,81
-525305.4239943626,2.3581323255943403,0.6897092762877929,105116.29331865956,-4.756235908002374,-0.0437640919976374,-0.3741407197507707,0.2945168224601194,1.804186473932352e-05,0.0001275306039732,1.7224526054528805e-05,5.583152561231722e-05,1.9594116795110844e-05,0.08940742261302,5.571763993120346e-07,3.701528354074249e-05,0.0239734074081623,0.1248053064738619,0.0546387530932444,0.3764152206821229,LFP,12,25
-38680.67781282894,2.2717664636090698,0.0137962842463376,26539.99111666701,-4.332583034453968,-0.4674169655460432,-0.4366624816639202,0.3030202818168049,2.656894170722318e-05,5.318841837161264e-05,1.2075996686369273e-05,5.2145600469751175e-05,2.5125840612982066e-05,0.0751303056759563,4.887096439735749e-06,1.827204545349369e-05,0.0074194580213591,0.0159733122826359,0.0765795825415244,0.4007846235119194,LFP,12,88
-54832.68432663538,2.469485245012918,0.0221918867283499,20758.045323798862,-4.332082518924629,-0.4679174810753821,-0.302118871105972,0.2516530785692458,2.7946319649784502e-05,0.0001631028005284,1.9005885160620465e-05,7.512592378303661e-05,1.3192505348310427e-05,0.0916900873193334,4.8400486014449005e-06,4.59161390509959e-05,0.0073348096112412,0.0812969372332071,0.1508255877653566,0.3957586038954642,LCO,12,52
-295199.6310893976,2.172419920156853,0.0116994439161987,374461.3334545671,-4.412959196433192,-0.3870408035668191,-0.3941530405663048,0.2800838809829257,2.9775610784799567e-05,5.7839123208530577e-05,2.040579505063613e-05,4.069966111512586e-05,1.3716783801751918e-05,0.0886544352055519,7.518383626442833e-06,4.974286289229611e-05,0.0239305013122909,0.0776270970561829,0.1911757811524673,0.2670440812250448,LCO,12,100
-8684.487475352049,2.0895222241487152,0.0092474282580525,6094.250023351633,-0.4302634435623531,-4.369736556437658,-0.1478280498621128,0.2131139678746318,1.603672289095001e-05,4.92223666358184e-05,1.5844331991054147e-05,0.0001329970612979,2.5090053432689875e-05,0.0451837462288895,1.2037675507006372e-05,3.8938909429865554e-05,0.0044435600484773,0.0667218470775482,0.2876171618788012,0.4278329411815377,LCO,13,84
-8664.17437485035,2.1811391093726127,0.0178058176998681,4424.775231225534,-0.401591195895449,-4.398408804104562,-0.3514648578945477,0.2754956895740311,2.8424350514671064e-05,0.0001043492551303,2.4965537669589704e-05,0.0001246563473449,1.739760694493552e-05,0.050918449666411,1.8417332508173423e-06,3.6486934109850345e-05,0.0040409158465043,0.0945766661161159,0.0247828839367952,0.4591755920525411,LCO,13,60
-476414.1684026028,2.316557633314841,0.0097567161793864,358109.1291692663,-0.4779619272984092,-4.322038072701602,-0.0665837589173204,0.2133238320188912,1.6658154872014124e-05,0.0002131450359241,1.884620778583188e-05,0.0001240549368566,1.282388144106464e-05,0.080798828549362,1.4837187869912908e-05,4.558124868551155e-05,0.0245590106395967,0.0695293382887811,0.2219760342996681,0.5719108684942302,LFP,13,88
-513550.26153613086,2.550988287172136,0.0267289993229233,116977.56325481964,-0.6850623483020968,-4.114937651697915,-0.0520719539945158,0.2115786615751346,2.882232554937819e-05,0.0001670384960306,1.7504929726053222e-05,4.853083639760502e-05,2.1522364800451608e-05,0.0683659560564643,1.0039645197356758e-06,4.586400628785089e-05,0.0249226739527238,0.0678884648480893,0.4206620977839174,0.3893774833734775,LCO,13,36
-17902.69858834391,2.48785055176245,0.0137195291470841,7982.928819419441,-4.217487877535547,-0.5825121224644647,-0.1689997200975473,0.275538856779117,2.3040755669528023e-05,0.0001905635745802,1.4755415202790664e-05,6.4475308333772e-05,2.492119136588616e-05,0.0662961607880737,1.7003152919129483e-05,4.587463041610643e-05,0.0045555736275114,0.0690157487590251,0.3067478033173015,0.385236727826126,LCO,12,76
-269572.0446771786,2.644146155800832,0.0506779428281943,43436.07660803603,-4.6920803128292405,-0.1079196871707708,-0.2431588691842208,0.2168225226535226,2.907054790979605e-05,0.0001494136336913,2.196878187768262e-05,4.253117260895467e-05,1.249899855117048e-05,0.0753059447865268,8.166597311230995e-06,4.386907169328627e-05,0.0167934850532938,0.2443248216223437,0.1915366318584698,0.2509796773349656,LCO,12,26
-238794.67070488652,2.1457450026817373,0.013058835694146,248848.2302472765,-4.392614169095992,-0.407385830904019,-0.4706181311440112,0.3098637951972823,2.9335716708137943e-05,7.485766411009647e-05,1.1347739530087652e-05,8.123490242650713e-05,1.2456715312663473e-05,0.0763773556891052,6.62009696540889e-07,4.436137064501579e-05,0.0205097351966685,0.357378047564733,0.0859208264772766,0.016082994813979,LCO,12,94
-87791.10506063087,2.3310861414178063,0.0232912449929033,33905.708654501315,-0.4068519223762905,-4.393148077623721,-0.1563529575760578,0.3813662664909528,2.804543610511739e-05,0.0001314579733642,1.2395239693640205e-05,6.652335939148222e-05,1.3477463120534775e-05,0.0549889601159919,1.9449474236169096e-05,4.33359142017865e-05,0.0105816932456659,0.0762934874898041,0.4611086454191047,0.2362449095150334,LFP,13,69
-204711.94070633975,2.2884342144669727,0.0127519340698285,156593.50720902972,-4.361833391294091,-0.4381666087059201,-0.6404574354156871,0.2809188399786636,2.7070533532590676e-05,8.113433737850186e-05,2.2869432715314414e-05,4.0676931966390015e-05,1.3819594957383111e-05,0.0509504150369537,5.438076949506196e-06,4.45967422512608e-05,0.020028960829618,0.0295211529714828,0.0762225737110377,0.1837988379017922,LCO,12,91
-158254.74155384052,2.128539477789572,0.0144883085098923,123696.28537673232,-4.311891762268871,-0.4881082377311401,-0.7562397557125798,0.2808943916505448,2.730042616378144e-05,5.285016195901831e-05,1.1748920929833349e-05,5.756547390591314e-05,1.3814529553601128e-05,0.0412551740810757,4.886825341740613e-06,4.4928792848817646e-05,0.0201938849039921,0.0100660419210655,0.0762151975122463,0.0874790048541083,LFP,12,87
-632686.0419386437,2.649131699151897,0.0278812405740708,199519.15627409317,-0.4969527981965314,-4.30304720180348,-0.0032088873032039,0.3834364802333443,1.216317159807436e-05,0.0001972305876974,1.4890701898670357e-05,4.614644736512092e-05,1.284373530458976e-05,0.0793796963777167,8.475916007046953e-06,2.4411355519947548e-05,0.0230768827693505,0.0478015704402243,0.5377496392434999,0.3412399030130719,LFP,13,59
-312211.56941724813,2.579955740728399,0.021118639463087,104931.15748537924,-0.4823388509472437,-4.317661149052768,-0.4052211621142257,0.2590225462965822,1.606462770347659e-05,0.0001897970085509,1.5418760632190886e-05,5.1879902694264135e-05,1.626286765252768e-05,0.0881594243200712,1.622679873868483e-05,4.388063843086162e-05,0.0155338524236734,0.0165680903588099,0.2463689781332825,0.2618417693936817,LCO,13,53
-58253.77254773396,2.106202823673252,0.0156190302361108,35718.726902827635,-4.287985003642163,-0.5120149963578484,-0.8101307330425406,0.2800245205066917,1.445664546901396e-05,5.215248012278653e-05,1.3933504024694298e-05,6.174069476346373e-05,2.9597054387399245e-05,0.0412218572204793,1.628173466667875e-05,4.51415226209962e-05,0.01079038811208,0.0327898944691759,0.0761007410499108,0.0109786314383727,LFP,12,85
-89807.48133229162,2.1007943434904632,0.013353872733633,43805.33851316676,-4.199155784968959,-0.6008442150310529,-0.5885223091094953,0.2801346444726411,1.3038467960640949e-05,5.219803108583632e-05,1.5076685731235955e-05,5.795623393882047e-05,2.9637620332271734e-05,0.0400768863493906,1.6395182067058354e-05,4.965912380074007e-05,0.01351576812814,0.0326376427291119,0.1207400485300079,0.1880999996313847,LFP,12,73
-98002.11880864578,2.2615317103136805,0.0125699078407663,37788.815025087584,-4.195025042579289,-0.6049749574207226,-0.4044298747428094,0.2130608956471107,1.291553094771798e-05,0.000109206026047,1.1410705745593656e-05,4.903711242063786e-05,2.734433591981403e-05,0.041194852464492,2.732338507024359e-06,4.5844791276056265e-05,0.0133635148790145,0.063839854811519,0.0291408378511619,0.4325894325945095,LCO,12,63
-22751.66147812176,2.325340140546418,0.0722934693217794,6002.6357980036055,-0.7111060301737879,-4.088893969826223,-0.1860592838983018,0.2292160551815268,2.925287853987376e-05,0.0001479192102231,1.1444417660056562e-05,0.0001084448616477,2.510310702092534e-05,0.0480359855530357,7.571234281221992e-06,4.605819806339216e-05,0.0067070878592953,0.0478364753699429,0.3063752408386856,0.3897289998930696,LCO,13,34
-71084.53365812989,2.285527471445149,0.011272818525052,29492.68461064769,-0.3470035088420005,-4.452996491158011,-0.3580772276411599,0.2456477495724927,2.991228421113883e-05,0.0001090660837823,1.5043834648467807e-05,5.739879471551161e-05,2.96377618171288e-05,0.0453395216345067,1.6939654269652855e-05,4.547231417731374e-05,0.0104784692186208,0.0292085074276295,0.4650845513025263,0.0776297136286842,LCO,13,73
-12046.69885944662,2.532185268167333,0.0276828927979125,3257.920211842134,-4.422250862061155,-0.3777491379388564,-0.3318010963370655,0.2816519662178372,2.708448610486896e-05,0.0001783668379022,2.08542458357594e-05,5.544574659204706e-05,1.4942882696814523e-05,0.050015770246398,7.844703482197952e-06,4.39853134727196e-05,0.0042215547010955,0.028007966391154,0.0756735192985033,0.4945174179732771,LCO,12,45
-423181.4281429721,2.491533892958166,0.0141610941401792,198638.3786794316,-4.20812992844855,-0.5918700715514618,-0.2335692266183197,0.2737121935373138,2.911424552954951e-05,0.0002443702306055,2.27841493063057e-05,6.728710455071702e-05,1.3618646514332015e-05,0.0575146127572622,2.9960285904951377e-06,4.8448157361495614e-05,0.0239360164162105,0.0776418275334063,0.1909345570195262,0.4278543888287477,LCO,12,75
-282465.2369452918,2.3180791907491285,0.0168240152500061,301981.1582832885,-4.42024152590303,-0.379758474096981,-0.7505667351326386,0.3849643330258909,1.879553892642843e-05,5.223880612842021e-05,1.636617029168259e-05,4.2152757222506166e-05,1.2835834519430122e-05,0.0972203718386163,1.0147931899566198e-05,1.5147113626729535e-05,0.0188578662380682,0.0266774384149495,0.0680988795393406,0.0846569469130713,LFP,12,100
-311470.55278019584,2.251421978456889,0.0324335665734402,125772.9711152288,-0.5644835694811476,-4.235516430518864,-0.4497741932783505,0.3801873303053816,2.98287061059256e-05,0.0001069239669715,1.5111422983940904e-05,5.207686661481276e-05,1.5572621663149357e-05,0.0846982351031538,7.437502078022449e-06,4.32127226729193e-05,0.0182052543061273,0.0128819887206867,0.4293264500301169,0.0380173679708458,LCO,13,52
-52658.50822127317,2.345856573173726,0.0564827897894628,10618.142013672195,-4.7099237457747165,-0.0900762542252948,-0.0744049054144705,0.2976346720122907,1.5904968005643093e-05,0.0001890420174295,1.472559580758086e-05,0.0001338109514765,2.5142241898173226e-05,0.0441283495339939,1.7000904495846863e-05,4.595470485152512e-05,0.010817580061418,0.0687300916085092,0.4112684322440946,0.3755965707329257,LCO,12,27
-8374.260741559521,2.121721796172777,0.0092615415779221,5917.9378399986535,-4.203056181245749,-0.5969438187542622,-0.3281781005646447,0.2735312237858144,2.1190421029946278e-05,5.026558860165808e-05,1.33471237732021e-05,5.7775803388830215e-05,2.7535133189719405e-05,0.0669208396418464,6.797949848063738e-06,4.388384370890976e-05,0.0041643308657131,0.0141810745820952,0.4867557702704226,0.1008850545828375,LCO,12,71
-11194.603647389516,2.451572900720946,0.0268840931693989,2748.814198920835,-4.4399957642180965,-0.3600042357819148,-0.0920916172766307,0.2760951975995629,2.2582645555946757e-05,0.0002207189112845,1.0423733180362044e-05,0.0001017859707246,2.510530898651361e-05,0.0502811208771002,1.610062445168206e-05,4.620229973996204e-05,0.0040225935363148,0.0227220541210432,0.4216133929386219,0.3935729356637041,LCO,12,45
-400581.4196345639,2.495237736624772,0.0170683318123032,144980.20943820296,-0.4221767460105923,-4.377823253989419,-0.1163242967282544,0.2500316914680572,2.020808005850668e-05,0.0001894725698561,2.7026016019429596e-05,6.147152671415383e-05,2.470683140065051e-05,0.096424938659213,5.007746277240443e-07,4.630912744229331e-05,0.01770939803671,0.0212436194987682,0.5336448510646042,0.2587872327083731,LCO,13,59
-244673.03026443528,2.6455841635748656,0.0193077923802791,113159.78069402806,-4.221409234630222,-0.578590765369789,-0.2765283186552938,0.3385772952654892,2.315362235224529e-05,0.0002236265979869,1.889577005742908e-05,4.10650132559102e-05,1.7255455601451805e-05,0.0814910958592644,1.702577158314864e-05,4.557758524804591e-05,0.0156694560079974,0.0398055805711982,0.3082752018550377,0.3053908989184701,LCO,12,70
-46774.23384028797,2.4274801663218724,0.0245709754743526,23148.81407873512,-4.329164917737984,-0.4708350822620275,-0.5197844962961955,0.2516602423229194,1.339708672043571e-05,0.0001835431152451,1.886560158600285e-05,8.789974216114548e-05,1.318391516428699e-05,0.09167678247825,1.812723951397832e-05,4.5219669251070654e-05,0.007246748779377,0.0810665919044525,0.150308450662603,0.1788404611367489,LCO,12,52
-28476.67483300933,2.5944236903984126,0.0136814009849011,26869.267741297783,-0.3768357415392671,-4.423164258460744,-0.1686445552488805,0.2811985147821845,1.3970235156734814e-05,0.000150131431446,1.4158386524890086e-05,4.741371971585904e-05,2.4958068860991203e-05,0.0533189414343074,1.8528181773674373e-05,1.3216345594918184e-05,0.0087490084595806,0.4364240832124432,0.2502278217974725,0.0747035397412037,LCO,13,76
-75380.70900582934,2.246711896428134,0.0117459297211187,33138.12297192676,-0.3464757219547749,-4.453524278045236,-0.331799860192661,0.2328404960805224,2.883359932262969e-05,0.0001083406678472,1.4922354716805135e-05,5.7434903930542206e-05,2.968755125848593e-05,0.0500568916302442,7.640783443990722e-06,4.616171509966189e-05,0.0105346397074429,0.0279901145398261,0.4657323678557415,0.1044776574117713,LCO,13,74
-738380.6855736835,2.674344760430855,0.048592859264145,128237.79998479024,-4.642198866289121,-0.1578011337108904,-0.1596643743423712,0.2683380272210375,2.8076268495670182e-05,0.0002268476012728,1.9367798152070463e-05,4.042682167227481e-05,1.3681604786649622e-05,0.0971296524200152,1.8706825714404437e-05,3.644903826355653e-05,0.024050002591469,0.2265030368748531,0.0250498773076957,0.5187827114750799,LCO,12,29
-633119.9431854475,2.6332601528611708,0.6497347331131216,113476.04272791506,-4.6864866836633965,-0.1135133163366148,-0.3727036360280307,0.2007314839509041,1.937068809291239e-05,0.0001603351134982,1.0824986494451945e-05,5.295052272844155e-05,1.7950839461262404e-05,0.0965560708372856,5.532563922400958e-07,3.307402833084456e-05,0.023672190541663,0.1352632028245168,0.0201699910380195,0.401863170109433,LCO,12,25
-169700.3191210379,2.1868267907328454,0.0084473915006364,106706.70780540156,-4.391058041994214,-0.4089419580057978,-0.2177729117081007,0.2094090180192518,1.495842117170792e-05,8.07155220803032e-05,1.4433066279934002e-05,8.290232891246515e-05,1.967183143783372e-05,0.0525471828817157,4.580244024310713e-06,4.6156213668127614e-05,0.0166855281753581,0.0220280388966239,0.543503321911061,0.1466957274842142,LCO,12,95
-68025.29862484931,2.593976535642021,0.0110847303201229,48025.0091277616,-4.1766996434500925,-0.6233003565499189,-0.5635442620173474,0.2348172556575747,1.8911081318610783e-05,0.0002495671357641,1.0982594330412486e-05,7.907825955550483e-05,2.185648433444149e-05,0.0997005550688198,6.280521870352538e-07,1.7491297568486062e-05,0.0086584193552977,0.0361319358438673,0.1357860536779049,0.1945377484608804,LCO,12,70
-61421.44223235301,2.1767753557503253,0.0094117067061407,64880.74683909415,-4.395938819843366,-0.4040611801566456,-0.2592086511171615,0.2346253000426993,2.800427830780896e-05,8.30828282135153e-05,3.018732400716877e-05,7.782660201860868e-05,1.3407743620465091e-05,0.0819870421948441,1.2946823762731731e-05,4.4803194649925895e-05,0.0102845313835568,0.1179430655230442,0.0992418407677117,0.4536064425920825,LFP,12,98
-134707.49057741414,2.341070349150657,0.0092413467933812,70197.32579312845,-4.349091048222938,-0.4509089517770732,-0.181631694288856,0.2237347907780002,2.968870996517744e-05,0.0001205157287267,1.0413525126691083e-05,4.665546631930572e-05,2.730562874139122e-05,0.059281594117687,1.8147412617042585e-05,4.959722402440352e-05,0.0136350649271184,0.1143447081308437,0.5894129857071273,0.0446106118731729,LCO,12,90
-28391.976459934143,2.2348643140626123,0.0087737507530247,22320.13531703187,-4.3183805645256825,-0.4816194354743288,-0.6245116887696289,0.2136705150528839,1.6722359250699847e-05,0.0001531941576746,1.0582426873205384e-05,0.0001339391092283,1.9853170765828782e-05,0.0457505898342394,9.423343733995848e-06,4.119273767662024e-05,0.0076556882366889,0.1517661524450383,0.0154065828610857,0.1383155759242469,LFP,12,89
-22713.4343809133,2.136406891975722,0.009287752449431,20505.03255436529,-4.387932913312682,-0.4120670866873297,-0.6575648202790736,0.2303159183824887,2.712231950543472e-05,9.827782941669867e-05,1.5015886484814855e-05,0.0001340441376109,1.3466505545615708e-05,0.0457617485442073,1.2998412106326484e-05,4.529745863085308e-05,0.0070442413865671,0.2416825185921683,0.0177107080447721,0.0130419530839858,LFP,12,99
-174474.77599051874,2.137046997872201,0.008827110743112,195895.472671311,-4.39128003788413,-0.4087199621158817,-0.5436589911545059,0.2302035176969112,2.7948231583498937e-05,8.201733155638887e-05,1.1647785543297831e-05,0.0001406471450896,1.4331065433894694e-05,0.0484758149958417,1.825860592406052e-05,4.159597290122258e-05,0.0216675928899069,0.1564386283590571,0.0235224987718979,0.206379881714539,LFP,12,99
-19562.346205760336,2.105390068400604,0.0144267811510897,17391.446715613518,-4.221109481587305,-0.578890518412706,-0.11347346503556,0.2208835015852853,2.7914935851698095e-05,6.518238249248475e-05,3.237543921493296e-05,4.990287833391718e-05,2.5261411377790496e-05,0.0405479267792177,1.9621621808161277e-05,4.647404693705596e-05,0.008919102582664,0.4379028142336122,0.3526497497291267,0.0259739710017011,LCO,12,78
-81159.1730810324,2.1685598777565973,0.0093252539803494,129829.95657098462,-4.348263698021668,-0.4517363019783431,-0.3189676063878128,0.2260870501539485,1.7861708317549166e-05,4.461648474810393e-05,4.007225523573074e-05,8.495161168157291e-05,2.450806203242322e-05,0.0446751869052326,8.122753810389129e-06,1.6239757975301263e-05,0.0201328839931385,0.4431601457864437,0.0247560108522336,0.1431162369735098,LCO,12,91
-150760.35757128344,2.2406203657870427,0.0116683538084728,86869.28581327129,-4.2282432345633865,-0.5717567654366249,-0.7427972593217749,0.2126820802573321,1.5273167197142657e-05,7.106479741066884e-05,2.326726068681672e-05,4.342269944571278e-05,1.7651798444446682e-05,0.0749323948908942,1.9286594996451022e-05,4.232576027588745e-05,0.0125686431380673,0.0609810502167473,0.1002205173653575,0.0260011730961202,LCO,12,81
-350580.0662338176,2.53455249499086,0.0092919615780936,188798.796092052,-4.392565533881822,-0.4074344661181897,-0.3894269246331155,0.2340983245584388,2.560010190469781e-05,0.0001751369767707,1.0946861976464586e-05,4.038468945646903e-05,2.9495683379629264e-05,0.0415976651986313,1.3415700368119785e-05,4.469702632580976e-05,0.0245102356664473,0.0219962708203939,0.3567990210505138,0.1617777834959766,LCO,12,95
-34179.47649632974,2.103365596420593,0.0084605510631101,42243.786676507145,-4.391290012898381,-0.4087099871016306,-0.6657498198924774,0.2025528139975223,1.6543711273441316e-05,5.973405748581458e-05,2.8736244138390884e-05,0.0001446604831797,2.456645284537496e-05,0.049377511781303,2.012265610493168e-06,4.630905754143318e-05,0.0097921030729669,0.0123140766815394,0.0415291496019816,0.2104069538240016,LCO,12,97
-286583.2184079673,2.2796650894198325,0.0117005039928695,215928.365978818,-4.303337032844567,-0.4966629671554443,-0.6851274759445253,0.2343757977064731,2.2601161721653826e-05,9.238503431452657e-05,1.0516307119794716e-05,4.19076368306974e-05,1.722056285117259e-05,0.0817368669420783,1.7722330570126547e-05,3.855632340417175e-05,0.0187044244831298,0.086281217798942,0.0374802126094639,0.1211110936470687,LCO,12,87
-38213.03479224377,2.255550047753448,0.0167428966312159,22562.72016932871,-0.3446399358037766,-4.455360064196235,-0.7650175267390993,0.2696129084279473,2.467091826572438e-05,8.319484950613287e-05,1.1998716319320016e-05,4.129882039317172e-05,1.978903225421528e-05,0.0698581227698626,2.4778659755283037e-06,4.790124004262748e-05,0.0072345216802915,0.0598856095093725,0.045010090552531,0.060086773198997,LCO,13,66
-11712.172680734087,2.09577710071478,0.0114597024174167,11801.028049480825,-4.169357311027483,-0.6306426889725287,-0.5733390900103337,0.2060416260589384,1.2010083763081552e-05,4.842650209762325e-05,2.8679980710066827e-05,0.0001323847197283,1.5549057284347238e-05,0.0475395770888906,1.9291138788852375e-05,4.246114277430654e-05,0.0061341594868872,0.0509230121884276,0.1336381610993171,0.1720997367019216,LCO,12,72
-14107.117274322934,2.4885227683348368,0.0093841590920963,11291.249023431395,-4.239789514783766,-0.5602104852162455,-0.7322426177992873,0.2129708058129791,1.4536436798227013e-05,0.0002499827687907,1.5375025789313865e-05,7.941640131673599e-05,2.17807702556922e-05,0.0722246745310905,3.213202189336201e-07,4.229938333932386e-05,0.0043992363233078,0.0361036983659101,0.1363287589881723,0.0253249248466302,LCO,12,82
-31102.86491853637,2.294025616307529,0.0111046499155832,31382.87740662163,-4.357479104254537,-0.4425208957454742,-0.8412638472884764,0.2139862252207896,1.7575558247903474e-05,7.860218887048535e-05,1.0475687049616102e-05,4.328850012275285e-05,1.983236733131514e-05,0.045785298337533,4.991120652113009e-06,4.236800686906323e-05,0.0090136951763119,0.0440059617449257,0.0137747341685682,0.0309554567980296,LFP,12,93
-357700.18590761983,2.181103686769908,0.0346580397164897,100061.67731819222,-4.526065487290722,-0.2739345127092889,-0.7663838875719537,0.2068168220204066,2.836944258374157e-05,7.166982540546237e-05,1.9403772618805245e-05,4.246524417808435e-05,1.2830820522607684e-05,0.0955937808960179,9.994174098366026e-07,3.542353180594224e-05,0.0194786107489263,0.0243868964094869,0.0282588204509012,0.1109703955676581,LCO,12,32
-43992.74805491544,2.326074198092676,0.0099403570988808,30195.630307492123,-4.392798949979962,-0.4072010500200491,-0.4568567318602211,0.245954792237878,2.9931754231167344e-05,0.0001207357689504,3.775795750321117e-05,7.085819357508869e-05,2.4020523142679665e-05,0.058750696269678,1.8754634526037897e-05,4.750035841098311e-05,0.0081137780088622,0.0926305845862337,0.3516206860110493,0.0288919975424958,LCO,12,95
-34536.39278904132,2.531112641280376,0.0100856788793355,25596.023280193003,-4.1811498681703085,-0.6188501318297028,-0.6824241822013575,0.2093912991727343,1.4407319920088111e-05,0.0002461935411759,1.2948676042519276e-05,7.95558816300216e-05,2.944649489253742e-05,0.0526481971919967,3.1256351812445814e-07,4.926893458027644e-05,0.0082449227922049,0.032018927227864,0.1833778286864616,0.0321790618843168,LCO,12,75
-15591.570263987644,2.1779147150020384,0.0345120637050083,4811.567591600929,-4.593470118701987,-0.2065298812980245,-0.6438041281368723,0.2052558326161637,2.9718410111044763e-05,8.599127722693407e-05,1.0413053864992744e-05,4.255599341659552e-05,2.173855554832618e-05,0.0817400368922527,1.5989343289259062e-05,3.808384807873597e-05,0.0049970268863676,0.1316491946746307,0.0949735461415313,0.0595731310469658,LCO,12,29
-30414.48818740726,2.2595875894555806,0.0087185137909824,28415.643398865403,-4.346352277842144,-0.4536477221578678,-0.5265658274741212,0.20885248307148,1.2818118998053798e-05,4.579693896810793e-05,1.105608556261862e-05,7.729941678193498e-05,2.2199965607201665e-05,0.0561813808192079,3.285352599403337e-07,1.6090670822443438e-05,0.0081392650516838,0.1831689500988355,0.1836335212986333,0.03663170112841,LCO,12,91
-14715.544420490018,2.067731111747344,0.045723715706811,3933.249970364165,-4.655106426160913,-0.1448935738390986,-0.5588040447381366,0.2057101022122486,2.447557488031819e-05,4.282841631891087e-05,1.1835074854479844e-05,0.0001298582088591,1.5037379848509006e-05,0.0424637126575856,1.6289702732831357e-05,4.245816051413111e-05,0.0064438585058696,0.0358006670830292,0.1338364110192586,0.2015588771595755,LCO,12,26
-32765.99948974409,2.578660476038149,0.0129835665131631,14575.505815928973,-4.200410501810936,-0.5995894981890757,-0.8094147859705028,0.2414248039316457,1.2544399810537378e-05,0.0002171572110095,1.195056982510694e-05,4.0077857728124e-05,1.746018201493657e-05,0.0401490690898818,1.2441431186636695e-05,3.9840157446142e-05,0.0075594480509971,0.0541283606010786,0.03579540967074,0.0306614437576786,LCO,12,63
-27673.852086223225,2.342560610473124,0.0098052501759445,21175.938087933857,-4.185760442456484,-0.6142395575435273,-0.607923912862831,0.2093862428370903,1.7810932814919682e-05,0.000217616041341,1.2983331480316704e-05,0.000143822958021,2.6509542908499224e-05,0.0427576222437736,9.444065181351842e-06,4.099231688312203e-05,0.0084122786912801,0.2063340535781917,0.0794910914664428,0.0362509420925345,LFP,12,75
-46468.75485669576,2.472442684808301,0.008637776051866,38244.75139092124,-4.383205283494561,-0.4167947165054499,-0.8642374942369218,0.2025471900997712,1.6458956167798364e-05,0.0001762754010099,1.093247917070099e-05,7.681821185584735e-05,1.6653924212995612e-05,0.0417629179121273,2.4459820382082293e-06,4.851106149231115e-05,0.0097065966632269,0.041381665720102,0.0136895337076022,0.0106913063353739,LCO,12,96
-46373.6439083342,2.2224043733850407,0.0131087201179717,30043.67317134703,-4.193252190688511,-0.6067478093115,-0.436336834075483,0.2381242085936434,1.7341458123212528e-05,8.112202398156793e-05,1.0233197674829168e-05,4.321150839002912e-05,1.37429895954148e-05,0.0611839278944127,5.017921241408229e-06,4.792370020698801e-05,0.009038386058952,0.1698328276720195,0.1159750772118814,0.207855261040616,LFP,12,74
-51743.89380685637,2.307005941091387,0.0101127974886507,38684.62800685784,-4.397266619179327,-0.4027333808206847,-0.67379292786265,0.230303754593422,2.892624209660541e-05,0.0001101329215503,1.5029691360688875e-05,5.005975423531866e-05,1.3808442327407458e-05,0.0564817506542787,1.8728809988336604e-05,4.910755905773353e-05,0.0088096421772017,0.167903280611579,0.0161206793655475,0.0721831121602234,LCO,12,100
-765664.3978088766,2.5578833033469848,0.0316338189358905,250790.2934924921,-0.5576735551569456,-4.242326444843066,-0.0683500805696726,0.3370031346335288,1.2434125583580468e-05,0.0001996552470622,1.4898135693374338e-05,5.2101626176754696e-05,1.42857757896354e-05,0.0934049632465142,2.3208771517951162e-07,4.383026287696536e-05,0.0249437235914788,0.0673216761851325,0.5335216292293044,0.2608066140158905,LCO,13,52
-35622.94019536291,2.1460973252650257,0.0086665817659184,37924.85875586405,-4.390331277302558,-0.4096687226974538,-0.4944840691477641,0.2029074511068209,1.7532511267137043e-05,7.503836772510134e-05,3.813158996434726e-05,0.0001230911663542,2.2859495463865928e-05,0.0643758261849102,1.9000557501057608e-05,3.7900136454400825e-05,0.0084136864569097,0.0395265024020244,0.3596620329006443,0.036327395549567,LCO,12,96
-50485.04484174109,2.464531950943855,0.0090714247483412,46992.956260909225,-4.295764698747625,-0.5042353012523861,-0.5832008659365029,0.2390797286221531,1.3960082297268825e-05,0.0001655213210364,2.1386960956004367e-05,5.594001725887532e-05,2.4970730918621644e-05,0.0800403930691994,7.658133431036765e-06,4.487336417310919e-06,0.0086657015099557,0.0969726597536223,0.1760581895179259,0.0737682847919489,LCO,12,86
-58815.21091273976,2.2562176502098885,0.012333911378336,41469.31260621947,-4.176959514282203,-0.6230404857178087,-0.5326507025464255,0.2343723731942892,2.423581601757797e-05,9.000494917879164e-05,1.098451550358689e-05,4.161674317688571e-05,1.720815346607684e-05,0.0998670353203959,1.785935813193278e-05,4.8500810439065006e-05,0.0085485604757715,0.0360127579932133,0.1359038277648642,0.2254327116954969,LCO,12,70
-4301.634289098549,2.073007460999481,0.0052619380621124,3830.650121977336,-4.211585944096733,-0.5884140559032787,-0.2407287552430552,0.2266150127434172,1.455284972200814e-05,4.02861392277822e-05,1.881788132126466e-05,4.4805554856359584e-05,1.6993388786240843e-05,0.0411447708795494,1.5012446351696162e-06,4.252424076060217e-05,0.004073950111433,0.5904576229135104,0.0515833965429756,0.0472302253004587,LFP,12,77
-115161.58222705354,2.5590231937647707,0.0087914223218536,79723.52130251769,-4.383434074622201,-0.4165659253778102,-0.8053363700774017,0.2016395076948155,1.5269245932474563e-05,0.0001769961310687,2.88372459163372e-05,5.108814516140834e-05,1.811321210089994e-05,0.0897830673527571,1.8580574434604496e-06,3.96411445892977e-05,0.0096500994041428,0.0611842526143648,0.0470191134419856,0.0164602638662479,LCO,12,96
-41917.04629227917,2.759063728336449,0.026449455967072,29216.605327506742,-4.416665084370379,-0.3833349156296322,-0.5938949864300328,0.5672966995031763,1.5119218340415908e-05,0.0002362396224127,1.1970461618447742e-05,4.280231820573404e-05,1.8937881795492827e-05,0.0727206798438967,1.739988460553536e-05,4.054531714551857e-05,0.0069046085950375,0.0861325091150189,0.0588329054332651,0.1911395990216831,LCO,12,90
-32896.8948866998,2.0916581307800413,0.0162319575945213,52491.422543925706,-4.431342230814153,-0.3686577691858588,-0.7895559999761183,0.3964228619653833,1.937798111712819e-05,6.76502536407338e-05,5.020524136754269e-05,0.0001424342266368,1.7522000655611707e-05,0.0762517767653664,9.424756708422424e-06,4.514738407078629e-05,0.0084462098724076,0.0468756928999404,0.0584288331883595,0.0351394739355818,LCO,12,99
-73135.71342000666,2.5560089465751568,0.0120586423697969,38775.58611084786,-4.184132208542813,-0.6158677914571982,-0.7311097451664957,0.2391769199480833,1.7349082383936586e-05,0.0001778601410985,1.3781187546338103e-05,4.319661130085629e-05,1.8147839361256936e-05,0.0566066577763534,6.452846562766887e-06,3.569478208322068e-05,0.0099356852510336,0.1705176617937223,0.0141326436249679,0.014239949414814,LFP,12,73
-269896.5387517368,2.2530148971332795,0.0148947563320898,200391.64432202672,-4.344909238884725,-0.4550907611152865,-0.375312489395031,0.2347287745315581,1.5268539041071755e-05,7.554271860984153e-05,1.0597291340710604e-05,4.405523837154784e-05,1.8983211152449107e-05,0.0836342980781617,1.9062648941401936e-05,4.100674177016831e-05,0.0183590719608497,0.0883331243401852,0.2277517823498281,0.2386026039149556,LCO,12,90
-51662.15594265968,2.59413629882643,0.0098051970201384,29055.887024673208,-4.187714060428625,-0.612285939571386,-0.2844777044889975,0.2106657092456914,1.2676251968580264e-05,0.0002170156707061,1.741988509223505e-05,4.086097779194715e-05,1.745874402151491e-05,0.0469664463128202,1.982423754336005e-05,4.253869959309341e-05,0.0101117620603907,0.0153403368298805,0.5348246724389861,0.0953572862421358,LCO,12,73
-337321.11604442383,2.2499416771137577,0.0095938872827881,282199.273637823,-0.547162316827098,-4.252837683172913,-0.4604857174844138,0.2275090008391169,1.4887238104250727e-05,0.0001019982591753,1.2542498109713228e-05,5.640580531921588e-05,1.5812027109368966e-05,0.0902706400624789,1.709615880948761e-05,4.96451490749389e-05,0.0189419991571159,0.0665829680760262,0.3352335012084647,0.0676978132310952,LFP,13,95
-18721.12259984542,2.372559608937716,0.0108610373943685,9499.469186428634,-4.1977473246545856,-0.6022526753454258,-0.0466634989309603,0.2124443079461269,2.7766337076293528e-05,0.0001371345906849,1.2955485123167936e-05,6.514260422112517e-05,2.9643264902291133e-05,0.0549788842044731,1.787615933601798e-05,4.844190075419309e-05,0.0060529388129215,0.0763378410853309,0.5683806804803679,0.2386179795033408,LFP,12,69
-559023.7399661753,2.209500070175217,0.0490150895889336,116060.05348715244,-4.622899883803015,-0.1771001161969962,-0.0897072226300607,0.2183586661690265,2.1788031613167076e-05,9.584528799022044e-05,1.964285164836779e-05,4.203460775575456e-05,2.9763307509981088e-05,0.0965921546542505,8.130053129012181e-06,3.865260211975355e-05,0.0242671347250261,0.145515434877586,0.4003769513264542,0.2944003911658991,LFP,12,30
-11877.072474555262,2.41557168049676,0.0109643448887737,7043.55083054227,-4.223674907587338,-0.5763250924126737,-0.4034587092659765,0.2335428713779165,1.8691038279105984e-05,0.0001218981763777,1.2318462721060212e-05,4.190351801759434e-05,1.6762180983976442e-05,0.046614453914899,1.9065955190989284e-05,4.997711841136335e-05,0.0048394909432781,0.0540909002870158,0.2584372963158031,0.2140130941312046,LFP,12,79
-194814.79731232088,2.488118487576419,0.0108999492973759,96379.96559930376,-4.187033417979976,-0.6129665820200358,-0.3419797998627307,0.210654110467812,2.385607464548812e-05,0.0002402526114745,1.7419968922980586e-05,8.55803418958799e-05,1.7457246314095655e-05,0.0473255271442359,1.9824662225308527e-05,4.254295171172126e-05,0.0182490214415055,0.0169193014015759,0.535526301410993,0.0355745973247003,LCO,12,73
-167787.5526786417,2.599446210202723,0.019928832907364,69686.04763047969,-0.4692005151574676,-4.330799484842544,-0.4487913146106658,0.2104826654102907,1.3333015890109167e-05,0.0002343250753602,1.0546624489255116e-05,4.078989241203679e-05,2.8480676544050784e-05,0.0739106088944623,1.4967532365872308e-05,4.824982801258861e-05,0.0137623894297134,0.1280137331437099,0.0414505348122479,0.3117444174333764,LFP,13,53
-239803.87651200843,2.2764369095544152,0.011171574690042,220661.02355503972,-4.1742216573364175,-0.6257783426635939,-0.5590191430245575,0.2034847318154657,1.6820979857753375e-05,0.0001004517004389,1.0962730331791387e-05,0.0001151778992397,2.333337983190874e-05,0.0987895834994008,1.989850331604881e-05,2.445873021418924e-05,0.0184571181182326,0.0435682181757983,0.1091409407144207,0.2182716980852235,LCO,12,74
-563246.8069770269,2.606508453649066,0.0126164903157147,236931.9568769768,-0.3342014408584077,-4.465798559141604,-0.4400451550159369,0.219041635338537,1.8902784327623905e-05,0.0001960909947666,1.2836774309108038e-05,5.303125877784711e-05,1.872589603988015e-05,0.0769355369743303,1.2223987910839344e-05,3.39219248567382e-05,0.0220915374449754,0.1067831781806195,0.2502933720945205,0.132878294708923,LCO,13,67
-38788.23628215443,2.265812959785938,0.0092388131767584,25540.740956849146,-4.336041642243956,-0.4639583577560557,-0.4445107857306125,0.2046348280313274,2.5059471998704903e-05,8.39842325182501e-05,1.04060698863338e-05,4.61296843366735e-05,2.739948255051416e-05,0.0527965695272987,1.4435938131597484e-05,3.123009566267443e-05,0.0083895821254912,0.1161263754283583,0.1556403462188607,0.2137224926221685,LCO,12,90
-533118.7540757818,2.4020145607431647,0.0405040653473286,136640.57002991243,-4.565760973219774,-0.2342390267802372,-0.1248391712573518,0.2092636160893789,1.4604270204103917e-05,9.479320052289954e-05,2.313798219876541e-05,5.695829105755371e-05,2.8549622286619787e-05,0.0966012543786867,8.058879763390711e-06,1.6523350714975464e-05,0.0243421013741514,0.1041614284490641,0.4045486841262842,0.2964507161672998,LFP,12,33
-486144.88458745496,2.454948579655644,0.0114315373248012,213893.7702791497,-0.3371905021889745,-4.462809497811037,-0.0391380715905299,0.2071839809252594,1.2301425628329392e-05,0.0001847808775526,1.2533867732807773e-05,6.36157379631002e-05,2.844986605733808e-05,0.0624147420933167,1.965383127987981e-05,4.4594157997193325e-05,0.0249607829580767,0.0648749616482885,0.4991807904472422,0.3268061763139393,LCO,13,69
-53954.453902074994,2.3803975274791664,0.0090104970164859,40280.42131931588,-0.5393954060023631,-4.260604593997648,-0.4432996870074483,0.2072382389202467,1.3334217621834654e-05,0.0001236508739292,1.605219546308368e-05,4.706165465375186e-05,1.2298954260105876e-05,0.0722072055972051,1.49474278395895e-05,4.922549194671046e-05,0.0079141530198699,0.1243102195285314,0.0416699374170218,0.3207201560469984,LFP,13,95
-239280.35561220712,2.1907143134800635,0.0091938236434558,203197.24709653965,-4.285622573635763,-0.5143774263642484,-0.4146423466494937,0.2017269690067065,2.60221860365369e-05,0.0001327149812195,1.7851559949159294e-05,0.000135053275002,2.3205777609666483e-05,0.0503112305445723,1.8220041549940072e-05,4.86068253786985e-05,0.0236706389034108,0.082089541108235,0.1266828923525318,0.3065852198897394,LFP,12,86
-385344.4207409039,2.567350351486233,0.0194037221260365,210990.34733058477,-0.3678153698770643,-4.432184630122947,-0.3020238036323376,0.3270442053865328,1.2289202831635833e-05,0.0002364551776663,1.2576380604840096e-05,6.647739926597871e-05,1.4112301842165272e-05,0.0511798049778173,1.9689590323169237e-05,4.485687728304202e-05,0.0249772619110137,0.103182718019725,0.2036445237850823,0.321148954562855,LCO,13,71
-186122.8536321199,2.3545116006712035,0.0103284425953621,116648.95126253356,-0.5617760911066085,-4.238223908893403,-0.2285327260156796,0.2484885234206053,1.2272542156062944e-05,0.0001233920659818,1.1075777097454216e-05,4.3045603428905055e-05,1.490640711411656e-05,0.0420942086747915,1.2782516376113453e-05,4.873898134720111e-05,0.0183745269097176,0.1013678584233627,0.2787797279136193,0.3213196876473382,LCO,13,95
-43093.80327072431,2.508702576843844,0.0402168046411512,14168.11683823322,-4.514758986920427,-0.2852410130795846,-0.8121646854253726,0.2171855322205864,1.349367528869458e-05,0.0002018817225555,1.0160850159677645e-05,9.45664209022141e-05,2.636228770118868e-05,0.0817229655909219,1.3445731480611933e-05,4.327185582522676e-05,0.007268616422681,0.0113752033261744,0.0133307591510769,0.0931293520973759,LCO,12,33
-31332.641165207093,2.425100991123197,0.0101682751556816,12680.21609214402,-4.192377810650626,-0.6076221893493852,-0.2049587991320137,0.2364763626457289,2.0229473526228173e-05,0.0002498591088522,1.4500772971492872e-05,9.63984123965179e-05,2.078166208573328e-05,0.0410056526151269,2.8895510801870234e-06,4.938790525480389e-05,0.0073203755906619,0.0360235139716622,0.4289222091496649,0.2600954777466591,LCO,12,72
-40511.34259436183,2.651237398766672,0.0356129155851423,13580.116169990672,-0.687153317770175,-4.112846682229836,-0.7683497824723625,0.2077700284159686,1.3259632809957683e-05,0.0002035193691982,1.1051339106047184e-05,6.194003681430259e-05,2.646886528276553e-05,0.0819177383322543,1.1156401369225283e-05,4.931603349179983e-05,0.0068919172274549,0.0586175412216738,0.0131130642042857,0.0899196121016779,LCO,13,33
-138095.74576281875,2.1962896299656416,0.0089944647513853,109446.2331926833,-4.2907023951057255,-0.5092976048942859,-0.3202306426860443,0.2053376207031624,2.8025848197016472e-05,0.000125884184946,1.4233901219552734e-05,0.0001358425693334,1.710715426064503e-05,0.0900962849688987,1.820382258845559e-05,4.8323781657829606e-05,0.0131478974319845,0.1243996321224475,0.1777194311701793,0.3076502940213288,LCO,12,86
-183685.46474373929,2.1227139824441843,0.0098466697621431,188317.54431279303,-0.5473622925708597,-4.252637707429152,-0.2626588329128293,0.2187821314778691,1.4151142719655667e-05,4.499426569133055e-05,1.4682964334242846e-05,4.214989544633052e-05,2.3939285089740307e-05,0.044560740250157,5.742130988579997e-07,4.664479779315442e-05,0.0240206787295066,0.0695448780861506,0.26047248878495,0.33732380021607,LCO,13,94
-213138.0705056098,2.3853532084979334,0.00930391174294,118744.51874617496,-4.404432335522031,-0.39556766447798,-0.3381220827209147,0.2242419888129141,2.97991531393514e-05,0.0001214567884083,1.1440919803653052e-05,4.136134793750592e-05,1.6662409904826347e-05,0.0534653840157805,1.9070595985331103e-05,4.995254162868266e-05,0.0171148721426935,0.0655879470022998,0.284206631812054,0.2420833384647315,LCO,12,99
-347238.7176236034,2.3390816960637104,0.0106188849105811,166801.760133785,-4.171498907033531,-0.6285010929664807,-0.4574331779376678,0.20540614050802,1.2126075482474714e-05,0.0001335414218678,1.777022187100296e-05,5.9487821417848936e-05,1.7892411341847724e-05,0.0470277480708565,1.9576872059812417e-05,4.000825183675721e-05,0.0242847120729174,0.0326424594051074,0.2216628654789804,0.2182614971782443,LCO,12,69
-33330.67938000321,2.2988980275996167,0.0327502590618056,13213.252714587476,-0.7325698591639167,-4.067430140836095,-0.6191472545336172,0.2077792395555086,1.7390000746093326e-05,0.0001256874603626,1.5542448499235873e-05,0.0001303844581622,2.9082049875707e-05,0.0939423335211914,1.0771120257554004e-05,4.789413464056505e-05,0.0067981651268239,0.0274267025211995,0.2504425619850579,0.0329834809601253,LCO,13,31
-202749.307180258,2.3632644529504017,0.0123011683619825,98151.74992689656,-4.191482752515483,-0.608517247484528,-0.2290594720597033,0.2246268779436107,1.3073763962202749e-05,0.0001298910578955,1.254696794392773e-05,5.64820291665009e-05,1.5390945959596716e-05,0.0465164311559511,1.615567037678882e-05,4.950665011206862e-05,0.0192226551852588,0.0537210625424676,0.3679514191871011,0.279268046210728,LFP,12,72
-147766.29796596617,2.482355904171349,0.010624840176172,74782.17780585733,-4.395565199460179,-0.4044348005398319,-0.2912285949697336,0.2582378487074896,2.992546502262522e-05,0.0001377977153658,1.1062495511265015e-05,4.304547231693723e-05,1.7081331173656665e-05,0.0420517815868994,1.2777313090424964e-05,4.957841599195888e-05,0.0156127632155721,0.119914868751285,0.1586581361854523,0.360198400093529,LCO,12,95
-379096.8883263749,2.6258756936866714,0.0107022085553193,187368.68852852203,-4.175675782249748,-0.6243242177502637,-0.5022880948399893,0.2030220563512745,2.72863330853619e-05,0.0001429770427775,1.0917856925431897e-05,4.297159293084062e-05,2.96612662419414e-05,0.0548068794889776,1.7043401223186225e-05,2.353808341982251e-05,0.0238227460642638,0.0907811421999408,0.098292442686538,0.2386383202735318,LCO,12,74
-4669.529067952996,2.075067869786447,0.0110967216068762,2919.0260943501,-4.293721641346181,-0.5062783586538302,-0.0949598711177813,0.2269004835982983,1.3372911027796493e-05,4.0500933435100544e-05,1.874236083022678e-05,4.6681835336367456e-05,1.8668642546287524e-05,0.044138616310851,5.802275582519332e-06,4.252935736023998e-05,0.0040762525560479,0.4290192998058665,0.0588671260122565,0.3471537030640956,LCO,12,56
-64831.444146392016,2.360364111715484,0.011871087001495,39079.04673918177,-0.5746203510468249,-4.2253796489531865,-0.0391469984662402,0.2822997260450764,2.191755367312643e-05,0.000137381081208,1.263273754701381e-05,6.471061795633002e-05,1.687828682475686e-05,0.0418816925170927,1.7673321679825774e-05,4.970326744143047e-05,0.0112446920786462,0.0639366574643363,0.5004067924467883,0.326509551622635,LCO,13,95
-754346.2029245065,2.4143438663169023,0.0319464680511448,135426.55704445922,-4.588307390559351,-0.2116926094406608,-0.1607573491537755,0.2309898158498569,2.332228120240898e-05,0.0001341626336896,1.1410525306707066e-05,4.130044051267928e-05,1.663017709664065e-05,0.0970562218055991,8.051412939571478e-06,3.4551064750552523e-05,0.0243782130335552,0.0654723407342302,0.4073062392573034,0.2964640708546908,LFP,12,32
-140087.24786520423,2.4340355762851917,0.0157191822344008,53453.75667273382,-4.224125736778483,-0.5758742632215288,-0.0812343298174501,0.3194206845069942,2.571376459844168e-05,0.0001456559483114,1.2697669710341998e-05,6.361067068818828e-05,1.3349419320288548e-05,0.0834663298422371,1.7607309472493282e-05,4.782134905323658e-05,0.0112034091813333,0.0665627843937255,0.5010306109120954,0.2811722748767288,LCO,12,70
-235878.32350746455,2.446173788768603,0.0119974895844921,117869.04102718736,-4.174071741663695,-0.6259282583363159,-0.6489911245830796,0.2128460937584162,1.843900018113836e-05,0.0001251573262373,1.7478516641720176e-05,4.039562120444645e-05,1.7613434675364888e-05,0.0910446840844661,1.9842401609105463e-05,4.909395100539893e-05,0.0145663118557213,0.1749560696982408,0.0122660655222674,0.093786740196412,LCO,12,67
-18254.180502426792,2.0656731886288826,0.045723715706811,7747.266021436567,-4.650788735718017,-0.1492112642819947,-0.6164981028468687,0.2059001427029995,2.446404041397779e-05,4.239175768584048e-05,1.0399434910100332e-05,0.0001309079829591,1.500808997342532e-05,0.0817639321424804,1.5970880607023792e-05,4.449964943479407e-05,0.006452776284323,0.033758802944628,0.0769538076613358,0.2027892865471675,LCO,12,26
-21972.760624301936,2.2573808736932643,0.0140086117251646,18619.70949293769,-0.5682618923375884,-4.231738107662423,-0.2698309881266977,0.2141172860158002,2.733532247505039e-05,7.947553607066467e-05,1.2504767498701433e-05,4.215230028079644e-05,2.843847855877302e-05,0.057733494139855,1.9156520949678663e-05,4.978838559995024e-05,0.0065962337632379,0.0720818748426431,0.3478651532125452,0.240221983818114,LCO,13,98
-99215.4274576524,2.4069292334457444,0.0118278139572551,57939.0503109494,-4.174764762468428,-0.6252352375315837,-0.4698533286395296,0.2019334076670424,2.8045698546683893e-05,0.000143065215124,1.0881173417569902e-05,7.293938442790296e-05,1.2395827578400148e-05,0.0545207185113725,1.7031464263838226e-05,4.851890901050189e-05,0.012982872747791,0.0896511598276732,0.0620539353260369,0.3084415762067601,LCO,12,74
-56826.55463867837,2.2354221822277487,0.0539807510445747,12514.679456109863,-4.547570002264727,-0.2524299977352839,-0.3337789083562293,0.2170423687489813,1.554492417839552e-05,9.979633281081746e-05,1.3656703797642188e-05,4.158022485662256e-05,1.5654720604862666e-05,0.0905353297638813,1.7142799010821824e-05,4.323704505768142e-05,0.0072521185902003,0.0104140150022452,0.4805927000437105,0.1052143765978148,LCO,12,33
-232719.59010430035,2.486178080705387,0.0131871841215438,111754.13445651103,-4.229988634291665,-0.5700113657083463,-0.4027580271479983,0.2699018447278684,1.8677664028051543e-05,0.0001451639463036,1.0994314182923472e-05,4.3584841454216975e-05,1.6759378437586627e-05,0.0401230014817601,1.9187177819660856e-05,4.939979966973952e-05,0.0205662313503081,0.052845813281378,0.11356117812605,0.3608349814445736,LCO,12,79
-319487.4361877119,2.592296204407808,0.0088076188691124,229835.28995005717,-0.5218667677712929,-4.278133232228718,-0.4563712480437157,0.2065863329595952,1.890496374952221e-05,0.0001970239291691,1.292262595796305e-05,5.30484427674867e-05,1.320499324400707e-05,0.0772471298417853,1.1975143988738206e-05,2.7621184947194985e-05,0.0183652321248344,0.1069785625970196,0.2373457614720216,0.1293044278872429,LCO,13,92
-83853.72942049676,2.3767860422496043,0.0278754409940759,33739.20671828024,-4.274682902284283,-0.5253170977157282,-0.3004111316614174,0.453189256393869,1.721411419699771e-05,0.0001315349393083,1.2393017718988362e-05,5.6446286916996775e-05,1.629526527564725e-05,0.0587798164970764,1.6111691196228375e-05,4.7815785937164574e-05,0.0102605495613482,0.0433473518183556,0.366700370045592,0.2195411464746349,LFP,12,68
-338213.1872753816,2.301998265744001,0.0111151424787921,175158.7175137624,-4.187599101187729,-0.6124008988122824,-0.3726627784528973,0.2013024536606815,1.5308584520818002e-05,0.0001273565017922,2.080451634218207e-05,7.423552370673466e-05,1.3725094216987104e-05,0.0444769345861638,1.964333938626948e-05,4.975708235436295e-05,0.0247006319367637,0.0388787177213386,0.1327720196875822,0.3856864841381819,LCO,12,76
-5155.048351337997,2.076296608045958,0.0118903554007927,3230.043929225897,-4.193452768587122,-0.6065472314128897,-0.1659880188303205,0.2338817007964871,2.700809301763328e-05,4.009614647216279e-05,2.274134687246656e-05,5.136098104429915e-05,2.9303971851596564e-05,0.0424157826413721,1.715543044869384e-05,4.9415296093861385e-05,0.0040990216202623,0.3695227641241773,0.0136234920569682,0.3808657249885339,LFP,12,70
-4672.601033497847,2.040069408473214,0.0067134876234,3823.920920900214,-4.199370302500384,-0.6006296974996275,-0.1666860618364302,0.2403635057598609,1.2149380769934224e-05,4.0112774293423504e-05,1.2216508885077792e-05,6.758200789413911e-05,1.369899176626144e-05,0.0411249480343561,1.6061945169333923e-05,4.94945566694851e-05,0.0041370135686437,0.4897445473159203,0.0202639779753858,0.2533054128722637,LFP,12,73
-4856.618912046839,2.039905084164813,0.0088079481383126,6026.604129119675,-0.5117631678049577,-4.288236832195054,-0.2218436077509541,0.2221419210050093,2.590744978432792e-05,4.124158494775596e-05,1.2671301184906386e-05,0.0001072254245869,2.269930471368637e-05,0.0410979759384602,1.189625442764616e-05,4.913430968848132e-05,0.0044998075382149,0.4154001378064678,0.0128877985444876,0.2798684558980904,LCO,13,91
-4869.5141633259245,2.052413212981077,0.0173059517481462,2850.1850805456866,-4.3000766839287365,-0.4999233160712748,-0.0238115516995652,0.2308007656422549,1.3100671145152117e-05,4.050448124811815e-05,1.8597764859420365e-05,0.0001154936060405,1.5442499823897005e-05,0.0415715424464368,6.875195088731762e-06,4.221116455494686e-05,0.0040745835591888,0.4608163092680129,0.1000029225740345,0.3453692164583873,LCO,12,56
-101043.7139330927,2.3165189303506235,0.0246864286414539,63920.206623447935,-0.4883209507047894,-4.311679049295222,-0.6752369761749237,0.2516359754757288,1.3695826585020643e-05,0.0001178083768134,1.9411233429192016e-05,4.803468213278696e-05,1.321093100908455e-05,0.0916769277084887,1.3848146376337177e-05,4.5802751895497856e-05,0.011466293436424,0.0879537646092856,0.1503115419469088,0.0164977172688817,LCO,13,52
-4234.907380058316,2.05583938982394,0.0051076866111789,4483.405268956818,-4.384532052612556,-0.4154679473874552,-0.0944936522644696,0.2395081786962273,1.3390006278983142e-05,4.018872365114051e-05,1.2826724036660685e-05,4.963328282242612e-05,2.0162834625734523e-05,0.0411270253306712,1.5803170005453235e-05,3.2862889034671305e-05,0.0040721833536392,0.5293126701802529,0.0646377726476045,0.2415559049076729,LFP,12,96
-37097.70028348465,2.2340466863085746,0.0135159501488082,22080.878484905177,-0.3264794043144405,-4.473520595685571,-0.571037679017502,0.2298109113345361,2.6506951278535653e-05,8.344164946045857e-05,1.1636327331546828e-05,4.859771177556756e-05,1.97529714026054e-05,0.0693392753357742,2.216552194134176e-06,4.974289656349763e-05,0.0071795423814324,0.1303947798175335,0.1259464833891217,0.1026210577758426,LCO,13,70
-571871.2926278322,2.6241157095122456,0.0848529386978877,113577.3587910769,-4.777943994527838,-0.022056005472173,-0.2123151415295178,0.338053798568005,1.9500695502491428e-05,0.0002039585193535,2.463411481479288e-05,5.178930820785179e-05,1.8018349117718342e-05,0.0920760260896268,1.6570207081303845e-05,4.5676258736276607e-05,0.0249845959670724,0.034702246484624,0.1234767253951915,0.5595058865906667,LFP,12,25
-4691.13911873176,2.081996112658645,0.049207600310757,1085.4861413116134,-4.778609192061111,-0.0213908079389,-0.1045232571553288,0.231818893086582,2.7982508416593823e-05,4.001826065164858e-05,2.286364131869789e-05,6.1003211012770345e-05,2.944981561185436e-05,0.0425050435081181,1.7160171066156796e-05,4.93500228255851e-05,0.0040745524908258,0.3717496553833554,0.0118304055984573,0.4418966818628583,LFP,12,24
-521022.1719512306,2.7353082041782213,0.044557947432585,91266.31267457272,-4.700703189534856,-0.0992968104651552,-0.4137788221358484,0.2778983030911293,1.9524956847327782e-05,0.0002401801977763,1.54091055467739e-05,5.23486874961188e-05,1.7494666879254207e-05,0.0683682747201714,1.0936867729177143e-06,3.714608164345333e-05,0.024263301462086,0.0834500452485891,0.0680958137973704,0.364675318818192,LCO,12,26
-544132.4343112677,2.7517567379994725,0.0656844650277823,96287.8155606568,-4.734309642138101,-0.0656903578619108,-0.211185066103693,0.2582185528706554,1.9556468319551345e-05,0.0002437668714378,2.5083299786030456e-05,5.234458107175614e-05,1.802424168381892e-05,0.077114606855754,1.6723830531925357e-05,3.3106510768789146e-05,0.0249957292673016,0.1181940422609412,0.0239585961502517,0.576662295485114,LFP,12,25
-5102.174287067849,2.0589664425572503,0.0125325397183596,3151.1334488749576,-4.232316688376642,-0.5676833116233695,-0.0014021663585114,0.2463340155635533,2.9114886301933537e-05,4.224078115143089e-05,1.2060331884661056e-05,4.904145529214952e-05,2.589220423246886e-05,0.0404354424549505,1.426307444005476e-05,4.912159155621716e-05,0.0040739690363635,0.3918036275726068,0.0877277108903147,0.4490664951785671,LFP,12,79
-5249.867591228642,2.086711223608958,0.0351488618636698,1059.2878732106735,-4.778219835823805,-0.0217801641762065,-0.0269563277969061,0.2317354861391202,2.464119473971328e-05,4.001777172559851e-05,1.1841299742208102e-05,5.757341294745656e-05,2.496192120268172e-05,0.0425021774501474,1.7358767699560815e-05,4.608782973755768e-05,0.0040752681546695,0.3599347545934451,0.0124275184313041,0.5306813991783446,LFP,12,24
-477586.47501069575,2.1680602276941903,0.5921765961423436,81391.00454083773,-1.1028374383421775,-3.6971625616578336,-0.2980421798577005,0.2067384181757282,1.7740144368977825e-05,4.03598181074793e-05,1.0939160596071684e-05,4.018322176212389e-05,2.6597601383507987e-05,0.0932226160364166,6.7347319688062746e-06,4.685519617274036e-05,0.0241450664661537,0.1189708497161168,0.3978822272776081,0.1151047431485745,LCO,13,20
-4234.907380058316,2.038719472156712,0.0088167614487745,3231.961455101913,-4.211926234632529,-0.5880737653674828,-0.0276009608974269,0.241302339222904,1.2355445044170973e-05,4.022501167863063e-05,1.2203500171541498e-05,4.9311579891349474e-05,1.3453213965695718e-05,0.0425895585941616,1.4509320909828848e-05,4.203864033213147e-05,0.0040296662747021,0.5788805689664915,0.0801883890087548,0.2433300811273266,LFP,12,68
-690157.5928882535,2.274440876860395,0.0440948541360736,216872.48309150987,-4.534973067444291,-0.2650269325557204,-0.5358691323189697,0.3793062301145688,1.2030626872202373e-05,0.0001129475669106,1.420767249460612e-05,6.311776212272071e-05,1.3014730780345884e-05,0.0945975198141915,1.5695456393788306e-05,4.145950952003303e-05,0.0247493100603997,0.1853439992400194,0.1644994616082342,0.0442874068327767,LCO,12,41
-605011.6113737893,2.541398479036254,0.0448836036446822,116178.95114693318,-4.696446373196466,-0.1035536268035457,-0.3538175148813367,0.2011165278761259,1.9370476605254804e-05,0.0001848183774228,1.396481134763132e-05,6.833668927832709e-05,1.795139146064222e-05,0.0965267739302182,1.875952513105732e-05,3.487061799496741e-05,0.0240255272664917,0.0383168462930766,0.1359295075293825,0.4019361312962041,LFP,12,25
-4129.664313795561,2.05583938982394,0.0049261378564876,4829.866711718116,-4.391212067401163,-0.4087879325988481,-0.1318373360549446,0.2394567750486655,1.3370946627385183e-05,4.0971712813973386e-05,1.2440286207219492e-05,4.693896902808861e-05,1.7669462501303975e-05,0.0433294151686408,9.28754646241378e-06,3.285359548733329e-05,0.0040079714052802,0.5295346626262466,0.0588932991795595,0.2097347021392493,LCO,12,96
-626399.5442784585,2.7268846720285214,0.0454151380955345,108886.42052590636,-4.727257742693944,-0.0727422573060678,-0.539406534621423,0.258461853198327,1.932277571390281e-05,0.0002425165431514,1.1166242984239925e-05,5.225691507412165e-05,1.241856709502843e-05,0.0768773947270826,1.9650748823238043e-05,4.796630154833967e-05,0.0249176398533753,0.02618796260775,0.1445068829844441,0.2198986197863828,LFP,12,25
-4234.907380058316,2.0456775488413186,0.0069815278799127,3350.081359066812,-4.217523061683977,-0.5824769383160344,-0.1215250110275573,0.2394562591282796,2.3407820416441144e-05,4.0954358325682265e-05,1.1973591898990426e-05,5.113411968131017e-05,2.2239101380091715e-05,0.0404274590902028,1.5817315490917622e-05,4.4084223471045935e-05,0.0040739705124741,0.58922694488673,0.0752570188114127,0.1439910252742999,LFP,12,77
-650961.091032401,2.681666267693519,0.0670089767805688,120947.46984149356,-4.716217021608443,-0.083782978391568,-0.2699817988023145,0.2586312130102045,1.939065185702379e-05,0.0002437582841692,1.7044298044451686e-05,4.852601194780324e-05,1.2742793667626072e-05,0.096162336906638,1.993955187545928e-05,4.797747687961353e-05,0.0247007137806151,0.0219375253146899,0.1372997724870453,0.5007809033959502,LCO,12,25
-500555.50223821466,2.1436238184807896,0.0155209076161347,112176.72702813322,-4.705056814448724,-0.094943185551287,-0.5232657720509155,0.217109630838419,2.2920564274900616e-05,5.230853489849407e-05,1.0746966514902266e-05,4.2625694764459904e-05,2.236765421589481e-05,0.0956963093470171,7.703248871642343e-06,3.864910616806812e-05,0.0249305802431013,0.0461411027656366,0.1418547716607951,0.2187383535226528,LFP,12,25
-4234.907380058316,2.0430902687287795,0.0052514135608631,4367.034854048548,-4.348543124273725,-0.4514568757262864,-0.0453263111233951,0.2386694003149066,1.2346911355936167e-05,4.022528725974289e-05,1.3082363798098105e-05,4.978427983637788e-05,1.3399963810111006e-05,0.0426006636239514,1.6338839827185515e-05,4.220956324432048e-05,0.0040294441240543,0.5789574164593254,0.0641887283621492,0.2415275440551302,LFP,12,91
-4234.907380058316,2.0430902687287795,0.0069815278799127,3710.595533834501,-4.21787324494435,-0.5821267550556612,-0.1145542792906378,0.2398307534720057,1.2307578858738587e-05,4.00889886577157e-05,1.3101588862959942e-05,5.1169844051648525e-05,2.628311776148341e-05,0.0436289282821345,1.581706981699179e-05,4.2199880562140606e-05,0.0040288047836665,0.5929072746253833,0.0797981491744468,0.142740296909532,LFP,12,77
-585510.2350740097,2.6643737342256,0.0502430425293411,105510.96213481588,-4.757764645019719,-0.042235354980292,-0.5191426379243835,0.2188454187279223,1.935627440346967e-05,0.0002109778101815,1.1529318978823336e-05,4.443094740710192e-05,1.4088329959238171e-05,0.0877526296602078,9.699542866457856e-06,3.4588724537937054e-05,0.0241297964756841,0.0465338730786781,0.1454507879783534,0.2188727010185849,LCO,12,23
-672233.7936241189,2.539275444490653,0.0569934350255666,156082.12828614362,-4.56252154646473,-0.2374784535352816,-0.5059165748529652,0.226076737454525,2.1793246325333702e-05,0.0001852716224731,2.2282868280739752e-05,6.862187279548388e-05,2.491270294047465e-05,0.096593942237071,7.844469307032118e-06,4.034625860970871e-05,0.0241211181571212,0.0379069112794406,0.1358820580059903,0.2502944558616039,LFP,12,32
-5119.517606950939,2.034348279216511,0.0110432398227774,3157.813076466419,-4.210019576189247,-0.5899804238107649,-0.3022959502069867,0.2237334962867526,2.875102409893031e-05,4.229860526181505e-05,1.216065706264582e-05,6.007190703139756e-05,2.610429868642737e-05,0.0429599143293607,1.9897764888065628e-05,4.927617076637017e-05,0.0040758602321477,0.3625020782778561,0.0876201761752967,0.1775817953398605,LFP,12,65
-5249.867591228642,2.0765491188640097,0.0459186335001735,1125.3720079034986,-4.778614115298367,-0.0213858847016439,-0.105119240672506,0.2318554944245015,2.464078977853199e-05,4.001827058966897e-05,2.299013007753477e-05,6.11195974537612e-05,2.4925461227883864e-05,0.0428046180710939,1.7450511289125557e-05,4.939806754684853e-05,0.0040752703817597,0.3718193004581227,0.0115535279572387,0.4415079309121325,LFP,12,24
-5154.978567027925,2.043431888843376,0.0076206142389541,4160.013700616104,-4.215844878683384,-0.584155121316627,-0.3051784682091415,0.2510254403568606,1.798295516234197e-05,4.030964942055581e-05,1.143888537659712e-05,6.765692350623559e-05,1.6191062570866882e-05,0.0410653821519175,1.61537436065325e-05,4.979424771847994e-05,0.0041867124832704,0.4917623003159182,0.0195412519734108,0.1135179795015293,LFP,12,77
-4339.74078505449,2.043770750980923,0.0073045534477227,3688.9728390208834,-4.252526031301926,-0.5474739686980854,-0.0518018973406929,0.2234669623107947,2.432684576064512e-05,4.093839237379268e-05,1.211568920883642e-05,6.428558435818333e-05,2.6287179450116904e-05,0.0436395384355966,1.5815255160009987e-05,3.8833927420884574e-05,0.0040282334504297,0.5961128474315194,0.0879097699081187,0.194175485319669,LFP,12,82
-5533.108152112619,2.0664597178865693,0.0027213728021044,5370.081908181634,-4.3801794949354615,-0.4198205050645498,-0.4224003746108735,0.2169020486922235,1.3266115110183727e-05,4.2914257815983e-05,1.2958909922847492e-05,6.011659664812777e-05,2.9624322736692595e-05,0.0435046486127915,4.392656216228351e-06,4.9380505226931714e-05,0.0041035587944001,0.2864711837744877,0.0584966932718172,0.1626317483428214,LFP,12,96
-358790.8702736644,2.488833702423977,0.0094202312858793,205624.09060186747,-4.403312320897243,-0.3966876791027687,-0.4344660972717777,0.227096118762824,1.3184111222411268e-05,0.0001443202451166,1.1623961113846643e-05,4.210529397709566e-05,1.6883969149775586e-05,0.0881853285706409,1.769634917731554e-05,4.931711420319071e-05,0.0165429470479393,0.0620014043213669,0.1990666657748233,0.2344658326320321,LCO,12,99
-4312.855345453858,2.038181829862978,0.0049261378564876,4964.70238130499,-4.383409989530122,-0.4165900104698892,-0.1774185598333185,0.2395839889549463,1.3220320129441245e-05,4.00434793953324e-05,1.2424207091507198e-05,6.018245851535826e-05,2.509469514779061e-05,0.04351386762375,1.1623536090245396e-05,4.342063620639407e-05,0.0041045899132444,0.5312858356749207,0.0588962474506686,0.162399357041092,LFP,12,96
-642224.0957334561,2.3914342756190177,0.0174212505544007,151239.04044826326,-4.506423856791045,-0.2935761432089663,-0.4621994043260798,0.2056399703796125,1.804111457289245e-05,0.0001272605145659,1.019353312809954e-05,5.49433048414321e-05,1.7063759162033556e-05,0.0893423163607451,3.2132667650592324e-06,4.167157588123629e-05,0.0239057811848874,0.0374883488505113,0.0531017806805406,0.3772104661428682,LFP,12,35
-475315.7969841712,2.1652085135334493,0.0284155833331082,101863.96620393214,-4.79379156072222,-0.0062084392777919,-0.5918359129285328,0.2089308156176543,1.8046789500160858e-05,8.169807521435162e-05,1.015625285639783e-05,4.6647197729518105e-05,1.3255963003832294e-05,0.0893048097959958,3.074492453565312e-06,4.205401480908877e-05,0.0245555405035189,0.013866882523515,0.0811371991207188,0.2431600054272334,LFP,12,22
-420757.817341192,2.1178608426682133,0.0436190656783689,94066.20277081114,-4.721680111505293,-0.0783198884947182,-0.1882231133146407,0.2260091695861332,1.9557348814266556e-05,4.533467154480221e-05,1.861133966639497e-05,4.640895559380113e-05,1.7712530425264325e-05,0.0869960892652261,1.0197632761794314e-06,4.695149671097557e-05,0.0248419503398168,0.1707126225063042,0.0283187881278932,0.5427454760511619,LFP,12,25
-4234.907380058316,2.038719472156712,0.0100256794063958,3182.444566240163,-4.220706399455601,-0.5792936005444105,-0.0968012111178259,0.2308386873784729,1.2246450316371688e-05,4.132037497126467e-05,1.2224102095251544e-05,5.115659445917509e-05,2.7578922552835943e-05,0.0414202694524168,1.3025179428203957e-05,4.869355896078254e-05,0.0041860110991571,0.5504963165023584,0.0211397114297811,0.2615627609500344,LFP,12,65
-21702.49019103314,2.473328006188995,0.0171869880458781,16290.79140205648,-4.366142292584456,-0.4338577074155552,-0.6602553215469087,0.3954206236601136,1.3635685097680784e-05,0.0002072252180742,1.1581001284245955e-05,7.937021688043689e-05,1.913958045127952e-05,0.0726060305305894,9.466094579886277e-06,4.2808007988486975e-05,0.0051335616916722,0.0203563061428549,0.0588576236819103,0.190530748628326,LCO,12,89
-4339.980957401468,2.048257839503393,0.0065642123356504,4511.772238743659,-4.36139230409912,-0.4386076959008917,-0.141356190951473,0.2803450130506285,2.6502944644785342e-05,4.0208540315583736e-05,1.3222694311875078e-05,4.7884968498648e-05,2.630316166232782e-05,0.0433057010280824,9.835201181139092e-06,4.920963217689677e-05,0.004190437479981,0.5526999328812809,0.0123612551098603,0.2235826210573857,LCO,12,91
-4594.653068102306,2.040872510332253,0.0092500260478907,3759.58961806918,-4.202771443312173,-0.5972285566878384,-0.253210531514035,0.2394437352796079,1.805843110681744e-05,4.006615727635279e-05,1.0535285133326328e-05,5.6950278575153656e-05,1.587045881873446e-05,0.043516877826267,1.1590415807862852e-05,4.98367235546357e-05,0.0041867472716149,0.4745883509689839,0.0189499846468237,0.1832511328701573,LFP,12,68
