SpecificEnergy,SEIGrouth,TempIncrease,Price,UpperViolation,LowerViolation,VolFracViolation,C,la,lp,lo,ln,lz,Lh,Rp,Rn,Rcell,efp,efo,efn,mat,Ns,Np
-145823.73462733865,2.229650158682812,0.009521676364897664,119969.2035442912,-0.41027487763670933,-4.389725122363302,-0.16084121736929335,0.22363577198905504,2.7477974994053265e-05,0.00020879976154110905,1.5181559948552372e-05,0.00013995589252825525,1.4278046763049594e-05,0.04019576206458143,1.145158232782851e-05,4.6698399253060895e-05,0.020738203411168943,0.30397761406585144,0.34806967247620946,0.11711149608864585,LFP,13,82
-10819.036394274615,2.20321563134906,0.01935815443432129,6787.408342027067,-0.4226037803569156,-4.377396219643096,-0.4894747573695488,0.3101965728291227,2.5834766982064306e-05,6.767244644917396e-05,4.1868656742711476e-05,0.00011568990285672391,1.4398361115380139e-05,0.04357604701454706,2.1410549599044956e-06,2.6760449289244038e-05,0.005254537380911019,0.09987126276414175,0.20099918225058705,0.13965479761572241,LFP,13,61
-125383.93019275465,2.1161571645323187,0.03913856160397093,36022.463817897835,-4.5875358366161905,-0.2124641633838209,-0.24602223118387234,0.26778952819712487,1.610449141570883e-05,6.560004616088345e-05,3.5044645631091895e-05,0.00011225070165388646,1.8730189130589884e-05,0.04422401317930989,9.75984484395672e-06,3.379012868760348e-05,0.018139067206942645,0.05138660051145411,0.052591622897618644,0.5799995454070549,LCO,12,31
-39177.00850287304,2.7886192767912763,0.09817745163259592,4356.612503156283,-1.1170737293394382,-3.682926270660573,-0.25769275849316375,0.21270541352002165,2.8188367969287573e-05,0.00024294035859100832,2.05483076437393e-05,7.183253938924946e-05,1.4155925668505439e-05,0.04026584581679064,3.2639018594082854e-06,2.0999054845350995e-05,0.007883309394001708,0.0130810481674711,0.5468225327964761,0.11240366054288903,LFP,13,20
-15173.170304122794,2.3402907295229065,0.014210008190538179,11004.67525665795,-4.367293382305604,-0.4327066176944072,-0.23297996776730223,0.31552125119798036,2.9708156839507006e-05,0.0002284678953021912,3.640834259650119e-05,0.00014687404266756546,1.563986262998842e-05,0.0809868644124354,1.3041519156172273e-06,4.4918934725859356e-05,0.004290382001111853,0.16828340338896128,0.4601933351781778,0.06854329366555877,LCO,12,90
-221488.33668739247,2.102981368188384,0.013242505182276177,203076.27645848232,-0.3649451631140721,-4.435054836885939,-0.1614660031423082,0.2147531012427389,2.9995321049259663e-05,7.049208751555687e-05,6.1016309856974585e-05,0.00013165166610966302,2.8379242134504894e-05,0.06670574198120668,1.2826352272697399e-05,4.1743751367028345e-05,0.02418029366611166,0.06936011483238468,0.5551348246728722,0.144039057352435,LFP,13,65
-268903.55644912383,2.146893912603731,0.010036542148388315,198017.31138735745,-0.4309909718341913,-4.36900902816582,-0.28032090510188834,0.2145818093952362,2.6545433915827203e-05,6.554723403070726e-05,2.4710940353795332e-05,7.115266233915422e-05,2.5481304303314483e-05,0.05689346451856357,3.273265560116169e-06,4.697879513173979e-05,0.02289810582795757,0.08787061779478735,0.5094233711797848,0.05238510592353961,LFP,13,84
-373948.13870794146,2.8281763132047764,0.09063879666915305,58625.9941505681,-1.4103699062161965,-3.389630093783815,-0.43447657275084267,0.20159533333416355,1.8235446891796542e-05,0.0002364942892654918,1.8019986338480914e-05,4.093739261816733e-05,2.305448816796542e-05,0.06731039678424997,6.3239932024651876e-06,3.4656808880035755e-05,0.024750356651824398,0.12856085068327702,0.1306811147569188,0.23628146180896153,LCO,13,15
-323755.1818246207,2.444245124082486,0.011106496156460057,158095.87557165587,-0.3401308252291386,-4.459869174770873,-0.2929085138900196,0.20967667200278683,2.8127134131235643e-05,0.00018452546154405542,2.464638138679998e-05,7.379822902639808e-05,2.7906864554304144e-05,0.08361539103420995,3.3764536011261235e-07,4.777196037914222e-05,0.017579830885073984,0.03808350335096593,0.5445054616249823,0.054502521134032304,LFP,13,72
-289586.6423513307,2.2109386555238255,0.016608511153610235,312493.50811304775,-0.6039836647784398,-4.196016335221572,-0.3081343190642142,0.41528692334257317,2.9098379302513685e-05,9.722745678444283e-05,2.493386707342992e-05,9.088343584001127e-05,1.4866577384885826e-05,0.09842878819177568,2.918191466859593e-06,4.287627418408191e-05,0.019484154547348462,0.017090662325590616,0.5477966579704694,0.056978360639725854,LFP,13,99
-118891.12391941929,2.2345215753785768,0.006039856276429324,71171.7398545582,-0.46697479188772917,-4.333025208112282,-0.2883030485554473,0.2146942885717241,2.6533031899357946e-05,6.608320531254107e-05,2.4656020793721744e-05,4.81638876160031e-05,2.4239200083546153e-05,0.04479418959794418,3.298264841853904e-06,2.0060539036687456e-05,0.015352996506407156,0.1158211207251432,0.5084656195569405,0.01741021116246908,LFP,13,87
-201209.06725529462,2.3165531469861724,0.017616818568573108,137303.13475556395,-0.4109043398825918,-4.38909566011742,-0.22194586101853608,0.3387936700386165,1.3482266157107153e-05,0.00010207632876149671,1.4777367952562373e-05,4.98377018622128e-05,1.610701957594643e-05,0.05207423796034942,1.9544805053854046e-06,3.418709678965374e-05,0.01997685644393202,0.10466381469077585,0.5708458042179458,0.032544520072742264,LCO,13,78
-85462.86300595434,3.1997948858525054,2.967784435887329,5613.993858081573,-2.845772574591706,-1.9542274254083054,-0.25459895930865273,0.24394654973657715,2.9106521211876656e-05,0.00024107094828690692,2.941607193894256e-05,6.229208842096965e-05,2.6649793925921602e-05,0.078304063155172,9.328311581919297e-06,4.4470928915158104e-05,0.014500399632071502,0.08988571394159009,0.551256193059082,0.034259133690675236,LFP,13,4
-210489.99921373822,2.7057040397240866,0.15634389272950103,23200.7518286551,-1.8044066447213893,-2.995593355278622,-0.4385067086614658,0.21005016268694474,2.8607119564578516e-05,0.00017014269258049791,1.505170557576778e-05,4.2593376495632505e-05,1.9118971178402406e-05,0.0987412655016698,1.1485892794987603e-05,2.0619314459463047e-05,0.015512692252702066,0.029334121724447763,0.265721962336676,0.19643720727741046,LFP,13,11
-18144.633673154556,2.323993652333921,0.009233033476733335,13938.59365453549,-0.45310926568681253,-4.346890734313199,-0.4340972266006928,0.22454328845031463,2.8201300913441205e-05,0.00020250599704025915,2.7457758957878272e-05,0.00014000228518381574,1.2646758089023397e-05,0.04005337042983518,3.301119658751567e-07,4.684065363222265e-05,0.006542782222681752,0.0284144885737109,0.34774877063623466,0.11973951418936173,LFP,13,86
-326227.702503209,2.319815203392843,0.013464997157237263,241305.39188473334,-0.3420663678286431,-4.457933632171368,-0.6814666313335335,0.2204776706398495,2.6497930069758033e-05,0.00020158627239116905,2.0142829171080634e-05,0.00013070683916687967,2.554717241990113e-05,0.06964183012857882,6.71331933944764e-07,4.344491350420871e-05,0.02294252832330095,0.058128474861895124,0.10441332699594488,0.08599156680862656,LFP,13,65
-138163.51922859083,2.29721725197367,0.10289459922041928,22814.658732919073,-1.5122849069571203,-3.287715093042891,-0.6969187772358635,0.24781895351026892,1.3779720853648687e-05,0.00010132081222670118,3.5253562133642866e-05,0.00011243098007994123,1.8491013304729934e-05,0.047840210663333785,9.829190129348382e-06,3.7837770673139004e-05,0.018147610969831272,0.02427901909949264,0.18617036598772943,0.022631837676914457,LCO,13,14
-19696.064593518633,2.5938355262584545,0.1754475596526837,2694.993047625243,-1.6060090373405558,-3.1939909626594556,-0.25894018658816287,0.20065383307500245,2.8164417118185065e-05,0.00022458973439795822,2.7430405337121093e-05,0.000137379088765042,2.6234566842978466e-05,0.05996785193100659,4.2781542706723156e-07,3.20304178337888e-05,0.006296096016526111,0.0434331073065678,0.5732323239839301,0.05439438212133928,LCO,13,13
-213936.72652002866,2.22186995115681,0.02369947277622634,82594.8893531662,-0.7172308629106467,-4.082769137089365,-0.3691212225072985,0.2021889189331008,2.9157965798738793e-05,5.729282797445651e-05,1.5066164810820703e-05,4.113573858486963e-05,1.531600128865648e-05,0.07442492001584847,1.6678674457324864e-05,2.0196775799134926e-05,0.02079174659444279,0.02594248994172146,0.26471831267357543,0.2702179748774047,LFP,13,33
-123140.9997720551,2.452123381233345,0.6929124567864867,22667.795538446502,-1.0014853620338258,-3.7985146379661856,-0.38859758889775964,0.25989062589908873,2.9254397791962173e-05,0.0002046901570027225,2.7510402634583852e-05,0.0001317870229428707,1.4263538221580916e-05,0.04243737332156676,2.547465855043977e-07,4.770106822607403e-05,0.015861213646524354,0.024832994354871706,0.36146923355363864,0.15510018319373003,LFP,13,23
-12157.687760114215,2.715284893696779,0.21893097758673435,1995.7831983187973,-1.7292711934398355,-3.070728806560176,-0.788690835653885,0.2993210388632842,1.6057569071828667e-05,0.0002270351065699852,2.45707096070865e-05,0.00010056541984536103,1.8677617010291686e-05,0.044118511825195564,4.2715801701763647e-07,3.1970277321248146e-05,0.005876100299819503,0.043269972243329985,0.045522276588993826,0.05251691551379123,LCO,13,12
-393008.88357921166,2.41901166784892,0.010383833881546949,343073.3501445922,-0.525915716436117,-4.274084283563894,-0.6715373085035118,0.23781828723277135,2.659936270934285e-05,0.00023573742556558152,2.0010936641382167e-05,0.00011175199308036869,1.653182210862497e-05,0.06831803829944809,7.930704420955706e-07,3.1681295803355006e-05,0.022986839879814147,0.06768609614833372,0.13651086974741303,0.05426572560074147,LCO,13,92
-162270.44979047537,2.3855052047553515,0.016650374002307282,111458.94429221605,-4.258117520288664,-0.5418824797113473,-0.19938737017191654,0.3247427363102203,2.8131211993821822e-05,0.00022777814441749916,3.247944657335138e-05,0.0001189431578833825,1.2272187999661154e-05,0.05624489593195867,4.6461886190651233e-07,4.234362553465879e-05,0.017600810516187913,0.1677132831099325,0.5115427496521575,0.0513565970659935,LCO,12,79
-165098.16878313347,2.0731185631620335,0.04271125151835552,47710.086345062635,-0.808043224217954,-3.9919567757820573,-0.4350699026529359,0.2858019276753262,2.8205263929582757e-05,6.298498784887802e-05,2.0142502347140242e-05,0.00010266893258365822,1.3144876171482103e-05,0.05540411389717701,1.2540550110050454e-05,4.3642062314163825e-05,0.01803708124035236,0.0515924130445109,0.05082001695772745,0.39251766734482585,LFP,13,30
-215417.3622205629,2.1128705432420416,0.026787974794563213,154067.43281445833,-0.5006173712913338,-4.299382628708678,-0.32238603629556795,0.2916599146927438,2.768275581316456e-05,4.770772374560949e-05,1.3929238102804564e-05,0.00012459803236814862,1.91611709469955e-05,0.06403198322545395,1.8167011741970441e-06,4.699492838630815e-05,0.023178655662892275,0.022079556881840295,0.5240249325118761,0.06150947431071572,LCO,13,54
-203312.2569563036,2.6433259141515775,0.1242042045247566,15812.527264586217,-1.8158499604229803,-2.984150039577031,-0.08496496191557901,0.20750689278131146,2.864266693083965e-05,0.00013621916854654101,1.662272349104269e-05,4.217132968664624e-05,1.799169603866013e-05,0.07831593417731841,2.7551237616050604e-06,1.2483900155218182e-05,0.015545322984896958,0.02959551947829888,0.5551586469180336,0.26028087168808856,LCO,13,11
-120556.00605913426,2.0963981218913568,0.013422133139697482,92179.14995472466,-0.35109492129823394,-4.448905078701777,-0.6061480117992384,0.2315072039784237,2.7662702470943076e-05,5.6399079033175823e-05,2.703603199812167e-05,0.00013918355670423206,2.4869011533707903e-05,0.04146843042800777,9.986345859210016e-06,4.364518002559698e-05,0.019298659202397192,0.027479720638275182,0.28112265434333655,0.015249613219149982,LCO,13,64
-11168.86424847276,2.462688840390121,0.010981119082772892,7033.0962449978715,-0.34007416228961773,-4.459925837710394,-0.36833379847201775,0.20409242574424669,2.8112721465553994e-05,0.00018354025388162421,2.3335802856087113e-05,7.270258358110055e-05,2.8438645342593076e-05,0.05478665968671604,3.367701591495899e-07,4.73848219426673e-05,0.004456495106827107,0.038258828699419316,0.4688321558947218,0.05457521693384113,LFP,13,74
-17085.85978547039,2.142193819060325,0.017877269066095207,20631.235237681965,-0.4842232638264292,-4.315776736173582,-0.5689590366658874,0.36641284934241697,1.5582944357900582e-05,8.712990475860431e-05,1.2716963259627927e-05,0.00012387210240994304,2.4343507943067843e-05,0.06445341030210996,1.6699237123506923e-05,4.933276153968894e-05,0.006217528000978767,0.06986830269074466,0.03168837575417292,0.25948428488919506,LFP,13,86
-286966.6451228132,2.6705506601247024,0.0889463360983331,53629.73406204496,-1.3331432760500448,-3.4668567239499666,-0.6908475402132497,0.22468954126731033,2.4708577501828613e-05,0.0002239623289552589,2.40599438062588e-05,0.00010011081086290064,1.8505204686395678e-05,0.09294256456759784,1.0904387517149367e-05,2.5386959084261642e-05,0.01867568709954762,0.043116831173355546,0.1269601800450042,0.06907544856839068,LCO,13,16
-249539.35736942696,2.6786821301875765,1.6077463716311882,27126.330942558274,-1.6952954426898827,-3.1047045573101286,-0.5527567950054836,0.23785042577722154,1.3231404377350192e-05,0.0002499058037292584,2.805664351500212e-05,0.00011200277342746662,2.996415523919157e-05,0.07509219508441048,4.952489653869337e-06,2.836798314738164e-05,0.017327512378381982,0.04947268962759964,0.08561052541296359,0.24215998995395321,LCO,13,12
-8386.84468472238,2.126717883199655,0.018146327480157504,5945.894222787965,-0.4033896632109233,-4.396610336789088,-0.23681759180620576,0.29155884572184815,2.4966271048415227e-05,4.167016594135701e-05,4.1894638120526704e-05,0.00011213395643262455,2.140326109487035e-05,0.0434093712249404,1.6692477948055861e-06,2.6541918065469907e-05,0.005122682368400657,0.1002100354962864,0.5320049451465108,0.06096742755099711,LFP,13,64
-18628.404613452465,2.689399919760336,0.07136673775405213,4483.510444776293,-0.7844036988889656,-4.015596301111046,-0.28406458043731353,0.24398004525427414,2.7693065621380692e-05,0.00022787390362764167,2.9417698036041363e-05,6.270160133727729e-05,1.2989296759614045e-05,0.07834227792779458,5.045541362723125e-07,4.437903512875138e-05,0.004503590449062013,0.11687011627825372,0.4949361066485576,0.03412919663587525,LFP,13,32
-270729.91991691076,2.374293147064015,0.009060905595151854,167901.71100175034,-4.26489502899868,-0.5351049710013314,-0.43933966830726756,0.20377619500842764,1.2880544266843344e-05,0.00013371892242359216,1.4336539894972538e-05,5.4031460936925427e-05,2.09675466588077e-05,0.07560029240493117,1.6548357800077074e-05,4.6141097441300225e-05,0.01743014011954816,0.2265968142379526,0.17437183224696656,0.08969168520781334,LCO,12,84
-77282.87578997445,2.3203507752090595,0.011129826584095955,50780.839169064944,-0.4934668969716185,-4.306533103028393,-0.19505233588921367,0.2580926251051835,2.8285271694954726e-05,0.0002131058570562303,1.6577377315876196e-05,0.00013416988387587915,2.74127459995052e-05,0.06702116820823878,1.353048888966196e-05,4.435980744695059e-05,0.010133469276377172,0.018638526991201953,0.5920958325084835,0.12421330461110086,LFP,13,88
-166506.5940243295,2.355960359075338,0.08630981141915613,30855.38609930939,-1.4231452900794963,-3.376854709920515,-0.41964370437966136,0.20823595993887503,2.9025110992489682e-05,5.9736193164912585e-05,2.485960753595831e-05,0.00014533954716895421,1.5142094232298566e-05,0.060092092357741884,2.9876026755575087e-06,4.067057268534292e-05,0.019576962248105546,0.02608748824353941,0.2822978496902943,0.20197095768650497,LFP,13,15
-127102.6246336455,2.566527386734723,0.014938990033945517,61553.238236979356,-0.39868227365192155,-4.40131772634809,-0.4271618173717261,0.31370128862783,2.9815299388166512e-05,0.00017240795885997977,3.061099190656119e-05,4.103518774454045e-05,1.3536562722142963e-05,0.07461435821829052,9.468132211155403e-06,3.846975493281461e-05,0.010770579807440695,0.08820805313745451,0.14318891605203987,0.2714412134387796,LFP,13,79
-277151.15031825745,2.2906982840136587,0.009946259289778851,181646.31317210186,-0.3976530052642602,-4.402346994735751,-0.2854451718555622,0.21463312908369273,2.8995528530047537e-05,0.00017411460960600362,1.7006352762863777e-05,0.00013165861378607098,2.9141133063465195e-05,0.0699331150469783,1.4365835655674879e-05,4.170639882650541e-05,0.019356564719204356,0.06113723107663791,0.5228484910330963,0.06056910603470363,LFP,13,81
-356843.37523440755,2.3501575800082906,0.009741428596966346,357199.8165253232,-0.46392211798099936,-4.336077882019012,-0.6993886510451555,0.2000158751867552,2.6491370051821354e-05,0.00023527962183549116,3.079854239225848e-05,0.00013060519459804815,2.6491301686722876e-05,0.07417676899911885,5.742895946603718e-07,4.345981637875231e-05,0.02306171494905084,0.042473808387353824,0.10201294829270771,0.08612459227478307,LFP,13,88
-67945.20164603562,2.385946404881361,0.010831633025628326,57555.92617982767,-0.5598763150647912,-4.24012368493522,-0.19231054899052658,0.2590621573413131,2.68603529337031e-05,0.00024275230321844904,3.4260655612288966e-05,0.00011175247587176842,1.7342300924619283e-05,0.06569976693487409,1.0984747808701478e-05,4.867673028854946e-05,0.01038439178960804,0.06745565003659873,0.5145596238622111,0.15567417711066364,LCO,13,94
-82747.91149731862,2.535508330963791,0.18631935536907335,18952.50347335863,-1.2167373756797275,-3.583262624320284,-0.22805891509110843,0.36461355735523415,1.26626849901274e-05,0.0002292335099540343,1.6622574591125227e-05,0.00014289311355170737,2.821101741540277e-05,0.05197715774865633,4.0788187347548455e-06,4.535271081331513e-05,0.014296350516087896,0.12601234834198477,0.5363891748061305,0.03953956176077632,LCO,13,20
-147110.02422017104,2.1646067268718374,0.014885474951678957,91100.54542049541,-0.4022956437798726,-4.397704356220139,-0.23190322791802598,0.33278318321278355,2.699809291350188e-05,6.204034801287344e-05,1.5133563729264e-05,5.396461413719245e-05,1.683409321656091e-05,0.04541192067088709,6.315581873864941e-06,3.419396664332021e-05,0.02004278979858157,0.08757286134652846,0.5012563835166978,0.10926752721874786,LCO,13,65
-355440.01500102325,2.476752182364158,0.01696573285329204,251448.4713353134,-0.3682313709966394,-4.431768629003372,-0.4820533557022787,0.33670929110613285,1.2508604597700842e-05,0.00023089529083442098,1.664210134357639e-05,8.717917263969093e-05,2.7481319163580662e-05,0.056006301481345624,2.3167865164454315e-06,4.517689032399305e-05,0.024963208285094317,0.06123225802509358,0.025106270266243874,0.3616081160063839,LCO,13,74
-359488.68316568166,2.154390549207858,0.03910347484727405,190704.418160165,-0.7239798213995243,-4.076020178600487,-0.7002021604659785,0.299985197317756,2.3053063627807166e-05,6.235205832874779e-05,1.5032382452111106e-05,4.608303951811582e-05,1.7228493067567324e-05,0.09641622393884602,1.6663302273003532e-05,4.3323800533278784e-05,0.02487779349316238,0.057961419602437184,0.14004395018828106,0.03179246974330323,LCO,13,35
-737175.9918918131,2.5509966911847455,0.013344369705519202,668256.8516590171,-0.5769034815536074,-4.223096518446404,-0.8313779304815767,0.3096033550650916,1.2714025145573109e-05,0.00023557919354459813,1.9257306441893554e-05,5.632989704255861e-05,1.652537299711658e-05,0.09951816739577335,7.60834314873638e-07,4.9053252668348544e-05,0.024959960444303736,0.04017146766387453,0.017638897947619765,0.04081170390692908,LCO,13,97
-36520.244895241405,3.141130080100756,1.0284779057846927,3070.591470084998,-2.277170643012944,-2.5228293569870672,-0.5414439202843429,0.38616156580325506,2.806526483481135e-05,0.0002371562631415004,1.290627886568066e-05,4.448907094664279e-05,1.7285984198306347e-05,0.09650080058833242,1.1333291787882028e-05,4.7975695811451494e-05,0.006450467394717243,0.012367228396259766,0.2694963010957782,0.10669255022361916,LCO,13,8
-356923.0739884819,3.092145741380332,3.1525452914655383,22538.76705994577,-2.774074897842688,-2.0259251021573235,-0.8410301384226879,0.2049392099920564,1.3420937279141849e-05,0.0002439442351031589,1.821888919531613e-05,9.737701298640847e-05,2.459715304052457e-05,0.08967816498578488,1.273471698664379e-05,7.788846496167765e-07,0.023870558680862117,0.011948298103864843,0.06245729730047478,0.014564266172972549,LFP,13,4
-476012.2755881925,2.3499101371441355,0.02591832039879501,412690.73695637274,-0.4317955096035746,-4.368204490396437,-0.7215616766033083,0.4893710549239133,1.6354550018892356e-05,7.831034445144951e-05,1.3300480756971008e-05,4.736149658907546e-05,1.3183352182323683e-05,0.08829414750264818,1.8437696220832e-05,1.8050337858469898e-05,0.024849881347588903,0.010092774445139771,0.09459658016404515,0.10374896878750683,LCO,13,77
-631643.1998527879,2.5745270172360697,0.012656634910115289,395344.24230588187,-0.559391844182251,-4.24060815581776,-0.23786556571306972,0.2977851809781425,2.160990819438229e-05,0.00023073171871926224,1.2688603099234083e-05,5.644952075082985e-05,1.6120883490822115e-05,0.09673531739854273,2.737477933781998e-06,4.6885720200715806e-05,0.02239213892946843,0.010561241595492741,0.22052429793757755,0.46104889475386,LFP,13,94
-169183.22063812183,2.5604303977394514,0.017746255317385017,108423.11520345934,-0.3680780226152365,-4.431921977384775,-0.48193387865417625,0.3363710767089691,2.179828267478439e-05,0.0002415540879634899,4.454910640217818e-05,8.73060134580655e-05,1.3543732714562764e-05,0.05604119381323201,2.6785575477715423e-06,3.0358745956614543e-05,0.01631958087632375,0.06082748859582904,0.025065138423796818,0.36217349432619794,LCO,13,74
-303682.5794949663,2.77613525801156,0.09361255587654166,65388.70440954371,-1.0140550164208122,-3.785944983579199,-0.6372582782538714,0.3816678044294564,1.466629288838483e-05,0.00023523394935881918,1.2614459931406935e-05,5.8312123382689665e-05,2.53552814934331e-05,0.0835198811889964,1.5162030069355183e-05,1.0912959346241248e-05,0.017916326373426564,0.04033638977110422,0.15306727682990692,0.09933805514511757,LCO,13,24
-72821.65289281911,2.9791770460696076,0.9471888273659136,7701.330265515591,-2.1832880233995766,-2.6167119766004348,-0.2852720943892939,0.41522266189662016,2.574743402533927e-05,0.00024753031266718455,4.509824880368728e-05,7.756845164854968e-05,1.5300029555142116e-05,0.051699612816494954,1.437602186594582e-06,4.695114365560671e-05,0.013591019817182148,0.03106708703080771,0.4878104500285467,0.12585036855135168,LCO,13,9
-17082.378909960164,2.611889228285855,0.012261920196930787,10177.358129803033,-0.566906356697082,-4.233093643302929,-0.626793047785882,0.29314942338360067,2.8721502998864567e-05,0.00022464480175547204,2.146755890257883e-05,4.73711410604244e-05,1.200364972291238e-05,0.04298171508596191,2.3310079985619206e-06,4.7101513162523923e-05,0.005006918356662641,0.012134688282123114,0.14013767064640914,0.15093459328558587,LCO,13,95
-32288.729351502,2.606723863231765,0.2535923154164844,4921.792289661828,-1.6943979786849255,-3.105602021315086,-0.6506556703701176,0.3899215502461387,2.8589453300233247e-05,0.00024296301226880352,3.136546054197116e-05,0.00014352568868701983,1.8302603626089243e-05,0.09651640134280151,3.83142589776411e-06,4.534842525437606e-05,0.006175311687579352,0.044939794571523736,0.09727032085252178,0.13713421420583685,LCO,13,13
-35023.61955196093,2.829414385588919,0.08668355936497411,4661.371129383936,-1.0654808385450636,-3.7345191614549478,-0.5807739506485914,0.26817654822651305,1.831022605813844e-05,0.00022475333739127167,2.3462042816693143e-05,7.208549992446466e-05,1.8241760621884562e-05,0.042951305016608377,1.9708428835977174e-05,3.9664586908813336e-05,0.007166084557518751,0.06059368711434035,0.13677498515724903,0.15185737707981928,LCO,13,21
-381213.0786713358,2.549461621332357,0.6624956670299273,48726.17174756693,-1.8291428418082845,-2.970857158191727,-0.30587745306588254,0.3806132165764612,2.563665052794321e-05,0.00022436156859321615,1.2612992588479041e-05,0.0001427740944648164,2.611679099778902e-05,0.09236944191502118,1.2000292264498527e-06,4.976019367871348e-05,0.02205405697445611,0.194451994930671,0.3796643421363495,0.050006209867097,LCO,13,12
-276358.4038972453,2.4593950545894927,0.012824047146810888,138792.2995952053,-0.3346334389236034,-4.465366561076408,-0.3003289814072406,0.22680532709533013,1.2546115114097355e-05,0.0002460562435908628,1.1483807161854497e-05,8.437833060755454e-05,1.9101255784977863e-05,0.045166219466568736,1.2934948675052977e-05,4.515122434600799e-05,0.02250832121879441,0.030333467303472948,0.08101356628940537,0.5183239849998811,LCO,13,66
-34562.39265220405,2.618741749615663,0.024748229095205642,23444.182576384545,-0.39380958920001774,-4.406190410799994,-0.7977829783358177,0.3819680647928415,1.572528122641682e-05,0.00023491812832144183,1.7123633436026662e-05,4.3411842956209157e-05,1.986368297583028e-05,0.09191682360596706,6.376739343447288e-07,4.7719366527589246e-05,0.005997143017117599,0.012764450300729712,0.012743378344808265,0.10670919301864436,LFP,13,66
-69492.37978130978,3.1140793122839923,0.16127332829820604,13057.348244170647,-1.4964955766314958,-3.3035044233685156,-0.7485024239094579,0.349759188496372,1.3383016831164098e-05,0.00023043316370124196,1.108922706984961e-05,5.5327737191593455e-05,1.6479276872823553e-05,0.06013461438793134,1.6565293622478068e-06,4.397318488953453e-05,0.011625426118751954,0.02474003462085094,0.0499196214676884,0.10683792000200283,LFP,13,15
-230751.7181235742,2.155905968361732,0.036330512102796864,77302.20585739863,-0.7879220654448176,-4.012077934555194,-0.6293774573920975,0.4127784926315003,1.571965809673414e-05,6.175667247469802e-05,1.5010144320934222e-05,4.219019515332848e-05,1.743117201611108e-05,0.09181933989537953,4.4930943451898154e-07,4.981910912974909e-05,0.01573641731061895,0.07773904325077782,0.19893389180004512,0.023949607557079627,LFP,13,37
-342454.21198097157,2.491533892958166,0.009602088227359515,242028.0939901044,-0.56975773962548,-4.230242260374531,-0.377192016886863,0.23697784501741004,1.824489647448947e-05,0.0002246289347550196,1.3490751077278626e-05,7.153894380568622e-05,1.3268765140384308e-05,0.062103813636089716,2.6545286568193014e-06,3.992577905217109e-05,0.020539575058090682,0.08009847067092948,0.02413317698368135,0.4485763354585262,LCO,13,98
-161874.49141312944,2.4812010765795227,0.569150152469534,25598.665050915628,-1.6731674198220574,-3.126832580177954,-0.8418387906588484,0.21746297121719993,2.9799953696882226e-05,0.00012404472476800177,3.7988542281958815e-05,5.6542017425363224e-05,1.3215812797988067e-05,0.0923635633433799,1.7150058194668733e-05,3.119793436356767e-05,0.014980031826637567,0.03918897837955766,0.02535535294143032,0.023616878020163667,LCO,13,12
-18005.251082637667,2.5582225224588733,0.025438753865014357,9238.813585727092,-0.4016685045288355,-4.398331495471176,-0.4700997818022943,0.38390917098283833,1.5915996703452552e-05,0.00023673409085225936,1.7356143329784074e-05,5.6673676462499166e-05,2.8789065600593542e-05,0.09217062974282345,6.233421571254416e-07,4.584545623407326e-05,0.004005448135938476,0.013794234728286395,0.07468306486785506,0.3714229186015643,LFP,13,66
-124489.25960385326,2.5829971128595823,0.26606636735666644,14678.789405312475,-1.6579941517175598,-3.1420058482824516,-0.48079564786520446,0.47346296151160167,2.768867551006362e-05,0.00021875310505608847,1.2524289905477393e-05,0.0001419155110130292,2.3767872353718865e-05,0.04619141354000994,1.0628225862453971e-05,4.78036660204714e-05,0.015450722889684236,0.015098871230909906,0.1305509504744259,0.3035545304294598,LCO,13,14
-10179.215245165973,2.4596377407812433,0.012261920196930787,6707.81485323885,-0.5733190676846078,-4.2266809323154035,-0.6242407671117999,0.29419704080305475,2.636670365318615e-05,0.00022475610284877025,2.056726738955697e-05,8.737258549906685e-05,1.2106996214143614e-05,0.042981783003673786,6.36363637047745e-06,3.96613574827443e-05,0.004008611014916851,0.013218684614099259,0.1416292931127763,0.1509112551613246,LCO,13,96
-181242.4716726505,3.116681449854968,0.8935112964540279,19178.219816783123,-2.2688486682095856,-2.5311513317904257,-0.6470276738084912,0.3778452350562551,2.8785333229995318e-05,0.00024570248727733663,4.154574951708398e-05,4.1091531051168084e-05,1.5960257796916697e-05,0.04161788714468519,6.074514854853579e-07,4.4804223595260146e-05,0.0239593947565513,0.02131116455018643,0.08611689541534719,0.17554426622597522,LFP,13,8
-407549.7350857508,2.7591493318110794,0.6050422154063194,101737.75062076176,-0.9148312206068852,-3.885168779393126,-0.646339833868544,0.32945909671099904,1.2755615665126967e-05,0.00022913055251098363,1.663006545019709e-05,4.055147495351342e-05,1.263327836896071e-05,0.06023075903623381,1.2262849772286638e-05,4.596489608226919e-05,0.024952335074600478,0.02350240783166308,0.15322301389774406,0.10693474440204896,LCO,13,26
-252864.7832625623,2.2482495817861325,0.024634304479207794,138461.84617999618,-4.408477604324538,-0.391522395675473,-0.7000613959834768,0.2758098606809168,2.2400551016451114e-05,0.00013112111845216222,4.252832764764789e-05,0.0001243391045817722,2.65115624935501e-05,0.08012772993403218,1.7996231165877573e-05,4.7990734050053834e-05,0.02005377267082534,0.034876175530877976,0.17412477128792345,0.020937657197721792,LCO,12,46
-52420.658487941975,2.5344163937672404,0.015484479874405765,37387.92800405792,-0.5214798087298789,-4.2785201912701325,-0.21445361742565283,0.3328703568449597,2.5826347114465273e-05,0.00019296040089091988,4.177462360557096e-05,5.403287693918106e-05,2.8487158304859517e-05,0.052466956276519164,3.826069993248326e-06,4.972809250300216e-05,0.009769023528145414,0.08619844181092003,0.11396211059990816,0.515385830163519,LCO,13,89
-55618.19250772513,2.6876248688896203,0.21076054865361696,10196.882765330778,-1.5199152122132347,-3.2800847877867767,-0.577961395934874,0.37167607042963813,1.3714592116338787e-05,0.00022866932002960202,1.903661140439466e-05,0.00011548291889952941,1.3033290307781182e-05,0.0601923020354569,1.6494857075020383e-06,4.338687711087949e-05,0.010394505930127921,0.17215130847460725,0.04351215024457908,0.13637514534593975,LCO,13,15
-10040.23665358978,2.359430379200847,0.011389931953473768,7129.481188766532,-0.5758933527439041,-4.224106647256107,-0.8171670313875784,0.2990028286850164,2.6680239489890493e-05,0.00022271919215804278,1.6584478760172202e-05,0.00014610402111260698,1.2001347499076088e-05,0.04118971034295414,6.389096121288988e-06,4.5403099018398995e-05,0.004040713473854818,0.01115524767343385,0.06459944103925296,0.0370782798997348,LCO,13,97
-187176.06529396435,2.6233310521514897,0.054638637429737645,45454.18173169629,-0.8797795190296824,-3.920220480970329,-0.5703139860263141,0.23193665885805254,1.2106242816566606e-05,0.00018967363900762314,1.6528758663634615e-05,4.73139143875689e-05,2.7656098452081995e-05,0.05193016869303782,7.588637292720579e-06,4.172998818080135e-05,0.01857298739247567,0.137692864946207,0.11537357786397591,0.106619571163503,LFP,13,26
-57465.20760185066,2.5938233271897486,0.014196821203211595,42995.175937725995,-0.5724105086742313,-4.22758949132578,-0.5051242402817678,0.32168197047520775,2.929788732477804e-05,0.00022608201949323158,2.3622962192927437e-05,4.7371235583058965e-05,1.946992639057852e-05,0.05598711387732894,5.116527854231661e-07,3.9352318610611634e-05,0.00921111359750916,0.1382246694978073,0.1151264339684214,0.17152465625200353,LCO,13,95
-594153.1425159378,2.5632819489502716,0.013256146600942301,451442.1219936973,-0.5493164059239106,-4.250683594076101,-0.8086300271526994,0.3016911478610929,1.729310740120865e-05,0.00023012702041723824,1.0070354596625802e-05,5.6505214280256694e-05,1.2597904821369988e-05,0.07481034562012862,2.3472093119373353e-06,4.681823048493131e-05,0.024389771248410373,0.013784370757930141,0.0733465920676316,0.03423901002173899,LCO,13,93
-13555.308727719486,2.9804907000682874,0.8305895514872544,580.7601569626421,-2.1826623988410603,-2.617337601158951,-0.7850272245005341,0.26133408432660665,2.5725029426108653e-05,0.0002117907405643618,1.611055293548834e-05,8.43575130652294e-05,1.7635001756539656e-05,0.04118594744297324,6.071996109294742e-07,4.452984232894649e-05,0.004089784711971127,0.013596488490274969,0.09631607021493716,0.03506021679425392,LCO,13,8
-26241.071887977167,2.8336370154071533,0.08442309256080237,3224.9949903441525,-1.1640011599585165,-3.635998840041495,-0.8157610602238278,0.26017938162818294,1.2765366795227713e-05,0.00020050745233461578,1.7919844864651078e-05,8.561055350646369e-05,2.887909362405722e-05,0.09442996006763028,6.234589854484345e-07,4.4528637914457726e-05,0.004091726316373343,0.013884270968841372,0.07437944127012115,0.02597522753720974,LFP,13,19
-750737.3276736187,2.6458778464479047,0.013474861888434862,436665.7782925977,-0.3327137383864027,-4.467286261613609,-0.8697394038823952,0.23697044080250215,1.9389759010598926e-05,0.00023592767885075592,1.3428610788817072e-05,4.155925507823653e-05,1.2050056234129463e-05,0.09995102101176656,7.613061644609426e-07,3.803655951068254e-05,0.024628696536953563,0.026148426963122747,0.015072068888911369,0.01904010026557072,LCO,13,65
-726990.7996031543,2.527133679148501,0.013047087254954404,584157.5330180292,-0.5742526938862724,-4.225747306113739,-0.6696202357565,0.3096541531695738,2.6546158998075007e-05,0.0002207048519512832,2.1168360101748023e-05,5.619813720758034e-05,1.6682967787209455e-05,0.09977820180006713,7.200812947354421e-07,4.910044985806973e-05,0.024545537000266834,0.052938192114461206,0.01606378574732327,0.19137778638171554,LCO,13,96
-121891.32739001633,4.127403965900689,11.096280542490828,2563.3219571163695,-3.4335871862254024,-1.366412813774609,-0.6874327804989744,0.33305235538603756,1.822338383791064e-05,6.159551134249573e-05,2.7412195620730648e-05,7.992309163296303e-05,1.8273420417306223e-05,0.044524034351671404,3.1041813200974485e-07,3.1641846759515536e-05,0.0242765237451499,0.1002980385256994,0.05200176555597656,0.09026741541934973,LCO,13,1
-86351.8376124014,2.2375786133673206,0.02573754746186737,30997.32202800973,-0.730167424475006,-4.069832575525005,-0.592417991017982,0.33702978197170375,1.2453988111027022e-05,0.00010284540721122837,1.5115641366378957e-05,5.003696926372984e-05,1.5640576098782255e-05,0.04470696786901939,4.4272009958436546e-07,4.3524437192943115e-05,0.013826736143913484,0.1045463667062892,0.19690333878653365,0.03613230348919522,LCO,13,37
-51296.800353764,2.8206669630720933,0.12433765546631825,5288.651806616763,-1.386287908031747,-3.4137120919682644,-0.44866782496475033,0.3825345962587958,2.8586270855309085e-05,0.00016241070859626845,2.2957960225029884e-05,0.000138262050050658,1.3219160292221182e-05,0.04299479510653032,1.1490849678529253e-06,4.458939840647165e-06,0.00874144144010454,0.12008158058160745,0.2541759264249197,0.10707466802872259,LCO,13,17
-300389.87756874773,2.663279024269442,0.3601965949718094,34471.706161229326,-1.843696052329534,-2.9563039476704773,-0.5298006551664516,0.470521815306417,1.7755301044437444e-05,0.0002070959289459264,1.9912701451754126e-05,0.00011047615007956647,2.3085390589382757e-05,0.07509794966119449,1.0632779827421133e-05,3.999903935764105e-05,0.019741376369351905,0.014487072830142556,0.09287249844146263,0.29283977356194335,LCO,13,12
-261092.45840382722,2.2138483623258787,0.03855443056843882,85408.9310367833,-4.573778363371865,-0.22622163662814643,-0.17392528981850097,0.23330828018349875,2.596334999170417e-05,8.526669075696891e-05,1.880757098975326e-05,0.00011139296619799412,2.913682246089091e-05,0.09527089380899151,9.699380944276574e-06,3.51151990502164e-05,0.019836897078792277,0.05049341717965278,0.14432673760082654,0.5612545554010198,LCO,12,31
-23890.399112895186,2.1496225963875877,0.01553786999338092,11248.679251585387,-0.41594387916993014,-4.384056120830081,-0.15508818960447834,0.21751678930463847,1.7231674675205282e-05,9.539612950976319e-05,1.3103501459697476e-05,0.00013727296201134273,2.90385677735135e-05,0.04319214441743907,1.0945714736538034e-05,4.2131564153179827e-05,0.007403347516031539,0.17559948649390253,0.01068494412996258,0.5886273797716566,LCO,13,57
-196589.5382836581,2.6253595119346538,0.0224808239201581,44210.5134015821,-4.633558104612128,-0.16644189538788368,-0.5256916363208803,0.2349570252281653,2.846423603033881e-05,0.00016729025456449476,1.1370687587050859e-05,4.665948231940132e-05,2.922125194087294e-05,0.09837213135075565,1.0033368470787438e-05,3.53021266633538e-05,0.013822658688409333,0.13497787585172755,0.10124412272955874,0.16808636509783337,LCO,12,28
-200472.28925896587,2.6701727852898114,0.7189802302891517,21343.466379062327,-2.088854349472321,-2.7111456505276905,-0.7294270515745396,0.5093129191979925,1.5187037356642131e-05,0.00020291875203322883,1.2716681159793361e-05,0.00013711995139654767,2.188316820158836e-05,0.06681016926426714,1.0797651641934493e-05,3.720490452208129e-05,0.01733381234653345,0.014642440690989463,0.09867947196031457,0.08725103577415645,LCO,13,10
-228053.73609025712,2.2858215893556606,0.011406503422548389,148445.00827905623,-0.5592361827981591,-4.240763817201852,-0.5896892613773428,0.22843767775356355,2.727272569247783e-05,6.5539537682588e-05,1.1498480288303664e-05,4.577245301512705e-05,1.534566053309023e-05,0.040283815923414054,1.535624217404455e-05,2.1563821015147503e-05,0.020788555280448102,0.03666695489278235,0.2768117130057447,0.02683207072413018,LFP,13,99
-18180.41243540019,2.5599574324235177,0.014675016157478727,11059.886232952662,-0.5998791448573826,-4.200120855142629,-0.12894823559475121,0.36579653837174597,2.6022083245451164e-05,0.00023302405107564916,1.5933848542158282e-05,5.320003851977093e-05,2.8478254260754924e-05,0.05511895246489289,1.2866792774165937e-05,4.515412354420907e-05,0.005049185539480064,0.06142735790497116,0.22557163882782152,0.5140527676724561,LCO,13,97
-273047.2755734181,2.3055438851238512,0.009249431813050183,221821.0906315855,-4.368023496594596,-0.4319765034054157,-0.3956618469429499,0.21799908863375997,2.1607645915322427e-05,0.00017315494115019883,1.2166524740177615e-05,0.00012406314186723234,1.4208281832893188e-05,0.06683072075570712,1.4098412855681038e-05,4.401568588475797e-05,0.020416720330295665,0.05384887689378448,0.45608741657411794,0.02440185958914775,LFP,12,93
-169348.6691303648,2.786523497486114,1.3677616402919681,10638.115824755274,-2.4408893304785693,-2.359110669521442,-0.7494905543291006,0.4447702828243554,2.995932063459593e-05,0.00015264968257944463,1.2786603023647593e-05,6.843929357523671e-05,2.126182392016633e-05,0.04439224465895245,9.790601122336672e-06,3.806620717896435e-05,0.018623263310878633,0.015246153718770292,0.0529828429677881,0.11228044898434099,LCO,13,7
-22113.03596131182,4.3044050133457805,13.437459500904655,644.5701246772114,-3.568794263626316,-1.2312057363736955,-0.35810497925044305,0.5157609584238161,1.3411355215180049e-05,0.0002370097479070399,1.2778578302524268e-05,0.00011538741142169463,1.9423098442966544e-05,0.06658058891246546,9.829064771445484e-06,4.964476240809025e-05,0.010172925873099363,0.011935399158664999,0.5086114830016745,0.05134813858921748,LCO,13,1
-94515.9902649415,3.1850771054907243,9.186206117649608,5422.798159619803,-3.0146878107039115,-1.7853121892961,-0.7527726727385586,0.29424469165732475,2.9609504064212693e-05,0.00023517621067776739,1.0676023224626257e-05,4.9693677372615776e-05,2.9713733472688515e-05,0.05818683101820751,8.675485803417272e-06,4.853691449021628e-05,0.017528589026415325,0.08237010641772774,0.05854675290403831,0.03631046793967528,LCO,13,3
-381077.93900891405,2.213752305449594,0.020536161096858796,184337.5889470326,-0.532720524890216,-4.267279475109795,-0.8088642338722685,0.21073115221989155,2.841961221988384e-05,6.527147177531213e-05,1.1664229623297824e-05,6.383734755988593e-05,1.4034811910205627e-05,0.07461150281536087,3.291485087496128e-06,3.513222260054687e-05,0.023742881377275454,0.04871940894933413,0.05004616565150144,0.02237019152689604,LCO,13,46
-68256.63125812108,2.7310956047206685,0.47937958327633945,7581.763726520591,-2.1552831889117456,-2.6447168110882657,-0.3328494688406194,0.3797990695310397,2.8639499739671992e-05,0.0002492924165677788,1.2711565496205893e-05,0.00013787019691801063,2.4877595681010373e-05,0.04043072918284378,1.0485823694844218e-06,3.3961216714170286e-05,0.015194074275926076,0.15435100983655622,0.026115628433544653,0.4166838928892798,LFP,13,9
-128316.29430985753,2.2031892416837615,0.12366776568821274,20345.66977680928,-1.643657918860157,-3.1563420811398544,-0.3663876027417231,0.4316571524060627,2.440830022794239e-05,5.0543219523032965e-05,1.1511211521056059e-05,4.252519523584552e-05,2.4180024702491336e-05,0.05405690417528036,5.460447475907377e-06,4.1206644073194116e-05,0.018700222319328295,0.1306705999062055,0.08093356426322343,0.352008233088848,LCO,13,14
-192121.47400012368,2.3002721828382326,0.2813868724765997,16666.724712072202,-2.2150876244109696,-2.5849123755890417,-0.24447875348755166,0.27735866236996404,1.3977299148098801e-05,5.049178661541633e-05,1.0839647277769766e-05,0.00011903465292514024,2.4171186898446883e-05,0.043096024732086256,1.104951123538653e-05,4.1195218505833444e-05,0.023846059200219268,0.1761627114596467,0.010923007557234677,0.49843552749556697,LCO,13,8
-47064.20958176318,3.8316776672264607,18.44908108071371,1518.8561371104238,-3.503234621729618,-1.2967653782703934,-0.6559156586251895,0.43335062608654884,2.9670847999964145e-05,0.00010788817141563864,1.0106863107919098e-05,4.9095540668114626e-05,2.7732957490004233e-05,0.058232480627013083,9.390945397678577e-06,4.795334453212445e-05,0.017026404935625267,0.11214359660126327,0.13012480888786254,0.031815935885684654,LCO,13,1
-428277.6089632128,2.618025699748378,0.14082041890367636,89995.98949883117,-1.412950944219105,-3.3870490557809063,-0.6295248328985396,0.32521694412496055,2.7234287176524836e-05,0.00024682418380335197,1.8825221733481612e-05,9.61715994010121e-05,1.305791443019129e-05,0.0992402923002215,1.2843829517751947e-05,4.035621094247831e-05,0.023634576884801896,0.04331208603950232,0.1464601940274299,0.11070288703452826,LFP,13,16
-35933.201954403354,2.570881613563284,0.2674852208034153,3594.7792950371772,-1.7165986417539116,-3.0834013582460997,-0.29972436920829393,0.5213952461600022,2.2633528963487234e-05,0.00019159985657365056,1.6298343570252515e-05,0.000114964219794374,1.944277320655777e-05,0.05408352875376572,4.365628453267227e-06,4.9666330825377945e-05,0.007310494722217175,0.01596108669124088,0.5151613039090471,0.09915324019141811,LCO,13,14
-51972.98980213717,2.2992168250787652,0.18353578992890554,7217.769084264175,-1.5207984984856324,-3.279201501514379,-0.3822592069585701,0.3705651252834282,1.78660928178139e-05,0.00010652030162767965,1.6351929147546988e-05,0.00013917414577234905,1.6967826221446865e-05,0.05717889829288692,4.199059510858787e-06,3.812543476836925e-05,0.00954510503636763,0.07097120325103004,0.05165646609152356,0.42511312369887644,LFP,13,15
-281028.7580336748,2.3645204388873515,0.07401108335084727,36436.743939261,-1.5182779318748985,-3.281722068125113,-0.15653236106773416,0.20117384132665153,1.2493687488488273e-05,9.644035095469574e-05,1.9641995356800014e-05,6.923988807727329e-05,1.5857454235091002e-05,0.06422051612868337,1.7350871500199567e-05,4.7778152169222185e-05,0.022076701737805383,0.0403630057329106,0.4432429401810305,0.28986169301832476,LFP,13,14
-48813.03633624568,2.6218686041095607,0.6552892782173476,2805.315522061934,-2.100575187535725,-2.6994248124642866,-0.4422566005694606,0.6670984749877724,2.9987641484624815e-05,0.0001922772610159968,1.6299182685352527e-05,0.00011489581433070556,1.9465265978573717e-05,0.05407991714879636,4.365609781472856e-06,4.965983802022142e-05,0.007141554338518426,0.034446913050724476,0.3744964800009214,0.07880000637889362,LCO,13,11
-362990.85810264054,2.5122861326744066,0.3156973091577089,44688.81915795713,-1.9054945745901435,-2.894505425409868,-0.6922395630456698,0.20708960869725168,2.9097404486278774e-05,0.0001351720396386065,1.890418971238241e-05,5.684857332965903e-05,2.932515899390558e-05,0.09836771603357085,1.2985267058074836e-05,4.051408467776549e-05,0.022008866929331464,0.04312337180767765,0.10049230122300737,0.09414476392364526,LFP,13,10
-668047.6133680309,2.5709853620913545,0.014251458800649036,323355.5283845845,-4.219888197397971,-0.5801118026020404,-0.40919659283544874,0.283522971738451,2.0107653364394863e-05,0.00019892418318502575,1.9811803788757447e-05,4.665499025231902e-05,2.9260635544885437e-05,0.09357529792820823,8.352045893163267e-07,4.344903675576706e-05,0.023402849052128326,0.012535730349407772,0.4720946003707188,0.03617307644442472,LCO,12,76
-169027.3328198811,2.2873006454375124,0.05827459450610354,37364.48615362395,-1.2589424953789177,-3.5410575046210937,-0.747584565651528,0.2248965852784448,2.716333222123003e-05,4.9180358212069816e-05,1.2285530089373004e-05,0.00013030901871629888,2.4563672869352143e-05,0.04003276692526533,1.4785160973760217e-05,7.525009765263512e-06,0.02392189017499545,0.04583059575308182,0.08550294611788889,0.05108189247750139,LCO,13,17
-45613.67443719219,2.538960153407745,0.0621942939200265,10273.295764362718,-1.1143160972518515,-3.68568390274816,-0.32154985605160824,0.2260188298906632,2.9411473263771658e-05,0.00019295305238188653,2.59730659695524e-05,0.00011481008896348332,2.213164509435418e-05,0.06382067016993496,5.835925435254279e-06,2.8774650529850222e-05,0.009502126443181129,0.12292049063582176,0.377459749649493,0.10806990366307695,LCO,13,20
-170881.32544900692,2.2460569197510134,0.2711251894310648,13933.94686702394,-2.197368579086543,-2.602631420913468,-0.07249298405666182,0.22422652412785066,2.6544060316623802e-05,5.0502034834648e-05,1.2858162595639667e-05,0.00013037803059547998,2.4564876085401338e-05,0.04003209451121953,1.4986666969672663e-05,4.329594589086912e-05,0.023845854046691043,0.23786173193447196,0.11876733437222256,0.5008779496366437,LCO,13,8
-23844.816593940184,2.169957360828582,0.08953777080031998,2728.1747096912177,-1.4109809718985034,-3.389019028101508,-0.5159409989561423,0.21759805772051968,1.6742686258903064e-05,4.796886145721349e-05,1.2905735381640596e-05,0.00010907641507510388,2.321311512050647e-05,0.042841874011378935,4.2980235857675885e-06,3.166369116601354e-05,0.006814531681826913,0.059270635930634426,0.13061900011980926,0.22416936499341408,LCO,13,15
-57448.41852132182,2.831327885109144,1.2415166660974664,4419.707729968898,-2.0149501709800717,-2.7850498290199397,-0.3950628639515791,0.3515998007826511,2.7930594162170936e-05,0.0002324236885829346,1.0437969080701583e-05,6.842671487969384e-05,1.9426708006867543e-05,0.04439363991980443,1.318946040273184e-05,4.8788150119105306e-05,0.01048325090361367,0.013684504529993327,0.48885090496468053,0.03240172655374702,LCO,13,10
-309508.2029782685,2.8357475794678377,1.251814102554766,28849.561671994248,-2.508289554471304,-2.2917104455287074,-0.777221677580455,0.5498042777047429,2.9979946501406645e-05,0.00016041284591178793,1.259131634485707e-05,6.852403603297437e-05,2.1107989642628825e-05,0.08481297564016345,9.615186781782199e-06,3.804824442459986e-05,0.022035980721168805,0.015164321943879006,0.05195560961179854,0.08565839086386755,LCO,13,7
-31421.081832923763,2.2427033325919212,0.4903027946902604,1637.6734849827337,-2.522932333166267,-2.2770676668337444,-0.3484878220271034,0.2840374548102539,1.6607127655506587e-05,5.0543371968124176e-05,1.3831439823307239e-05,0.00011113500024946107,1.7199434264330065e-05,0.059230349845291484,3.0476151220927754e-06,4.2164233577341345e-05,0.007234027635107274,0.15305756597692557,0.25841056457117867,0.1700440474247924,LCO,13,6
-13281.105594267938,2.1546642562403022,0.08644380723039312,1133.0672540553055,-1.1988609313914935,-3.601139068608518,-0.35468146726600047,0.23336300469479665,1.9682674638877012e-05,4.910093600806341e-05,1.0213887964741902e-05,0.000140268196079219,2.7534709450065854e-05,0.04342134032576399,1.4307343559284876e-05,4.12162992772355e-05,0.004088448498094049,0.021666816850373763,0.051980740875467155,0.5016709750081587,LCO,13,18
-374027.4805005105,3.1392682539165526,1.9030174481954731,32430.350666153172,-2.1958982684577464,-2.604101731542265,-0.745367781026229,0.6555771985875588,2.9626473258341154e-05,0.00023400540697821146,1.8923641632498958e-05,5.0696303679135445e-05,1.5107469704796245e-05,0.07608171081452267,2.2380975792019958e-06,4.997134651474281e-05,0.02034941999731727,0.02992702041377232,0.10747763364875428,0.04722756491124444,LFP,13,10
-476615.95064593357,2.238626484268422,0.026933823207528563,264336.854400872,-0.4198626063554869,-4.3801373936445245,-0.8564562782461659,0.2164844566859619,1.3427040283662201e-05,9.147466097282499e-05,2.214984775362297e-05,5.603542494520784e-05,2.9068603356150235e-05,0.07446868231102297,1.5597574814850293e-05,4.915205289783069e-05,0.024999069406652263,0.027177615156655937,0.012627283445726147,0.0337388231514521,LFP,13,56
-231103.3880829333,2.380744642553665,4.278736325182405,17141.6197664824,-2.5954181280425104,-2.204581871957501,-0.4696538239565163,0.6290084405430634,1.3789945190644041e-05,0.00011307457833949055,1.0441618655278086e-05,0.00013837570557450566,2.42042527128745e-05,0.04143995738556642,1.1096831840921498e-05,4.112490616525525e-05,0.024872354065880085,0.17756376617632036,0.23425746401375944,0.048524945853404,LCO,13,7
-529808.7694287277,2.5930320164658824,0.028049859725272547,141020.42566802024,-4.45665977006162,-0.3433402299383914,-0.7053878485323022,0.20869846482443158,1.7268637283458025e-05,0.0002448876683195016,1.0786928619540611e-05,4.665003939105873e-05,2.8718946715509676e-05,0.08599699490075878,1.3039672192839932e-05,4.8936043936500685e-05,0.02111700080969875,0.011238046873667973,0.0439784398495444,0.16939566474448547,LFP,12,39
-316942.84992240416,2.2129733856198053,0.015747017890289892,132808.50285132197,-0.4009353202652832,-4.399064679734728,-0.6328621746502309,0.21606377544780397,1.7250361439597265e-05,9.146754795254777e-05,1.0806341410162946e-05,5.558321263430856e-05,2.9106022664480246e-05,0.08866519609609258,1.748158754315887e-05,4.7559516226636514e-05,0.016868063142844655,0.061511718789472605,0.012628089848920705,0.22299801671137584,LCO,13,57
-125208.22582521281,3.655235917130206,8.98007853875487,6185.603160977712,-3.0793446001568725,-1.7206553998431389,-0.39658641761893876,0.3530983720104552,2.9969526273570997e-05,0.00016267289325149197,1.2666178393529011e-05,6.777898064623552e-05,1.424683154213041e-05,0.042984302955073384,1.3439832075822897e-05,3.893359683762323e-05,0.023053355129322908,0.16888134186452403,0.25749530535548343,0.10703693516105384,LCO,13,3
-100311.60658943285,2.1547102162057525,0.04603142337331621,27578.512340265297,-1.0507660289664642,-3.749233971033547,-0.7690162710947354,0.3291807048268005,2.4559430046096193e-05,6.199064436603737e-05,1.0813925344738879e-05,5.558941383628675e-05,2.8841165027633605e-05,0.04541544804819539,4.590897108933796e-06,4.855294664165591e-05,0.0175377818670618,0.06148915532411375,0.02756675008660887,0.07192782349454209,LCO,13,22
-410285.44326919864,2.2101007528965284,0.09786426044703349,65310.907355815565,-1.5804141587934666,-3.219585841206545,-0.5441341414179274,0.32597471876297074,2.6278239802149995e-05,6.016992407709494e-05,1.732768010961098e-05,9.719273069505512e-05,1.2967507375276221e-05,0.0916351827362186,1.1578204626377728e-05,3.6397483522848365e-05,0.023614015585827295,0.05028729113850223,0.19678478099227112,0.1387937864512993,LFP,13,14
-733062.1317142373,2.447488755063149,0.05300333691886394,166757.54438541242,-0.7334804635063179,-4.0665195364936935,-0.33452524161985164,0.2768590489693547,2.9046498416497347e-05,0.0001115921965959854,1.1921675449983437e-05,6.0708764224455334e-05,1.4789432338532239e-05,0.09423582835437153,1.684240349006136e-05,9.976578927570329e-06,0.024833895632781877,0.0765037899446575,0.18261586100618937,0.3363551074293015,LCO,13,34
-387562.36541853414,2.458258346043455,0.9039579672216785,27889.854875142926,-2.3499256602606664,-2.450074339739345,-0.01084446489029156,0.23761049161166847,2.7180739387527442e-05,7.376429498979163e-05,1.0733117984735543e-05,0.00014843809148224705,1.2869651249177124e-05,0.08751849064606199,9.123900953909765e-07,7.24538668178871e-06,0.024282621192525937,0.14739058673530775,0.20033727710083535,0.5714276712735654,LFP,13,7
-473499.16092728276,2.180580635874999,0.012624765721739132,426091.9446404745,-0.4587432616843472,-4.341256738315664,-0.3387290737910401,0.29561055349925497,2.9100060115596907e-05,0.00010759992842035654,1.1786897988879101e-05,0.0001492033582077717,1.99334322336151e-05,0.09294582223647319,1.1734995035319356e-05,3.331950800477987e-05,0.02482919077326578,0.07746259138273567,0.18724456212642984,0.3265637726997944,LFP,13,85
-10238.032228239152,2.140219442031445,0.03942584544297171,4862.039838086297,-0.6942197540147887,-4.105780245985223,-0.6136597765061802,0.3452459724213995,2.7287972409127905e-05,6.706731975906337e-05,4.539212281938338e-05,0.00014303456643371607,1.2204852017928222e-05,0.04692974749551334,1.676929438090148e-05,4.986541718449841e-05,0.005128606524835837,0.13588828441299303,0.09250595379809143,0.08794598528273544,LCO,13,40
-38026.87528966425,2.542478736825629,0.09554988126489958,5575.103744281574,-1.2826349575416174,-3.517365042458394,-0.7863230398392456,0.2686478002128258,2.7435182601449658e-05,9.819310634265548e-05,1.203250655612926e-05,0.00010795092026623113,1.9433101562359585e-05,0.05410887184288246,9.003600864572933e-07,3.0486754596281476e-05,0.0077793506126480234,0.015042272934589727,0.07859474896931606,0.05003993825684866,LCO,13,17
-183600.22897028713,2.129589110104935,0.053200592866859395,109778.08448375697,-0.6359449903019225,-4.164055009698089,-0.21429267553146258,0.5908843566869486,2.7053999058022244e-05,6.737741801837283e-05,4.588517309717814e-05,0.0001211423853185497,1.620662142943143e-05,0.04281275130611655,1.5723769333252098e-05,4.8417101490643574e-05,0.023489442696006942,0.06694268776602325,0.5917757072918519,0.05698892941066219,LFP,13,56
-469572.5573856284,2.263619032182639,0.01927866684308129,245582.6004818138,-0.36440116691102986,-4.4355988330889815,-0.28805917742020537,0.3010295104293931,1.6272934812606073e-05,8.848983946337022e-05,1.1373379649574171e-05,5.200657371955729e-05,1.997537114031785e-05,0.09654079910690153,1.1238398638362766e-05,4.24828051831092e-05,0.02142871440274365,0.058292876532127696,0.05372522699799622,0.5299227190496707,LCO,13,66
-363102.5702569483,2.1513724193438297,0.012600061484191533,441913.8523442329,-0.45958468991011614,-4.340415310089895,-0.4243409939989722,0.29519090853383234,2.738548862097549e-05,7.896486209704934e-05,1.3739648513072545e-05,0.0001250340598178092,1.3220728713061887e-05,0.09315967218120169,1.6179948496833865e-05,4.896397726366864e-05,0.024889311692233036,0.07160915645166813,0.17480442903381546,0.2592454205155443,LCO,13,85
-208168.90629661066,2.802385716843956,0.5341983678035451,22820.78037396461,-1.876753756363044,-2.9232462436369673,-0.23402659959305327,0.2766904827072171,2.9073525170654696e-05,0.00017398838816916578,3.3487178200381805e-05,4.6692052850948416e-05,1.3307246737877166e-05,0.04632440329684241,1.7133282508145116e-05,6.88548899429591e-06,0.023072681500638327,0.08009490328471851,0.5721454647270976,0.04373303239513067,LFP,13,11
-107393.99630642142,2.56097515085089,0.018269797080782066,57085.26443815297,-4.284156535183406,-0.515843464816605,-0.6100739296051886,0.3772748257590116,2.8439182941943468e-05,0.00019266808263817588,2.0441963155190884e-05,6.588631200567746e-05,1.6519011330034024e-05,0.04392106937767516,3.0777905201491438e-06,3.4587616350622476e-05,0.013265044080932013,0.14215269585256762,0.049557819359478505,0.12821555518276534,LFP,12,82
-99887.4453872183,2.383170389103003,0.009576423668502459,72236.55400633819,-0.5625238677401043,-4.237476132259907,-0.22370113497372845,0.22274350838302728,2.8164070253500673e-05,0.00012727268761847648,1.244008142081572e-05,4.270435867543569e-05,1.2305004285631176e-05,0.08370828472969595,1.9216702935212537e-05,3.961391315963752e-05,0.010475483380477706,0.13712849655349368,0.4472637703463084,0.1219065981264695,LCO,13,96
-9471.755467070618,2.5134515427819815,0.02405275120004005,4243.407951864085,-0.5894462598215924,-4.210553740178419,-0.36071798638906016,0.22008960729861066,2.5987654815568922e-05,0.00014211839320080373,3.907429055980223e-05,5.4250197047557806e-05,1.245811402368007e-05,0.05024056254706387,1.3957019357258652e-05,7.75329189739869e-06,0.004650492966016495,0.012014909365742558,0.21518603209182596,0.34208107215337136,LFP,13,44
-79715.92987001357,3.4234189035192166,6.558209871414782,8851.436858817704,-3.2071448832481337,-1.5928551167518776,-0.31077247636255523,0.2591224335660735,2.7134200157645854e-05,4.84398259629354e-05,3.17487515829027e-05,4.310371893397219e-05,1.9663434311086414e-05,0.0939901986396122,1.0957106254055771e-05,3.197726690689504e-05,0.024650855856159247,0.01571139066121821,0.5095495897663465,0.09396654320988017,LCO,13,2
-79561.59892898085,2.530618761539839,0.03528831809040019,21298.921150866317,-4.5406232926638666,-0.2593767073361448,-0.10134835564899503,0.21374401285641784,2.6840377791899246e-05,0.00018091773661111542,2.154829571980212e-05,4.760100941067815e-05,1.9435235299024815e-05,0.09166317207716487,3.844150776510053e-06,4.571194696867151e-05,0.009456207484016368,0.1502950362497861,0.5542373332229146,0.12411927487830436,LCO,12,35
-16220.09100818442,3.358460371292046,3.885732723935706,1266.8830149746507,-2.6097481887611877,-2.1902518112388236,-0.07504590550267098,0.847789201781213,2.7073104989937354e-05,0.00014340453732395483,1.5577207630094697e-05,4.953003174490024e-05,2.8108431207781493e-05,0.05370540402508035,4.357878788251565e-06,3.761204671314098e-05,0.006217764737436004,0.14049106382979581,0.44618044352415553,0.26828258714337777,LCO,13,8
-17899.26738072406,2.302473230777683,0.01653120560613116,16254.175294696068,-0.5234676467906283,-4.276532353209383,-0.6178928908085306,0.3430701164760328,2.7014308446111872e-05,0.0001934125880825481,5.673037573901834e-05,0.00014830157025314347,1.2435668541191072e-05,0.04302224654554208,3.0838338407094887e-06,4.866801255734169e-05,0.006409350399195033,0.14171689018627842,0.04633405718989217,0.12405616181529892,LFP,13,90
-18718.610261844755,2.46856672315332,0.014680806036947918,9745.312886282922,-0.43486166777415747,-4.365138332225854,-0.27481998495222226,0.22383244326284693,2.2458557411444358e-05,0.0001350865592305066,4.2311912143947154e-05,4.2127705136673096e-05,2.793379042461599e-05,0.052543584594321915,9.570343565594087e-06,3.4850483349099596e-05,0.006206614108917751,0.12428199509939386,0.47089490086841024,0.0600031190799737,LCO,13,57
-227352.1077294753,2.1031779105606025,0.017225190875805766,210235.88370134638,-4.2284851987069345,-0.5715148012930769,-0.2658028338345423,0.27602181654393265,2.261927513941167e-05,6.108514221363376e-05,4.223800490195573e-05,0.00011797880234817756,2.773156948110949e-05,0.0831109542263795,1.768802362091874e-05,4.809896169424663e-05,0.022638047174539315,0.043804635774874395,0.4501676041598274,0.17022492623075608,LCO,12,64
-43205.475610844325,2.216741778204484,0.022165723974755233,30999.45827394692,-4.227130523749494,-0.5728694762505171,-0.6914814280565152,0.3729453676944085,2.5383118552068076e-05,7.960350422302094e-05,1.9678603894076113e-05,5.5039370149011146e-05,1.2224314503500466e-05,0.06817011384041331,4.755542962429723e-06,4.424955323751003e-05,0.008614835530602388,0.10065941404988465,0.0491199251870407,0.08873923270655945,LFP,12,70
-229806.99901469657,2.1797680854996115,0.04549117447574699,178289.8899349706,-0.5003214612058855,-4.299678538794126,-0.7298488589148917,0.7161236909981841,2.7444083126676275e-05,9.82769618885151e-05,2.294863849731167e-05,0.00012114368684575997,1.9504751321509417e-05,0.04269821745632031,1.6079270297346808e-05,4.864382434074456e-05,0.02380190677443217,0.06696174234581936,0.07306300889274853,0.06012638984654042,LFP,13,74
-35725.952415509964,2.3142106856768705,0.039588033481808574,11261.092899502244,-4.591754792493404,-0.20824520750660724,-0.4766844727861032,0.22003626958643882,2.9569151158847362e-05,0.00014241265489977475,1.2289079972693924e-05,0.0001295029203360281,1.2699337043878555e-05,0.050191614183642846,1.4086752326790465e-05,4.4049354448052165e-05,0.009164526298237859,0.1002885529202378,0.3067266618726861,0.04630031242097292,LFP,12,31
-608092.2989029275,2.726143557294304,0.0755969909934783,134492.4330774041,-4.6756612074215695,-0.12433879257844183,-0.7941868289466032,0.2983719184617834,2.850704029041575e-05,0.00018887364516428272,2.306075338446075e-05,4.653517563286278e-05,2.9882854668611527e-05,0.09988979581107431,1.0063571766507944e-05,1.773604463080092e-05,0.023231077641374255,0.010209512712720217,0.08648927332200909,0.03911438501866761,LCO,12,27
-41852.97911061345,2.171064906539152,0.025912418241302172,30322.06229033298,-0.607263718463301,-4.19273628153671,-0.028335985885537984,0.5504968612610185,2.579043630453274e-05,0.0001007365087955197,2.2810363521750984e-05,0.00012350168535721283,1.3820891700578705e-05,0.0466711000605993,9.831699960190025e-06,4.588609214909727e-05,0.009543047424293277,0.18355243263700008,0.5867790512147929,0.13133253026266914,LFP,13,92
-14708.941788346527,2.215145602984809,0.03407369584299528,6867.873576913392,-0.5578992715887736,-4.242100728411238,-0.2858896923665415,0.43274748088013115,2.7077572260458606e-05,7.301152040638144e-05,4.588313785269351e-05,4.642290339496258e-05,1.2003650296866603e-05,0.07596070906544267,1.5690182474487184e-05,4.823187001086336e-05,0.00441997598587528,0.029701218372489138,0.599079851773407,0.015329237487562458,LFP,13,56
-8148.190324273627,2.159293192885836,0.014931013207537657,6654.499471519637,-0.42164204100799196,-4.378357958992019,-0.5003660188130722,0.21710506144212577,2.875671574846037e-05,8.475886576437079e-05,3.270179331904017e-05,0.0001091000269247179,2.638930056201798e-05,0.0561803304250876,1.1755773288236923e-06,4.64645250899529e-05,0.004811774950508276,0.15592614896867732,0.017757278678206145,0.25595055354004437,LFP,13,57
-158173.20333257184,2.484172312917438,0.1088789226036561,19217.64820445337,-1.8415259395773802,-2.958474060422631,-0.6827376203472939,0.27572379450801554,2.9313952096927396e-05,7.875293404392697e-05,3.357825185133705e-05,5.8980096205999657e-05,1.3352858963615488e-05,0.04569913114649421,1.0332994535474458e-06,6.638326024118374e-06,0.020149504037200776,0.12001633923403907,0.037698380212079885,0.08954766020658723,LFP,13,11
-628685.5096324679,2.6489625720786485,0.029521432397129337,224512.92685661846,-0.5937209053794916,-4.20627909462052,-0.47858011653300137,0.22000054134601144,2.597481034353354e-05,0.00015762339958627403,2.1243306166291707e-05,5.923235257249086e-05,1.5904379797947353e-05,0.09011210759533514,1.4032079891173742e-05,1.270807263967479e-05,0.024952590457248396,0.10718037768455366,0.23055989438302893,0.11367961139941608,LCO,13,43
-176362.42259736985,2.1295616209201365,0.020948853141190306,103525.35810355294,-4.251726288873897,-0.5482737111261144,-0.12460835844974327,0.34710492828238027,2.899116359975485e-05,6.758297552693753e-05,4.223795182548715e-05,0.00011605882555173864,2.675669845941784e-05,0.04120719786059827,1.7920676512718828e-05,4.5692313511493366e-05,0.022879871112869536,0.18425432957862134,0.4511029788013525,0.17003433317028294,LFP,12,67
-254691.06342397613,2.3042053273903886,0.022588822140683414,157542.18384523896,-4.262290661031585,-0.5377093389684262,-0.3353088635306928,0.3602309600885624,2.7485008791244647e-05,0.0001741469239022263,1.2204687379311921e-05,0.00012108136862456841,1.9583602135582228e-05,0.04881045030170596,1.6975957279702016e-05,4.39694869021645e-05,0.024659924348092173,0.07304933012362115,0.46150810556474003,0.060133700780945994,LFP,12,65
-47443.79458027165,2.457583784444439,0.13865002636915605,16938.082620375993,-0.9754659978417024,-3.824534002158309,-0.7291570121610242,0.34496476120785435,2.23442390486964e-05,0.00021984751174187922,3.6197465646326564e-05,0.00014842537696079625,1.692779643179098e-05,0.09766310813228607,2.9294424266391785e-06,4.8966941126130855e-05,0.008069605800663456,0.14318074721434806,0.037004044944940875,0.0206581956796869,LFP,13,25
-319660.27766125044,2.3781269983701216,0.054674892958193444,135914.5845586624,-0.6504819078432362,-4.149518092156775,-0.2591746705561424,0.5917735956052745,2.1528032615578987e-05,0.00021998557631717293,1.1746942592150135e-05,0.00012105407396747795,1.6985981498775555e-05,0.07752937980911678,1.4075692237819844e-05,4.401510619733291e-05,0.019001505055816097,0.05380192575822202,0.5942843404609699,0.022739063224665658,LFP,13,55
-224904.7927339143,2.2458363883097956,0.04583980099623022,160591.3107138901,-0.5112584018439748,-4.288741598156037,-0.5093054304613025,0.7170469988439667,2.7401169392432363e-05,0.00014636826914536262,2.3037229269854458e-05,0.0001180756346362297,2.269688955548225e-05,0.053169630297673416,1.4070827282963631e-05,4.402125886138403e-05,0.020757954729909836,0.05208735156838031,0.30840338884740776,0.060203829122909565,LFP,13,75
-205345.2214879685,2.1737506814947896,0.02006826039625078,179440.52455632802,-4.29869957717581,-0.5013004228242011,-0.6920600693377141,0.3998601736357578,1.656515567985763e-05,5.426251740610477e-05,1.9915235591367143e-05,5.181217534797234e-05,1.2039611487818145e-05,0.05793324673810429,4.755520135148376e-06,2.9863952624240527e-05,0.020486545327836017,0.09988505682246379,0.04842637181023782,0.08962850202958425,LFP,12,83
-384776.5785792285,2.5422078045879584,0.012097136385404631,450620.91732060624,-0.4792145123052194,-4.320785487694792,-0.4346529055479703,0.2764452251837956,2.734369555469244e-05,0.00021906702383898423,4.1955781712154006e-05,0.00013891841829226126,1.3218680941090286e-05,0.08688482281563831,1.7523589831121805e-05,1.346205169364674e-05,0.024914727591121618,0.08388045682876952,0.14731484255514302,0.2641517950681172,LCO,13,87
-364775.03916509275,2.452580041304381,0.048449630144242625,195832.46515931154,-0.5564100542033898,-4.2435899457966215,-0.6218668540481889,0.7183419355117029,2.743964345178058e-05,0.00014107265495659008,2.2966026844092656e-05,7.441999762841992e-05,2.1956605471844446e-05,0.056662814856,1.9224277152532743e-05,4.878444994900619e-05,0.02380306866574988,0.06517697303352069,0.110651879594151,0.13230429332413948,LFP,13,64
-128921.20727747241,2.2647433772185495,0.009521676364897664,110292.96573271297,-0.4113427514719774,-4.388657248528034,-0.15694826855154187,0.22703458164387144,2.8268857039341098e-05,0.00021227121168988393,1.5147023925455173e-05,0.0001118946757809631,1.4232412310184367e-05,0.04105088901683147,1.1476325640770708e-05,4.671270120620724e-05,0.019762594923351313,0.30715903484749235,0.34844266891472686,0.11745002768623894,LFP,13,82
-55129.834483872015,2.280112053041965,0.018584205709356826,56811.50876125181,-4.435463988173069,-0.3645360118269423,-0.6586869700398699,0.4270316628306673,2.5366889942957903e-05,9.35610395874418e-05,1.9911557090903993e-05,4.3612788475302724e-05,2.317656151638059e-05,0.09416971241609616,1.1039018148295923e-05,4.448880244064046e-05,0.008429147131343922,0.13951647428449407,0.04529204641908391,0.08650450925655215,LCO,12,100
-172230.23893888583,2.622918562326176,0.14579440781525604,31523.341719523,-1.0977311116382964,-3.702268888361715,-0.33751544414043255,0.25677609223573117,2.9073699083906958e-05,0.00013408170308596348,3.354276762913016e-05,0.0001489641067797529,1.5116811564848004e-05,0.04343694476138429,1.4014629723770001e-05,1.0845012793242582e-05,0.019675447468773807,0.051798363261247087,0.5038163787617805,0.03686981383653989,LFP,13,21
-253425.06351458034,2.1294617209435573,0.0330440630636367,239583.32568505392,-0.6161939841448643,-4.183806015855147,-0.7363555410128797,0.21264802707974895,1.3472585405027487e-05,4.8021786358011685e-05,3.8529696752058e-05,0.00013516766428277714,1.9353928221290177e-05,0.09527760335550825,1.5174527863391082e-05,3.196552268925949e-05,0.02492921953117568,0.05422531427683168,0.048190823964000595,0.09122832074628802,LCO,13,39
-400590.4551344126,2.580515100611818,0.03564291465414478,184360.54580182338,-0.5736073036428238,-4.226392696357188,-0.7460426939747059,0.40291392905396567,2.2316883651464796e-05,0.00022166668730103138,2.0582090385043827e-05,6.125983557615267e-05,1.588703445054378e-05,0.09914882972462244,1.9324826381705883e-05,4.9664217568790896e-05,0.018563389661106412,0.09270101952299775,0.07098734160953098,0.020268944892765393,LCO,13,51
-186527.92467099588,2.5066711352438267,0.024230316301721216,93561.69543850067,-4.308926163874531,-0.49107383612548006,-0.31531588572383673,0.5718784368640226,2.425218863728061e-05,8.791570846054338e-05,1.6927490016450745e-05,4.943404623780849e-05,2.6602921909427495e-05,0.05600738787940383,7.816548375295503e-06,9.778038345877162e-06,0.017622719375557823,0.07605499296113712,0.5234729083954826,0.015156212919543575,LFP,12,73
-295164.5328077239,2.184587858047148,0.009379913287532118,226272.965809171,-4.216412904156975,-0.5835870958430363,-0.21529786164954556,0.2073133047181489,1.3880101208651468e-05,0.000102997054822357,1.4001870010869833e-05,0.00013837258853639306,1.577445910665433e-05,0.09581981377698653,1.5845351324785146e-05,3.6281759505181675e-05,0.019428370721705925,0.029361589258954823,0.5959697157976542,0.08937083329384543,LCO,12,78
-546125.2565843828,2.576155800799638,0.010263109966716536,369047.29148743575,-0.3336197468100863,-4.466380253189925,-0.6380218715470715,0.20013396752554125,1.633235887501167e-05,0.00021686299045884673,2.00567446342328e-05,4.0031023377524475e-05,1.9326304228914177e-05,0.07984765244979898,1.6732195098901713e-05,4.237871026807017e-05,0.024178500806279257,0.24061857128572595,0.016929118177271562,0.03443043898993107,LCO,13,76
-476838.29347963183,2.6701937183003572,0.10015391403191347,68029.79013491265,-1.5994530035214325,-3.200546996478579,-0.11413606294848289,0.29193391164213656,2.911194849523768e-05,0.00015838223027091425,1.4114950049843008e-05,7.16439105960631e-05,1.7563298800616165e-05,0.09992704973140384,1.956465282696284e-06,3.196513734973591e-05,0.02482665732152372,0.16547764200659082,0.5244481346565678,0.1259381603883586,LFP,13,14
-15501.412701728292,2.2467434319844806,0.011711773834002303,10542.238863518342,-0.34996917923508164,-4.45003082076493,-0.6356192656606172,0.24034722046889537,2.9240046713234753e-05,0.00014957653083409034,1.4836848593060694e-05,0.00014848512495187712,1.4633063905192275e-05,0.05042199641843473,3.987173835858119e-06,3.336837960952262e-05,0.005251023747180429,0.14195391067284888,0.09498860036833492,0.057438223298199025,LFP,13,76
-53984.206467948796,2.5903292841231127,0.019141911748045522,33501.19807987215,-0.5645818108324363,-4.235418189167575,-0.15278358219942978,0.44113455716956396,2.5750504642234758e-05,0.00023517388426116042,3.040480692450923e-05,5.61417466434657e-05,1.8446902654830587e-05,0.0481855705322779,9.373273358506836e-06,4.5680020220903886e-05,0.009528676690573968,0.18002583533558528,0.4764903454474022,0.1207002370175828,LCO,13,90
-39591.732889108964,2.1795516229267866,0.1291469752222934,5432.978996483844,-1.8430343261124875,-2.956965673887524,-0.3626760824923797,0.2479732780091427,2.422464834739166e-05,4.278996985936245e-05,1.6759411454304137e-05,6.642668051727715e-05,2.5884094874448878e-05,0.057757063356204244,2.597004602983629e-07,3.639499326331167e-05,0.010423057170276442,0.1721433785806815,0.17987048252683932,0.2153100564000995,LFP,13,11
-530509.4107372054,2.516598437855624,0.029570333197995312,204057.0618499024,-4.322369978764492,-0.47763002123551956,-0.13449491089951726,0.45409793967459117,2.891511556834913e-05,0.00016256877603599166,1.0585684229117874e-05,4.5184605448901836e-05,1.2273790414913441e-05,0.09826706198397203,5.784110828774093e-06,6.577118499604566e-06,0.021214030418984575,0.15578246249749306,0.504742109078027,0.1349805175249628,LFP,12,63
-69274.88326891698,2.2785691475167384,0.015152462529096106,41797.217214406024,-0.3898995650474788,-4.410100434952533,-0.25795543394108533,0.3131759377644825,2.7659895520572814e-05,0.00016893264795855682,3.0347146710109894e-05,0.00013049314020976548,2.6718768942217128e-05,0.05975013779091677,9.507958137010554e-06,4.819450369188089e-05,0.01037072216249061,0.0866853212623183,0.5236598041168247,0.06169944067977168,LFP,13,76
-335719.6058806471,2.408074565293391,0.1420714333818382,45605.26042808457,-1.5764670502975875,-3.223532949702424,-0.7290027646367454,0.21067612419422985,2.8448505106825695e-05,0.00010493770027142178,3.530846609302877e-05,4.872275944945618e-05,2.0797674028971625e-05,0.06283509999362416,3.228807244751642e-06,3.516451930989721e-05,0.024168518348277185,0.015412806224328918,0.1594637849790503,0.026120644159875417,LCO,13,13
-279849.37654410256,2.1042537392626537,0.01222734731163264,379993.1771716283,-0.3417140537870722,-4.458285946212939,-0.6215315218468038,0.2195802460825426,1.7906973595754934e-05,4.384612787570354e-05,2.0021081999117535e-05,5.435167916568503e-05,2.797885971223026e-05,0.09620839067276728,1.6754863001308622e-05,3.1933290194329274e-05,0.024415399298665187,0.04072399011975998,0.20597324231609718,0.061771245717339024,LCO,13,76
-109417.32824571719,2.5638221376104644,0.009505134505877779,53182.14483703054,-4.190075645070138,-0.6099243549298734,-0.13142278600727542,0.20157734976690578,1.296900453276303e-05,0.00022044161783423135,5.997389358629972e-05,5.639704460153226e-05,2.807829531017123e-05,0.042166142293515514,9.642670959006703e-06,4.900778846222352e-05,0.015008546271636235,0.058243017474131256,0.5331833001038098,0.20715089641478357,LFP,12,72
-229876.5975169745,2.136934270337078,0.0026377302703222117,245223.5118596135,-0.4911081373593973,-4.308891862640614,-0.5156550226568126,0.20567426777348305,2.9296510499610865e-05,4.23890672233883e-05,1.0500189395666855e-05,5.879807548189371e-05,1.2368167738664795e-05,0.05530507059887049,2.850506566790588e-06,2.5428823825371268e-05,0.02443941355758364,0.166484946463612,0.11296574195255642,0.13489428892701893,LFP,13,90
-709267.5738911519,2.306091493749131,0.03554253665467691,251786.96284977873,-4.437089958118513,-0.36291004188149856,-0.4896201497208298,0.4026071101749279,1.2763002291602324e-05,0.00011924711515786792,1.5627220970860836e-05,4.413202767151965e-05,1.639696231529244e-05,0.09631014173309792,1.6379918011558474e-05,4.697311543162897e-05,0.024286870751489546,0.22197015487214244,0.17657561370909158,0.041834081697936204,LCO,12,50
-239052.7367247495,2.21581876231268,0.017717006991688315,196789.656139578,-4.316679038621238,-0.483320961378773,-0.7383791913783024,0.38138371001059507,1.3876923365634356e-05,0.0001302857593017082,1.1431459196991581e-05,0.0001370076080725024,1.5676905181004032e-05,0.05907583881626694,1.5950191146097883e-05,3.626189677527731e-05,0.01993327609191224,0.08384122254102684,0.0837357860053776,0.024043800075293158,LCO,12,85
-185671.38938423415,2.699571100822799,0.1044146287041394,28960.468666515266,-1.568939998023552,-3.2310600019764593,-0.4367641957137534,0.2844006201123043,1.3647097676991358e-05,0.0002366368815169473,2.522164761402488e-05,8.458582799979234e-05,1.4923050651575706e-05,0.06785019941933032,6.4001290769975185e-06,3.540851755651036e-05,0.017727172877992123,0.13196928177395192,0.25703173369140253,0.10423478882089214,LFP,13,14
-752925.7434010146,2.678229574562918,0.6262525702579848,181563.53761970767,-0.9359092725325624,-3.864090727467449,-0.6972958561898712,0.4807087363850936,2.194269999936242e-05,0.00023570136671585527,1.790982972729089e-05,4.0638012355977806e-05,1.6446896048092385e-05,0.09673069561374054,4.1238875471924885e-06,4.9118664888750156e-05,0.024943748206512843,0.10467906281242308,0.01725886128576095,0.11076621971194475,LCO,13,29
-118246.7083029759,2.341155100834758,0.5751507613190032,14430.553899112112,-1.7378535979113892,-3.062146402088622,-0.3103409874938846,0.23050018020884133,2.8576247180107314e-05,0.00011488509896729713,1.595210033473293e-05,4.682758029712063e-05,2.497837571837107e-05,0.057908000376922085,1.9312446630372488e-05,3.888763497457987e-05,0.01605768770880674,0.12126774762370252,0.471744010577744,0.026647254304668924,LFP,13,12
-467863.1603390092,2.2581310755189348,0.012480035283891413,278686.9827467974,-0.380113767292265,-4.419886232707746,-0.32432510947526216,0.2746407620743519,2.6313117817387218e-05,0.00011045069601370911,2.8307369078787828e-05,6.859858903213648e-05,1.614133756773088e-05,0.07204535549969401,6.9132470075247955e-06,4.2512256378301275e-05,0.02422778330364448,0.03889076711258974,0.5531350296079136,0.01364909380423451,LCO,13,77
-361089.71884866117,2.2018040976112827,0.006040951424928498,302648.94523966854,-0.5475531724466123,-4.252446827553399,-0.6320079335592164,0.20416768801602939,2.589781852550098e-05,8.831561364074115e-05,1.1376081571829221e-05,6.386576905640519e-05,1.3277267523172524e-05,0.0736343192485013,3.0663374409357733e-06,4.541419250780443e-05,0.021237559186897376,0.24238822753471478,0.01668155266106596,0.03892228624500296,LCO,13,96
-468933.2479604371,2.411190937047531,0.04304158491882369,140258.42734833123,-4.565939649102646,-0.23406035089736577,-0.3400416745210344,0.31546883589546015,2.7909702639973382e-05,0.00023389573245406826,1.2932260526421678e-05,0.0001096959202188365,2.4013450735160908e-05,0.08184514859596545,4.192130926595864e-06,3.944005042157511e-05,0.023982723552622244,0.05225486790503238,0.45195231017542153,0.08575114739851177,LCO,12,36
-360887.9993461089,2.4672200100261974,0.017048825943156702,180572.95930429138,-0.3772383993117785,-4.422761600688233,-0.20764248220678683,0.33688598993990676,1.780688271979041e-05,0.0002425177800926409,1.5900716305066274e-05,8.723900967728124e-05,1.8485954616825885e-05,0.052058165644433635,2.0133241637762993e-06,4.5239020901947015e-05,0.023112855787874247,0.0510539870620183,0.206588464747869,0.4647150659833259,LCO,13,74
-229102.9304414493,2.2298966821498043,0.1613871807457759,39643.11046516798,-1.5640923495334462,-3.235907650466565,-0.8390822570415589,0.20117651423461552,2.5917864921294558e-05,5.75001135718788e-05,4.962164240210019e-05,6.387226142559195e-05,1.3979696231047539e-05,0.07343232174393087,1.7205833163836048e-05,3.290222864401394e-05,0.02033234906108661,0.04036785700478539,0.03572899534444004,0.014820890609215705,LCO,13,13
-245190.1111291279,2.1459740936908123,0.0064157669109647045,278052.70671013417,-0.5264991750534946,-4.273500824946517,-0.2568567364075264,0.20478234935271172,1.2765535803631247e-05,6.001899961837524e-05,2.2192662284071833e-05,5.901613195386229e-05,1.8052741496812613e-05,0.05915528797077723,3.458806852886604e-06,4.6199868775908855e-05,0.02462639971182484,0.14706956936895932,0.48894121391275425,0.037132480310760094,LCO,13,92
-261499.52985592597,2.3447917678233123,0.011143428839594034,101701.19138577764,-4.1883941022491555,-0.6116058977508558,-0.23450575302088317,0.20893326745181437,1.4308050748219677e-05,0.00010053356175760431,1.369156311586612e-05,5.972239724688759e-05,2.6106909967540288e-05,0.041745931154259494,7.1077981996921876e-06,3.5632866716100366e-05,0.02153400829363934,0.05855142082519734,0.5966041503982226,0.04033867575569691,LCO,12,69
-422215.2110124966,2.1544204426999096,0.014334417460023119,249226.20907511568,-0.45890451337022853,-4.341095486629783,-0.6209186911495652,0.22083017787366238,2.7786507461441918e-05,6.456147285259529e-05,1.1775757240012692e-05,6.129801172080172e-05,1.9018292916436457e-05,0.08665908929890087,3.3014591456793043e-06,4.806166993116147e-05,0.024745529933315975,0.13421335098587836,0.04223428100090844,0.13263367686364805,LCO,13,53
-438737.96435781894,2.5788311434645985,0.1517520390535416,73653.48204229026,-1.6093599621675665,-3.190640037832445,-0.61144815552259,0.21119135592443153,1.7855960138180778e-05,0.00015981269226123603,2.042041587139378e-05,5.315347651766636e-05,2.7118330065670562e-05,0.09994421714765582,1.80380423930279e-06,3.191868634064206e-05,0.024222472007728073,0.22450291636523378,0.06051586216807131,0.03353306594410496,LFP,13,13
-682308.6841266279,2.2865579484083747,0.016282412484612905,343716.03356566717,-0.4039026465180129,-4.3960973534819985,-0.36742149263919277,0.263505224717364,1.3391163747022585e-05,0.00011691720138912695,2.2978997932560706e-05,5.4740052507952224e-05,1.2246899758132205e-05,0.09632221915688226,3.393939253408776e-06,3.325976383643181e-05,0.024989288633264845,0.2708989998233411,0.22927615211355012,0.06240335542391609,LCO,13,61
-212357.1157311857,2.088934943836702,0.005652540931449464,352499.7925816114,-0.3624847174787149,-4.4375152825212965,-0.33504529629547253,0.20720364852063713,1.785581221247603e-05,4.26126776101415e-05,2.056711765399937e-05,5.314275626438914e-05,2.6722000959237612e-05,0.09457461519551688,1.7260359335524478e-05,3.193989561705857e-05,0.02441650100201393,0.2995631293395482,0.2746995742479541,0.02069200011702526,LCO,13,78
-419221.62341950287,2.268373281546024,0.011701954586094803,140435.61926644942,-4.20946029931514,-0.5905397006848716,-0.03403718630049957,0.2015226026330586,1.276334335577584e-05,9.593890296250897e-05,1.5816714656508548e-05,5.21912690280526e-05,2.8327160232803525e-05,0.06698353303286403,9.775701723633133e-06,4.6180647353309373e-05,0.021541533692421358,0.05737204371384081,0.5528983594086274,0.2856924105770322,LFP,12,65
-128812.08617039947,2.076546136711978,0.012253447879237208,97602.15638111143,-4.195796359927826,-0.6042036400721855,-0.7833716355300966,0.2546778288117801,1.2370942685733688e-05,4.19304541853389e-05,1.2625045174725785e-05,0.0001377921699971563,2.6644627695786317e-05,0.04245719073442061,1.713631082274055e-05,3.633614889150361e-05,0.017912666523905364,0.0403801917025686,0.027460498953392615,0.0787876738139423,LCO,12,76
-69855.87250582581,2.4929982890488604,0.019653682301263443,30491.189406304125,-4.34663385765824,-0.4533661423417712,-0.28872820556762857,0.20587213489597936,1.3254554997853236e-05,0.00016386801462064753,1.470924172332667e-05,5.7180415079152586e-05,1.528308098518649e-05,0.05162416515668508,3.875162480310201e-06,3.327583306062692e-05,0.011728475023976765,0.31710429915735694,0.2842898049409588,0.03987769033405576,LFP,12,52
-272768.0136274566,2.252367317719315,0.01049534222477749,133576.6276618175,-0.33373882331405724,-4.466261176685954,-0.2692070285630741,0.20011108900839822,1.2595733909077339e-05,0.00010235017997748121,2.0100110628458262e-05,4.008314909097655e-05,1.430283854402026e-05,0.07229201374861519,1.673676810686522e-05,4.2468202077782825e-05,0.017239661069072296,0.028530150387873043,0.5994939413709505,0.032768879678102394,LCO,13,72
-234676.42151065863,2.134620327678127,0.009261756434881422,280421.8681708015,-4.2845104638722376,-0.5154895361277738,-0.6431609103963074,0.21371777876987091,2.1682282450807446e-05,7.45622318422477e-05,5.2591803249175546e-05,0.00012414218099040505,1.3495416509458522e-05,0.0670045889595286,2.6068556297406302e-06,4.969685947702005e-05,0.022937667798418906,0.13868870990270088,0.07169897288306759,0.07645140681792416,LFP,12,86
-30469.53431684354,2.5734708440224465,0.019763491030739783,18178.982388452383,-4.448564898127188,-0.35143510187282345,-0.15565108329461008,0.45993749265833267,2.573697577490308e-05,0.0002359583185682397,1.826832549028119e-05,6.143508930419586e-05,1.2670439296079194e-05,0.04793900766007103,9.663662795436628e-06,1.0975378058815603e-05,0.007022242859404447,0.1890474157919794,0.46461073769103384,0.12069076322237668,LCO,12,97
-202236.0168424411,2.1072427892103667,0.006289096227216953,152515.5762193179,-4.383947021878853,-0.41605297812115793,-0.2124264940676902,0.2068526479307884,1.3641697633428806e-05,4.547134109513434e-05,1.0733563658668555e-05,5.9454586137924326e-05,1.4905994817626812e-05,0.0677255796289798,1.5866705671605175e-05,3.628303201585329e-05,0.017894028073110947,0.0372963937481607,0.5979060244697714,0.08237108771437773,LFP,12,95
-331612.6033083056,2.254434995200736,0.017759441665638736,129437.9268207591,-4.387219505251586,-0.41278049474842504,-0.3829936140663227,0.20856488917540128,1.2890639723827333e-05,9.535009292609839e-05,1.4048200967638132e-05,4.0706057590082096e-05,2.848310763416618e-05,0.066252483188716,9.735137118087117e-06,4.60066723545589e-05,0.022649787842196865,0.30214385584188547,0.13838572718548278,0.10647680290630912,LCO,12,47
-609641.2360132963,2.2977060817133586,0.017254229330273006,220727.0153364234,-4.381453174396157,-0.4185468256038547,-0.5952868076347799,0.20882344066340497,1.5222780162476101e-05,0.00011571198435144182,1.1770811795355805e-05,6.133566968204434e-05,1.898696350326948e-05,0.08747234289230284,3.2825957965312613e-06,3.027407726202644e-05,0.024780824816505117,0.05652876721645336,0.23802948366805102,0.04015494148071567,LCO,12,46
-203720.1255144866,2.1830700754415564,0.04744849780478825,54628.93212996884,-0.9149310289202575,-3.885068971079754,-0.2792509405329269,0.2449038897912415,2.8695271963775944e-05,9.508772462581053e-05,2.2997642694560928e-05,0.00013755891549109081,2.817709443376996e-05,0.043877222976304954,1.0275742562715946e-05,3.2367149129242006e-05,0.02396822047017588,0.14072499816230036,0.46399184492087897,0.04603221638389388,LFP,13,26
-52107.4723212935,2.222912275520337,1.0584939047047843,7253.83130438475,-1.9421130680416923,-2.857886931958319,-0.11595591056866728,0.7107969372327307,2.5790015755620518e-05,4.154001547088737e-05,2.2122974863918156e-05,6.354990983706273e-05,1.3820539948921349e-05,0.0851605881476804,9.985474820393422e-06,2.6838332595483533e-05,0.009407448157349965,0.03752133942152368,0.5931456881689063,0.1833770618409028,LCO,13,13
