SpecificEnergy,SEIGrouth,TempIncrease,Price,UpperViolation,LowerViolation,VolFracViolation,C,la,lp,lo,ln,lz,Lh,Rp,Rn,Rcell,efp,efo,efn,mat,Ns,Np
-450638.03665009484,2.4691576233063133,0.01593849872755546,412187.22014424636,-4.4248735746773065,-0.3751264253227049,-0.14366901290196143,0.36689207557252124,1.4092025431440807e-05,0.0001290290289867942,7.017339710586209e-05,0.00010612239493397297,1.331318293896124e-05,0.09623058917134447,1.2725095932737371e-05,1.4795023261404548e-05,0.023552734114978907,0.1028421962749338,0.598068112069535,0.08542067875356985,LFP,12,97
-13577.70162967384,2.5360038887579592,0.30799427880169433,1252.6591664103266,-1.9411995236058672,-2.858800476394144,-0.23846226876580912,0.24369584520766874,1.49244861750672e-05,0.00012633016867852066,2.1725111924027937e-05,5.5140544579013724e-05,2.564528158563483e-05,0.04108568704907803,1.4390593785741482e-05,1.0358135118103817e-05,0.006027070365130802,0.049694895769883486,0.18381293993822223,0.4580298955260852,LFP,13,10
-23205.938739738118,2.438491194823235,0.009718160590408023,11049.11518237707,-0.33976796005978116,-4.46023203994023,-0.25856705548409553,0.20866606724748088,1.8256345544556174e-05,0.0001466422726408642,1.4883321881689264e-05,4.5370964037487935e-05,2.348652722970062e-05,0.040892868260492196,1.8543615353369627e-05,1.0454681073805004e-05,0.006640250965180481,0.05756169516817746,0.44235030620112803,0.17152094314659902,LFP,13,73
-239623.04805049035,2.420497982696958,0.008811618333935156,328324.8469203829,-0.4828605721479846,-4.317139427852027,-0.7673123262227008,0.23325669589916082,1.4343107476117588e-05,5.8979152151974016e-05,1.1828822935984064e-05,0.0001362267643356421,2.9647892667611534e-05,0.0641451052414048,8.518498609300192e-06,4.278788943772334e-06,0.02387604975646266,0.04033885918742044,0.024371480398971766,0.09797733419090698,LFP,13,89
-67406.80703271342,2.513620449533469,0.16888192540378857,13041.085245712613,-1.5894103047310324,-3.210589695268979,-0.18576902117066008,0.4694911683624786,2.6375375075887806e-05,0.00011900298127822692,3.4734328545983486e-05,4.3601344448767724e-05,1.7856816064330338e-05,0.09972687188551597,1.077783383429931e-05,1.5475965516491983e-05,0.010343065426747218,0.18958355753929862,0.017041510105702658,0.5376059111843388,LCO,13,15
-200845.52857030957,2.5238907877065815,0.018517578075305557,130499.3208710319,-0.4009189202459069,-4.3990810797541045,-0.2676638521805428,0.20347464694266446,2.9839926616932063e-05,0.00010858566584033032,2.7107713629084536e-05,0.000132496347506703,2.7621926924591602e-05,0.04797970658415005,1.1604504485263618e-05,3.0555652275386954e-06,0.02332246011977329,0.015768099416591325,0.5739016878655301,0.07266636053733593,LFP,13,60
-145204.37024788978,2.482958571596181,0.00792400327911007,247657.314377302,-0.4835431189042012,-4.31645688109581,-0.712432605750613,0.23321653187396696,1.514823861755637e-05,5.9188217907322594e-05,1.2798541036971226e-05,4.119612881773575e-05,2.9646727797948488e-05,0.05179391410762396,5.261593592574107e-06,3.136468977619547e-06,0.024479449218106672,0.04038850290070288,0.014127442669446738,0.1630514486792375,LFP,13,89
-27901.78671609194,2.115246832211613,0.017747918725057217,22288.385467436554,-0.5989027960457278,-4.2010972039542835,-0.13046346507623352,0.35049324808461224,2.3746196424247685e-05,4.347438211292893e-05,3.578560999686818e-05,4.066848681096949e-05,2.8465731360384065e-05,0.042648631098913176,1.979854694015071e-05,4.540760925248605e-05,0.008637916184136717,0.05375696351335774,0.15604413302127249,0.5897354383891363,LCO,13,98
-16441.09667936148,2.5360038887579592,0.42930883348010446,1008.0961171019004,-1.9501794054187371,-2.8498205945812742,-0.023861052601550248,0.2436485289388971,2.8742482154793728e-05,0.0001284901155913105,2.1742565986514308e-05,5.14358554456887e-05,2.981292069225016e-05,0.04101277982841001,1.4448039626391322e-05,6.967637081855114e-06,0.005818715915125318,0.04498500969170869,0.29304272765164774,0.5681112100550934,LFP,13,10
-8437.949045526719,2.5428619010147004,0.0072947014343297135,5062.052238757502,-4.315582142980929,-0.484417857019082,-0.5983501825265461,0.22235755373846605,1.5103000105146543e-05,6.975730637518629e-05,1.1370785014928844e-05,4.042539528350228e-05,1.3434214670810474e-05,0.04009440199050153,5.137656329264605e-06,3.7636068772677045e-06,0.004080980056060692,0.03750677915525114,0.14922079489739165,0.14492224342081114,LCO,12,88
-507562.2943607676,2.2337176114136144,0.03243807692215058,92581.54861376192,-0.9209372583787712,-3.87906274162124,-0.4804743855074281,0.21085299127208068,1.912622553426894e-05,8.71776813403488e-05,1.4095872289482583e-05,4.1749719538532485e-05,2.3734136844786476e-05,0.08321914113263246,1.2012533086743373e-05,2.7274609385128692e-05,0.023160702849675453,0.020580620834406947,0.1981651391150056,0.23077985454315939,LFP,13,24
-289431.0279744731,2.8269214925202886,0.21889691564083202,55067.691403170444,-1.567749832877297,-3.2322501671227144,-0.02282116555436209,0.42805111460386697,1.445385718114916e-05,0.00022793178679106853,3.9834233288870025e-05,0.00014601216980573395,2.9254314492448296e-05,0.09971817047625134,1.5396186045672987e-05,1.728915188916814e-05,0.021138086372135774,0.13176967194464206,0.18382044297835753,0.5915887195226384,LCO,13,15
-171286.14728491165,2.3421965928998576,0.010183656032394432,248573.0977665974,-0.5531493764836668,-4.246850623516345,-0.5273356852678217,0.23398231641833575,1.5061197983788274e-05,5.8529900627339635e-05,1.2737198479819574e-05,4.064973114669649e-05,2.340027813788431e-05,0.05007930581079367,1.4696287604458079e-06,1.3860967272360613e-05,0.024491610833154077,0.04017824608273054,0.20347711452468073,0.1590089541247671,LFP,13,96
-32726.590370268317,2.0860774584242128,0.02394433908864894,28791.21724220809,-4.456260715660136,-0.34373928433987544,-0.31401717831562637,0.5287179855566817,1.989349295466516e-05,4.115598681155905e-05,3.5635447975595245e-05,0.00011029206713629568,1.809326934755441e-05,0.044291531058117596,1.8396274731969706e-05,4.877882139868156e-05,0.009130925175721177,0.010906804320565875,0.21426213191444615,0.3908138854493617,LFP,12,98
-13198.515159978831,2.423665359444546,0.02670149301296131,11055.255590814677,-4.456980214254372,-0.3430197857456392,-0.30905607318973205,0.5326826644984437,1.989958032069625e-05,5.447136891940768e-05,1.4020027813181223e-05,5.1771533771028926e-05,2.594686646624681e-05,0.0655332891604777,1.8396853491650098e-05,6.183590562818518e-06,0.004882180869136394,0.012430474110233314,0.21374311171395846,0.3947703409860762,LFP,12,98
-12423.944425730006,2.0878753688858422,0.00950832528109882,12985.7663570613,-0.5627473907378118,-4.2372526092622,-0.28443193674638356,0.23109682143646498,1.3824346371517838e-05,4.3654236905511416e-05,1.9424458327747302e-05,7.799709418227692e-05,2.6163276847881446e-05,0.04460754660925499,1.7824211780331906e-05,4.6596034275064726e-05,0.0060107765229237275,0.04030842318274696,0.2034527452091192,0.40180689486175025,LFP,13,98
-23025.79741096084,2.636623791323363,1.2594443192244231,1509.5967975157257,-2.2125258677894806,-2.587474132210531,-0.3825017059098541,0.6801394526798232,1.2229726853180086e-05,5.4530854270254424e-05,1.6094480704691617e-05,5.011193975699558e-05,2.6001120040493835e-05,0.07559693460463578,1.8944187480943032e-05,1.388132972034051e-06,0.004881397242511897,0.026027013426931006,0.05531373958449966,0.4661575410787153,LFP,13,10
-28246.862199266896,2.3765907323718745,0.011415815131771005,20435.651417583213,-0.40786055251969344,-4.392139447480318,-0.16704512046284048,0.2723568002949635,1.7792263682030822e-05,0.00014956376924764517,1.4671622375817572e-05,0.00013630148823184118,2.7685145091294807e-05,0.07199239640297272,1.1403706693493703e-05,2.2724272230868214e-05,0.006519018654365339,0.01206959781253478,0.5794100448543831,0.1714752368702417,LFP,13,80
-67712.30979204192,2.493897148031679,0.011611538816957109,27537.864288600344,-0.4576246344405277,-4.342375365559484,-0.022563372107128443,0.2920717449039677,2.9561713544210663e-05,0.00019526560674505762,1.886689779088657e-05,4.355839909716244e-05,2.3606613123179076e-05,0.06538433394397414,1.601011243921178e-05,1.0796882134278972e-05,0.008147597972005295,0.022973739030438423,0.47128527192490033,0.41317761693753285,LCO,13,84
-107052.88688041887,2.513365479432641,0.021654052363040223,61198.314568970636,-0.5301315425474797,-4.269868457452532,-0.41727538232251093,0.23948683310213695,2.554641075882487e-05,0.0001292114700169911,2.4706467143414145e-05,7.330816970268762e-05,2.334435923345052e-05,0.04978679524891731,1.4532318167678528e-05,3.1895492376551905e-06,0.016815761108380248,0.05997134060495881,0.2905901410660804,0.16216313600644996,LCO,13,49
-10399.719557845914,2.139728143870279,0.011621120655031266,11215.246618607069,-0.5201213152283728,-4.279878684771639,-0.4475657657014655,0.23117368238056002,1.994825337358585e-05,5.451851954212826e-05,1.5062449036623232e-05,4.7246419332813876e-05,2.594765409388459e-05,0.046542831328418105,1.7133621718092742e-05,2.771073045787407e-05,0.0056682166339544204,0.2159343379453939,0.21640236467898605,0.050097531674154594,LFP,13,92
-9793.725221846504,2.2954254784570485,0.01177717389973055,9163.099041255111,-0.545634347332232,-4.254365652667779,-0.4724195871193324,0.2725402043348312,1.3527384474384341e-05,9.033391103754047e-05,1.6006507643888205e-05,4.730685639096874e-05,2.7820962855732256e-05,0.04943092667519227,8.925906185434745e-06,2.7460268792997966e-05,0.00472208129663886,0.2118296815633624,0.08494187929361095,0.16080885202369427,LFP,13,94
-13219.109919664352,2.523258306285243,0.007855968304918724,10154.924313778618,-4.36304690178865,-0.43695309821136163,-0.622043085822606,0.2350815982696618,1.9968650498522726e-05,7.586594000509117e-05,1.6610432556895103e-05,4.018709108756519e-05,1.312198675337201e-05,0.04000209835312362,5.297473588960592e-06,3.4524240690066883e-06,0.00566885741675226,0.062454341589773435,0.2185512169127577,0.02695135567486282,LCO,12,92
-82106.20764991819,2.528689518410215,0.017618291005563315,30214.03999446852,-4.247294954423587,-0.552705045576424,-0.3008908636368508,0.2060342918554202,2.003484887819975e-05,0.00011033260145118272,1.103041224571765e-05,7.268398928506581e-05,2.6697426009735272e-05,0.0400165417390793,5.0383919879143566e-06,3.728623403760261e-06,0.012788383143050816,0.022466158147342097,0.5655866801754468,0.04105629804036036,LFP,12,60
-52964.57912998515,2.7734463373123046,2.0413612579755394,2975.859932402488,-2.7868498476106893,-2.013150152389322,-0.4809609245866022,0.20365538907128755,1.915382197107382e-05,6.88332895667515e-05,2.1766329080778572e-05,4.154751099280392e-05,2.2831533905901195e-05,0.08537600492722741,1.551133058011012e-05,2.40811690216877e-06,0.010087755877972362,0.019842918492232076,0.19927440176425432,0.22992175515691143,LFP,13,4
-31496.077729033503,2.2103345227494664,0.011851802630988565,29988.34266423919,-0.3473474565833641,-4.452652543416647,-0.268855477232396,0.23187440547638916,1.3845228741932502e-05,6.642449204851954e-05,1.5480250075901265e-05,8.274864320455235e-05,2.3399444314193745e-05,0.04949111444526223,1.1987997346839888e-06,2.65368451298732e-05,0.009961925476969034,0.04021922070136319,0.4435771462548507,0.17734815581139016,LFP,13,73
-44918.63059223822,2.4863162818467117,-0.0028645923242481175,48839.248456394525,-4.346786912680301,-0.45321308731971044,-0.26234872433707024,0.2210156931945971,1.4949887501807724e-05,0.00024566786571883953,1.1816238931264971e-05,4.103539692053492e-05,2.8288223973510105e-05,0.06613734325657439,1.902174623101106e-05,5.699746620049969e-07,0.010073839219164011,0.044411565172557316,0.4830606862816921,0.14017902420868047,LCO,12,90
-16552.2079720608,2.2814048861175698,0.011563471391494157,18116.619234251106,-4.18029648145702,-0.6197035185429911,-0.7978372406378275,0.2034352991932314,1.447243363428438e-05,6.137225817504092e-05,1.0736100419806746e-05,0.00013668654247011284,2.7086049651207826e-05,0.085897331039672,1.1445163486723497e-05,7.245782700686375e-06,0.005853295319269759,0.037943100976272764,0.019596856456772498,0.07462280192912733,LFP,12,65
-16898.19065910195,2.3474554078604806,0.06663813239015216,2987.124609123546,-0.908842262473442,-3.8911577375265693,-0.03574046609560022,0.24471057929061713,2.968274034585815e-05,7.484339994129373e-05,1.879405539221117e-05,4.802336688684736e-05,2.970521390423457e-05,0.07541329335770333,1.3705168895367103e-05,1.078831213873253e-05,0.004797166449255122,0.03316138845424922,0.29297485264931233,0.5681232928008383,LCO,13,25
-18740.251473203643,2.4380600421704366,0.011125683816494833,10697.75908992003,-0.34487539120809174,-4.45512460879192,-0.276847771316041,0.23017739689553782,2.854445859937993e-05,7.79847443732396e-05,2.0396323115229457e-05,8.284337643634017e-05,2.6508893745452776e-05,0.04207551528879029,1.6697336157943136e-05,1.4059857686491655e-05,0.00660731511453299,0.04019971958796463,0.5269189709166544,0.08603353817934004,LCO,13,73
-17584.408296481422,2.257846197984953,0.01187303114733359,14538.00590900043,-0.5302721315661643,-4.269727868433847,-0.5783849521040567,0.23337338554405385,2.733797534805756e-05,4.7026385301778174e-05,2.2436960560404953e-05,4.1544475956868326e-05,2.2846477795011642e-05,0.041489456864856944,1.6062879754037658e-05,1.9841272234232914e-05,0.006778978612526974,0.06716372995187275,0.19900361843919387,0.08544769950487677,LFP,13,93
-17403.583267626902,2.4002546456448393,0.010886210555833031,19301.68453741681,-4.283763814422528,-0.5162361855774833,-0.39281514532018735,0.2635644903710799,2.3384345097098188e-05,7.526652248508269e-05,2.2636969593423086e-05,0.00013684838505978377,2.9182517719958077e-05,0.070923474459986,1.4658318035272982e-05,7.199690880773079e-06,0.0063383916892049575,0.03315118629667499,0.4218024064483866,0.0822312619347511,LFP,12,84
-74179.96206297763,2.465140839825671,0.018985902459455476,32224.31969132227,-4.23008986912464,-0.5699101308753711,-0.7608473848769488,0.2063751790868872,1.6973773150645514e-05,0.00011062566236949307,2.7439954614841473e-05,5.293882323847041e-05,2.2811865865802156e-05,0.041474852896614116,1.6250484160814395e-05,2.6669179892272097e-05,0.011922755598217413,0.02188945448391171,0.041919822635418935,0.10534333800372055,LFP,12,59
-374575.04925154,2.254070900818756,0.047823463936478766,88565.83289558721,-0.959351006430893,-3.8406489935691184,-0.5916044444424975,0.20323466297929468,1.9957151582917963e-05,5.398129298186754e-05,1.507714984857268e-05,4.947455360104686e-05,2.5949059500482217e-05,0.08330712596178734,9.664083344494029e-06,2.7719527209087818e-05,0.02320650089676586,0.09196796016284375,0.1918369647777653,0.05459063061689355,LFP,13,23
-66153.93556150171,2.2226733219372643,0.04262754302501357,19520.777307933757,-0.9261688228050673,-3.873831177194944,-0.6450596556784087,0.23405472772126243,1.687451932535108e-05,5.87777876174728e-05,1.0260749740319548e-05,7.565680766786506e-05,2.334667951471288e-05,0.095635832549207,1.2119327637173082e-05,1.926691546198516e-05,0.009566362822105332,0.04312969631990512,0.03989474288924748,0.20191590511243868,LFP,13,24
-10175.062175621224,2.5026801236863707,0.043797790215256996,5567.445293137272,-0.7073013920149904,-4.092698607985021,-0.735354935860356,0.2180306779782643,1.994988866657096e-05,5.453432660913854e-05,1.4978374738408518e-05,7.518235533639799e-05,2.600737519543602e-05,0.07568616580350085,1.994340780786831e-05,2.270101629819126e-06,0.0048827074293122785,0.03256732694178105,0.01922871301996581,0.14284902417789716,LFP,13,33
-8625.381428228926,2.2885409311148317,0.018244536592750694,4768.874958924849,-0.39276816084788635,-4.407231839152125,-0.39313443820980176,0.3689176133974643,1.9275472065283613e-05,4.374958919069183e-05,1.5931424250389302e-05,8.330912470419979e-05,2.6730453397862606e-05,0.04205168291548613,1.897028062657263e-05,1.4162292071353159e-05,0.00422460316215569,0.019460727548569257,0.04826522738712491,0.46913960685450407,LFP,13,76
-13824.680833727229,2.203003899364373,0.010022627214906,12193.822446040376,-0.7638151512613973,-4.036184848738614,-0.2924937133724542,1.0667198632661912,1.420885062575416e-05,4.846490925027927e-05,1.0827062900652978e-05,4.611952714552488e-05,2.0689636180065484e-05,0.08522383759170116,5.592913223823134e-06,1.65688500821056e-05,0.005457344834029616,0.10728824384380842,0.010316310887604159,0.5199017318961332,LFP,13,60
-113401.9834770591,2.5601904487432936,0.09545869009274932,20251.162241813894,-1.5194636853717185,-3.280536314628293,-0.4252106538061122,0.20767796831005683,1.5061779353892503e-05,0.00024935569209702275,1.4148881727857569e-05,0.00012301361434187324,2.785809017843849e-05,0.08379305568216683,9.950035943434926e-06,4.886810496210722e-05,0.013281363751951217,0.290135387307638,0.12587085242304227,0.08878310646320749,LCO,13,14
-25114.604606076547,2.0823973728261707,0.012538704780336484,26190.17229709271,-0.577112878750242,-4.222887121249769,-0.3204593449169624,0.3045428440282317,1.827330768704153e-05,4.113263112133535e-05,3.563347929305722e-05,7.060353489892551e-05,1.8089639298903884e-05,0.042587932336529216,1.837441934842559e-05,4.885962959611384e-05,0.008636613399288277,0.06624537841571722,0.15559186563564248,0.387703411031678,LFP,13,98
-385330.249933778,2.5475448443235647,0.015998533446521714,381523.973454289,-0.4753711796657072,-4.324628820334304,-0.4409794683626665,0.3526125012246058,2.8186607335445536e-05,0.00023847561703875742,7.556553137622771e-05,5.891149745002783e-05,2.9773165273199577e-05,0.0803701308818342,1.7384455735373283e-05,3.758369141227514e-05,0.024224606360353687,0.2715531585479828,0.20192543097143006,0.015541942117920699,LCO,13,85
-610189.4839713566,2.652408303635318,0.050013243050117104,307476.0801569181,-4.417149049068229,-0.38285095093178256,-0.6674136712468537,0.6646755954606026,1.4057921576306247e-05,0.00016458351305685757,3.0104594952560262e-05,4.511863272441263e-05,2.7850440226880167e-05,0.09486237233867162,1.0154504258009441e-05,1.9693731520676986e-05,0.024425133511368328,0.015386656717412106,0.21098093105362392,0.036218740982110316,LCO,12,59
-11671.437299262769,2.2714410298696164,0.012642907106816263,5886.738902065951,-0.31577235597407594,-4.484227644025935,-0.7434614835052075,0.22005579448764556,1.3832440633812941e-05,9.221966376954907e-05,1.0816182933284666e-05,4.150478970068126e-05,2.5730872553355055e-05,0.051867638639916606,3.1750963190823284e-06,3.8847256202877784e-05,0.004126832270070725,0.022811634621629065,0.06759415998469337,0.09613272188847014,LCO,13,69
-67156.38181640007,2.108473436455613,0.020083996134258878,46977.464046527515,-0.4006795397784231,-4.399320460221588,-0.10422716429371037,0.32793725929932344,2.8180593604224604e-05,4.57655715402661e-05,1.630736835942428e-05,5.292341637372202e-05,2.8321218348437037e-05,0.08766540758778393,1.40874691652227e-05,3.991947576925576e-05,0.010968870711467503,0.19943909451698766,0.11470419330716809,0.5116295478821339,LFP,13,65
-71238.14597192722,2.4138518334500594,0.014740199548127737,46757.17844572338,-4.213008057887315,-0.5869919421126966,-0.7405311477393248,0.30211547731133626,1.3903606148078591e-05,0.00016530728516675426,1.2970401680008082e-05,0.00010395756763104703,2.8165702231441496e-05,0.06278731065396499,1.2207374841219167e-05,2.682682916998583e-05,0.010109931915188887,0.015313058882120378,0.13817024799843527,0.03598554538011964,LCO,12,76
-148814.7094915916,2.516984771995097,0.03292144858195859,65889.6857426561,-4.3829490088407965,-0.41705099115921485,-0.42873281580282774,0.43271599407346584,2.7643471494745393e-05,0.00015389400121404502,1.300049147272656e-05,4.503533044939767e-05,2.784781896325166e-05,0.08359203011160349,1.5277862205400979e-06,4.9058470532794074e-05,0.013284305057000342,0.20504927679425028,0.20694030030363644,0.0892776070992856,LFP,12,56
-106535.4885165272,2.4634140708348102,0.013943382262056367,62406.12031067999,-4.318992599937879,-0.4810074000621327,-0.4311050751243898,0.31566762469779314,1.659419184844223e-05,0.0001854983259178786,1.0396351409920955e-05,0.00010427159268576497,2.9042160134923592e-05,0.0815976985732182,1.220785897742911e-05,2.7304375056978355e-05,0.010179115520648273,0.031802220344651286,0.30126270562309654,0.1658299989078624,LCO,12,86
-32023.066348330067,2.5431592009956456,0.03358922010407482,14527.420450560394,-4.407433647399735,-0.3925663526002765,-0.43552147755635195,0.3590886856398489,2.3119680714955666e-05,0.00024023447683395858,4.4219569751486656e-05,6.950589475761287e-05,2.9812291582713915e-05,0.0410324518318107,1.708854927306664e-05,4.961295189568741e-05,0.009089439123734978,0.014476375438103244,0.011096635302823354,0.4689055117027215,LFP,12,50
-125571.95117636018,2.1587573056652247,0.05910867787053283,27106.27824805499,-1.2819871714322204,-3.518012828567791,-0.4164026364545953,0.44138468762643346,2.8628730084358872e-05,5.230574207787123e-05,1.8701885481261475e-05,4.723200487428541e-05,2.3795869983607996e-05,0.0464186309763721,3.5121438682229443e-06,4.3567452643237946e-05,0.019838964005700392,0.022717431595031014,0.16963541973869228,0.3212445122116815,LCO,13,19
-13315.573023523908,2.2965927062311033,0.2668751194308554,1499.4215512470096,-1.5914672682374587,-3.2085327317625527,-0.5313342106576506,0.4773376158965076,1.4304163194064903e-05,9.018584232157132e-05,1.0454813666867585e-05,0.00012305536697451217,2.8419683872053045e-05,0.05540144353300291,1.3374408966815509e-05,4.8581920170554344e-05,0.004378239183491298,0.029393420411662603,0.35272439540128336,0.016547973529403442,LCO,13,15
-24300.78144358489,2.1483883629257647,0.17209252123467672,2816.935110864636,-1.6396030500775467,-3.1603969499224647,-0.7669272234014088,0.3121707534216672,1.8155629334450985e-05,5.3273239984012036e-05,1.0442557758309542e-05,0.00013725727407544247,2.8224458288084747e-05,0.0489379081858287,1.7995791627355166e-05,4.5852622371044736e-05,0.006672479095896723,0.027194199466162812,0.09213329932000172,0.04374527781242661,LCO,13,13
-126362.38040714322,2.0931806339971506,0.017153259685116534,96097.60709574434,-0.3784908695728504,-4.421509130427161,-0.0961648297357961,0.284933749255156,2.5541884159384634e-05,5.274418409501071e-05,3.784781746950761e-05,8.858472617205107e-05,1.6832804382899638e-05,0.07113045921703173,1.8529217081199386e-05,3.910375138611691e-05,0.01636729027576602,0.15980401769339925,0.2555930407644798,0.41843811180632484,LCO,13,65
-32829.89419581586,2.249349896846217,0.057685751651630035,4988.24659636632,-1.3435192861165959,-3.4564807138834155,-0.214688844981623,0.3194326147076382,2.784072150924494e-05,5.3785758445419825e-05,3.4143476560839586e-05,5.747866366860022e-05,2.7728324216355924e-05,0.08352379514356628,1.2492972351193743e-05,4.6072001770977945e-05,0.006836397663477025,0.022947754513754852,0.188279445059307,0.5040839554453153,LFP,13,17
-216546.92665143055,2.3495201236168803,0.015941365565504913,157926.76469620966,-0.3824246955534605,-4.417575304446551,-0.31008198433897893,0.319339201957643,1.692448320406906e-05,0.00017173530136843434,3.822803199953888e-05,0.0001295653623100196,2.8193774230360185e-05,0.06206079310647517,1.2987143832304642e-05,2.774580277582738e-05,0.01936183721953468,0.12666710197089387,0.458209100103715,0.03504181358641226,LCO,13,75
-233003.7180470652,2.1474594909864075,0.03565587921004491,99784.30694247987,-4.521173724636768,-0.2788262753632438,-0.3845829467412736,0.27596389822869405,1.8241916428100097e-05,5.57785299992158e-05,2.1549254454302287e-05,0.00010441022611965387,2.4095536936462047e-05,0.07479212485106064,1.2453075579496889e-05,2.7266468672862563e-05,0.02118018045248248,0.03128242943088772,0.30356599652116534,0.21056862730667342,LCO,12,37
-21937.072134387396,2.6597936599894982,8.940596679109106,544.7168576916936,-2.971054588810979,-1.8289454111890322,-0.12251970832122794,0.41420975196402166,2.7686384096512468e-05,8.98915110400037e-05,1.0681029089931252e-05,0.00012380126809213553,2.7395403181860478e-05,0.09702172642300333,1.3382034471792928e-05,4.906753425968447e-05,0.0042599637923845845,0.2748447895758762,0.41447451521962797,0.11816098688326795,LFP,13,4
-11845.159675895382,2.417044745158758,0.07724407267646584,8725.23941287279,-4.517983166860581,-0.28201683313942993,-0.3037445727903815,0.8812829799115383,1.7678136967737637e-05,9.792615677888749e-05,1.0504120683130647e-05,4.990786658026665e-05,2.992196731687842e-05,0.0629803341536508,1.3706426645316097e-05,1.9254052910303765e-05,0.005584424490465746,0.019310732042975322,0.10159962285148032,0.5053450723151629,LFP,12,59
-9884.182528797694,2.1265955573398534,0.011170736017642053,7843.07879522364,-0.535900782932508,-4.264099217067503,-0.1580661026829263,0.22712097366719497,1.3599139290509682e-05,5.276005999221289e-05,1.0664379989488361e-05,5.750895881614507e-05,2.5729163863879263e-05,0.0429693401392843,1.326054698226283e-05,4.609147794891463e-05,0.005060752190516467,0.02281109106598555,0.24399613471830028,0.5051266715327879,LFP,13,93
-108990.00372421958,2.550676851386867,0.6986837724454797,13377.482571405133,-2.206911438939237,-2.5930885610607746,-0.590388999748731,0.2699885108157078,2.7499086427762972e-05,8.470339574819556e-05,1.108653401385617e-05,0.00014749265577341576,1.4325460956813385e-05,0.07410969919412166,1.8508776004562803e-05,3.1043861501533395e-06,0.015318446667233872,0.06411250783117045,0.2535301033567433,0.021968389063355187,LCO,13,8
-13077.881782622755,2.377478612556202,0.00901088304856518,12432.882287603707,-0.536569835799412,-4.263430164200599,-0.23512176861630496,0.20373389796656755,1.3544393395562175e-05,5.1432887164757115e-05,1.1218152815143093e-05,0.00011205820643396851,1.9068703734404146e-05,0.04126670761408735,1.539233313546162e-05,5.953379754869612e-06,0.006139916141482756,0.04596356718243059,0.1410038933014962,0.5079107708997683,LFP,13,94
-9319.143752085107,2.5576241732500598,0.007617932565627578,7306.3130862423095,-0.5448588792190847,-4.255141120780927,-0.14866942663578697,0.20309624727754397,1.4965584833129202e-05,0.00020022210750176512,2.1839858651864443e-05,0.00011242483087929045,1.757726747240327e-05,0.04010156725347233,1.6265155734359423e-05,7.27842257097369e-06,0.004722158245404851,0.05490124420784358,0.13623097771836273,0.5901983514380067,LFP,13,95
-106091.98797057531,2.6165871255749833,0.11023118929857578,15426.622586069621,-1.4158922687537796,-3.3841077312462318,-0.40392463238442233,0.20497848574532665,1.5089109692649182e-05,0.00022165519001811124,1.038678652680304e-05,0.00012241567233261855,1.970915193100275e-05,0.05543511941596445,7.243104715617996e-06,4.8883234803113286e-05,0.013984559207493436,0.02312359807837372,0.3839124143019701,0.11903935523523389,LCO,13,15
-17721.003719445285,2.100019317148234,0.012957379482145292,11425.193902419478,-0.4431534129069661,-4.356846587093045,-0.08287094636891645,0.28919140801369786,2.4756312640456934e-05,5.595157000489875e-05,1.9026481159844993e-05,0.00010662449704601279,1.2289790255560626e-05,0.04333409503122878,1.3548432947021024e-05,3.383945973562263e-05,0.00638975446883432,0.011358469255082939,0.42144644143490084,0.41432414294109987,LCO,13,83
-129874.75743932048,2.4150630272165925,0.13353980908348698,23177.12072946726,-1.7650291465682102,-3.034970853431801,-0.33338599834118277,0.2768855665187525,1.8347949218849436e-05,5.113116174335235e-05,2.610889771969091e-05,7.780374134418809e-05,2.7683544008806107e-05,0.09634797798570185,1.9093958439209814e-05,1.0081075618116778e-05,0.015585316947670132,0.2756715682667234,0.12011660932267933,0.20082582406941452,LFP,13,12
-267185.1653222356,2.2858931127589863,0.04076349890777474,106600.39184227193,-4.611909844310702,-0.1880901556893093,-0.6575977961888955,0.20372962247416498,2.033198174937338e-05,4.952174685867937e-05,3.358148140184528e-05,0.00010370404572013573,2.8406876134439777e-05,0.08379658010589522,2.466653033969295e-07,1.0610205087091275e-05,0.022846664959352184,0.01035818544707463,0.06142758403634626,0.20061643432768375,LFP,12,28
-35717.25072182728,2.1016754848921173,0.051696593749149776,7425.727571557201,-1.0218632889804624,-3.778136711019549,-0.7724014579848927,0.20108428442310894,2.006048107887704e-05,4.993153277750558e-05,1.4927887495165015e-05,8.525083261792822e-05,2.731507164464682e-05,0.09141868634487083,1.996179789936557e-05,3.757712578771883e-05,0.006390407823985929,0.016903561120171683,0.05256939579563018,0.08812558509930554,LFP,13,21
-186978.4047423389,2.619651699638874,0.15124416716872527,27575.603556910508,-1.7844978816295765,-3.015502118370435,-0.6540080364425398,0.22478500591854766,1.358541497970808e-05,0.00019561557785124375,1.6706841191185094e-05,0.00014307949022900236,1.965211469429752e-05,0.09838865878335837,1.9152959515928475e-05,3.325653118869887e-05,0.015602119521261452,0.018799404871122583,0.0205613329155027,0.236631225770835,LCO,13,11
-65025.108030478004,2.4316527870455613,0.048572497984486304,15730.30890178899,-4.670559967921456,-0.1294400320785556,-0.5835341501342102,0.2654545891697878,2.6038707374956804e-05,4.94045365609469e-05,1.1099395731574137e-05,0.0001064944205156998,2.8362902091304214e-05,0.046921264994480336,1.724821800991592e-05,4.274736282820594e-06,0.012326329329671,0.010326583193197264,0.04568791162592348,0.2904513550466692,LFP,12,27
-11589.363298189817,2.393345308682492,0.00897000256237706,13968.80564499286,-0.5273889031166874,-4.272611096883324,-0.23255186284164664,0.20388874450736494,1.2711986426026825e-05,4.99912836653788e-05,1.121958192929749e-05,9.939574766941755e-05,1.4632436052252706e-05,0.052090857503894014,1.796562334790378e-05,5.938943652648254e-06,0.005801201260482751,0.04691239413400696,0.07771420818168051,0.572821534842666,LFP,13,93
-39659.19336718748,2.4435972472571716,0.10365151074933007,6839.019656118303,-1.7862977989791347,-3.0137022010208767,-0.5510281040329554,0.3284244911861407,1.8257419858778886e-05,4.571247446692652e-05,2.6298969654487256e-05,5.272307577902668e-05,2.767781098495022e-05,0.08352491054619661,1.9163739371487137e-05,4.44428868591008e-06,0.008917406631377495,0.19846241210172327,0.12254665782636204,0.05796282603895925,LFP,13,12
-257718.9117171602,2.6462013596352003,0.16163730712828148,40230.39242330501,-1.8255254824519866,-2.9744745175480247,-0.5458000982631634,0.2760082218133154,1.35422096741665e-05,0.00024250562404156252,2.1701037139176836e-05,0.00014433219566301837,1.950654304171075e-05,0.06366059667819807,9.457397393647294e-06,2.4708898416145784e-05,0.02379030984099889,0.018682278067562477,0.11700339887570817,0.24851422479356602,LCO,13,11
-200820.38207816557,2.4364205315070997,0.013752971791735225,187886.41983656186,-0.5809575101321514,-4.21904248986786,-0.09297758108924548,0.32016448970018807,1.3536544388286005e-05,0.00022834443730341338,2.143611145177659e-05,0.0001443656854102334,1.554625468224914e-05,0.061341192861230916,1.311034886531919e-05,2.7167235281509556e-05,0.019342960137745183,0.17668270877656048,0.5838695714027788,0.07647013873141524,LCO,13,95
-44603.20684598104,2.218355805218586,0.013627433351414545,53342.19349343879,-4.312845359867559,-0.48715464013245224,-0.027439607524699983,0.3152687633176372,1.2833625309307847e-05,0.0001602787858556533,3.51731447062844e-05,0.00012585321617806356,2.9775428278945205e-05,0.07980426499885311,1.2159267180344546e-05,4.157177693783532e-05,0.010143054075732825,0.3810625597965722,0.3484762893338904,0.17302154334483738,LCO,12,85
-12764.86847159611,2.1296981074434846,0.15362383570579904,1608.622813427122,-1.411035498295739,-3.3889645017042724,-0.5333513020983405,0.23236014381540276,2.477193950151206e-05,5.2924846187398685e-05,1.9133858721674583e-05,0.00014348484540294072,2.842554793537419e-05,0.061618896018633025,1.3780695537205278e-05,4.8716013986544276e-05,0.0043665501924234984,0.02668942074319605,0.05038360428205298,0.31957567287641053,LCO,13,15
-15503.19227401161,2.461631647488814,-0.0012481229069913225,23136.184824667853,-0.5205994208613021,-4.279400579138709,-0.3098313127022957,0.2595560585469916,1.6682903043236245e-05,0.00023707792333557958,2.804189930546528e-05,4.105909709936784e-05,2.9001822545493657e-05,0.045373309156407304,2.75510608807709e-06,1.4149230856098015e-06,0.007939420179135057,0.2071585503496456,0.35207182705234313,0.060938309895715706,LFP,13,91
-77751.87198648506,2.0976810282509715,0.0187026331897933,78201.14109844892,-0.4528772635444085,-4.347122736455603,-0.4484809401877588,0.4061572371302339,2.3187957697830768e-05,5.144225814037995e-05,3.400340190178017e-05,0.0001437019252077261,2.962925546847438e-05,0.08318289117024046,1.740762006365678e-05,4.6260057816201866e-05,0.011309432730352127,0.025450052113417956,0.03849480154623307,0.4175742061525902,LCO,13,82
-205240.94308798393,2.3320316473536082,0.011407054268444903,231454.21154950472,-0.5686693052236578,-4.231330694776354,-0.6136377076551636,0.27596754243890714,1.3414166310859762e-05,0.00017006589759732124,4.559072891550539e-05,0.00014851268537196575,2.73745053457113e-05,0.06437691398444224,7.925346170414526e-06,2.9104428205988986e-05,0.019151675450244543,0.015830962992844907,0.04999636713201014,0.25053496221998145,LCO,13,96
-266762.16868888057,2.098694465006452,0.028345182017932735,92619.29714900716,-0.6204463917656469,-4.1795536082343645,-0.2663823781840059,0.2500418298657475,2.7383509114042305e-05,4.1827977220487166e-05,3.55452579442223e-05,6.251898981468844e-05,2.6567263184100366e-05,0.08654340256810888,2.26566235507937e-06,4.6692126156213087e-05,0.018037364690956917,0.07001250722751169,0.13814904447951928,0.45545607010896316,LFP,13,43
-364292.66857049114,2.6109577109783295,0.011782499288267313,203204.6089778852,-0.3427594557102225,-4.457240544289789,-0.33715060245991924,0.2193192863020757,2.759973369915729e-05,0.00013856161191913352,2.3022380187941663e-05,5.330377407199678e-05,2.765146227626634e-05,0.08382323112933927,5.387378235096932e-06,1.2452510017180109e-05,0.020482677020905303,0.20784202338282565,0.32769271746628914,0.057314656690966,LFP,13,69
-101563.40397858013,2.113698909560066,0.042376891686861644,34263.21503650183,-4.653259266008895,-0.1467407339911162,-0.5001712524485251,0.22514172795858756,1.410393249996349e-05,4.858458756911674e-05,1.0453592227563508e-05,0.00010639402645821694,2.8423620233423986e-05,0.058705479330965864,1.1857574275129878e-05,3.185213427065787e-05,0.016118156943648022,0.0185882120155966,0.11985671526006651,0.2913838202758119,LFP,12,27
-647671.5653829025,2.5983026749610256,0.034306220509068626,160077.9998761552,-4.561241220564256,-0.23875877943575574,-0.33197938263758975,0.2500021135231832,1.2056596371314209e-05,0.00020802293682897261,2.096751455615932e-05,4.21399278519485e-05,2.9765412765373734e-05,0.09089636864306275,2.2732946327152417e-06,4.7629927542635635e-05,0.024677093171850236,0.14947547573090547,0.3551543271672968,0.0933908144642081,LFP,12,35
-159075.22041041244,3.0337510521378235,0.31795380601197143,20192.03963671118,-1.8411104059726924,-2.958889594027319,-0.1590123266190071,0.7160553871366574,1.5796490078835914e-05,0.00024845909816811846,1.6974925440080576e-05,4.5013153133335464e-05,2.4929812347640708e-05,0.061184867188022546,5.611681131274258e-06,1.7601951193287265e-05,0.016565605735726956,0.1444868598478325,0.18773469790690112,0.43876611562625933,LCO,13,14
-32129.80721270645,2.384495179436579,0.10864472885669726,3909.359109658399,-1.4433701105796715,-3.35662988942034,-0.1873116235136877,0.2462664069621992,1.842604271178838e-05,9.968294962566468e-05,3.150531201776579e-05,0.00011229947373290131,2.226768124461877e-05,0.04676944878115102,1.0523169996955475e-05,1.5822959541612228e-05,0.008096555081548348,0.19000824161422677,0.01697181068969678,0.5357083241823888,LCO,13,15
-39858.692256080816,2.1770654127266176,0.08434965106636175,4006.6391002292476,-1.332810153076494,-3.4671898469235174,-0.34908667067567534,0.2326867011511229,2.6320049918401093e-05,5.067474260568987e-05,3.1759909243183605e-05,6.246980282947442e-05,2.1564764211271947e-05,0.040347010150148355,7.809249863904858e-06,4.670401815081456e-05,0.00875766347536913,0.01370165701420073,0.028811780038964584,0.5383998922711594,LCO,13,16
-31139.50724128014,2.330785219210032,0.10052883029282056,2797.58180930492,-1.8011048276434494,-2.998895172356562,-0.31101183154364365,0.23283010833927362,2.4129833622032713e-05,5.517786874840716e-05,3.174158484689973e-05,5.80245561370626e-05,2.6058500396342655e-05,0.05628794556445451,6.197680508563376e-06,8.218230702028761e-06,0.007527026594281645,0.07018295999961774,0.02655851088960575,0.5222466975671329,LCO,13,11
-11287.30929944354,2.2181694342870157,0.07126938684344226,1839.0289281369446,-1.47649920609512,-3.3235007939048913,-0.27010032591496114,0.42503107019929637,1.3073446031013075e-05,5.056240377870406e-05,3.784408439214766e-05,5.4424009356308594e-05,2.1287286547708885e-05,0.06397656044388406,7.670503728885463e-06,2.610162285554313e-05,0.0046420044400512835,0.013015564461509928,0.10583686516344269,0.5410472444600863,LFP,13,16
-33974.5611330984,2.3264597422833786,0.025495571834462234,12484.878460673614,-0.781712797560111,-4.0182872024399,-0.6666629511597436,0.3387983265585602,2.9807859548073516e-05,9.296692003682467e-05,1.2249616119580104e-05,6.347512741764516e-05,2.81311984113137e-05,0.0988758331122854,1.9131272148352962e-06,1.9629465949911655e-05,0.00653456153994432,0.029903075934116095,0.013902800504320186,0.21953117240182013,LFP,13,33
-30889.89272275932,3.3141436229902594,5.401299269032542,771.787016858369,-2.9784839938512704,-1.821516006148741,-0.3963082942181414,0.24588048214223124,2.7910481850281245e-05,4.590570512769669e-05,3.595352830021127e-05,4.410271483606869e-05,2.0688014387973732e-05,0.05719870636065349,1.174359400521168e-05,8.225554706823904e-06,0.007515548697104282,0.02450987509554014,0.019994352507006243,0.4891874781793123,LCO,13,3
-130559.82794784193,2.1053560776794726,0.055452644498720095,46071.87333413386,-0.7911789103896041,-4.008821089610407,-0.20133613015161578,0.42451336681087454,1.911931764519001e-05,6.67895810732163e-05,2.4360872039542943e-05,0.00010875128349379872,1.2877794154996393e-05,0.0450822047311851,1.701390336376459e-05,3.4815487555869434e-05,0.018285046821882818,0.08845790461168085,0.062350608627877765,0.5778553566088256,LCO,13,36
-30189.780792815855,2.6600302183119333,0.8450893013751459,1787.068060188186,-2.307323622118929,-2.4926763778810823,-0.3325613511782233,0.23018641748292498,1.2942333780784266e-05,0.00012074026600232248,3.278437237517378e-05,0.00010980587445929717,2.6942763734302533e-05,0.04032734488637218,1.2141906381887148e-05,4.7047282264093404e-05,0.00837483442715133,0.027717835405788403,0.029744422410045514,0.5399763910059429,LCO,13,7
-375744.7212840196,2.2156876593420813,0.06439773401782131,90892.88139731651,-0.9453200077069042,-3.854679992293107,-0.299855714838157,0.469051399091691,1.6273605358261916e-05,8.474479017299561e-05,1.558292117648848e-05,6.27002068783984e-05,2.4974925593044614e-05,0.09228275019362925,5.98543941154767e-06,3.672063883681564e-05,0.020162135075597457,0.027634417997707564,0.0954414230352866,0.5070684441288489,LFP,13,29
-361049.2372108201,2.235254273061998,0.01893850380168937,131847.62775898102,-0.5912197944686355,-4.208780205531376,-0.32512984635301745,0.21219504343481524,1.703719939796828e-05,8.561655284579838e-05,1.2145562807653e-05,4.643139684933946e-05,2.833777191052751e-05,0.09235304699630027,3.7905286749256647e-06,2.7276637566089226e-05,0.020169674350040145,0.020990125269691757,0.09439350633689575,0.4894865220403951,LFP,13,43
-188290.13930254575,2.253136979485101,0.05093867860750071,40448.13650758186,-1.5862055249944973,-3.213794475005514,-0.2780468613309156,0.35273443029066276,1.579276320838054e-05,7.158206971985419e-05,4.516246368962706e-05,6.29810042093766e-05,1.939024228459578e-05,0.05413586452766873,1.3773645898648252e-06,3.252449876246081e-05,0.024984870948082716,0.02292620629810957,0.18777776872026386,0.441249163650711,LCO,13,14
-529531.8503829155,2.538057716378782,0.029979388131712897,239347.13045750605,-0.5379435262835557,-4.262056473716456,-0.3702847636754917,0.3572636104627037,2.0491251963369088e-05,0.00022148445882656228,1.7584731867193432e-05,5.979593679164902e-05,2.9662577751711556e-05,0.08920572319471244,9.27478186109625e-06,4.935982371715574e-05,0.023561596046558324,0.033840254755871324,0.366602235156634,0.159272746412003,LFP,13,54
-258533.2048328587,2.372844236257108,0.27426300784748814,23672.667678233087,-2.096686885565603,-2.7033131144344082,-0.747421241842291,0.33106373439842435,2.2371102358910247e-05,0.00010505000536084909,1.8435818557484607e-05,9.28442850363623e-05,2.5142492855140276e-05,0.07318428761723632,1.9788943021824208e-05,2.4601980785899555e-05,0.019047647271625428,0.011014629381257138,0.11477128452069847,0.05679284425575343,LCO,13,9
-28111.12317849754,2.5573429774044065,0.15372348955481113,1355.642374595836,-1.5873914765532575,-3.212608523446754,-0.3296149881382092,0.3314495489576411,2.9633899028172416e-05,0.00021284564606639735,1.0214422143776504e-05,0.00013783697757573302,1.6043330845218604e-05,0.05268930754384135,6.510982988313423e-06,4.526398612248441e-05,0.004518666800650356,0.028158771734690356,0.422708026564923,0.14951821356217754,LCO,13,14
-163144.80568116478,2.5851424058534573,0.58518748253352,12917.970008871998,-2.401779922132178,-2.3982200778678333,-0.25785771063830676,0.32110713673001845,1.2028495604315614e-05,4.62168674229683e-05,1.6533528741542786e-05,5.2190745584735146e-05,2.97086488466186e-05,0.09106728001143882,1.481098481175179e-05,4.8004573724068474e-05,0.01607686063501927,0.0420936815389521,0.5580114657979611,0.0720371420247801,LCO,13,7
-129351.66350332338,3.1444309882439825,1.749300560104682,7315.404572728176,-2.7488129955218668,-2.0511870044781446,-0.42582197828182833,0.42522641188842775,1.4471210747798233e-05,0.00017674814635399924,3.4250307942529934e-05,4.075913376953579e-05,2.0648801850439264e-05,0.041789147675644074,1.0061142290549862e-05,2.104129456869248e-05,0.019336105664778943,0.052152039354440904,0.07065685313732278,0.381369129226408,LCO,13,5
-63447.668005784406,2.096269377358349,0.004783547389468533,38365.30667801513,-0.5381049553937913,-4.26189504460622,-0.5183848251682472,0.23748356476097482,1.4803157968074753e-05,4.0965647535701855e-05,1.181356245771563e-05,4.8704819974607846e-05,1.6350020815574966e-05,0.04317880656804452,1.6657367380395182e-05,2.7243950237900518e-05,0.010411729872823672,0.15190450390860538,0.09888300191158815,0.16082766901155926,LFP,13,94
-39006.84922840771,2.2826309605296187,0.03947268930963487,8697.538375387245,-0.7892965685314692,-4.010703431468542,-0.3394002897330143,0.21983290060414395,2.840840925631045e-05,0.00012305688057023586,3.27434913460893e-05,0.00011004260582348155,1.3376237415994937e-05,0.050212867804169295,1.1243595483681715e-05,4.7141271607042644e-05,0.00834190038739072,0.019902022363016802,0.029741543131794754,0.5409561447721742,LCO,13,28
-101517.59797333952,2.493758738532865,0.013121666926825804,78038.671722353,-0.571763788176149,-4.228236211823862,-0.3838973625492462,0.3135406430319013,1.6616459148236363e-05,0.0002476110331405546,1.4464524249340483e-05,0.00010395498119910293,1.5082495482377779e-05,0.08265299984793895,1.2202373736630928e-05,2.7102174965639398e-05,0.010146057613267957,0.17712660044319262,0.16062556546800702,0.20835047153955416,LCO,13,95
-246165.57305893386,2.181529848818975,0.03787315610172085,53306.441934030954,-0.8181949257451748,-3.9818050742548365,-0.24337544980728876,0.29871523159629065,1.787044884267512e-05,8.458603891871563e-05,1.8473065707106518e-05,5.0525836767502945e-05,1.2857551348596726e-05,0.044236340038380284,1.2510743556818949e-05,3.804873014484455e-05,0.021957972371807452,0.01299442601474325,0.11155162163146548,0.5620785025465026,LFP,13,30
-3484.1467651699522,3.3617255492330806,5.584396447526466,613.6465888287668,-2.858161933847292,-1.9418380661527195,-0.2001606709854995,0.8176923913465797,1.9353157359551065e-05,5.6477444195449704e-05,3.0745089575183864e-05,0.00014558485873656364,2.9359950933560402e-05,0.04085073889395951,1.082426095231027e-05,1.5481925418873608e-05,0.005476483880229354,0.19000087436150367,0.014702378307795461,0.5251360763452014,LCO,13,6
-10272.736359424907,2.263105765359966,0.10218054101334048,1088.2843077283944,-1.4707619260604048,-3.3292380739396066,-0.3486948725612705,0.42539143283638203,2.6379913042138497e-05,5.067671970273726e-05,4.071145974432022e-05,5.077541228267573e-05,2.1671305818699374e-05,0.040226617191630495,7.669760206697348e-06,1.6736430006741156e-05,0.004585919304557234,0.013707060881183245,0.02643729317051941,0.5411607733870268,LFP,13,16
-259673.86629940075,2.181529848818975,0.055930888392430746,56905.409904682005,-0.8565101802928368,-3.9434898197071746,-0.2506407310441199,0.2816572094082369,1.2648845205182311e-05,8.458581084178439e-05,2.1666317705924847e-05,5.0530226399436795e-05,1.285487047076197e-05,0.04423804954545876,1.250519757132003e-05,4.882749946653668e-05,0.0231362571434389,0.056807403789363366,0.14117251212588183,0.481379353040635,LFP,13,28
-3595.8933243730753,4.358885555872381,19.297559181784543,362.6329414525369,-3.569823548228854,-1.2301764517711575,-0.1051288821730656,0.8254745298940818,2.7911247145198154e-05,6.146313680487323e-05,3.60107109293947e-05,0.00014623038200046705,2.966857441700675e-05,0.04062583251588471,1.1783696578192543e-05,4.83709198197854e-06,0.007518041533477555,0.26791922628992326,0.014655095647876603,0.5422967958891346,LCO,13,2
-324380.29028923844,2.343615170982147,0.5260137825808457,31301.87059058963,-2.228289008336205,-2.5717109916638066,-0.28842073499378984,0.5219812220886872,1.340831833442674e-05,0.00011445166666269042,1.982587528738586e-05,6.227021721018758e-05,2.4973930303422655e-05,0.09903417812696899,1.3754876382446425e-05,1.8899608026001763e-05,0.020179259030992786,0.03556286696436607,0.09502567135380953,0.5109907266880346,LCO,13,9
-262310.64484316064,2.372820347291764,0.22632414231045878,36191.497382128386,-1.9039888142358308,-2.8960111857641806,-0.3324347059466274,0.22428587144760675,2.671411068401011e-05,4.4222307403960615e-05,3.1748880056366494e-05,6.054772790973343e-05,2.5313164381992708e-05,0.07638544880451696,7.755380642603313e-06,4.1026058137864555e-05,0.024550675721490084,0.01973686023106297,0.02468247178139829,0.5531459620409114,LCO,13,10
-275664.61802516005,2.1976126697293705,0.09520047070168494,69918.35005646253,-1.4026426647667378,-3.3973573352332735,-0.6305736418237369,0.3230015354715176,2.1934099521888916e-05,4.612358530469515e-05,3.613520692141741e-05,8.763331767081818e-05,1.4156472326705286e-05,0.08847223223672239,1.4700717814753033e-05,4.5277303927907236e-05,0.022755552876956357,0.0686181895544071,0.14342226665210708,0.08738590196974905,LCO,13,16
-69215.34264958538,2.1207515729623356,0.04269253134174647,19111.41472156442,-0.8090081595783545,-3.990991840421657,-0.3449542602741603,0.22838974741716855,2.6503968242795775e-05,5.189726608014253e-05,4.074563999143056e-05,6.054408725348743e-05,1.425481717946239e-05,0.05023058305608259,1.1634087636399345e-05,4.6391376657822455e-05,0.01278804492363266,0.011717636472912876,0.03025251245290527,0.5430755908000215,LFP,13,28
-99953.00627300257,2.3874151979057516,0.20117292261274183,9477.716104336134,-2.039471817214192,-2.7605281827858192,-0.17053371538336137,0.22390003246944545,1.548363803176518e-05,0.00010478604503499347,1.9693937513197313e-05,4.2134003126190774e-05,2.8261840195227247e-05,0.07510751067296567,5.311473485852102e-06,3.28452983437479e-05,0.013280322881834545,0.05880420488387268,0.10333490088695178,0.5973271788458142,LCO,13,9
-68880.97392097357,2.360703135378885,0.065322126277141,9142.480362766635,-1.2381613571140946,-3.561838642885917,-0.20512440198321047,0.4218535741919247,2.6358396007821252e-05,5.0657698901740314e-05,3.1538497355144857e-05,5.4442846121664674e-05,1.7262038419285702e-05,0.04050390146017305,4.5308418686547265e-06,1.1353593896869934e-06,0.012135919480158307,0.15364427272594006,0.029836911889969644,0.5413944134008799,LFP,13,20
-142142.77853427915,2.1916694093074915,0.15431237211299087,18212.167860224108,-1.6012170117523254,-3.198782988247686,-0.2707312787708199,0.2320840309411465,2.879895911323388e-05,4.1268822742970756e-05,2.551003939620331e-05,6.224063185165098e-05,2.2525131810256776e-05,0.06067146496881434,2.047473418409736e-06,3.2262720114365155e-05,0.017451531911871557,0.010602282524070021,0.24707693870161967,0.40158950000349036,LCO,13,13
-47227.58782158977,2.161858770975483,0.04731828658935262,8680.364402120424,-1.0762257401081499,-3.7237742598918615,-0.17839495821656248,0.26015427255484974,2.620692265039678e-05,5.216880758027184e-05,3.320513793395969e-05,6.048644188213741e-05,1.537945922940705e-05,0.04994911870431828,1.60724900916183e-05,4.680508627452259e-05,0.010350135357040244,0.036125408160052455,0.13845027041654884,0.5770293632068363,LFP,13,21
-137818.90223869917,2.1609362844545124,0.06961767246866808,22595.955997838602,-1.6111709640298955,-3.188829035970116,-0.41892600126531765,0.4080754120824278,1.565933576388182e-05,4.285799023491551e-05,3.870489480409656e-05,5.945375034481943e-05,1.409672481833405e-05,0.048498765739601865,3.1878298256513394e-06,4.715659933267394e-05,0.019338608681995613,0.013560606090259003,0.05885878052787065,0.43865461211655277,LCO,13,14
-320908.6482726125,2.1372946513211977,0.03203276015658367,127818.48336795832,-0.7127501649792691,-4.087249835020742,-0.5672775536807007,0.25477212534310534,1.3166720670914466e-05,5.269138208768487e-05,1.2116610996738464e-05,4.373652457986124e-05,1.8121149998153202e-05,0.07011883199871265,1.820567379940905e-05,2.6634481172589724e-05,0.023745156175787187,0.1491918066085743,0.16087110761920145,0.05265953209152358,LFP,13,36
-187043.00158328057,2.1812231315077404,0.036510335886027756,26698.094521364004,-1.4668155295033074,-3.333184470496704,-0.08291138871186532,0.28098149671234585,1.2161390479696579e-05,6.014516067320547e-05,1.3380959899098308e-05,5.052948020668645e-05,1.861329692905153e-05,0.05553903030094465,1.2381711375306122e-05,1.7081764799797062e-05,0.020293318686486223,0.13219746907341243,0.12161924273783335,0.593271899476889,LCO,13,15
-209008.68837549846,2.5317715863752306,0.32743475744775286,16591.552436136786,-2.183231312532463,-2.616768687467548,-0.1667979908356848,0.22240662209824505,2.7366096990039886e-05,4.410288149293273e-05,3.1251183233092385e-05,6.359790598668179e-05,2.757374490661565e-05,0.08676946425450784,2.2811433698593036e-06,3.4338744607246476e-05,0.018038848916481293,0.06982807309987342,0.13804324544003244,0.5553306906244093,LFP,13,8
-23045.441080184733,2.7468946953267466,0.5683179871872128,885.4295655166101,-2.6237703025770713,-2.17622969742294,-0.3415713375307733,0.2275417595735143,1.716329136147484e-05,0.00013627284434727637,1.216673527941234e-05,0.00011000463493088662,2.404242164179229e-05,0.08453827068993852,5.880806256198352e-06,4.805967428728453e-05,0.004832574509789191,0.02775764090982384,0.020600147803492255,0.5400708737559107,LFP,13,5
-169252.6530596287,2.135686762948302,0.04604903702526074,48040.230772300994,-1.1984543943556147,-3.6015456056443966,-0.3373526134518311,0.47569523628439947,1.2855890396202562e-05,4.133360503223152e-05,3.0831260345829486e-05,6.049450843702567e-05,1.4089717038493102e-05,0.04790403003423206,1.822915593243724e-05,4.732399530579363e-05,0.02342189317720811,0.017186818261581548,0.13997815020076634,0.4354824180858211,LCO,13,21
-723332.3201639882,2.470787321229607,0.08137113621597497,209067.51715375404,-0.8835995502660197,-3.9164004497339917,-0.7910080048184492,0.5584554412328225,1.2250076014677945e-05,0.0001244948897192655,1.8166022923928064e-05,6.658712135115793e-05,1.4701069959628072e-05,0.09827992349254207,4.967860895014972e-07,1.9476424311416164e-05,0.02387737155341189,0.023223735821761737,0.014603555732033952,0.10116470362775513,LFP,13,35
-578142.0011231096,2.477643723619244,0.05108238883446714,191523.25152084863,-0.952066331111908,-3.8479336688881034,-0.7898486021896183,0.6716210206790958,1.2030608039606583e-05,0.00013023528222300018,1.5012060265644032e-05,4.235467147943699e-05,2.9616054009113427e-05,0.08946625390308635,1.9879625174393104e-06,1.9566811719795114e-05,0.0245992219609983,0.02319414400121354,0.014083697856745445,0.10287355595242273,LFP,13,35
-475244.78742855246,2.740529532764001,0.04743638820605782,77043.80362174242,-0.8406365148688693,-3.959363485131142,-0.24093019346401623,0.2350967504734097,1.687285432290305e-05,0.00020757190743419987,1.8135337702547904e-05,4.207402039692657e-05,1.3623061061416523e-05,0.06286409003163598,9.12069600322857e-06,1.8776062885632165e-05,0.022319966789064293,0.20165777012360286,0.08371977959546065,0.40369225681692034,LFP,13,28
-374827.3195264531,2.6997403928065533,0.18082023962021462,45053.62662200269,-1.6892376279428518,-3.1107623720571596,-0.46880598976956256,0.2199331295610998,2.0813546352907244e-05,0.00016855715499182076,1.0935616462728217e-05,7.491785800184592e-05,1.2105305366891423e-05,0.08788592449834201,7.192337322374075e-07,4.8151145685768056e-05,0.021224636507476573,0.04073411154827383,0.013856912585523408,0.40660298609664025,LFP,13,12
-72614.48455207991,2.333578191179655,0.04117073449862333,47596.66461685436,-1.072315911831815,-3.7276840881681963,-0.3784617975420651,0.993010626904886,1.2515483207645417e-05,5.516673179671768e-05,1.0656756816369256e-05,7.11706168675141e-05,1.4337607714613585e-05,0.046463512734313456,1.276062518282824e-05,7.713215201589186e-06,0.016613493681352755,0.272235468318639,0.146651842194936,0.13265089194435997,LFP,13,42
-377000.1170956005,2.36606594278465,0.08930901866214559,77490.49604759412,-1.0957224576272182,-3.704277542372793,-0.3831842694174594,0.36822281996529843,2.9250196968318893e-05,0.00014244495859698947,1.1621549033798696e-05,0.00010866936130503106,1.9283886940574094e-05,0.0858054592792558,1.3982585367972833e-05,4.114533303467454e-05,0.021506628540281875,0.02855798173444647,0.10300013760570266,0.4152576112423915,LFP,13,22
-105935.6135867034,2.9066414450090305,0.3656560362581073,9522.703543567408,-2.175961612240499,-2.624038387759512,-0.05279381105650882,0.20090861451072484,2.8195629293971605e-05,5.4867063230224044e-05,3.132356229108257e-05,6.0235551847896164e-05,2.4298033729844405e-05,0.055931895396090704,1.2425177753188793e-06,6.591689332345943e-06,0.017225326111949414,0.14206888509052612,0.21061786298660246,0.5245194408663627,LCO,13,8
-48442.67031784916,3.041643889751299,0.7141069498234274,13651.287172208355,-1.8593739256468211,-2.9406260743531902,-0.6295281488211699,0.9022127611222505,1.4379788166799683e-05,0.0002098769809444339,1.0068927187345179e-05,8.886202301539156e-05,2.913530534727881e-05,0.09060961317492379,6.238716327958225e-06,1.401669770988307e-05,0.009994444525539607,0.023517447960452905,0.22644387824040962,0.05051052497796754,LCO,13,15
-146028.1527975934,2.572535915257198,0.03921954167713892,33964.99171710326,-4.666848097216445,-0.1331519027835668,-0.37800336406199764,0.27062425172198895,1.631068141399303e-05,0.00013470251080512308,1.1596336340725493e-05,0.00010683975973328526,1.7570685435016955e-05,0.08123353287808259,3.7215822555719948e-06,1.2963062862575564e-05,0.013259674445912688,0.12272731358431918,0.06592243773995632,0.36334688461372694,LFP,12,28
-211693.59601514164,2.2850757410317684,0.013073500491591356,232561.96580644653,-0.5761932847487401,-4.223806715251271,-0.39983072741937264,0.31755489507238066,2.782547247584344e-05,5.217458304224575e-05,2.652191116939389e-05,7.957549814853289e-05,1.587777450648445e-05,0.09968355151431,1.397239149474221e-05,1.7218527377033855e-05,0.016882832055103696,0.06239764129656292,0.11725811251824197,0.35051351876582254,LFP,13,97
-632121.8893797796,2.5672471603180513,0.018185039663431646,274143.97610985144,-0.37733148219668067,-4.422668517803331,-0.3814056554396972,0.3549650166533944,1.3919738530515053e-05,0.0002458954710153787,1.0963134302451167e-05,4.3554661960108774e-05,1.7701455553017874e-05,0.08345498818087758,1.7044016857607675e-06,1.1369625059260778e-05,0.0220870093724157,0.07993379406130899,0.06932165038871124,0.3993389001102826,LFP,13,72
-292023.5471530077,2.44530299982347,0.021164485597701416,201177.12609220122,-0.5501244419163882,-4.249875558083623,-0.2723636483922167,0.43236893885870886,1.5186513188675711e-05,7.736409429828706e-05,1.0715491924353121e-05,4.751479045380369e-05,2.3138018045376575e-05,0.0985384017507242,1.3706911354078909e-05,2.584810034071065e-06,0.02149029321394929,0.07400219981459367,0.04560795420910868,0.538026197584081,LCO,13,54
-11006.884098613831,2.4663204941882424,0.02029322079843261,8921.554246772765,-4.2762416558673095,-0.5237583441327018,-0.8476943152068656,0.39626553151290694,1.2612883946135185e-05,0.0001290835533656447,1.5467993859079876e-05,4.0526563994802566e-05,2.8729754356396764e-05,0.041544127620512884,1.5074304462291307e-05,4.902331347709599e-05,0.005285279805600977,0.030901445141929794,0.0410078497736198,0.010396389877584879,LFP,12,81
-56678.16268115699,2.085788372623529,0.00998683812778018,46535.719429069504,-0.36572126013840034,-4.434278739861611,-0.38523999806133513,0.23883633075804123,2.460538298783908e-05,4.338039886195034e-05,1.0599423824585288e-05,0.00010926883602975005,1.8979564693969345e-05,0.08632739036398966,1.946841963483415e-05,4.77341299199982e-05,0.00901319632387313,0.027596444862437938,0.10340048917581036,0.41376306790041656,LFP,13,78
-340931.86535219423,2.5839045150610813,0.018009509734062387,165375.39005193923,-4.208133460233789,-0.5918665397662224,-0.431436315956929,0.31268706422585524,1.598672708395358e-05,0.00024491402076503964,1.11544421519826e-05,9.445364929453541e-05,1.4061314182855811e-05,0.06020826788931907,1.3054590252613324e-05,1.0109800667356242e-05,0.021218941116187606,0.06251378694677183,0.08458744548744838,0.35146245160885087,LCO,12,68
-74270.47713567065,2.6881489109598533,0.04929962052364499,13861.216438823652,-0.8440742350209902,-3.955925764979021,-0.2960626130482803,0.2955497804922181,1.5531755444916554e-05,0.00021592807163273793,1.330490854662395e-05,4.9992782459689494e-05,2.955383975104277e-05,0.04932023532562521,1.0865666283054101e-05,1.3086709757097915e-05,0.01035328309215637,0.023757020060191324,0.5415002228559311,0.06868014403559727,LFP,13,30
-78770.79452092924,2.4821097472325544,0.004412251087782593,155177.53370688515,-0.49516235801966957,-4.304837641980342,-0.2451670178321944,0.5032674527034126,2.834532807804526e-05,0.00012138459162256668,5.827181622604966e-05,8.704461631406488e-05,1.9263324887296555e-05,0.062420826079315435,6.913622036018549e-06,5.663554355273911e-07,0.018826573006439213,0.04626796083506621,0.10907432766632338,0.5294906936664161,LFP,13,83
-306067.7024204258,2.5392299862948877,0.019365387270416038,187943.28082969357,-0.37708546101647045,-4.422914538983541,-0.1431140132612655,0.32765273492958813,1.4374505742115877e-05,0.00022515360272123684,1.8145676313247305e-05,0.00012887520372623976,1.8372631887822302e-05,0.058337281058836024,6.231302533665398e-06,1.8798261594240727e-05,0.023274506329585887,0.020765048686521292,0.2280561246808947,0.5380648133713186,LFP,13,69
-163303.90639929168,2.3422432129864346,0.011209089098004596,165992.43198420186,-0.544331885818579,-4.255668114181432,-0.3629944623450384,0.2529258863540028,2.756102697457158e-05,0.00010881326683386366,3.3173825517063544e-05,4.1378597958544275e-05,2.900100786509231e-05,0.05125692762561747,2.658306129177804e-06,3.885314998798025e-05,0.02045324125757305,0.2076659016962914,0.26460842896618464,0.09473120699248563,LFP,13,94
-608561.0166133086,2.689600257899884,0.04667615254832202,198810.1888846543,-0.6055037663206875,-4.194496233679324,-0.27404739593089034,0.5221162410615356,1.7626213117399657e-05,0.00020931763881281917,1.8164528152708262e-05,5.002031180804894e-05,2.7250708828577114e-05,0.08516412165114859,1.5799045162284864e-05,2.5616522475943684e-05,0.022334831090262255,0.015682026324312037,0.10136118610441827,0.5389093916403794,LFP,13,54
-144944.19596687256,3.039066346208731,3.4625196360874413,14612.859524796246,-2.8532826511663387,-1.9467173488336726,-2.897184015393517e-05,0.7827150097038099,1.5219156366677328e-05,5.668708832421234e-05,1.0725533773635902e-05,7.662453865661591e-05,2.3157095901801015e-05,0.05521763654416762,5.047624145672226e-06,2.58177303627031e-06,0.02426709166764153,0.22469601296371466,0.18887522080839853,0.5163997943877329,LCO,13,6
-190927.13321011228,2.308306087280009,0.028063473523792577,133911.73277359645,-4.251947140185166,-0.5480528598148453,-0.41689185579414567,0.45886811159839913,1.5279288352162484e-05,7.532364595698543e-05,6.0811459321862755e-05,4.6664011919364597e-05,2.3118159304349935e-05,0.04830682313186413,1.1716636029850755e-05,4.311190761952168e-05,0.021578777069273605,0.08178281832303105,0.011871249430718045,0.4194540764521053,LCO,12,72
-157342.45809701437,2.494104186618064,0.013092266404303821,153986.4557884694,-0.405088261974484,-4.394911738025527,-0.2734176699848433,0.2690784668535245,1.2671834922396952e-05,0.00020916013474096568,6.035161362341305e-05,0.00010264187508037404,1.920506531313836e-05,0.0637727876277478,4.044461616617544e-06,4.579037260794457e-06,0.018083179663887144,0.021823881233405486,0.10466782782566855,0.5300906209560827,LFP,13,81
-10600.613291844697,2.4588973303338464,0.03030847568473463,8527.152653207202,-0.6416818957467498,-4.1583181042532615,-0.49051399026640824,0.23186516115993033,2.9053378193378715e-05,0.00015720778263911847,2.845160296005135e-05,8.271193714139868e-05,2.3318693810691824e-05,0.04979332134434214,5.333222229144737e-06,2.496541597839916e-06,0.00690272885311766,0.060311087387326906,0.2174803436374438,0.1616945787088211,LCO,13,39
-51084.330280188835,2.2806061530181863,0.06685451194935697,20606.58503375606,-1.0102439429257117,-3.7897560570742996,-0.3039598852400147,0.5604545206531519,1.701128043743456e-05,8.656213125701339e-05,2.0470307743536985e-05,7.446296460778421e-05,2.993581869718479e-05,0.08075575281265021,4.4089462605379514e-07,2.2349804426111598e-05,0.010110466262191316,0.023758047870914328,0.5483297015779829,0.05395236531108813,LFP,13,30
-227062.68964978555,2.67769687832495,0.9434136671820786,15095.360477615704,-2.4539066565005783,-2.346093343499433,-0.2279319657454021,0.20501454852298817,1.8939731641481083e-05,5.57437061296667e-05,1.015592311686807e-05,7.675936092190142e-05,1.4071226452079264e-05,0.05194811171576518,6.147648938820248e-06,2.5706743633202853e-06,0.024297769841796227,0.06946269580287406,0.11331705956769511,0.5192882788840288,LCO,13,6
-16315.828411657003,2.3555684646297292,0.01655297366575459,19762.061520614578,-4.405588631690797,-0.3944113683092141,-0.45139770514787314,0.39054240177837796,1.4302859480352685e-05,6.937718053264105e-05,1.0880017714791333e-05,7.314062795941732e-05,2.923752109142332e-05,0.08457085693788678,5.333199533603134e-06,1.674309960029627e-05,0.005563187109686642,0.12828844362500702,0.05134634186953942,0.29896750935758043,LCO,12,93
-65028.28158166607,4.41188868031405,16.32665569847072,4481.509875369149,-3.553216210716819,-1.2467837892831923,-0.041868140602894344,0.7827163507104143,1.3234785749281067e-05,0.0001550919341137667,1.072539232581737e-05,6.299837476137598e-05,1.3262339917912532e-05,0.046963710293278296,2.1736080593460163e-06,3.38756673016342e-06,0.02426936941192526,0.24625093440474322,0.12562951655572108,0.5162514084366414,LFP,13,2
-323483.1660951086,2.4515494127338338,0.025026444090847016,119318.31465601255,-4.256543464574889,-0.543456535425122,-0.1334742810299091,0.44853499809084896,1.528024676451544e-05,0.00014710514488695687,1.039355415881601e-05,6.738604907275918e-05,1.4624020553944456e-05,0.04647475849288829,1.1875501334025208e-05,3.857451771523936e-05,0.021511204289218676,0.03717823349719822,0.19634182601372221,0.5630056594591706,LCO,12,72
-199336.8952728668,2.4587265990807525,0.004288128411375771,171115.61865838425,-0.37807512230841667,-4.421924877691595,-0.39311677330736805,0.35337792726679007,1.2732111321591266e-05,0.00024637994948027817,1.0154556346329177e-05,4.30400407116597e-05,1.930353501147506e-05,0.05188615978642755,1.8063610158863521e-06,1.391184400223142e-06,0.022082902402335895,0.08005115189179107,0.1140412665624324,0.3427908082384085,LFP,13,72
-196384.56892209785,2.478373216710105,0.058406708837706524,44956.21883822638,-1.186351301541393,-3.6136486984586185,-0.2984094924560665,0.20484594655242283,2.0664274601151985e-05,8.723854084599122e-05,1.0107900337319484e-05,7.685478262303881e-05,1.3683667665100305e-05,0.048874492772856624,1.37114505050438e-05,2.5643276974969963e-06,0.024392851651929833,0.06746609048868585,0.045173789146330426,0.5189506279089172,LCO,13,18
-439002.1585470856,2.633862843255227,0.03839251567163543,105309.52176916154,-0.7075158187102772,-4.092484181289734,-0.35978183354598103,0.2418462587577765,1.5047855088257276e-05,0.00015215553784511047,1.0906895385215369e-05,9.021518672173854e-05,1.2101446375776177e-05,0.06239258101647822,3.2954286915956685e-06,1.7617852953277355e-05,0.02281450579379775,0.05226771866013859,0.11561139879342608,0.40233904900045436,LFP,13,35
-340513.5168050335,2.5783850977645026,0.01923135945974045,143786.6692925564,-0.38371769426336755,-4.416282305736644,-0.1365989307683042,0.3530128940965678,1.2723898394054442e-05,0.00014597175924461334,1.0394900778088314e-05,4.852761469815857e-05,1.9360040985403108e-05,0.05252193590858136,3.237813093135506e-06,1.6790810495003692e-05,0.021489456707555324,0.08065176690776685,0.17821740080795523,0.5345319015159737,LFP,13,72
-383651.89246292436,2.4689588642477096,0.05143923557196538,108202.43770660048,-1.0186345010338442,-3.781365498966167,-0.4864769270190571,0.20438426672624282,1.9613315990117634e-05,8.473724788452901e-05,1.1328703128872872e-05,7.486603272283576e-05,1.3763902310005923e-05,0.0948692263028486,7.17586010099974e-07,6.797685588309651e-07,0.024277907933200046,0.06905572175752062,0.020671838161406685,0.3537955130620156,LCO,13,21
-147145.8579389882,2.572099864249176,0.011374594967778168,126804.88747485896,-0.5742086770305477,-4.225791322969464,-0.5403064439914099,0.29922433944449445,1.2731287152438682e-05,0.00018881939550492233,1.0216619607263143e-05,4.139409703066625e-05,1.3825892479618838e-05,0.051927604480674294,2.6638563031196316e-06,3.704352450459681e-05,0.015801954118596476,0.011397737896841897,0.04082786752220127,0.33746795058954693,LFP,13,99
-241256.05827103864,2.1261873450866675,0.035638187469785344,184803.7852804806,-0.5761535660659618,-4.22384643393405,-0.284971346427212,0.5213352425558488,1.4988981835691277e-05,4.1202797132267545e-05,1.0714908831466437e-05,4.6902211933155845e-05,2.83827589362876e-05,0.09921640520178764,1.7755217980447246e-05,2.3690251606429852e-05,0.02086905167867871,0.08370309220494355,0.02014223671243163,0.5411833246554129,LFP,13,56
-194336.59485682222,2.0839356091970926,0.04015443996770148,86272.42867432724,-0.6061152218069097,-4.193884778193102,-0.36203577655654495,0.42022915851160136,1.6404874406489517e-05,4.0714761856398426e-05,3.370902451209362e-05,5.9179395147335124e-05,1.2131859487987066e-05,0.06259583808387069,1.4496413174017235e-05,4.649968322881334e-05,0.017489614114224793,0.06346763528404778,0.48236142163725215,0.022135166522155175,LFP,13,52
-210807.23690017412,2.2562669670894806,0.008575452275492102,245654.4926552051,-0.5634342561383363,-4.236565743861675,-0.16809107175717075,0.20264713605183726,1.2493019206195095e-05,6.353751377532834e-05,1.0396098619649175e-05,7.704970916809476e-05,2.1800750638335433e-05,0.052531193839372374,7.4225624997455545e-06,2.3348055309922848e-05,0.02436533253590424,0.06451060311904523,0.17822674934108235,0.5191715757827017,LCO,13,97
-430757.3335048788,2.6154371777973564,0.013325339575033988,310000.33059648843,-0.40712842521590886,-4.3928715747841025,-0.4201877370458803,0.2817654353351256,1.6131147562101524e-05,0.0002358755788149842,1.0801300977256996e-05,0.00010955894158102681,1.924012513155674e-05,0.06437424570609983,2.9395656887703034e-06,1.809955865035135e-05,0.024958086561543625,0.05245082747238222,0.11579440262963737,0.3415670328521001,LFP,13,81
-200142.70262442867,2.4350507608555034,0.04636550645243363,56372.131187385196,-1.280464141764,-3.5195358582360114,-0.399867152192655,0.24479629093203673,2.042456551996611e-05,4.394041681477196e-05,3.368601368754898e-05,7.959554970745902e-05,1.3676411203107684e-05,0.0764888008249611,1.3590690533050969e-05,2.501631959131204e-06,0.022204609108713604,0.062264379478934755,0.11761808643660798,0.35025038189180224,LCO,13,17
-181118.62090002303,2.3952939027841187,0.05957481210043105,57181.229722828975,-4.578299922202952,-0.2217000777970597,-0.2945544178430025,0.2892726077982052,1.5624704917549806e-05,0.0001304190987696558,6.207591237543218e-05,6.514777453590062e-05,2.9961160427547914e-05,0.07680310787393353,9.465091408020992e-06,4.028361983310532e-05,0.016253646064823567,0.07326195287686782,0.39695527094277117,0.16522835833735855,LFP,12,35
-21987.092692492504,2.0797191924154714,0.03252650343769566,16949.24962641153,-0.7511315463119885,-4.048868453688023,-0.4100825782295351,1.1150336087042425,2.7952605860128684e-05,4.075507079248009e-05,3.749698671101113e-05,5.8960167240888847e-05,2.9721975310620744e-05,0.05576416888804682,1.2414949782661905e-05,3.912674617458611e-05,0.007810008109016763,0.26464672476657725,0.20059425613143125,0.0546764408724565,LFP,13,63
-49439.80477392266,2.1024987137791786,0.020168096168433673,54072.080087962495,-0.460979065458595,-4.339020934541416,-0.16860634429940846,0.41561802772641326,1.2063661347972323e-05,4.119981902763579e-05,9.58106216721244e-05,0.00011595198107700264,1.8021444070259483e-05,0.04031296596305807,7.225062928353526e-06,4.212553395866883e-05,0.013850295251999063,0.12905709551118688,0.5664841307423994,0.06585242944700535,LFP,13,81
-290268.43350889493,2.105034695971305,0.01970525988975316,236330.22631610045,-4.261393527853684,-0.5386064721463271,-0.5424654818947802,0.3201270456777772,1.3551513244362083e-05,6.552087084262565e-05,1.138150857805627e-05,0.00014190384639742806,2.420228003093723e-05,0.08666060474444351,2.7388983238697916e-06,4.9320786649399275e-05,0.022468172616264874,0.03044592913545218,0.07773687609711515,0.27935171287265254,LFP,12,61
-223294.8161043828,2.353699594612541,0.03381948217154313,93088.36629634284,-4.399750784879089,-0.4002492151209225,-0.10908744464851139,0.22544457529414846,1.3069221245123528e-05,0.00010442499137203709,7.511832583664759e-05,6.572843272076282e-05,1.5289778067242643e-05,0.08283154760200734,1.2680119108980043e-05,4.447913816086984e-05,0.01754248184960115,0.03140541320146492,0.5792780822014811,0.21022905994854263,LCO,12,47
-361849.3545951361,2.3810364863221585,0.023078683628474653,222320.2666474326,-0.4859882320247806,-4.314011767975231,-0.1476605836136392,0.45867929678513786,1.521001377532432e-05,0.00012144950465873804,5.7228288924589055e-05,4.642263424215284e-05,1.744367282154808e-05,0.06848411457360785,1.375764175169058e-05,3.8305582429770815e-05,0.021590733138284073,0.0970295546526863,0.15423165110647566,0.531078210627199,LCO,13,83
-48969.350537377795,2.3139498423589515,0.0213679775218592,34201.36954177643,-0.44290687535054474,-4.357093124649467,-0.15000780316944007,0.4167613083780852,2.351512408229849e-05,0.00018093798433650108,6.558786863288453e-05,0.00012979811037420972,1.2941651611731177e-05,0.04181086843529302,6.548900719573009e-06,4.221140952409345e-05,0.010922114507518172,0.12970021115070438,0.10932782043148931,0.5409641652483663,LFP,13,80
-8752.46663028136,2.079314065633923,0.02951029530753758,6933.817372042752,-0.46470708007245065,-4.335292919927561,-0.6850073383493889,0.5562552369812155,2.946151809558261e-05,4.025480468056332e-05,3.709988101755102e-05,5.673576363529731e-05,1.8432342955951143e-05,0.06850647343602687,1.9104446303165203e-05,4.988176687731048e-05,0.0041267777212814424,0.16808544414022947,0.023668589433410166,0.053238628076971495,LFP,13,67
-278339.08023448597,2.134677361879926,0.027714068185954798,99564.19641189733,-0.784848800852096,-4.015151199147915,-0.6300885627360098,0.38170612762543843,1.2898829248428845e-05,5.292597963182578e-05,1.2136842592448364e-05,4.364613331576557e-05,1.2999783650946569e-05,0.07362558164509052,1.9025812878665145e-06,4.324932800572758e-05,0.019992432109680026,0.11374363932302414,0.17096918870256597,0.015198609238400135,LFP,13,36
-123148.0949065235,2.33756012050244,0.04867951119471102,36341.92151763488,-0.8448221363974966,-3.9551778636025148,-0.14222065498178527,0.24990371111622725,1.243384141254088e-05,0.000150625586016425,7.490560083862514e-05,0.00014159298287549734,2.9781616645646964e-05,0.07414636380754111,1.2828289012702666e-05,3.9355681168377026e-05,0.014077751552281866,0.07259853507315461,0.5658887804486217,0.14929202949643847,LFP,13,29
-247346.0867910707,2.3312126297101115,0.05730484811668467,60807.7330708898,-4.664391776453499,-0.13560822354651236,-0.3843700891454872,0.28959844558374126,1.582325016213584e-05,0.00010441918861216026,5.6184713903811293e-05,6.573682697280571e-05,2.410759020889956e-05,0.07647461268688392,1.2697081390618905e-05,4.641868593854673e-05,0.0181580391659155,0.014926298318592636,0.38680132880313856,0.14390228373278166,LFP,12,29
-333585.6149411821,2.1171916197876017,0.012487445368937275,201000.3658916299,-4.202314536371716,-0.5976854636282951,-0.12442061375417579,0.21400460464017257,2.8162567769509595e-05,6.521983373616489e-05,2.3927172643669065e-05,9.929679861003148e-05,2.752608465226726e-05,0.0873327450163189,4.0945188813491035e-06,4.019661911136004e-05,0.022472792110036183,0.18520322029863406,0.10863248133710196,0.5117436846100882,LFP,12,65
-576291.304324028,2.5373218209895496,0.024809673212036427,290964.6973538554,-0.44068286918128763,-4.359317130818724,-0.5372244605267776,0.35740843384552595,2.561445374791383e-05,0.0002291453333940307,2.348350814828186e-05,6.325482028724423e-05,1.3130713425423426e-05,0.0882846046992476,9.619806088406338e-06,4.9333552624999855e-05,0.02355750692759965,0.036838364137599035,0.24115548549653332,0.11478168983909005,LFP,13,61
-246384.62950534708,2.1143695001946696,0.04555220049330564,94493.27534509687,-4.603052049027816,-0.19694795097219497,-0.5607799906436687,0.3818387014774929,1.2492118497667499e-05,5.2176651707326745e-05,1.1118352924836315e-05,6.649988755010924e-05,2.4352304555569264e-05,0.07233073586406816,3.531249469050924e-06,4.1868260365081e-05,0.0208538979863769,0.15526904645362416,0.06787720440127945,0.14607375850142773,LFP,12,36
-241751.7109932219,2.197384460004769,0.007293009740244055,210024.58278823036,-4.395591982891133,-0.40440801710887797,-0.1792809855739953,0.22067909732662078,1.3066932175129841e-05,4.1847630240931696e-05,2.746215782703666e-05,4.949476184792169e-05,1.8422909193259373e-05,0.07567792708734324,1.2697012001679304e-05,2.41848889548401e-05,0.019783536008249863,0.07440712955555757,0.5824519371502334,0.09385994772021374,LFP,12,97
-102483.40717219494,2.085353687799587,0.011202346733454405,101485.96345124624,-4.301853894121152,-0.49814610587885966,-0.47921698411558344,0.25246442970743005,1.3030215491221493e-05,4.006903644327677e-05,7.648801647750357e-05,0.0001496189028914118,2.4830303163462675e-05,0.08161011006203359,4.985114764116273e-06,4.916613218138533e-05,0.012804538255023546,0.028402160958135237,0.41189898927731294,0.010481865648968414,LFP,12,86
-234514.52965694907,2.176416380009246,0.015237121211137128,142897.70594919423,-4.309689234820162,-0.4903107651798493,-0.21904140202818523,0.41698287267796313,1.3694716406891461e-05,6.242984088367131e-05,3.416385872436641e-05,4.1917184143885746e-05,2.5964851665205743e-05,0.08877903063279435,7.003930923045253e-06,4.854256206713275e-05,0.016308922953383317,0.10034535253025241,0.5723899028322625,0.03822334260929984,LFP,12,82
-488517.10798458813,2.6147562786031817,0.022062777043096164,298660.6811550817,-4.240316095664639,-0.5596839043353725,-0.37520892613991985,0.36263028557404076,2.0234014622450064e-05,0.00023852751874622213,9.970385347010326e-05,8.929702927457756e-05,2.976923777929863e-05,0.09598542863988595,7.925324172861538e-06,1.4944138641854129e-05,0.023458604816317487,0.014475986471432297,0.07205228656265097,0.4682628008259969,LFP,12,66
-149289.01228579,2.106334336827591,0.03022144843960777,68122.89064678218,-0.658458850989561,-4.14154114901045,-0.15619476610034366,0.2556714471511571,1.5715782725465884e-05,4.093380530775158e-05,1.0792977748449432e-05,0.00014805096969193205,2.976484773812687e-05,0.07798487153573899,1.916814538803156e-05,3.289394291815195e-05,0.01596810788309549,0.15730684267908213,0.5723986295934844,0.04409976162708987,LFP,13,43
-491614.3216612671,2.2541042591079146,0.031737967402575396,168866.22556024365,-0.7415637906078274,-4.058436209392184,-0.406388672425091,0.3757720887947319,2.56683359622785e-05,9.025469568513582e-05,1.5743288970585306e-05,4.011782411403553e-05,1.2098326837647612e-05,0.08920400065185002,9.710552922930142e-06,4.995566905107257e-05,0.023917444847432343,0.031109359622042407,0.24525511333535088,0.24724685461751578,LFP,13,39
-49530.10302243558,2.1372218418811006,0.04946379706089603,18680.021503486365,-0.6979212816902489,-4.1020787183097625,-0.07659909298043754,0.2911845573844024,2.7086558151103777e-05,4.57780734858668e-05,4.1622750409745955e-05,6.760947781655346e-05,2.4870284820728476e-05,0.05483950185126282,1.916791144784437e-05,4.995974557616061e-05,0.01105298779671704,0.15516046997351546,0.11299207052191342,0.5852483665241337,LCO,13,38
-590721.2985551602,2.3165034767421098,0.04827183660301776,171113.94767157652,-0.7575243100679288,-4.042475689932083,-0.1804224961208628,0.37545444184944976,1.2222093684482117e-05,0.00011386548296755897,3.560756047605526e-05,5.966849299415326e-05,1.2132410274735357e-05,0.08938839565327465,1.650896284807031e-05,4.6483587037946217e-05,0.023917548692299756,0.018043928410310866,0.48412224879124655,0.24741132667757978,LFP,13,39
-12636.487318920037,2.4789139894674634,0.03343251353633484,4668.371330970345,-0.685903936695162,-4.114096063304849,-0.28935883107911364,0.20379184002218562,1.8348738817000645e-05,0.00011937163944442637,1.120299402802712e-05,0.00011146706888290342,2.1154564494838705e-05,0.0412718257176244,1.5261444896755465e-05,1.0381414599381696e-05,0.00608005259832064,0.03860146040296421,0.146480413113676,0.4555592954042462,LFP,13,35
-100960.52143733078,2.444759002429842,0.09228377827729398,35342.55516301644,-1.0731207413542663,-3.726879258645745,-0.42904585969624853,0.28965113051951824,1.5873167277413565e-05,0.00013293982188738166,7.633460605601118e-05,6.54860537906974e-05,2.9818925970684106e-05,0.0764599169711845,9.682604285689712e-06,4.755858224353535e-05,0.015083747154439633,0.15881511987012925,0.29868084572819226,0.04345817470543,LFP,13,22
-110864.27771044793,2.2268263468378593,0.016820086648757886,65785.52545632498,-0.38372640743864395,-4.416273592561367,-0.7382492491628688,0.24636805553118374,2.6045697713778048e-05,8.84555485365075e-05,2.247475781580745e-05,4.074084976092197e-05,1.2959291657950713e-05,0.08149276032842756,7.570846202430973e-06,4.932307652244788e-05,0.01177312000556648,0.037013331418045,0.10643902748825879,0.04829839193082747,LFP,13,61
-148807.086364837,2.1504341560934406,0.050233913184243695,41722.663062996915,-0.7699458678544318,-4.03005413214558,-0.361143883575918,0.41452795506476775,1.877656359470221e-05,6.931893955842567e-05,1.5583992061762302e-05,7.196688083437738e-05,1.2097670467377682e-05,0.042299763395680846,1.4839234506684047e-06,3.699866888229097e-05,0.01702892795953784,0.07981011552846458,0.24430310208948358,0.2447428988061339,LFP,13,39
-384608.3633533862,2.3117267998238087,0.023036285957485966,187079.79411129365,-4.320391939560174,-0.47960806043983695,-0.16713445947331362,0.34419754435000366,1.3069246477601224e-05,0.00020194591197758387,1.1427885664393953e-05,0.00011600292302710942,1.3903417920480822e-05,0.08471941585951016,1.2636164972891156e-05,4.7908009982512934e-05,0.021615716634810322,0.07725951904801939,0.5921794264061262,0.09342659507254082,LFP,12,59
-185658.62416168195,2.1029002236350545,0.006937960406070356,205487.80301810443,-4.387496207026658,-0.4125037929733537,-0.24591365673371768,0.20445841201335993,1.2435060006116167e-05,4.1881136784912994e-05,1.7179713716360154e-05,5.924425377070576e-05,2.4896742765354702e-05,0.07463397764703476,1.7737768675520035e-05,3.2555522173542825e-05,0.019791299594052573,0.07347023561225821,0.5706002920148464,0.0400158156391778,LFP,12,96
-335589.5517341881,2.350221128435096,0.01104132688539118,263678.1690459662,-4.175854800999375,-0.6241451990006368,-0.663085061747012,0.21448518951705275,1.306790931152532e-05,0.00021643242336241537,6.811525546146215e-05,0.00012682426672677935,1.386636008228316e-05,0.08106893115022419,1.3613977185154466e-05,4.157048696829835e-05,0.02141939542729648,0.03569270572340302,0.1593099776447985,0.07191225488478654,LFP,12,72
-350426.0340975867,2.2435007604121973,0.02390805441848355,105922.57498145681,-0.7467890751422104,-4.053210924857801,-0.6560899770162454,0.3355852636871282,2.5577165826467852e-05,8.97857689095532e-05,1.5748519752216603e-05,4.682613440845424e-05,1.226467287093924e-05,0.07366032599901645,9.577152797390458e-06,4.9965136041108134e-05,0.020688652944302853,0.023842456056527257,0.1661054993949687,0.08396206753225878,LFP,13,36
-196335.9295343311,2.3659328234440897,0.10671382242379998,38275.4625182545,-1.2244320197277219,-3.5755679802722895,-0.06474654931964963,0.35663985122212116,1.2169640596794202e-05,8.703284318403166e-05,3.439874149979217e-05,5.9439507221890945e-05,1.2950779287433184e-05,0.040913608271245024,1.6653462811971457e-05,4.649655206375649e-05,0.02406655831249727,0.13175169769126716,0.486413472883396,0.24708828010568726,LFP,13,20
-474056.05862694967,2.4214935339882757,0.01836457319702421,355936.0509489338,-0.4363108557987019,-4.3636891442013095,-0.09236662692623487,0.3608100920199964,2.1603250923185377e-05,0.00018223535422338635,7.928020156672142e-05,8.521615510339678e-05,1.3088522690540131e-05,0.0850088491332676,2.0176419774830308e-06,4.044085184070414e-05,0.02490897295970583,0.17941712868772322,0.11655593477038279,0.5416603096156591,LFP,13,81
-10364.879279253304,2.3376683835042784,0.010954011471897142,12315.331760520647,-0.5539810887651981,-4.246018911234813,-0.7578736346542738,0.22261891836380043,1.9901223560291916e-05,5.409867005824108e-05,1.4982103429448388e-05,6.75068908015158e-05,2.065366978564886e-05,0.07200411778740128,1.6452426677514834e-05,6.970615138093667e-06,0.004287726375831803,0.010079781958715402,0.017999233944412607,0.1440473494425982,LFP,13,98
-207216.33182802377,2.1930243060904844,0.0066777252726319914,137465.56126037016,-0.551165024513999,-4.248834975486012,-0.22181214078910005,0.24976696975701845,2.9111445795135127e-05,9.131511535254787e-05,1.586460622339878e-05,5.6357758426171945e-05,2.991289646138684e-05,0.07164765782911957,9.442849480406643e-06,4.277947565225089e-05,0.016422584631089778,0.04757220972886021,0.5761548478048837,0.08446080167715611,LFP,13,94
-101771.55414049266,2.305097354300996,0.010765771061151883,75523.02542324811,-4.309417176501071,-0.49058282349894,-0.2606039069784618,0.21549889035821732,1.2269965373780481e-05,8.871478163809066e-05,2.2477685418105724e-05,5.940986491496764e-05,1.6537462254688728e-05,0.08153525170274406,1.8009681751990453e-05,2.6770000572385858e-05,0.011590612690739379,0.03673356603136422,0.5807574662485377,0.05190506074163623,LFP,12,87
-543787.5504719547,2.190114446046016,0.041926052544721704,118105.99729824746,-0.9598898020141178,-3.8401101979858936,-0.715975534336602,0.3363819223095839,2.5567523145716743e-05,8.79086696831495e-05,1.2685906938970211e-05,4.69344366201334e-05,1.2254963193524998e-05,0.08151118316786651,7.5536893338769336e-06,4.932104989616025e-05,0.02472931699366118,0.037041971999751525,0.07804265540666551,0.09893983825698102,LFP,13,25
-95121.71802748421,2.138878231908147,0.11600670941129425,12622.688786403844,-1.323842144912362,-3.4761578550876493,-0.09133235498570735,0.28839459432510156,1.892219559346602e-05,4.760397120121898e-05,1.6235656931314674e-05,0.0001345136619622044,1.4956731763455193e-05,0.0402269825169917,1.5127088066341613e-05,4.993134179559493e-05,0.015082433265957628,0.1583077159508839,0.0944269418484207,0.5859329872149881,LCO,13,17
-406868.35018360254,2.2459616611277524,0.01752699365672195,236613.68520962546,-0.4084169287488493,-4.391583071251162,-0.7025951545885378,0.25448567539142586,2.465077638756211e-05,8.775030381054622e-05,2.3297066132693557e-05,6.232551976007538e-05,1.7149180559274517e-05,0.08689077906484367,1.643349451258306e-06,3.5844114533789304e-05,0.021957654743285253,0.02490686135920587,0.10863234131627404,0.09386564273598234,LFP,13,59
-276670.696631819,2.1047879391788755,0.011634190668889806,275457.91277182417,-4.404008885545238,-0.3959911144547732,-0.22368843620177614,0.2668494907737124,1.3082075774134525e-05,4.269038103420297e-05,1.5764250539352743e-05,7.449495843995793e-05,1.5756112961008196e-05,0.07284919729036408,1.626011256335845e-05,3.9232893587414485e-05,0.022667625937719434,0.07467050331257594,0.5373944425383809,0.09424661794726708,LFP,12,97
-42607.18047982282,2.773549584267857,0.47903120255269327,2791.575565935167,-2.235374609602104,-2.5646253903979073,-0.2725254887024736,0.32729966801938815,1.6424151876464256e-05,5.389621876871739e-05,1.1823778942802804e-05,5.217943400557493e-05,1.2354956871129197e-05,0.04411816699710679,1.1452405366826516e-05,6.0983969858007065e-06,0.009787732642886283,0.03946189475501888,0.1020992972888036,0.515913319253704,LCO,13,8
