SpecificEnergy,SEIGrouth,TempIncrease,Price,UpperViolation,LowerViolation,VolFracViolation,C,la,lp,lo,ln,lz,Lh,Rp,Rn,Rcell,efp,efo,efn,mat,Ns,Np
-174331.86806169903,2.313314797511106,1.329862118619799,25190.846137792458,-2.0157635034694508,-2.7842364965305606,-0.3721321786982782,0.3481727432502497,2.637255690245084e-05,7.586562517095494e-05,1.4846016154789373e-05,7.034227766428028e-05,2.551143756706488e-05,0.0541358153666324,7.765996021259852e-06,4.073311264793028e-05,0.023873902466283,0.0146533923103159,0.530034845019882,0.0131795839715239,LCO,13,10
-182734.25929650225,2.159286950109526,0.0087360979046855,194796.8334745417,-0.5551813815313622,-4.244818618468649,-0.6525930660843924,0.2184864550552754,1.987358388909765e-05,0.0001099402198592,1.6576344333518633e-05,0.0001427239872536,2.817800020092213e-05,0.0774402541969204,2.85829035217208e-06,4.813005961117844e-05,0.015972592286209,0.0110677312941592,0.1985657732707322,0.0677734293507161,LFP,13,100
-106119.93013469296,2.083167931824769,0.0241870049310238,131108.30131949397,-0.6305149151382707,-4.169485084861741,-0.4591182185484589,0.5505464333239731,1.277978874080179e-05,4.012774395932094e-05,1.3972353194964536e-05,0.0001148394456289,2.8642530090299605e-05,0.041243811200233,1.2117913516686791e-05,4.972475790266192e-05,0.0190894951085297,0.0159459703155129,0.4052584400696088,0.0496773710664193,LFP,13,98
-361183.364475798,2.1901649934084766,0.0830963593469376,137648.76288419563,-0.9643965062182928,-3.8356034937817194,-0.3434545677202136,0.4014638579087374,1.537629563785101e-05,7.466613238453272e-05,2.2075226486930587e-05,0.0001060554421094,1.3569924301134823e-05,0.0980687199429977,1.7784805517240988e-05,3.487881252746546e-05,0.0240478718921305,0.047307421691319,0.5272490544199447,0.0119889561685227,LCO,13,27
-26923.266511973557,2.244755606018465,0.0104719010375667,28500.726196535,-0.5668728894823687,-4.233127110517643,-0.3802891587223344,0.2495916080162269,2.55710752555447e-05,0.0001231012452906,6.727786796150483e-05,0.0001413441800609,2.8155691495832112e-05,0.0418435495798722,4.194233940213139e-06,4.847553323483076e-05,0.0086813073832502,0.0109666987637787,0.5286369126206824,0.0101072298932045,LFP,13,100
-299886.7072120454,2.444427554366018,0.0103189581837669,203647.31483971843,-0.5102126812289924,-4.289787318771019,-0.1626779472463713,0.2363367126489882,1.6331496017411054e-05,0.0001871994999362,1.7456719278746427e-05,8.816039593344815e-05,2.9611471550673917e-05,0.0454959095367608,1.5076061312570034e-05,2.8510843199902543e-05,0.0244523467142706,0.0115948493687935,0.4851913392238459,0.2705358641609893,LFP,13,90
-169891.46904541226,2.245933879581468,0.0085491581898525,213822.0171877679,-0.5618460167037256,-4.238153983296286,-0.8381550880501392,0.2184255463923008,2.5605099014402295e-05,0.0001538272533526,8.563730259120899e-05,0.000140641238482,2.434377333926358e-05,0.0773734880304948,1.9050146048654035e-05,4.674365836283664e-05,0.0159987475025169,0.0103772400673851,0.038608465247719,0.0428592066347566,LCO,13,100
-87332.76438852583,2.076207380127504,0.0199748449649487,64740.65171336172,-0.6195984871189424,-4.180401512881069,-0.285989691651861,0.4649235071345879,1.2739491750111612e-05,4.676219896361314e-05,2.1666599897577664e-05,9.20274585605419e-05,1.715888983317662e-05,0.0464441368242507,1.2176832989541153e-05,4.753196361310873e-05,0.0128995324895766,0.1083744562217244,0.4226546302274697,0.1129812218989448,LCO,13,97
-302948.0403747812,2.1828498198653885,0.0937731475860213,70156.19989301758,-1.0518148628901969,-3.7481851371098154,-0.1260000907886668,0.200610303141589,1.5161364324383998e-05,5.635980745099431e-05,1.1054223884922111e-05,0.0001207959010807,2.61087960532299e-05,0.0773804368349182,1.6306198973539874e-05,2.7976627516925403e-05,0.0233273662222642,0.0184491136871675,0.5916431317072716,0.1939076638168942,LCO,13,21
-27401.627589484782,2.1117322445007254,0.0086970167186125,29715.635630067634,-0.566986172092939,-4.233013827907072,-0.3650274660093904,0.2009416880187551,1.2297995021486755e-05,5.798429775214456e-05,1.684827402431333e-05,7.579286738112145e-05,2.9827655818303957e-05,0.0409299953505985,9.804917634293714e-06,4.997653808101949e-05,0.0093024210192877,0.0390926564046093,0.5036305914166126,0.0222492861693877,LCO,13,99
-104188.55737061164,2.141862055163629,0.0134999005468598,95926.9100399314,-4.392738000543488,-0.4072619994565229,-0.486905783696399,0.2484725591315604,1.361383751672949e-05,5.133218935658208e-05,3.5966720795329e-05,6.232302486526014e-05,2.5329907960184167e-05,0.0407683184663799,1.1787809219282644e-05,4.203554747343142e-05,0.0172444813044191,0.0295418403526924,0.3462492958574694,0.067303080093439,LFP,12,96
-243106.286301579,2.1037533401682307,0.0151476225779161,130029.10861513032,-0.4002479329931034,-4.399752067006908,-0.2599632507609046,0.2198988325445958,1.3225282215068278e-05,6.201538942963121e-05,1.5644388589094348e-05,0.0001243611610974,1.5088442110053249e-05,0.0596753345539017,1.763725739508247e-05,4.745992222338681e-05,0.0204036447447776,0.0591127352616793,0.5814095670177803,0.0295144469596357,LCO,13,60
-256724.8737499437,2.300911810190928,0.023461285363315,205473.7733551921,-0.6312962276916636,-4.168703772308348,-0.4066586641370138,0.5296491239142106,1.219849489187783e-05,0.0001346671753768,3.5328812497730545e-05,9.806624840633964e-05,2.7816716290013244e-05,0.0406385264068341,5.656120234831282e-06,3.9673751214311e-05,0.0238728842703849,0.0163201310792045,0.4880987866860156,0.018922418097766,LCO,13,96
-43947.67195673157,2.0891272726010195,0.009290300599232,37039.72920047083,-0.5742055341216457,-4.225794465878366,-0.2775423392404551,0.2313842415774837,2.1325594300722742e-05,4.560016492803348e-05,1.3734451872966551e-05,8.877058850961339e-05,1.2372622440202844e-05,0.0466259410019169,1.2067247363603537e-05,4.4695068730770144e-05,0.0099090829082505,0.0318850328033989,0.5711811488517311,0.0493914791044149,LCO,13,98
-56384.57257469753,2.206459228431733,0.008512260479633,33485.78999009443,-4.363908027778152,-0.4360919722218597,-0.1257772983225337,0.2009048873262402,2.5616246633294103e-05,8.932266692871081e-05,1.1912430198463875e-05,0.0001319744610365,1.2211006089084415e-05,0.0651615041197262,1.9924834984383916e-05,2.8779890951383982e-05,0.008631133037262,0.0209607090065563,0.3680751780144736,0.4151868146564363,LCO,12,92
-416252.18817823246,2.6721521129056125,1.2229956697488544,28398.67053634826,-2.448566314904141,-2.35143368509587,-0.4232446571596963,0.4011546976889811,2.990918474751467e-05,4.889253606428304e-05,2.196575930419051e-05,4.73611026315663e-05,1.2673436680893543e-05,0.0889394265065995,1.798454431062691e-05,3.54311702309036e-05,0.0238167543688765,0.0121905754653816,0.4418456182881379,0.0527191490867841,LFP,13,7
-21351.293173535483,2.2677551549240915,0.0231041192218189,22300.24618774041,-0.6347226187877268,-4.1652773812122845,-0.2990911313916184,0.5180954939515954,2.9909413803661703e-05,0.0001345319237894,3.154876196759636e-05,9.806648313442276e-05,2.901532166870601e-05,0.0581423711506283,1.8200006862005825e-05,4.862240614833924e-05,0.0068137350585898,0.0325239821174122,0.4878805795989736,0.1105043068919957,LCO,13,98
-127237.14369716568,2.1126718291613,0.0335522510411846,99826.09997380554,-4.42204413831071,-0.3779558616893013,-0.2660572937139572,0.6518937854245656,1.813546862736757e-05,6.211040619750465e-05,3.795074627402406e-05,0.0001476963761853,2.912309201083508e-05,0.0796151721502445,1.806180465219125e-05,4.499717688257323e-05,0.0134306117002044,0.0317422277905621,0.3613859767833359,0.2708145017121448,LFP,12,88
-12831.469813106512,2.2574523508471165,0.0096624470336219,13980.837645488573,-0.5741219574184484,-4.225878042581563,-0.3706809915651278,0.2398982928341732,2.3769749140476048e-05,0.0001328130543772,2.6915736620848844e-05,0.0001481851758487,1.200451259361896e-05,0.0473852241858726,1.9183922354945756e-05,2.812919300157306e-05,0.005660485712862,0.0209042955934855,0.4431356471095714,0.0952790657318152,LCO,13,100
-321360.9992890982,2.178052587604642,0.0663173186358891,132618.87020887484,-0.8856369576264456,-3.914363042373566,-0.2838863705728843,0.50461391046321,2.580873063597479e-05,5.489472809210432e-05,3.87899914864352e-05,5.8147508812212846e-05,1.2244497484793874e-05,0.0858076122262585,1.5131846473179369e-06,3.799688051482703e-05,0.0235569100079997,0.0217877628799447,0.4809912699142692,0.1433345966329016,LCO,13,34
-22382.05568191128,2.289002669724652,0.0088663192620406,22764.977309155573,-0.5620764166122072,-4.237923583387804,-0.2598347022604661,0.2173506424134475,1.9821851423933736e-05,0.0001346125758468,3.16870344913032e-05,9.681958784985184e-05,2.901623318839431e-05,0.0577202967802872,1.9533999942121903e-05,4.8128596901024e-05,0.0068102443698382,0.0109734470423695,0.5923357665538134,0.0668560841433509,LFP,13,100
-310364.1952968967,2.2568540024087604,0.019360591835775,396204.628194554,-0.6041723981684513,-4.19582760183156,-0.8247438903414585,0.4254141671390529,2.801483032300431e-05,0.0001541898794436,4.791948566907711e-05,0.0001350920015073,2.434386036658713e-05,0.0999016729558704,1.948933155996241e-05,4.676604117418285e-05,0.019362578131994,0.0286028225106803,0.0372735069999348,0.0393797801479264,LCO,13,100
-160497.60385038308,2.106889451734385,0.0090898756030523,279030.3936160786,-0.5724290354789758,-4.227570964521036,-0.4318662263631333,0.235734995710954,1.6467520713719576e-05,4.430279639464033e-05,1.3952713322805844e-05,0.0001482303613399,1.94660291920632e-05,0.0500098367934855,1.766612848374418e-05,4.121994743362399e-05,0.0247417430696476,0.0232605359463039,0.443939356464518,0.0309338812260447,LCO,13,100
-29733.31891845881,2.1691103763529176,0.0081946321892169,36427.90718948568,-4.355699454347068,-0.4443005456529434,-0.1126502720193611,0.2659880582066621,2.0241298050738727e-05,6.462540366111477e-05,1.6470923033411135e-05,5.289508546626007e-05,2.143514428127488e-05,0.0833666480793938,1.8622971918291589e-06,2.9767563079736105e-05,0.0082909458519304,0.345180776388061,0.4615445410339662,0.0106244105586116,LCO,12,90
-496890.5032304264,2.3020659442500517,0.0088654282592939,369445.3254155524,-0.5603450801877301,-4.239654919812281,-0.2871988534249994,0.2179065673471675,1.7391761439164674e-05,0.0001480272078814,1.2967885858186036e-05,9.708086778460225e-05,2.8712079676111644e-05,0.0775064169123698,1.946853223528378e-05,3.634997702055734e-05,0.0238907974524699,0.0122793419800594,0.5876203986326549,0.0429014059622863,LFP,13,97
-243106.286301579,2.1118748388459894,0.0525673120558628,101205.03706714865,-0.7552458349621389,-4.044754165037872,-0.2721708912285616,0.5579998750314323,1.324263161232445e-05,6.258416506626797e-05,1.5676886718706572e-05,0.0001286268752268,1.4622571794586236e-05,0.0600952452109457,1.7716007695127912e-05,4.975201446943546e-05,0.0204191405613727,0.0156553546120755,0.5833866170370587,0.0587871371223041,LCO,13,46
-29077.38587287504,2.126136690262179,0.0094026630155195,30986.268486063906,-0.5769154380979771,-4.223084561902034,-0.3027578979323367,0.2451980803335968,2.530208858706177e-05,4.945752910433647e-05,1.822917349137125e-05,7.036238627906126e-05,2.990741384260868e-05,0.0466317203121045,1.2078278548195996e-05,4.233251242965748e-05,0.0092934204209846,0.0196109561740408,0.5975890658087923,0.0100420800848301,LCO,13,100
-15787.682840596844,2.31351350979089,0.0308451595111689,10860.157269291494,-0.6560233128294755,-4.143976687170536,-0.0170919283353508,0.6686688314164321,2.049398518436091e-05,0.0001683055861166,3.164832415594998e-05,0.0001297321138836,2.912327358381009e-05,0.079905940642249,1.8048061872667543e-05,4.820741593611961e-05,0.0042670039819129,0.041292981813743,0.5953077896232595,0.2763073002276466,LFP,13,95
-119439.74889005085,2.1369087748201543,0.0169712908394476,117228.20504526672,-0.5967563447176403,-4.203243655282371,-0.2642636601771051,0.3890280719956899,2.1237450600200165e-05,7.42394128569958e-05,3.599381391774997e-05,0.0001425606143292,2.5562338536254395e-05,0.040565627907325,1.689393030489507e-05,4.747098635804363e-05,0.0187171095589427,0.0730473536356024,0.5815850187198117,0.0111039674674808,LFP,13,97
-338179.4356023002,2.2167279397017188,0.0111129023356207,272113.4581589097,-0.3909417100387458,-4.409058289961266,-0.6419716608092911,0.2075233099780746,2.963552978100224e-05,9.474337611994984e-05,1.7092536717841705e-05,5.293285094459903e-05,2.3948158036104983e-05,0.0987192100691686,1.2565280318442645e-05,4.554163548210728e-05,0.0193809887278725,0.0978730092921098,0.021835062626198,0.1683202672724009,LFP,13,82
-4830.621791972994,2.059295681084392,0.0118933114628749,3573.774533800381,-0.3516835631854533,-4.448316436814558,-0.0535071131611906,0.2342534013658256,2.8974215846147343e-05,4.7479617078117897e-05,1.4087420494893658e-05,0.0001207241320847,1.9362752379077248e-05,0.040801179669633,1.69887678521462e-05,4.807675666171543e-05,0.0040193197962668,0.5162693261918487,0.0617267873932459,0.2984967732537147,LFP,13,73
-344480.00380729884,2.364790841966545,0.0169989834804464,328381.2298069066,-0.5920254143150956,-4.207974585684916,-0.3869301514311182,0.3291728568929882,2.577252845196892e-05,0.0001229683503841,4.775766561794658e-05,5.441046108110503e-05,2.439453585336109e-05,0.0999087048385129,1.948009381140766e-05,4.8386515825196285e-05,0.0194013939931393,0.0286038908646801,0.458796152225166,0.0556698054790357,LCO,13,100
-259489.2411763588,2.307054946415471,0.0206773787337526,192919.010484843,-0.4602238306037378,-4.3397761693962735,-0.1480274686776473,0.4167541560940341,2.87217626063821e-05,0.0001068271607818,4.834614077971436e-05,7.645425808906527e-05,2.6125936287371582e-05,0.0853936447939279,1.9481074540392195e-05,4.84810163060972e-05,0.0188148888043195,0.0926762799815054,0.5214626105128015,0.1678336408280457,LFP,13,81
-183374.46550910905,2.0907149895315515,0.0126640681807346,320388.97184937686,-0.5766514010716293,-4.223348598928382,-0.3514636297735852,0.3030041355144759,2.587845864710625e-05,6.309930315964355e-05,2.955434121722249e-05,0.0001355735940159,2.6152379044898214e-05,0.0999883180668146,1.9595708538457064e-05,4.562750832823927e-05,0.0193207556228239,0.0332540392437166,0.344909112591223,0.2003732183914752,LFP,13,100
-133129.68109622187,2.2721961181520163,0.0228166895757509,64125.74243165787,-4.265193626426111,-0.5348063735739004,-0.209735197546152,0.4193258826024568,1.353933530050248e-05,0.0001069313989149,3.813066572554316e-05,7.663112588005461e-05,2.6489051738388835e-05,0.0402997918257004,1.1754574888500392e-05,4.194086911559631e-05,0.0166473107323313,0.1039277372706581,0.5948673441561573,0.0214697210270326,LFP,12,74
-117361.04885847589,2.2921944302784807,0.0113990279832002,129233.2334351016,-0.5797540410725404,-4.220245958927471,-0.374034084172382,0.2640397739346073,2.55550528903104e-05,0.0001684847497177,9.287631895999224e-05,0.0001416772189276,2.4341064296860265e-05,0.0535347138610571,1.9458275856676547e-05,4.5931626010533326e-05,0.016159144083746,0.0109866454112171,0.5348408741245411,0.0101383962918598,LCO,13,100
-48987.20482221579,2.1727848226738478,0.0146279950783373,32762.479414945414,-0.3517602146750889,-4.4482397853249225,-0.3197902647543165,0.2038803087666083,2.6642654878288272e-05,6.273234520867139e-05,1.1997726091603618e-05,5.538137430232727e-05,2.750676493163896e-05,0.072042239705623,1.422493497945032e-05,4.7750321676608414e-05,0.0097438802279366,0.0694856403851795,0.0528242629174564,0.4878998319430475,LCO,13,62
-12001.46747116918,2.3735675195085206,0.016765747496759,8644.571837589307,-0.5930203494808026,-4.206979650519209,-0.3742465491928769,0.3322303787241231,1.258220769044652e-05,0.0001229742860223,3.887594340346959e-05,4.900410021655677e-05,2.3616331449248397e-05,0.0401159232020878,1.2038548691638974e-05,4.2499719664471056e-05,0.0048861779501033,0.0286892398680471,0.4585630180377978,0.0685011929012782,LCO,13,100
-166279.0992732657,2.316823177019983,0.0401282092479143,100513.49822550526,-0.7039200934642835,-4.096079906535728,-0.0636619237605283,0.8327845997460833,2.046576553406594e-05,0.0001685740052179,1.779103414159502e-05,0.0001217972740473,2.871769551210098e-05,0.077125599203046,1.809432466041964e-05,4.862526083604757e-05,0.0130537602217632,0.0230082797867042,0.584721338797901,0.2586084576548663,LCO,13,96
-57888.27218203697,2.105579103735162,0.0107974694604854,87963.42344638669,-4.399939645281727,-0.4000603547182848,-0.5351996418635201,0.2511897843325927,1.3283606893216976e-05,5.130509489286684e-05,7.81805837304741e-05,0.0001488361779716,2.439195998513139e-05,0.0603582095340259,1.0848259791430456e-05,3.959964943491497e-05,0.012962011103583,0.0238624400764715,0.3475562281770976,0.0233816898829107,LCO,12,96
-167030.77082517234,2.4776152518453545,0.0058247353586938,505114.3550156088,-4.275861557199633,-0.5241384428003784,-0.6426103264256031,0.2223089903821406,2.044286940753093e-05,0.0002498153411435,1.314760838182707e-05,4.035170645203274e-05,1.2704386282163026e-05,0.0997602049639848,1.3007222014433116e-05,1.9521831245591103e-06,0.0247145949065403,0.2635446583808017,0.0105120416361411,0.013332973557454,LCO,12,85
-35751.284686627936,2.1846041520135326,0.008762170018276,31589.84890609214,-0.5050670397900916,-4.29493296020992,-0.3691475688861886,0.2097320427941324,2.257395904571392e-05,6.613190914063293e-05,1.2599125838869604e-05,0.0001228698841819,1.6548866774160433e-05,0.0439540459948044,6.993469632183065e-06,2.9572465656581363e-05,0.0095489092539006,0.0350937798234386,0.4584125130955978,0.067346138194775,LCO,13,90
-12937.927403703054,2.205079728192604,0.0088269208652545,10085.637412127902,-4.390526732988185,-0.4094732670118262,-0.5534072769756032,0.2227201447960901,1.5848350450370334e-05,0.0001029165545378,2.0740574324022396e-05,8.566793222748263e-05,1.3072754512467009e-05,0.0431124021974207,6.578906511037949e-06,4.810153204044242e-05,0.0051817906359182,0.0211240700260536,0.2928668645249434,0.0626017884733998,LFP,12,97
-374503.8446037754,2.175200643157658,0.0106087326979396,392783.3302842565,-0.3675868565386722,-4.432413143461339,-0.3786145188547474,0.2423018892505588,1.5813013752634213e-05,7.972921305137356e-05,3.077423622240119e-05,0.0001042749460613,1.35680119590353e-05,0.0994394924327058,7.81646225833224e-06,4.063151023662278e-05,0.0236887944520648,0.0146606780128222,0.5231012410872794,0.013623562045151,LCO,13,77
-155041.2540325389,2.3900051321693967,0.0091588936387242,91750.2851507293,-4.371894004152608,-0.4281059958474031,-0.3252181843567838,0.206505864602032,2.6292635082252373e-05,9.819499388493198e-05,1.0076257355613162e-05,4.499898242603339e-05,2.649415777273689e-05,0.0610922244021511,3.580467124940769e-06,2.046266971957469e-05,0.014786932208643,0.0984918431737232,0.4803344538282003,0.0259555186412926,LCO,12,93
-598918.2777303134,2.5966448092467047,0.0107835828933637,342298.65759153385,-4.223751331712919,-0.5762486682870929,-0.4046412024309255,0.2397501735170553,2.6702732228992303e-05,0.0001647475978826,1.5722930354023197e-05,4.560246214925529e-05,1.224371772409324e-05,0.0867863582694745,2.980283229049264e-06,2.9566865044433743e-05,0.0244758701323687,0.0789368284357154,0.2236797182457016,0.2227422508876574,LCO,12,79
-88850.45251258236,2.089870460064352,0.008966500425435,79061.7536308753,-4.338321991429325,-0.4616780085706864,-0.5808256740560118,0.2200709538749901,1.944654458773085e-05,6.627832882601818e-05,1.023045406583354e-05,0.0001233660020273,1.6572395749909e-05,0.0422988375458534,1.997589570754442e-05,4.934255656611874e-05,0.0153067101194926,0.070562776219706,0.1524590233548697,0.1261525263694124,LCO,12,90
-16356.364902836478,2.361961102328584,0.0117851890338264,10394.734042565344,-0.3331885933580665,-4.466811406641945,-0.0770454991263723,0.2222219619835748,1.7129520826201203e-05,0.0001502439928837,1.99347047352528e-05,9.50794155798056e-05,1.5828012604261752e-05,0.0700515424393275,1.4237513661487556e-05,4.767402886813488e-05,0.0050025667261845,0.0639546675883841,0.2015761223210676,0.5874237109641759,LCO,13,72
-435464.3425496757,2.3032971940114697,0.0107390728921513,331249.4283743337,-4.226430887626748,-0.5735691123732636,-0.3234800857297285,0.2403694438877586,2.5470009766207044e-05,0.000164808754125,1.952649003292187e-05,0.0001362913415826,1.9483479931511443e-05,0.0856924873892033,2.4823627523159527e-06,2.9558635977901263e-05,0.0242754320372814,0.106822873389514,0.2768647274818038,0.2228323133989536,LCO,12,79
-5340.586994887339,2.052362632709671,0.0116977088055511,5361.231058013304,-0.4111134450453946,-4.388886554954617,-0.0908838757451089,0.2001117624849243,2.923120964734108e-05,4.705071920625886e-05,1.4888077175325875e-05,6.952827440000004e-05,1.7098270078799333e-05,0.0510916539906964,1.4370736546223256e-05,4.929217827516893e-05,0.004145232344978,0.4382978866452387,0.0467992558819843,0.354018981727668,LCO,13,83
-271805.91231696634,2.0965711026464837,0.011829365762489,223632.9807152571,-4.171660535703495,-0.6283394642965163,-0.6997750041630109,0.219702974621654,2.088350909434637e-05,6.603987012007454e-05,1.878025224363619e-05,0.0001235115072135,1.221793694069537e-05,0.0625195854084822,1.423397945861639e-05,3.976565155030713e-05,0.0232519074428737,0.0722056659385414,0.1476722356704072,0.0103470942280405,LCO,12,71
-40374.77199397918,2.105469110913273,0.009232190012038,39383.13221653566,-4.352888056434345,-0.4471119435656661,-0.0437270575105138,0.2347891536379675,2.030315247003112e-05,4.141703518945073e-05,1.520740670427239e-05,7.816547711087005e-05,1.3687440763911615e-05,0.094388549391446,1.3949418613025825e-05,3.098459352634721e-05,0.0082016312407217,0.0152623031531068,0.4727373550427444,0.3982732842936349,LCO,12,90
-18345.164013511087,2.634085521789974,0.0095846840413234,14914.51485678081,-4.401351578052811,-0.3986484219472004,-0.5573140888709629,0.231736825904369,1.461217989306457e-05,0.0002469096772385,2.3234344852677188e-05,4.4640869081966365e-05,2.9308423917735304e-05,0.0805013283421163,3.1582870073154303e-06,4.819121635630901e-05,0.0045656531873309,0.0232611800126109,0.0413158771137098,0.3081088540027163,LCO,12,98
-17211.10858597592,2.390713216481672,0.0086070128971666,15887.495058994711,-4.389285059598649,-0.4107149404013626,-0.3326059505443058,0.2102908818382392,2.6931581907730183e-05,0.0001064921617381,1.2637559093952453e-05,0.0001008592053035,1.2214349238824671e-05,0.0745749832559635,1.109454209233288e-05,1.866688987578489e-05,0.0052904476305653,0.036312610589216,0.526294777982781,0.0347866608836971,LCO,12,95
-162603.05735623714,2.537273223261282,0.0106363583420361,96516.03371398116,-4.236245829030487,-0.5637541709695242,-0.3042181618516261,0.2394783395528635,1.4390435254834996e-05,0.000164836384072,1.0950344421970284e-05,4.5095936036403126e-05,1.2296432269168232e-05,0.0989819708880729,2.816746895084197e-06,4.98411180132951e-05,0.012141679593313,0.1092380735910065,0.2931792143992535,0.2233645501581138,LFP,12,80
-11581.682161736484,2.289029684096069,0.0156645942448117,7683.300750201111,-0.3742432100630424,-4.425756789936969,-0.4080755725907562,0.3003331308138027,2.980458908507987e-05,4.683303595527871e-05,1.0287980512902426e-05,5.2374473960276486e-05,2.5080510016537894e-05,0.0405467785724019,1.1797804865910893e-05,1.5534954183077207e-05,0.0056890006908261,0.0445113849014078,0.0341700830413909,0.4432429594664451,LCO,13,77
-180106.81278685053,2.1059185848022675,0.0087440762330484,131833.00084172824,-4.337744529228573,-0.4622554707714386,-0.3364264688071842,0.2090301354032518,2.2994714700095577e-05,4.76246755479128e-05,1.2902476403722875e-05,8.692653500067331e-05,1.5163047838800636e-05,0.0563552012440054,6.97080451530892e-06,4.963059052324857e-05,0.0183978685392332,0.0117031223144896,0.3800771795086962,0.20179322936963,LFP,12,90
-23430.19462069199,2.080441264161085,0.0071185128545674,20951.84616256149,-4.189745938764389,-0.6102540612356222,-0.7527040937048528,0.2188380648563845,1.5045796333654331e-05,4.117968747230283e-05,2.5629630516269876e-05,6.810177003856368e-05,1.4029445406551078e-05,0.0593455901051972,5.767217088214279e-06,4.9714517753003474e-05,0.0076997943077723,0.1038768643391986,0.0293381017467494,0.0440809402091991,LFP,12,65
-21957.12414285729,2.3659347793396988,0.0102546749476573,20048.95906376549,-4.404239174684108,-0.3957608253159037,-0.2640172484641081,0.2483750058972339,1.5166755846013804e-05,0.0001650067656575,2.0754554760653764e-05,8.563533918999777e-05,1.3000048650038128e-05,0.0983371962686691,8.425667475592485e-06,4.357633019327227e-05,0.0050131128448313,0.1454416955661963,0.2913430567218305,0.2291979992478651,LCO,12,97
-126956.39229099696,2.2669009343110065,0.009193025933596,99442.21496002316,-4.4037453855302005,-0.3962546144698109,-0.2585189229779093,0.2091485515401905,2.788940644786752e-05,4.398405680270056e-05,1.3723049586070066e-05,6.92607515565975e-05,2.6398971915157435e-05,0.095231782415404,6.428839397401633e-07,1.5313787222595115e-05,0.0123331385710549,0.0278529024533327,0.5198041009380348,0.1238240736307232,LCO,12,100
-120406.13926933488,2.1292324889750573,0.0104468703943439,92453.84960548,-4.2366205592444,-0.563379440755611,-0.6408541850809196,0.239573497763437,1.4913696286855515e-05,6.488573246668399e-05,1.1352015529200116e-05,7.702949915304223e-05,1.2297861969949731e-05,0.0412838998364323,7.423065697134554e-06,4.904560956584027e-05,0.0174933315829255,0.1426120171033978,0.0491662001813576,0.0973675976343249,LFP,12,81
-105625.35035393832,2.558852673254166,0.0087505418356655,75306.8903864057,-4.392502137300951,-0.4074978626990599,-0.2869348614153922,0.2065153947824509,2.6580555037543903e-05,0.0002079610114435,1.04366222891013e-05,4.683781134206273e-05,1.2099665960438827e-05,0.0979358970979841,3.589863974982477e-06,4.608181716402298e-05,0.0099135228348695,0.1270126980560399,0.4397524000883939,0.0763000404401738,LCO,12,96
-737175.9918918131,2.50755814746685,0.0114343909406803,520382.9379228326,-4.403689816367617,-0.3963101836323943,-0.5770366155967828,0.2588994754434966,1.509184190926627e-05,0.0002082556250965,1.518005790502637e-05,5.212960468245792e-05,1.202133959323579e-05,0.0989761118594699,6.4258678492320975e-06,4.370376070461896e-05,0.0241090102781965,0.023501945690171,0.0964584628587806,0.2330029758542656,LCO,12,97
-8094.724817354098,2.270389928202407,0.0014841827444028,8760.942769115107,-4.351996502187518,-0.4480034978124934,-0.0525755144259784,0.2427116214944349,2.0248364918099963e-05,8.518787640794686e-05,1.2567246682055378e-05,6.35547422637857e-05,1.949052355281553e-05,0.0434082124860435,1.868731069010284e-06,1.864349542392248e-05,0.0056068836465406,0.3438122214477736,0.5199407333828849,0.013671530743363,LCO,12,90
-10660.51061661902,2.4447037364970745,0.0096392812162997,5735.717636625032,-4.391832919624619,-0.4081670803753923,-0.4475389144991656,0.222382927628754,1.4661171005854472e-05,0.0001289892914286,1.00512098635876e-05,4.002308494400668e-05,1.3262260600906168e-05,0.0430678890412109,7.22608021416475e-06,4.8101993690777095e-05,0.0040105624999406,0.0211195764071826,0.3007414266018572,0.1606000824917946,LFP,12,97
-59399.94723517193,2.165079542262224,0.0084646534046197,57860.63089728126,-4.386088834881655,-0.4139111651183569,-0.3731648677228467,0.2080617505630828,1.6054129008446384e-05,8.368900106176464e-05,1.781340862112286e-05,8.72621999478572e-05,1.2030417275952656e-05,0.0795313582185429,5.022921224498575e-06,4.975448775241066e-05,0.0094664321322091,0.1404776900589538,0.0959425228868515,0.3204149193313479,LFP,12,97
-97964.66434922098,2.202444214492367,0.0116155765793183,58993.12484622828,-0.3460292531817615,-4.45397074681825,-0.2718488412992499,0.2303119283688105,2.346545561200872e-05,0.0001115556726421,1.6312433999127583e-05,0.0001304149749118,2.8770651772411128e-05,0.0583170513688096,1.80796945366428e-05,3.2543924805167765e-05,0.0128078495482524,0.0153762588985262,0.4401671007311569,0.202607799071067,LFP,13,73
-93052.13364917108,2.136073207861803,0.010058172710421,78054.97578531559,-4.399853870913852,-0.4001461290861599,-0.1155452388582199,0.2314775433055555,2.664031173409041e-05,4.989367713919912e-05,1.019747079813688e-05,5.074915280564066e-05,2.647360531954369e-05,0.0868070743771727,7.549463995668139e-06,2.9743169956341484e-05,0.0120236052145167,0.0989030085898814,0.5171314434453647,0.198420309106534,LFP,12,98
-79647.11240455005,2.351111213019217,0.008910494904044,51280.39156810391,-4.398169414406567,-0.4018305855934443,-0.0545601465931363,0.2248876091776597,1.4045103299271742e-05,0.000158116207839,1.946827553185628e-05,9.04208959136966e-05,1.3474349640743236e-05,0.0809185412914529,2.8180884555263407e-06,4.81819507990646e-05,0.0092451814337591,0.1133270190134765,0.3664172368500733,0.3956955975433138,LFP,12,98
-165598.35673780396,2.28596903724221,0.0425696629350091,34308.189102282595,-0.7819873221220703,-4.018012677877941,-0.2769839829138804,0.2024758399071034,2.9635812178042447e-05,0.0001132624208515,2.5436778650337355e-05,5.0513569159991865e-05,2.4064677574946826e-05,0.0616644235762,7.716501278173727e-06,4.836864285539097e-05,0.0151999104693265,0.0147068711225733,0.4957339426299328,0.1425752033336134,LFP,13,30
-139306.516454474,2.0771629988179177,0.0090616330231279,108836.04067966892,-4.398734309518957,-0.4012656904810541,-0.6321841645404714,0.2227795575943672,2.847685289866102e-05,4.813706522271136e-05,1.4739000740020111e-05,0.0001442916088904,1.3080177942747512e-05,0.0430944691902965,1.2924350101551144e-05,4.8093572176601694e-05,0.016904777303189,0.0919824718950936,0.1445361852892722,0.0612971782751626,LCO,12,100
-109284.29925503516,2.5798817308858046,0.0091540199940263,74642.83987884958,-4.395206223067177,-0.4047937769328342,-0.4303726622862762,0.2199921900918747,2.9363655041435485e-05,0.0002091251338157,1.6619393509731698e-05,5.291122386037833e-05,2.579891220441677e-05,0.0952452179009826,4.410403706552723e-06,2.2952102035515707e-05,0.009931528730919,0.0307588461153259,0.4293621036896811,0.0395063879087167,LCO,12,96
-126706.17088608688,2.203819752627453,0.0126980931389152,87051.39855473986,-0.3737165750782765,-4.426283424921735,-0.4256416953197014,0.2398259183717306,1.4742608001880098e-05,6.379259997127958e-05,1.0604732723132687e-05,4.55267197691022e-05,1.232364495449637e-05,0.0411267056201637,5.5707536433276685e-06,2.0397156343775475e-05,0.0173254926497578,0.1726962659686507,0.0526932355774086,0.2789688031342392,LCO,13,79
-62089.07238506724,2.1843518910563304,0.0123359966640333,58485.30487997596,-0.3396683407278829,-4.4603316592721285,-0.5743867268440719,0.2538388637946228,2.0756281760938544e-05,6.060450805212631e-05,1.112606449670002e-05,0.0001411648249345,1.221039151105076e-05,0.0929346469142455,2.914477881808134e-06,2.956683759769989e-05,0.0093576797953018,0.0162598690140812,0.1134688204444065,0.2258845836974403,LCO,13,74
-66431.54390208147,2.4391554372932154,0.0081298358582628,42206.28499514809,-4.3343068715776525,-0.4656931284223589,-0.5966103446906569,0.2016151547297245,2.0298965120657666e-05,6.615331082491842e-05,1.258956153291968e-05,0.0001456728105323,1.6402820592765674e-05,0.0402747341291306,4.278300939694695e-06,7.649357125586731e-06,0.0113775553443046,0.027661737363594,0.1520049823749404,0.1537229355708087,LCO,12,90
-26785.511248791016,2.278017777719609,0.0120467449840009,17341.5358397858,-0.3524096555252853,-4.447590344474726,-0.5646582199903207,0.239942682823998,2.93887583591692e-05,6.243323361166708e-05,1.9417542549664253e-05,5.351669049778265e-05,1.7818575504111534e-05,0.0623473345183586,5.579644845480859e-06,1.926475865305478e-05,0.0064876238137119,0.025306481247612,0.051848903259778,0.2881863955022892,LCO,13,77
-16989.38740274238,2.569279843946066,0.0114719473484826,15666.935378597756,-4.404478338563038,-0.3955216614369732,-0.728909399030489,0.2751741878371426,1.5093035670598532e-05,0.0002456115626751,1.0028710169157264e-05,5.785517439239164e-05,1.3288169226968888e-05,0.0985958504047924,7.594232203144763e-06,4.366974033020117e-05,0.0040657866361549,0.024614707317106,0.0161966160342519,0.160279277618153,LCO,12,97
-87675.7148179511,2.226252160122013,0.0150696509130491,77292.99219958694,-4.212288894287454,-0.5877111057125575,-0.5310478121182207,0.2834030065972338,2.93999686125521e-05,6.233889829634523e-05,1.0274761268335367e-05,4.097176975024603e-05,2.938758443615337e-05,0.0610363498815901,2.7642954231576497e-06,2.0462863436320104e-05,0.015091464462846,0.1309835365965427,0.1534505159036637,0.1145181353815728,LCO,12,76
-348465.3118490908,2.463334333778449,0.0174958659378305,175279.63508336816,-4.26641920241736,-0.5335807975826512,-0.4832178187330752,0.2495895935786155,1.4993605488555294e-05,0.0002166202478669,1.1339870440723298e-05,7.840967298834676e-05,1.4710147344605263e-05,0.0989513795920686,2.937122305795936e-06,4.974848263729081e-05,0.018259970304295,0.1040790005223499,0.3010403054900669,0.041662875254508,LFP,12,59
-692704.0937806547,2.603908907863706,0.0581536531379109,109522.19264617813,-0.892583406838817,-3.9074165931611935,-0.0665227153704473,0.3056673059162107,2.981307329929321e-05,0.000180034490408,1.183755346334549e-05,4.045122909213814e-05,1.7866785835761638e-05,0.0834628240834539,1.9978499863410816e-05,4.282715225472908e-05,0.0247653752122659,0.0175402303460975,0.5021828874397046,0.3437541668437505,LFP,13,28
-671001.3116814032,2.628228954888721,0.0510575301919324,127200.8201456288,-4.5863941076853365,-0.2136058923146748,-0.4050786557761942,0.2012461705092407,2.9683945003506068e-05,0.0001806754868059,1.1807188512519833e-05,4.105590352859433e-05,1.320280300058813e-05,0.0835407366495198,4.156331674387253e-06,4.5492311275925904e-05,0.0248615023765954,0.1391991689598459,0.0237568840869875,0.3619652911769723,LFP,12,30
-256942.79529405825,2.3755252593780543,0.0238913138225881,123903.8444992892,-0.5119962133870786,-4.288003786612933,-0.670200253790209,0.2027827374459309,1.7159314297649968e-05,0.0001929128641305,2.6466753731747467e-05,0.0001232267644939,1.7849504520316727e-05,0.0465641366617302,1.2326446853177513e-05,3.895513659554271e-05,0.0230658635667204,0.0213375695652922,0.2020368294948339,0.0364253471496649,LCO,13,48
-4086.7395791517074,2.080352268761485,0.0148416556822716,3726.2734304063615,-0.372235043942382,-4.427764956057629,-0.0755139634006389,0.2665827449804138,2.86716666478523e-05,5.681864927685658e-05,1.3604268193718544e-05,4.69014182664178e-05,1.5609446862178966e-05,0.0403079948574526,1.7011587727123513e-05,3.933777680736172e-05,0.0040786454642337,0.5472010381677095,0.1313679595775455,0.175917038854106,LCO,13,76
-12785.33183633244,2.475852693511176,0.0082206387768917,8942.815646889781,-0.5288771148170639,-4.271122885182948,-0.3814728296325185,0.2006232670224257,1.212600523553466e-05,0.0002139481232278,5.472228828100307e-05,8.37813866164482e-05,1.990437395710665e-05,0.041191690295467,1.780185079312191e-05,3.454236975592565e-05,0.0049626440646548,0.0170244327881129,0.4756971493341069,0.0558055882452615,LFP,13,93
-229945.42799000465,2.212192137219664,0.011029768159704,207796.1484353912,-0.3381275743173191,-4.461872425682692,-0.226481877165016,0.207813958697616,2.96270920930474e-05,8.989861943851471e-05,1.7007184094129208e-05,7.641736200826165e-05,2.241612437848115e-05,0.0986164081571361,1.658518834463487e-05,4.891832370914909e-05,0.0193994832597394,0.5314941991919477,0.0443555668179135,0.1276683568251227,LFP,13,71
-163487.24531762273,2.133355171562921,0.040723649673438,39494.416624220125,-4.629199299341103,-0.1708007006589085,-0.3460045176401505,0.2008502784873746,2.9684616010135417e-05,5.597697404923375e-05,1.672732991765297e-05,4.19511523741501e-05,1.3154959754598772e-05,0.0836297381865645,4.088011652452684e-06,4.51886268412737e-05,0.0153307343025906,0.1390376590961365,0.0797940596866941,0.3651637635770188,LFP,12,28
-4339.74078505449,2.0436479821257443,0.0111951051662613,5037.789386950596,-0.5474755689675632,-4.252524431032448,-0.097915362140902,0.2213395365919772,2.800838128168925e-05,4.626072166337e-05,1.187460951261942e-05,6.207309280891779e-05,2.0159950111278005e-05,0.0400275681306943,1.3923923843973315e-05,4.669738648012237e-05,0.0042921941130747,0.5951851366553115,0.0226690435089262,0.2142304576948602,LFP,13,97
-43725.166062666125,2.135052288191682,0.0399319301524607,14790.309057513085,-0.7486398056497521,-4.051360194350259,-0.4568201856728083,0.278177076040615,2.971742413810299e-05,5.531145144758831e-05,1.115806709402166e-05,4.673541164338632e-05,1.478276655685732e-05,0.0927561139328331,1.6631484688563675e-05,3.932856223850808e-05,0.0077517008706018,0.0572266130841093,0.2398541290663628,0.1760990721767195,LCO,13,33
-9681.192719623075,2.37955233014851,0.020273335713672,3625.707133252911,-0.5511617781039888,-4.248838221896023,-0.1664840860433841,0.2317726368894884,2.528567555776542e-05,0.0002443751800263,1.5207664054936333e-05,0.0001139666805704,1.8131964114846897e-05,0.0449907940198171,2.620841144881756e-06,4.924048786192728e-05,0.0043938388434514,0.1989177990749639,0.2339824712175261,0.3306156436641257,LCO,13,48
-424452.1472227345,2.433594043175912,0.076189941934601,107329.14231178517,-0.9950947361208052,-3.8049052638792062,-0.0956590911889638,0.3069784026514322,2.732667895886157e-05,0.0002165935714996,1.610467390204518e-05,0.0001494622896512,1.6010005058746463e-05,0.0864865040575317,2.368555439377684e-06,3.76401236533846e-05,0.024996174250669,0.0669088656022914,0.2187069463607799,0.5487250968479649,LFP,13,24
-398578.8116653396,2.201255402643776,0.0095471200934062,335485.06185055315,-0.3977517740622929,-4.402248225937719,-0.6669536460627993,0.2277869266041041,2.9724519595202397e-05,7.960539039732103e-05,1.3307108415253856e-05,7.851432153043279e-05,1.244523889533972e-05,0.0758569924889064,1.811597525518352e-05,4.606485220720316e-05,0.0239074374055032,0.0978991395725388,0.0409592956070225,0.1241879187576393,LCO,13,82
-450333.9658967425,2.507343807173384,0.031290466437796,140666.44650880122,-4.4593756566182,-0.3406243433818119,-0.3224569503131417,0.3554490330653524,2.3771493634616605e-05,0.0002234765972452,1.1674275467788762e-05,7.7132118788687e-05,1.369865053535046e-05,0.0850738242595317,3.290146201777773e-06,4.549165360166787e-05,0.0205557470738991,0.1349441888446162,0.1092530000105,0.363345860831742,LFP,12,47
-88773.8294865811,2.328152702729674,0.016926396574772,42535.94741036305,-0.5549641782436225,-4.245035821756389,-0.55888060569008,0.2175553645592788,2.9163414840627424e-05,7.752555518763141e-05,1.0100208663723014e-05,6.355494319714313e-05,1.3406720896586583e-05,0.0509329409474433,1.65532823442827e-05,2.119772000288125e-05,0.0144423292131332,0.071670093011134,0.066012866216559,0.2334364350822269,LCO,13,45
-123871.87900292152,2.2532299308753942,0.0217832871979336,53841.58651460518,-0.5163526147600308,-4.283647385239981,-0.2407179460574828,0.2363429099655674,2.467118654448281e-05,0.0001225435919053,1.0249126961284323e-05,0.0001447397618641,1.288488723968713e-05,0.064973922111553,1.1536115275477307e-05,3.113579873647569e-05,0.0139290790703099,0.0234598047294603,0.0691668016492096,0.5966554475638473,LCO,13,49
-181982.11181753097,2.0948592987650967,0.0206041909119447,90273.23805377116,-0.562065827319671,-4.23793417268034,-0.5018324134722765,0.2187214105431885,2.7361735200459144e-05,4.378846676903263e-05,1.5057698260664172e-05,0.0001422106745072,1.253229584627098e-05,0.0915275328151088,1.1388951906264304e-05,4.946549695983879e-05,0.0152957121164797,0.0410502643069362,0.1637624277630934,0.2233548944576938,LFP,13,46
-181982.11181753097,2.09305324694855,0.0201208125251961,99024.05790116006,-0.5093347504303694,-4.290665249569642,-0.5171791483644997,0.2184366988729414,2.654613225690873e-05,4.066906675815567e-05,1.218970945174118e-05,0.0001424893015276,1.2304988855546008e-05,0.0915521680401955,1.060234449154342e-05,4.944196771300985e-05,0.0153211788326442,0.0185200888067948,0.1686441329700092,0.2256566298586963,LFP,13,50
-11560.896641837508,2.624801044880347,0.0102700524633102,6514.905279617053,-0.5313966685991787,-4.268603331400833,-0.4152748557235916,0.2428843356405024,2.921508363221387e-05,0.0002466594930305,1.9630729014949655e-05,4.491245208188674e-05,1.815295854384635e-05,0.0450173202525037,1.7405045309677346e-05,4.960553918945182e-05,0.004147933816494,0.0112741506353763,0.1152039753682925,0.3882470182727396,LCO,13,92
-6518.969930976726,2.0657020267057424,0.0141286781489062,5364.538566588153,-0.3770456220047791,-4.422954377995232,-0.1465833025175664,0.2842479075400643,2.9770402234240627e-05,5.654001912483774e-05,1.3742605924079516e-05,7.856251831837261e-05,1.237346740330006e-05,0.0565104155284124,1.8616436670775696e-05,4.9006190236117045e-05,0.0040004675947495,0.5497711723801476,0.1321639539177471,0.1014815711845388,LCO,13,76
-136225.1764344165,2.200476527671753,0.0213743243571014,55241.04954402518,-0.5822033577932473,-4.217796642206764,-0.1962502907111186,0.2211226798273628,2.9164899982205917e-05,4.528886901634798e-05,1.345793206614963e-05,0.0001193882733756,1.337596597499469e-05,0.0511731004222848,1.6437416101078552e-05,2.2583521539501422e-05,0.0173614891393961,0.0714628827302311,0.4259609821149296,0.2363258444437206,LCO,13,45
-223363.3002270838,2.11030409175634,0.0110916032616047,181801.42340797395,-0.3932000990171431,-4.406799900982868,-0.5080578483051651,0.2077079868154884,2.7500830792919348e-05,4.910535083252321e-05,1.009830064162723e-05,5.365708322840974e-05,2.0207349741419004e-05,0.0591458473490883,1.3824199339550189e-05,4.560667772212496e-05,0.0214892498073219,0.0858901083298394,0.0285920536291326,0.3074599897358628,LFP,13,82
-279256.851489457,2.2141966460723297,0.0170452299680284,53977.45564606472,-0.8027272117011393,-3.997272788298872,-0.2147993043830564,0.2026189094437948,2.2753728427168868e-05,7.741354577812923e-05,1.2468324830370736e-05,7.184378996230878e-05,1.345151732308878e-05,0.0765318539815659,1.3344415821655775e-06,3.687773980550477e-05,0.0176032529504006,0.0710625857675053,0.0502953581955623,0.593842751653876,LFP,13,28
-130356.9191280732,2.3673418404105075,0.021398442041897,53254.795719617854,-0.512874786327771,-4.28712521367224,-0.1366027974087723,0.2081448242511022,1.5030803753056929e-05,0.0001371723474524,1.361761097723694e-05,8.309145402706031e-05,1.6270923912030678e-05,0.0462429228063532,3.3689360621769225e-06,3.642943407599532e-05,0.0166089019587075,0.0572210700908675,0.1690013065451929,0.5671748259551672,LFP,13,50
-364971.286128638,2.1513724193438297,0.0094676414400512,363415.7356008698,-0.4097730840347751,-4.390226915965236,-0.6686815734443672,0.2279727695316472,2.7308950860607537e-05,8.032773666135585e-05,1.3272767170879525e-05,0.0001310099535062,1.24042771122189e-05,0.0916588749785531,1.1210508836910467e-05,4.60125511299967e-05,0.0219835888750278,0.098976480311019,0.0396152355814815,0.1227267106631322,LCO,13,83
-167036.14570308232,2.2118702659750444,0.0095498137254437,179343.99502230153,-0.529859687030708,-4.270140312969303,-0.1842405488448969,0.2406835058646623,2.349326754766184e-05,0.0001116641316241,4.437576721992774e-05,0.0001297812105226,2.555011416569421e-05,0.0666176238611509,1.8549877448101768e-05,3.2358722201950536e-05,0.0187454488462022,0.0734124093657324,0.3790563881013112,0.2932906536880595,LFP,13,92
-107138.81299859402,2.223948251616961,0.0118941057984438,73760.49204133183,-4.379705433179581,-0.4202945668204307,-0.5276956258681264,0.285846969868655,2.0721641633400173e-05,8.261076003749457e-05,5.516220208522292e-05,8.4970679957885e-05,1.9973354396684708e-05,0.0410494249301741,7.848912056785009e-06,4.838419466382041e-05,0.0149185013095444,0.0409164459019343,0.2886807657253087,0.0727071625046305,LFP,12,93
-117680.99226131749,2.1896872227110284,0.0172900463518182,71523.13409587646,-0.427460006281791,-4.37253999371822,-0.4565039346500057,0.2331613815743353,1.2381135289837202e-05,7.011970365025721e-05,1.2438471163928662e-05,6.928325202973898e-05,1.25518138032364e-05,0.0430590633658981,3.212880946025164e-06,4.285065948297236e-05,0.0175901711050877,0.1643667269796586,0.2222541942307511,0.0868751441395844,LFP,13,58
-116541.41193353936,2.0716976071183875,0.0099044699762784,83005.77560474479,-0.3856599727057315,-4.41434002729428,-0.2596385533910399,0.2243732833300451,2.9835398213764787e-05,4.2986928940578734e-05,1.2948152536758829e-05,7.61930364064889e-05,1.2046980359652368e-05,0.0400523080782176,2.5374433220296054e-06,3.83058439638285e-05,0.0182765216778404,0.2099814460315953,0.2220750226256977,0.2383049779516671,LFP,13,80
-93627.19708523164,2.1290292888298747,0.0189896219579586,53763.00856147982,-0.5744271482275138,-4.2255728517724975,-0.3215221136927133,0.2182493211859262,2.9530876694747343e-05,5.447863152002517e-05,2.285603596302586e-05,5.801200242522461e-05,1.248448446144075e-05,0.0625936977976044,7.776701071580925e-06,4.836525956259716e-05,0.0152996263985223,0.0411091313684869,0.3435777886192964,0.2237909663195033,LFP,13,46
-11391.330664107676,2.4628819618576343,0.0105862318794,8616.198433525304,-0.4711646778360077,-4.328835322164004,-0.5717266337681061,0.2539522025682985,2.921198272042895e-05,0.0001656775153709,1.821868866743297e-05,5.833273402977521e-05,2.08386694454918e-05,0.0626386907459823,1.89369274008791e-05,4.77823570441016e-05,0.0041063888764388,0.0226305062219241,0.1128226491611207,0.222820210848849,LCO,13,87
-166718.71663814428,2.081773756658279,0.0300197164080848,63640.677405365685,-0.7071727519170707,-4.092827248082941,-0.3933836525681529,0.2093082144362537,2.9176087520914957e-05,5.574401333340755e-05,1.1154063436476644e-05,0.000148587999927,1.2541900227048145e-05,0.0927855126431395,1.1176462191723515e-05,4.582379584484939e-05,0.0153427952616007,0.0367638530782002,0.2758563196856016,0.2239961746680452,LCO,13,33
-148615.74713567822,2.080683999184113,0.0090379078915931,113119.26984069728,-4.337291170050037,-0.4627088299499746,-0.5860389132202296,0.2162876975915087,2.8236466262004204e-05,4.964889144999362e-05,1.0230592136221415e-05,0.0001439195247876,1.2062236266744898e-05,0.0508232927252703,1.2650543788396547e-05,4.976487417113979e-05,0.016846160047226,0.0704768013335288,0.1469516412132072,0.1265326442330344,LCO,12,90
-120463.68762461284,2.1555353908133474,0.0144697168614819,143408.87113702946,-0.389445257517778,-4.410554742482233,-0.5520043684284318,0.3112578235405653,2.0672124244346217e-05,8.265653337112894e-05,5.645405757042216e-05,0.0001474627551114,1.5065263727219718e-05,0.0856817226675144,1.2721307608039364e-05,4.839381126893324e-05,0.0147674082077887,0.0386395256004966,0.2891769441035279,0.0501791618675436,LCO,13,78
-276564.5585864868,2.33964182594712,0.0122293999121332,219029.61119842183,-0.5264854040637275,-4.273514595936284,-0.6458167599642467,0.279591980293463,2.3522061079327485e-05,0.0001675324445405,1.3021996350481562e-05,0.0001048629847286,1.4297753547151136e-05,0.0858927547748998,3.353749774954823e-06,3.64438762455e-05,0.0166517505785482,0.0572273293610122,0.2092944155711578,0.0176614951035832,LCO,13,91
-68558.45864550915,2.155200432104208,0.0509822813040478,28849.042178172567,-0.8742397659659034,-3.925760234034108,-0.5824993293981335,0.4260356990967071,2.9165473695244423e-05,5.84387900474502e-05,1.1250800284008078e-05,4.5701847137059206e-05,1.2013059836036044e-05,0.0959561791161817,1.834891797535977e-05,4.7420978181539305e-05,0.0105065076269702,0.1667892008151265,0.1091695834822572,0.0715418863044826,LFP,13,32
-3590.7681290471846,2.040400808077633,0.0181792242238186,4490.502113392086,-0.5742377424338443,-4.225762257566167,-0.0461049028110872,0.4345520610392073,2.9506602635466003e-05,4.523378576094692e-05,1.0454971243974035e-05,7.336005043851886e-05,2.3075237552769222e-05,0.0405455180386251,1.2496553660361891e-05,4.993524314348382e-05,0.0041146415981253,0.5553634371333915,0.0498681680769183,0.2786634919786029,LCO,13,92
-148438.41172121148,2.210988963573182,0.0109710167792513,157961.74083489613,-0.5543630848099923,-4.245636915190019,-0.4602638821373568,0.2229638424625122,2.7890407871944924e-05,7.759719623230072e-05,1.2696289607665022e-05,6.20452405213814e-05,2.028166310452094e-05,0.051049298053613,1.2679231227349623e-05,4.721292086586644e-05,0.0193416435762181,0.1889676408964267,0.0668181672252197,0.2139503097409968,LFP,13,98
-53030.50497148924,2.072253277237453,0.0414271815682964,24466.50111487751,-0.8918280991319918,-3.90817190086802,-0.360648556352433,0.2309411482995486,2.9811012972464065e-05,5.574344575788085e-05,1.2323907111009744e-05,7.874129718837922e-05,1.3158306973718118e-05,0.0463620463048733,3.200624179952848e-06,4.340494130398987e-05,0.0154713137272706,0.4710221285071586,0.0615693579860287,0.0367599571543796,LFP,13,27
-139869.4815379765,2.300172253014444,0.0147183364998277,57414.01854693938,-0.3990987419179959,-4.400901258082016,-0.6241617712382138,0.2018505998866076,1.9473633253856136e-05,0.0001141970112202,1.3640684106196858e-05,4.15930214042027e-05,1.6419677989478232e-05,0.0454512462395683,1.342874299178842e-06,4.0304309719515496e-05,0.015130412203102,0.0679642698939685,0.0950706930105149,0.1428032658573028,LFP,13,58
-84990.72330898551,2.067398907779145,0.009036242310708,75748.09556499316,-0.5466273324183959,-4.253372667581616,-0.2032366211459673,0.2241000510149445,2.9836719534538675e-05,4.2476992760649896e-05,1.069276014569436e-05,0.0001261721242921,1.6091618206356328e-05,0.040076239632432,2.0298209797431846e-06,4.025035847995336e-05,0.0158629934531839,0.2100878985899951,0.2379444001869557,0.2787310800770819,LFP,13,95
-45048.67959423192,2.097715565741718,0.010310867216529,41905.83636499318,-0.351839900625869,-4.448160099374142,-0.5500355535826538,0.2274587684972454,2.3226762337801905e-05,5.295718601691837e-05,1.4698452847747638e-05,7.82541928048089e-05,1.235041194087774e-05,0.0597820614862208,2.8835310756385262e-06,3.682798588603983e-05,0.009991178105962,0.1633856099761189,0.099671073581416,0.1169077628598111,LCO,13,77
-605768.8544142025,2.7756945847474843,0.0823484984088319,117982.66975242122,-0.976912626690016,-3.823087373309996,-0.2396304483983493,0.2433541185730779,2.6310913647793188e-05,0.0002128487258813,2.200572657170008e-05,4.207816976369335e-05,1.7370884739103528e-05,0.0972499495302461,1.6107506472623593e-05,4.170723446070999e-05,0.0249122075911901,0.0796235412532375,0.0139036823308817,0.5968423280175315,LFP,13,23
-24721.47390908862,2.0699888655944947,0.0128656954728539,35660.26525945732,-0.3881287449928408,-4.411871255007171,-0.4606728441424023,0.2542129281398662,1.2447805546058795e-05,4.700536781960694e-05,4.895142110925313e-05,0.0001062655637276,1.94157117982057e-05,0.0461042430496895,1.978953720584613e-05,4.863947227390607e-05,0.0101626128020599,0.2497964696320344,0.0393626427774448,0.1801680434481185,LFP,13,80
-286711.94709742937,2.3239474537819875,0.0091440759187623,226387.19148158585,-0.4754379909880626,-4.324562009011949,-0.5524141849586488,0.2166119432467279,1.7141627160578205e-05,0.000151712749912,2.6599060198915586e-05,9.589473538936204e-05,1.6121128893378484e-05,0.0417533079934269,1.241960531133291e-05,3.9917514743226285e-05,0.0249105777660304,0.100913527745394,0.2008864077612354,0.0757858795347217,LCO,13,88
-180992.49154287076,2.382861420002781,0.0693765261351444,30376.23141657411,-1.3295902397730543,-3.470409760226957,-0.25495144279921,0.2053039411593085,1.7123987153085205e-05,4.126481823918437e-05,5.375584585795624e-05,6.963130069727368e-05,1.2690451885385563e-05,0.0580663710942388,1.8222640917183444e-05,8.061928696824564e-06,0.0195771542466128,0.105110729567847,0.0580492457672471,0.511888581865696,LCO,13,16
-12521.99064276971,2.218996838317969,0.0125849359742655,10192.712244223532,-0.326605273695506,-4.473394726304505,-0.6609615361971358,0.2324554054599057,2.757939321800853e-05,6.926030784344926e-05,2.360085413238785e-05,7.070191342836523e-05,1.7219499316827762e-05,0.094555955458857,1.7100486539510946e-05,4.746349619300924e-05,0.0041676771216415,0.0226945871850374,0.0748283792925995,0.1715154973252272,LCO,13,67
-116226.63342034492,2.3013316931806296,0.0109225246689473,88107.07763252873,-0.4546250844282227,-4.345374915571789,-0.7188624759756468,0.2043196174557819,2.983749008773884e-05,4.6821873451559125e-05,3.526299902605356e-05,5.495718828980733e-05,2.7544988556049695e-05,0.0716885265553355,1.751855383811794e-05,2.2794806448733424e-05,0.0126906555604554,0.0675315097376157,0.0464469638615275,0.0971590504252099,LCO,13,87
-178963.55106427852,2.107795040024452,0.011061823236092,172105.6562890899,-0.4506729061598946,-4.349327093840117,-0.2790346560308384,0.2081451649861578,2.8414670938866608e-05,5.372429141461258e-05,3.92195366603332e-05,4.707329880560934e-05,1.2979850853951196e-05,0.0524874208084526,1.3860625670570166e-05,4.3933051099197466e-05,0.0217271720064763,0.3255927751426289,0.2239984898927069,0.1013740789338257,LCO,13,86
-26723.22845907847,2.373809359661497,0.0095988050141366,18843.63812107305,-0.5741833041291216,-4.22581669587089,-0.2646036975919731,0.2363599174147467,1.3635336469026346e-05,0.000173003754813,2.8877433574457548e-05,9.14300785413362e-05,2.960723925142911e-05,0.0454906933662347,1.5030502165006e-05,4.924722021453303e-05,0.0069392729521298,0.0319873155497859,0.3645029412199259,0.2689060456383152,LCO,13,98
-145316.06826803868,2.0813137153963828,0.0112588810925421,163033.71491519402,-0.3191841566506426,-4.480815843349369,-0.3264631189137126,0.2040313679264503,2.386447357556305e-05,6.247019958105085e-05,1.2002213107026649e-05,0.0001182376978406,2.84161225696327e-05,0.0709148446778146,1.4231989120464563e-05,4.430280603913483e-05,0.0197424364924854,0.1938207358817404,0.0229190361066307,0.3867971090979163,LCO,13,70
-174073.11610014623,2.6974157266383822,0.1287045338029961,18225.878017489296,-1.8197744219844267,-2.9802255780155846,-0.6259934745759173,0.2437826606542731,1.2793751684535404e-05,0.0001681702713904,2.696268626670559e-05,6.595544191364225e-05,1.6470513584839895e-05,0.0425813474910025,1.3482683089139234e-05,8.042362834281529e-06,0.0195318481149361,0.0833044885911941,0.086521967599676,0.1341800692332126,LFP,13,11
-355036.9136395889,2.3368198088468244,0.0121633144399939,243880.8247625913,-0.4280572437632699,-4.371942756236741,-0.09901187743972,0.2714959356445917,2.206728050929052e-05,0.0001009054036052,2.7846144993624828e-05,0.0001072966451611,2.2940064549437173e-05,0.0756040499832332,1.4163778446983469e-05,1.676110576127981e-05,0.0221464150910234,0.1762634589426056,0.4854983051383001,0.1692263584793741,LCO,13,82
-600751.2764442414,2.7070316843017483,0.0607546597237975,113345.98752285748,-0.940462321903084,-3.859537678096928,-0.3763080186228809,0.2452446031729923,2.9847738628353028e-05,0.0002094234215458,1.4220265267341644e-05,4.177355702966688e-05,1.726906755367382e-05,0.0864663046711756,2.603948755213145e-06,4.128109248074509e-05,0.0248472444759023,0.0845091128052314,0.0139512161145806,0.455231652457307,LFP,13,24
-321978.128994199,2.476473669088268,0.0092176367643702,217530.5520426875,-0.504693508330476,-4.295306491669535,-0.7598047625964469,0.201688764119838,2.660902838773339e-05,0.0001569590664357,1.9467291540883854e-05,5.1224698415407616e-05,2.866110011481417e-05,0.0537342126658094,1.981101058169086e-06,4.65386095593573e-05,0.0212607481195523,0.0543992933275059,0.0976462148127643,0.0181497292632828,LCO,13,91
-392577.5414268992,2.322477288135841,0.0100912311218603,305871.5722751682,-0.5232099638898831,-4.276790036110128,-0.2105844885757035,0.2465719442570981,2.202679958571289e-05,0.0002014185707807,2.1062519169252567e-05,0.000118403006098,2.872439482349382e-05,0.0861530582948393,1.890498276921172e-06,4.182525002693168e-05,0.021309933485069,0.0551338379018185,0.08090455118658,0.5833771223358979,LCO,13,91
-219306.55959364976,2.407194800193106,0.0501129318760183,39573.31223134653,-1.3148151646760198,-3.485184835323992,-0.666969713018108,0.2000010813750527,2.899652750504812e-05,4.081378489448949e-05,6.996465261822408e-05,6.977007418103495e-05,2.877505178056661e-05,0.0600250684635134,1.7310332341279103e-06,9.784301159785162e-06,0.021275294273047,0.0582016852475991,0.0577035853220262,0.1471250164122665,LCO,13,16
-11448.01513717026,2.144533399955136,0.0098877201964061,10701.628090565731,-0.4885966761910723,-4.311403323808939,-0.2904209873985012,0.2286053262903526,1.5981660575074816e-05,5.658143468801233e-05,3.89123247722863e-05,7.034450285102542e-05,2.642912246370044e-05,0.04022862746834,1.160182319944096e-05,4.2514028366207535e-05,0.0060219242806737,0.0191721746636008,0.5938408834201886,0.0265659545177095,LCO,13,88
-254030.0321010803,2.2725540180023884,0.0103429777562538,259610.4578311701,-0.4386521683030793,-4.361347831696932,-0.5959753376252435,0.2439122201832089,2.7570604091259937e-05,0.000170255677945,1.5167343958801568e-05,0.0001259899547647,1.676520282617545e-05,0.0947520102812376,1.2603706794788718e-05,3.7414256170381136e-05,0.0181006176022186,0.1832314288708817,0.0763865604043544,0.0744066730995203,LFP,13,85
-165933.70898382246,2.234325294676494,0.0106029872582385,129657.4298075681,-4.262467719456197,-0.5375322805438145,-0.3226955467359337,0.2515362601575773,1.5200279466640896e-05,0.000101614840025,3.1800763716893336e-05,8.543568530511878e-05,2.0602588515426703e-05,0.0514327570399087,1.4144261534379494e-05,4.685518221310548e-05,0.0193692907365313,0.0738020431677943,0.4830283202950622,0.0504740898012098,LCO,12,82
-570417.4686340294,2.314492449404832,0.0128154265289659,398948.52056590986,-0.3920662710714211,-4.40793372892859,-0.6153411324654917,0.2732531966949343,2.811955235695392e-05,0.0001159122098131,2.969741234678053e-05,5.388543746917318e-05,2.918892342142049e-05,0.095285548913636,8.53171498739794e-06,4.887264580466608e-05,0.0239830385311999,0.1604530699941653,0.0971937943614958,0.0570120031788471,LFP,13,80
-44713.62623470336,2.099102173310139,0.01011047201243,40946.00794787522,-0.3467320425564182,-4.453267957443593,-0.2129046405824779,0.2038781306214198,2.276990250275926e-05,6.640637100459188e-05,2.649933884563843e-05,0.0001469194449453,2.8436922439181486e-05,0.0704925630646909,1.423669086675415e-05,4.8618856681764e-05,0.0095203899490035,0.0692269488306086,0.0583643710883931,0.5895040394985203,LCO,13,77
-5945.187135799194,2.131899526143889,0.0109556746498521,8063.677559926165,-0.3167217254120515,-4.48327827458796,-0.6855513778919509,0.2032276578248205,1.2206516450475582e-05,7.124086693060768e-05,7.732634901474821e-05,0.0001471007585278,2.8472532188204924e-05,0.0489840425265388,1.8506165080313103e-05,4.185077159180132e-05,0.0046738653563327,0.0882927931369315,0.0579580104319884,0.0981978185391291,LCO,13,73
-271806.8960159506,2.1825049071439517,0.0169185384435404,239649.08277962764,-0.3981838103824913,-4.40181618961752,-0.2267752909162649,0.3388315412494065,2.2746949866483265e-05,0.0001140303285223,2.5135303719174724e-05,0.0001189737860543,1.3935066361262146e-05,0.0950830759398795,1.4232943575878148e-05,4.876866496838391e-05,0.0193272401871849,0.0703055520731204,0.0735302588896441,0.5593888981209706,LCO,13,78
-9072.41522126197,2.112293858098862,0.0126485046924765,6990.053743948986,-0.3245751709797062,-4.475424829020305,-0.8017568080161604,0.2322750617832437,1.8540190819802063e-05,6.504468189423472e-05,2.5227467838342747e-05,0.000122380449962,1.671554669318023e-05,0.0618644620250068,1.289267980355174e-05,4.738571775164895e-05,0.0040222487114386,0.0189749986351597,0.0767834794379406,0.0324847139107391,LCO,13,67
-370055.5032223244,2.211258457944602,0.011743983166021,262988.06628000014,-0.3259540285894999,-4.474045971410511,-0.0631829218327968,0.2051874151696184,2.249684221227998e-05,0.0001463241479985,2.316553496454219e-05,0.0001499643521264,2.866599274995076e-05,0.0790184374079166,3.910215719745274e-06,4.8615292157223166e-05,0.0241328259346757,0.236694598541703,0.0565632818608709,0.5735591977646293,LCO,13,70
-11304.090114486116,2.0708189158192525,0.010068796405591,14304.017145202486,-0.4544136165535946,-4.345586383446417,-0.6362173887993496,0.2456087940370304,2.8392059079233115e-05,4.216451596704592e-05,2.207800873707758e-05,0.0001077493887544,1.5001518599001076e-05,0.0853372006377895,8.516395821236796e-06,4.422603237704168e-05,0.0045767220341274,0.1463080458784073,0.1133478333166265,0.0341267320056166,LCO,13,86
-309334.03622866946,2.1649782797150943,0.009988097051388,262014.2743481934,-0.3499426998945765,-4.450057300105435,-0.4568702547820431,0.2100580269576996,2.850488963846548e-05,8.372543860066816e-05,2.1491039893459617e-05,0.0001234354530604,1.816223907019279e-05,0.079733256555544,1.425116650293814e-05,4.3921500727773286e-05,0.021727651713317,0.1116664056333615,0.2274449660883222,0.1340183734962731,LCO,13,77
-40462.01119232841,2.572104540394399,0.0688393750301182,17236.728426784666,-0.7221356000762214,-4.07786439992379,-0.7849776136599673,0.2043703656818646,2.981050446925888e-05,0.0002385634282662,2.627402496686361e-05,0.0001261959304485,1.3700226745992136e-05,0.0836935785634369,1.7552417908628795e-05,1.5077830691517514e-05,0.0078483193863267,0.0862974667641514,0.046554744017001,0.0121701755588802,LCO,13,31
-10441.057517916124,2.1264930446411663,0.0111675431691286,7176.000466938815,-0.5675483151690557,-4.232451684830956,-0.2772651375668316,0.2529928381125234,1.6566803348195387e-05,5.182083419738642e-05,1.2481197663509583e-05,4.686012217620255e-05,1.464624654478866e-05,0.0526346737865365,6.333482540728751e-06,4.3933178470068864e-05,0.0041487564394996,0.0424922511021658,0.2228396925752809,0.3874029187557216,LFP,13,98
-376260.5328638752,2.27027256548399,0.0126726214552617,351965.3991428798,-0.4137374998299492,-4.386262500170062,-0.4707928096699741,0.272065835811221,2.7639309032948e-05,0.0001419995118617,2.784791931036052e-05,0.0001084630496366,1.5144835479337576e-05,0.0969720235290815,1.3228068483734144e-05,3.710480245003055e-05,0.0217771807005408,0.1768944442146502,0.0750194488899139,0.2072932972254616,LFP,13,82
-264546.79667521483,2.0888979936656837,0.008750038633622,353023.99440527114,-0.5303314106535808,-4.269668589346431,-0.7673763265526375,0.2242077219470727,1.574819505317066e-05,6.322964244538509e-05,2.95412980428493e-05,0.0001226274960029,2.868423024134893e-05,0.0777047615910706,1.181975268600925e-05,4.4299084324108525e-05,0.0219595301296986,0.0819186758734987,0.0542404625637406,0.0264645350101231,LCO,13,93
-321612.9646377828,2.6137548023337858,0.0097487338624687,171019.3980948517,-4.251485235887515,-0.5485147641124968,-0.6265710758766045,0.2168226081546244,2.3459058890948277e-05,0.000246796307801,1.8015906354267025e-05,4.361619563390615e-05,1.44655402574448e-05,0.0810700404931443,1.820748775665849e-05,1.5438033396168565e-05,0.0164441727959411,0.0969504561628872,0.0188095974821936,0.1876688704783146,LCO,12,83
-265035.7629870494,2.7754073193426168,0.1333453390532235,44643.21591142831,-1.3188987251678554,-3.481101274832156,-0.738740382470243,0.2016942919453504,2.556835892090877e-05,0.0001641209102417,9.382462273007787e-05,5.117028057438311e-05,2.8828411292243172e-05,0.0604169481142883,1.7259163645808058e-06,3.771358006385724e-05,0.0212754419833771,0.0596733409399111,0.1145896415552605,0.0169966350345854,LCO,13,16
-257378.37475891903,2.369681068489073,0.0112979032636823,183524.6102029098,-0.3145764850925872,-4.485423514907424,-0.6828632016808204,0.2046108872910866,2.6900519121711506e-05,0.0002465076293779,1.459649213872887e-05,0.0001235029654898,2.854281901403156e-05,0.0465355315896709,1.4265821838540806e-05,3.656063530233146e-05,0.023171638882701,0.1941514193486563,0.0206386968166092,0.0323466821539141,LCO,13,71
-184449.95454657084,2.3912740282103044,0.0114309399886498,141996.68110507546,-0.3168780300031741,-4.483121969996837,-0.5138539370362039,0.2046188410803127,2.392646534286742e-05,0.000224477509113,1.9183504295946503e-05,0.0001157369466222,2.835907688700128e-05,0.0464986002296475,1.4279159393281156e-05,3.114990785188859e-05,0.0209892727680644,0.1943963002468186,0.0161433258612418,0.2056064368557358,LCO,13,71
-322527.2393400744,2.101940121691838,0.0170019651232807,112848.9307676696,-0.8277597269452031,-3.972240273054808,-0.4463430277432349,0.2123643296780849,2.831784513900453e-05,4.486173902941087e-05,1.4223841322342982e-05,5.2920234730487e-05,1.229036292580034e-05,0.0832323682383444,4.275912386011173e-06,4.86465860891157e-05,0.024860213246691,0.069272473638673,0.0211357809514775,0.3932487176666145,LFP,13,27
-390812.66373115673,2.3573006822201483,0.0100116473119449,382731.1302567713,-0.393796105915257,-4.406203894084754,-0.4803366070361192,0.2031499861938906,2.770027258726712e-05,0.0001818606757413,2.7934349425149098e-05,0.0001044342487896,2.6273941683870297e-05,0.0978682553025506,1.395257822399788e-05,3.6712237135474977e-05,0.0224646234282625,0.1938251708704106,0.0557407787941302,0.2000974432993399,LCO,13,82
-226240.09108095145,2.56097169797034,0.1605316969692192,12676.03036703918,-1.5957023849356915,-3.20429761506432,-0.2440265019603454,0.2059452586881338,2.4832555186741156e-05,0.0001526937051533,3.111654712018054e-05,0.0001326699827664,1.6499950119815237e-05,0.0419593409185414,1.7168464105639542e-05,3.841807301508842e-05,0.0162535212320712,0.1277070155606703,0.1881725426490004,0.3700939398299837,LCO,13,13
-128697.59364953458,2.374742189727735,0.013069753174933,61447.48356163807,-0.3471746563420765,-4.452825343657935,-0.275593888815004,0.2142371732968902,1.714166516501204e-05,0.0001502241032366,2.951218461657181e-05,9.601272317021188e-05,1.6255887420860428e-05,0.0708288717127653,1.5071007761698206e-05,3.960091888789052e-05,0.0123134372176021,0.0636278236797958,0.2018368094565042,0.3889414780486959,LCO,13,64
-261639.78942782563,2.457754308188739,0.0105353974355223,140426.95321400696,-0.3160728786841176,-4.483927121315894,-0.2273425506231091,0.2000330540070866,2.5582662575097984e-05,0.0001378359954965,2.024877358994104e-05,5.045327364949199e-05,2.866528984090696e-05,0.0603852091566413,4.886252144941013e-06,3.761591157426643e-05,0.0202836191223266,0.0568126463229069,0.0560477329269758,0.5897970701270081,LCO,13,70
-519840.4148646405,2.501316736161158,0.0092821536197024,384798.7096232836,-0.4724217623387758,-4.327578237661236,-0.5228779561318062,0.203564530328842,1.2504575055548918e-05,0.0001521667209221,3.5521476790966735e-05,4.3760249961293134e-05,2.697979784905316e-05,0.0732082090166958,1.2307318085124925e-05,4.002864252535458e-05,0.0249393233488306,0.1017958713438369,0.208130342963803,0.0971958295605538,LCO,13,88
-643066.9723608873,2.620940618989525,0.0510575301919324,132863.74441580294,-0.8157197666664189,-3.984280233333593,-0.4808872902905792,0.2114506266374775,2.9685012225692143e-05,0.0001850597796472,1.4082879420821496e-05,4.63955584956073e-05,1.2468766245058645e-05,0.0835177497079596,2.684964828249849e-07,4.293497812513368e-05,0.0248200672131931,0.158856437466601,0.0599117558756678,0.230344516367152,LFP,13,28
-4613.876341611203,2.037814742050408,0.0449397765104843,2689.872017967209,-4.506863094842245,-0.2931369051577661,-0.1487744228338925,0.2155456091927211,1.2219964299851091e-05,4.5195060231619006e-05,1.0561819425584664e-05,8.914937186172652e-05,1.7687265200134678e-05,0.04769700270514,4.296685353758843e-06,4.833542314428662e-05,0.00435279103026,0.544710693900859,0.0536552081131138,0.1828596751521346,LFP,12,40
-5040.7942175736935,2.0465704866920307,0.015110660043144,4066.847874452864,-0.3979605711854432,-4.402039428814568,-0.303633427743584,0.2086313989959928,2.572609934108345e-05,4.6455865882121925e-05,1.4306903553988548e-05,0.0001245820009636,1.8409568411084462e-05,0.0450293011336286,1.599478115118753e-05,4.7899218354911385e-05,0.0042224964272806,0.5341646209608353,0.0465394459036394,0.0456625053919413,LFP,13,61
-571974.0604962943,2.357500492039342,0.019871030588197,92286.32285240343,-4.711715823442376,-0.0882841765576358,-0.1548743025400719,0.2110176932028424,1.878564335220048e-05,0.0001219360939479,1.2214894089621672e-05,4.969939209893111e-05,1.2470896769786036e-05,0.081095423248351,4.914772587727597e-06,4.709913504106497e-05,0.0245583598539295,0.1388852534979235,0.0624309571495126,0.5738094868124919,LFP,12,25
-4830.621791972994,2.0480173328313382,0.0091048056523199,6274.824477820766,-0.5472074061556782,-4.252792593844333,-0.0796838465869775,0.2001929880465136,2.8613340828167164e-05,4.6456780981182296e-05,1.2152151674549888e-05,8.832566261263275e-05,1.9190117940142767e-05,0.048689794940162,1.4451093759348644e-05,4.4077256506764734e-05,0.0042353706676845,0.5299758916165739,0.0686854819398278,0.2516547798566207,LFP,13,99
-5087.603169261403,2.0399812392927164,0.0123829158616638,5449.093937124554,-0.4070849923250677,-4.392915007674944,-0.3835935415663694,0.2003299760696038,2.560293285125875e-05,4.6248060729526864e-05,1.306968510542665e-05,7.00273105563255e-05,1.8432303485987825e-05,0.0412818070310351,4.046466908333136e-06,4.789626149929119e-05,0.0043835639762309,0.467515314959712,0.04706061626656,0.0318305272073587,LCO,13,83
-4487.516780181473,2.0596144605705184,0.0409204155215073,2552.163946799692,-0.6324601409940129,-4.167539859005998,-0.2782581938562343,0.200794451792192,2.5725890310093825e-05,4.646138254971692e-05,1.587959770135428e-05,7.27558391092816e-05,1.840990280237027e-05,0.046438300298218,2.34466748424188e-06,4.752118794776646e-05,0.0040401311604785,0.5356944138796161,0.0556924269187508,0.0603549653453987,LFP,13,43
-707953.0711989894,2.666130820851192,0.0488837200235609,131333.57422032935,-0.7756488332854587,-4.024351166714553,-0.3171571729669254,0.2001822707353016,2.9623325540314416e-05,0.0002335451894625,1.4049085129399332e-05,4.519383108902437e-05,2.0105715062904903e-05,0.0835143665676383,1.8698255672321428e-05,3.985052105673554e-05,0.0249728687293903,0.0459651244432632,0.060244102138833,0.5066336004509783,LFP,13,29
-4277.344354580773,2.0473301924998117,0.0027060836581264,4724.377457146175,-0.5431338337164746,-4.256866166283537,-0.1850339490492547,0.2001710026509126,2.955004794763455e-05,4.077114217694172e-05,1.1880778309220656e-05,6.824444779159922e-05,1.9804922224886927e-05,0.0400577004263817,3.31098313651396e-06,4.666919187486904e-05,0.0040965429835335,0.5256351779421254,0.0230584878241715,0.1962723851844483,LFP,13,97
-640146.128697866,2.257250665213073,0.0202598850465495,102773.80100757066,-4.638910129123239,-0.161089870876772,-0.1320643398841984,0.2108184681434318,2.515373597052356e-05,0.0001196669748018,1.135584138842682e-05,5.119487711202613e-05,1.2470933907337165e-05,0.0835390044699523,2.671617783501353e-07,4.114865020253114e-05,0.0245574509415009,0.159185978453746,0.0625231095698449,0.5762265720922107,LFP,12,28
-574894.9041593156,2.62410166981053,0.0534243158630227,102634.1392173094,-0.9441234386513316,-3.85587656134868,-0.2049385630706639,0.2353378988906752,2.9685659072881585e-05,0.000184955366876,1.4095835183298911e-05,5.107685237863096e-05,1.2672947952802516e-05,0.083632630447307,6.067632722504337e-06,4.29339588582422e-05,0.024818277813984,0.1447521010191679,0.0188056098205101,0.561503726089658,LFP,13,24
-4830.621791972994,2.044653873132623,0.0100660601171606,4145.330247372353,-0.371625532225373,-4.428374467774638,-0.1481179645881661,0.2084280184200971,2.69517963416251e-05,4.58800272123791e-05,1.409133718531785e-05,0.0001494416188079,1.9197115179708652e-05,0.0405941957663239,1.448254696957143e-05,4.812267582764437e-05,0.0040369493088605,0.5124977178818225,0.0130143847118632,0.2563699328181481,LFP,13,79
-332267.4516104858,2.906431347517556,1.187003743736065,36718.65651720416,-2.479360631148729,-2.320639368851282,-0.5025335573671919,0.2101971487386203,2.4542591542869792e-05,0.0002424076492347,1.4143003223600155e-05,8.367635727193334e-05,1.6921103192959385e-05,0.0990428822022998,2.3154924206905984e-06,4.359306973718957e-05,0.0248618730404847,0.3209882494177784,0.0100826968465594,0.0963954963684702,LCO,13,6
-17249.70310970388,2.373379552358645,0.0086963130706411,19821.5412135226,-0.5619265186547295,-4.238073481345282,-0.5100690703735862,0.2049625326916233,1.202130969548902e-05,4.310339592800732e-05,2.818618193710907e-05,9.16010544276691e-05,1.839663138618964e-05,0.0452674335386877,1.500396853399294e-05,7.261338370616361e-06,0.00685327506875,0.105196889749855,0.0497530902278227,0.264980949648736,LCO,13,99
-4479.104506507907,2.040254426553273,0.0097310757957595,5764.385562198538,-0.5548647819313786,-4.245135218068633,-0.139527945173337,0.2487330380523788,2.8504090890701222e-05,4.620603093390358e-05,1.2111163624588654e-05,8.20696594186638e-05,1.380261082995078e-05,0.0438320821334361,1.364052421491766e-05,4.226981246614956e-05,0.0042367837900186,0.5946104199306346,0.0382109107511254,0.1576507241449029,LFP,13,98
-4511.638441697888,2.039894642045696,0.026778026607205,3115.6727635801144,-0.5427527365454168,-4.257247263454595,-0.0602992148580163,0.3766032071843013,2.48298304231931e-05,4.518951148717954e-05,1.0507191752567634e-05,0.0001322022461879,2.038514592363861e-05,0.040529678640916,4.324713301418995e-06,4.194165047996488e-05,0.0042565204456801,0.5463496088496412,0.0420283029481425,0.2813228733441999,LFP,13,56
-4511.638441697888,2.0582126682502646,0.008747708826449,5255.154757827574,-0.4906222524088122,-4.309377747591199,-0.1411881794320025,0.200062102364545,2.858950057101846e-05,4.729633478514328e-05,1.4797184497649528e-05,0.0001486772465577,1.916809369584875e-05,0.0415257738754455,3.8940468240346935e-06,4.2269594583566727e-05,0.004231615995414,0.5324369497867228,0.0773966179617617,0.178978252819513,LFP,13,90
-292974.289309528,2.5317164447074068,0.0101129554084463,246812.8049720629,-0.5527738590636417,-4.24722614093637,-0.57838449046219,0.2409431083950358,2.815786478508631e-05,0.0002029500375338,6.218651545243965e-05,6.586144169418444e-05,2.973209119906788e-05,0.0440533568070714,1.858881226877706e-05,2.8039116290164825e-05,0.0246480288512932,0.0430550009721731,0.035774099218285,0.2727864093473518,LFP,13,96
-429319.5179399499,2.147130183898956,0.0526827699936356,95186.36424187852,-4.751443544371725,-0.0485564556282867,-0.2621157620844846,0.2759623611876308,2.5305067452303504e-05,9.127567522304566e-05,2.672855784510416e-05,4.139414894250249e-05,1.2467108577512423e-05,0.0846466222494042,1.914168268679948e-06,4.8050253469580905e-05,0.0244422441042991,0.1633170327743676,0.0622321099696105,0.4423350951715372,LFP,12,25
-5051.003758563566,2.050060450660779,0.0084779015645992,6460.823528141995,-0.5556573979191981,-4.244342602080813,-0.2379361765670263,0.2012114170507867,2.925525874189327e-05,4.6211781602801925e-05,1.395780067447428e-05,0.0001221247656586,2.0859519056360828e-05,0.0438445557941604,1.36663698423899e-05,4.92395973477058e-05,0.0042882705351951,0.4846436838052985,0.0498298770637698,0.1575902625639053,LCO,13,99
-190151.58777617925,2.280205144628812,0.0092030818242701,133190.63016223317,-4.348722141067697,-0.4512778589323147,-0.4541292309277679,0.2014810667279025,2.8117138503256917e-05,9.646372367975206e-05,2.3831122218514697e-05,5.6588992649404814e-05,1.6234063217809203e-05,0.060907831190992,3.59462291967666e-06,4.8297018787785376e-05,0.0172344311868592,0.0921550287979954,0.3652581096915725,0.0184576305826641,LCO,12,91
-4768.225361499279,2.0582126682502646,0.0084779015645992,6319.724033155707,-0.552878690039222,-4.247121309960789,-0.1307088353269222,0.2017135874640092,2.8272100452814564e-05,4.729728043118675e-05,1.3936936619771775e-05,0.0001395573945235,2.0954939582295688e-05,0.0415073983004618,1.123856652825089e-06,3.899433918558716e-05,0.0044561151327778,0.533389782971566,0.0775526732821483,0.1883487084193635,LCO,13,97
-4830.621791972994,2.0426272726527777,0.0152867873817074,3884.76403721873,-0.4009096721143947,-4.399090327885617,-0.1729177964107432,0.2343649943788922,2.8128429614562325e-05,4.568337515854579e-05,1.180054040904603e-05,0.0001215598977394,1.8984741749882785e-05,0.0411625689143431,1.7001777426923702e-05,4.870615192750788e-05,0.0044204895993626,0.5673579273661749,0.0144918248584695,0.1752324513646123,LFP,13,62
-5046.066228417659,2.040308104870441,0.0097310757957595,5084.74421469317,-0.5565705688293647,-4.243429431170647,-0.3045674729587273,0.2486344351253105,2.850277475723487e-05,4.584042694024059e-05,1.167513608935161e-05,8.070949216263677e-05,1.3790552066932494e-05,0.0403157801176501,1.364082050737464e-05,4.780343081627025e-05,0.0040007434734805,0.4310258737327386,0.0382490976353492,0.1561575556731849,LFP,13,99
-552322.1070327458,2.1488009986145324,0.0165847888213478,120916.76571107854,-4.594532285719907,-0.205467714280104,-0.3665679319150786,0.2107890346408722,2.5098999337106108e-05,9.109401474883372e-05,1.1346114642282185e-05,5.1392041858452514e-05,1.2472684723783104e-05,0.0851741357757893,9.197731712284398e-07,3.793522492227902e-05,0.0246113674202735,0.1572357690195231,0.0277445949307406,0.3784517041346575,LFP,12,30
-365533.8344522874,2.5951130387047128,0.0646567763476863,59758.38000200737,-1.2564802800095762,-3.543519719990435,-0.3095702383720157,0.259653492858475,2.491752582400744e-05,0.0001360852008249,1.0602873248447953e-05,9.540427595624007e-05,2.4796398896481135e-05,0.0713165041039684,1.5844941151324456e-05,1.6811481953673174e-06,0.0233913700185091,0.0113565347532868,0.4914473708870973,0.1176258559876002,LFP,13,18
-4830.621791972994,2.0572690806045477,0.0223416984129174,2783.9065277786453,-0.5178968019567591,-4.282103198043252,-0.1008760990252605,0.2343735960136471,2.9859690785914984e-05,4.705418002821551e-05,1.1797378788247886e-05,0.000122198999166,1.712700647263076e-05,0.0422900522753337,1.682675380408796e-05,4.964748496980557e-05,0.0040405146390346,0.5684860580620232,0.0195853734855547,0.2410524694271615,LCO,13,52
-4830.621791972994,2.044653873132623,0.0123059619964635,3643.066247536176,-0.3532832711188547,-4.446716728881157,-0.1536801129409039,0.2461279508084074,2.8981955969158088e-05,4.522082285855976e-05,1.4093183371191336e-05,0.0001093567239942,1.9119978190831495e-05,0.0405853061007671,1.8004808755039673e-05,4.814449738847326e-05,0.0040112715705527,0.510707208321206,0.0287645213335707,0.2368481574043194,LFP,13,73
-4689.98981272118,2.064635234334361,0.0093614417797881,5297.220304585276,-0.553136175915732,-4.246863824084279,-0.2807679680637486,0.2000515796212841,2.1534890603544164e-05,4.705503857090097e-05,1.6245014318750525e-05,7.032735436569857e-05,2.0768466381473017e-05,0.0400178406011456,1.904969009492132e-05,4.818975243786521e-05,0.004071907830416,0.5258211554105224,0.058278033187877,0.0651328433378519,LCO,13,98
-4277.344354580773,2.0627670227157844,0.0407184886517917,2358.7699478871987,-4.472225849065552,-0.3277741509344594,-0.143891921276967,0.2159088856269544,2.5000485273647937e-05,4.959129110075402e-05,1.0512242510515293e-05,6.940598394184353e-05,1.8259490462132024e-05,0.0408221594372065,8.857716767398348e-07,4.8337226332981045e-05,0.0044290020981873,0.5453220986340923,0.0567956878809032,0.1839902922080374,LFP,12,43
-4830.621791972994,2.0429487590637003,0.0179507314331755,3250.9933603568825,-0.4688781992618018,-4.3311218007382095,-0.1367692946732869,0.2426598268556085,2.78465183044627e-05,4.615018002639896e-05,1.1804811212864876e-05,0.0001462205658125,1.7050224457332015e-05,0.0423142037109832,1.68595213726381e-05,4.966418437764429e-05,0.0041356595516995,0.5793411060752292,0.0571075673410768,0.1567820319104071,LCO,13,56
-4495.038016730964,2.0646445386118706,1.0100785178862188,1805.1388533766133,-0.7860223641277386,-4.013977635872273,-0.0821763800704153,0.201536872386912,2.7608352780666988e-05,4.731254368991484e-05,1.3977760548584425e-05,0.0001472069472624,1.5695343176767553e-05,0.0426429552485536,1.6653064786281023e-05,4.996933552410117e-05,0.0041531594448991,0.584745394085975,0.0194070799804875,0.2436711458631221,LCO,13,31
-142037.68941319964,2.2386379248298587,0.0119741439595812,79313.31927933605,-0.3304502248290859,-4.469549775170925,-0.4248376223077953,0.2211301646345388,2.9314170591544303e-05,0.0001358140538225,1.2446378925867937e-05,0.0001443487949624,2.751113284625502e-05,0.0400558057431874,1.746933958888266e-05,3.7708423174679975e-05,0.0173500570348042,0.0535759728776367,0.0613673845833769,0.390219020231191,LFP,13,73
-4186.892202228445,2.052775242466268,0.0398356957589013,2991.9409209064524,-0.6340110141970001,-4.165988985803011,-0.1081239035442165,0.4375481406060357,2.999579593171819e-05,4.783145398055114e-05,1.044787407670139e-05,0.0001450894368918,1.4342984365001262e-05,0.0430686719436775,1.0480148395300742e-05,4.964509108222474e-05,0.0041487390308456,0.5739526836106863,0.0247125969575933,0.2232108158875038,LFP,13,52
-4988.607328089851,2.0626591407831074,0.0084779015645992,5425.991626823937,-0.5463936368556048,-4.253606363144407,-0.1785010974190012,0.2008256892904749,2.995431918451102e-05,4.873025783616403e-05,1.2211633644886078e-05,8.85884215343175e-05,1.9841173891987088e-05,0.0439066628296446,1.7589799408514948e-06,4.672140315527549e-05,0.0040961439295274,0.4935126533797213,0.0452413802441631,0.2127448689571143,LFP,13,98
-4549.913210655189,2.074256268522288,0.0249507439275071,2217.3051540218885,-0.6412964095178566,-4.158703590482155,-0.3281991486460101,0.2025087026369798,2.5671428612425552e-05,4.673903844051503e-05,1.5917522965878136e-05,7.246734598335603e-05,1.804863847464884e-05,0.0405621845641372,1.4499224689040847e-05,4.7234794412621306e-05,0.0040355828308531,0.5121931358667076,0.027115190077564,0.0624925254097183,LFP,13,42
-5051.003758563566,2.0493031172991123,0.0168984436724452,3216.7762007730357,-0.4614652733998383,-4.338534726600173,-0.2392821494982279,0.2170270106506934,2.968768661869577e-05,4.6152904729271936e-05,1.4454875343473106e-05,0.0001437520450894,1.6168550963344607e-05,0.0423065143910729,1.709734519956326e-05,4.940595734597216e-05,0.004082875593465,0.4751164159556157,0.057190349642168,0.1584110849039883,LCO,13,55
-344149.8557950167,2.1063913222758672,0.0170019651232807,104766.03880989958,-4.657136258283984,-0.1428637417160274,-0.3796253612572366,0.2130718464263418,2.9728932398929723e-05,4.449210334382069e-05,1.423188644608507e-05,5.07111135965569e-05,1.2289130897677512e-05,0.0860709991089326,4.2988664778656176e-06,4.875947630863438e-05,0.0249784100289467,0.1577852706449793,0.0211099736089509,0.3714793944888331,LFP,12,27
-5081.847776453061,2.0772062494220283,0.0341349302859285,2040.1886078476516,-0.7154109458995777,-4.084589054100434,-0.1514023725195978,0.2191773108987161,2.13057146234442e-05,4.706968465656514e-05,1.6283036636502242e-05,0.0001213947641626,2.2533559136304096e-05,0.0410449423507454,1.6795838953143976e-05,4.89494785292458e-05,0.004137898298398,0.524691714467274,0.0571015536259503,0.1968043593871777,LCO,13,36
-5352.840794942673,2.044716431673681,0.0095231394408991,4359.150044337069,-4.320186890585198,-0.4798131094148132,-0.0934929153879208,0.2020773854622514,1.963915979374281e-05,4.52216950191217e-05,1.106277170213304e-05,8.906445616102964e-05,1.768547183826769e-05,0.0405745035546839,1.4069118630496158e-06,4.841069462577354e-05,0.0041427537069304,0.5106595783937725,0.0654675332243726,0.260379972993934,LFP,12,89
