SpecificEnergy,SEIGrouth,TempIncrease,Price,UpperViolation,LowerViolation,VolFracViolation,C,la,lp,lo,ln,lz,Lh,Rp,Rn,Rcell,efp,efo,efn,mat,Ns,Np
-240596.6430245472,2.336073765074312,0.16631689571013608,50026.44468873456,-1.5946324133733327,-3.2053675866266786,-0.5009420467117285,0.21532677424754876,2.890912548190202e-05,6.49816791573739e-05,7.18892255065866e-05,5.297765050972076e-05,1.930925236416265e-05,0.08860907804549696,3.131975124683471e-06,4.67140363957569e-05,0.022137499390788344,0.08396540235565902,0.04794513467455464,0.29714741625805796,LFP,13,13
-40549.96900747997,2.501186919840053,0.010880497458326309,45623.62018713062,-0.5629076761563638,-4.2370923238436475,-0.6789856752656783,0.26359921454432383,2.797385757307871e-05,0.00023085113303572335,5.8707007125906736e-05,7.02532577331194e-05,2.9385810440118414e-05,0.05569890946152783,7.044551495876935e-07,4.3582187519630124e-05,0.009069993687063675,0.10582637575921364,0.13177266961678574,0.013415279358322318,LFP,13,99
-236329.67966559585,2.072110674069494,0.009485480211524712,371030.5521656239,-0.4305357052044627,-4.369464294795549,-0.37903264353734945,0.23412364445561867,1.8951337921702934e-05,4.769924944780443e-05,1.0479863704024556e-05,8.633626853060737e-05,2.836653013533723e-05,0.08661123227851557,2.0550107115847198e-06,3.808327439172387e-05,0.02469937713372141,0.3168494536586066,0.1659777401893515,0.06814016261469244,LCO,13,84
-9511.94928089163,2.0826512939768884,0.021206226544375054,10034.374382673503,-0.39603370056105547,-4.403966299438956,-0.5978793722016573,0.3853189372768993,1.590819071416438e-05,4.869394392183516e-05,4.372025912497628e-05,0.00014811882438035435,2.9206864954276813e-05,0.05379236074184539,6.520112298781114e-07,4.608246010027935e-05,0.0050734326258360714,0.05853748104715541,0.22974058023091182,0.04384256652027552,LFP,13,75
-32352.567306554014,2.280489486417669,0.009718266294176664,42586.694638716115,-0.5614389575783463,-4.238561042421665,-0.5100064963324322,0.23473672807101498,2.442213609069772e-05,0.00018313792386122428,4.743111657721155e-05,0.00014865569094476753,2.9944623997655975e-05,0.05525207912558122,6.160425307192892e-07,4.351160915718347e-05,0.00900685777684992,0.01977241741541387,0.17230584878138228,0.22791523747077172,LFP,13,99
-10569.13906436509,2.424068514364067,0.010845187809487284,8125.240536651948,-0.46061843868796615,-4.339381561312045,-0.6007969441520761,0.23295119352567287,1.2543667680274387e-05,0.0001370843740871168,4.397958224034549e-05,6.676165103863554e-05,2.8721613195181502e-05,0.05114769756802945,2.4133418238144938e-06,3.8846907457797355e-05,0.004313273725073415,0.06530945928948631,0.05435631581263317,0.2095372807458045,LFP,13,87
-11774.15321173055,2.277652322406296,0.012141906633743085,6320.323552187065,-0.46191764360205667,-4.338082356397955,-0.5894446023019249,0.23283228558529334,2.4622962057553192e-05,9.132755112963451e-05,4.400171265811581e-05,4.0310168210868085e-05,2.9863421796838117e-05,0.0495957728402334,3.6955909928873832e-06,3.875794000926779e-05,0.004050140076514466,0.017682951519524003,0.11316943567779644,0.20970301050075477,LFP,13,87
-4725.156408850217,2.0722874373097135,0.024694481596594695,2496.5562479170944,-0.5646159471499885,-4.235384052850023,-0.15325510626244332,0.20191988700366148,2.97493399738103e-05,6.067258824059593e-05,2.579853699857772e-05,0.00012575086711089003,2.773082658117924e-05,0.04059995671405294,1.483357589262401e-06,4.836599839522671e-05,0.004033078631976461,0.5790516168503949,0.15611416877278525,0.04157910811437657,LFP,13,49
-12007.235311411514,2.1771461643566914,0.009792857977772131,13413.729063235145,-0.5123172221026167,-4.287682777897395,-0.4409870897863968,0.24219382294923908,1.6683071782637508e-05,9.67095294159891e-05,1.0268928074236657e-05,9.692391566441942e-05,2.982117829025205e-05,0.07179183766757602,4.379793134358206e-07,3.795326790171978e-05,0.004792465134152198,0.1368379147776306,0.09659792516834423,0.25557707026762844,LFP,13,91
-227292.85874901144,2.202529826590412,0.055529239523730914,59457.414388639874,-0.857856069714785,-3.9421439302852264,-0.4100939822470616,0.21524348849981384,2.7819047830465326e-05,6.324022030218036e-05,5.264117728240761e-05,5.2897435341066316e-05,2.5986933201634022e-05,0.055375644008453434,3.1409777647592747e-06,4.3561838518992195e-05,0.02228968204847121,0.08269405928611184,0.010782690313208151,0.4264292681536184,LFP,13,26
-59597.59526939291,2.049899087669883,0.03033517788797056,40066.89548273023,-0.7360968306786191,-4.063903169321392,-0.19360827871792108,0.21041403981252527,1.219262095375911e-05,4.5897512884390636e-05,2.6110077147058994e-05,0.00012452809005222577,2.513512846462052e-05,0.04012848960989169,5.752615008263243e-06,4.754986357261958e-05,0.018300964032025302,0.5904895009128668,0.10997021618645066,0.03593200418276156,LFP,13,36
-15418.081033553219,2.4915495206847513,0.010844953056223374,12457.818532550094,-0.3749635978401571,-4.425036402159854,-0.28052590754778306,0.23274365678603887,1.9076867237396433e-05,0.0002208055392714314,3.642704157483615e-05,6.685823806591106e-05,2.8633061712012252e-05,0.08672201904214649,1.8530045855505385e-06,4.135945250241253e-05,0.004480183017109979,0.27496397697331665,0.07469609440972513,0.2998140210691752,LCO,13,79
-290320.8098335786,2.1096264791847466,0.009021012316304216,381414.43934743636,-0.3838555622798481,-4.416144437720163,-0.6157422826631109,0.20664692849521016,2.3456758879929485e-05,4.71110206842032e-05,1.4806220705905048e-05,0.0001074810651995413,1.7712631361983588e-05,0.09236435500218851,1.366318228225275e-05,3.420468981018527e-05,0.023411297123329386,0.029132878578787463,0.21740449322321748,0.06772034553488424,LCO,13,81
-211985.74934596693,2.152764032952145,0.009025742654187346,295133.8065769302,-0.375519878121942,-4.424480121878069,-0.8618222901402552,0.20549175055585403,1.9007038604935867e-05,4.671251175903636e-05,1.4528073826938588e-05,0.00010508985092997874,1.293033181901017e-05,0.09480231619705541,3.938626167257226e-06,3.087097611442884e-05,0.019212670452573483,0.01198409674456764,0.011502097023488127,0.044691516091689046,LCO,13,81
-516028.6118618945,2.2997916035586647,0.009415865124141975,402680.58619079366,-0.42447101432620116,-4.37552898567381,-0.2785307021196074,0.20171571692299278,1.889602109069103e-05,0.00011099913190197704,4.1086791008249474e-05,6.66113588173161e-05,2.9773601936533516e-05,0.09419250517067629,1.5751316140341233e-05,3.9683415801505334e-05,0.02458774885106053,0.09734285937235883,0.36072509880841136,0.19340133969962242,LFP,13,84
-371320.9156189406,2.4569633118112613,0.033817289652010606,138040.86099252378,-0.751160379696465,-4.048839620303546,-0.49075638444538283,0.20755289860206055,1.8900361776024955e-05,0.00020935020764775285,1.494948069186568e-05,0.00013143010291493583,1.3005289850572804e-05,0.09279201586308376,1.5400056435534382e-05,4.526122969297621e-05,0.021936955219972666,0.18005790172908734,0.239593407199806,0.019592306625723893,LCO,13,31
-116394.83989977087,2.1510581538358995,0.07690726947783678,23262.439805146754,-0.908990545007434,-3.8910094549925773,-0.35563614490712336,0.20510781995737437,2.1455194899359527e-05,4.536063373393943e-05,3.681501665385869e-05,4.010919738247641e-05,2.513245822907546e-05,0.08784194909413334,4.465077529944339e-06,4.861333184867322e-05,0.011793587083901973,0.03457933274742983,0.0184594837559745,0.5213250385894723,LFP,13,24
-36958.78120510648,2.623340554707479,0.010653793723470119,21916.981851818662,-0.3348769543053933,-4.465123045694618,-0.3268942728181581,0.2129626050440092,1.5765841821766266e-05,0.00022102852407113966,3.6667485196026856e-05,6.684037810170337e-05,2.2701690076755394e-05,0.06141068902332747,1.768269366617386e-06,1.2823578270289379e-05,0.007268867588159118,0.03633990647689428,0.2929998084651191,0.2737660122398286,LCO,13,74
-143378.47616485198,2.611835776083926,0.06909432198549494,54666.8464621627,-0.9173573847486622,-3.882642615251349,-0.17778660364074983,0.23298517250075276,1.874480419157664e-05,0.00022592031838160735,5.0395995617521126e-05,5.280384614257201e-05,2.972887126281409e-05,0.06065166155788605,2.475254134701419e-06,4.0457213640900193e-05,0.020250300514841564,0.36138414384540674,0.1857355511946916,0.20509370131915194,LFP,13,26
-208469.1895258191,2.149844403599726,0.015212809216103929,207416.88002089775,-0.33611197169063445,-4.463888028309377,-0.31872362160722045,0.2125540730411376,1.2852050894976545e-05,4.766448711364885e-05,5.9604066121117364e-05,6.010392662656428e-05,2.9742363312321377e-05,0.05544765895494244,6.633244454599697e-07,4.220822725846182e-05,0.024435400997548838,0.07700124615661788,0.17120342116694226,0.3630717110692194,LFP,13,74
-76348.9954829567,2.622866839712607,0.00912741234486319,79482.08674392749,-0.5574375277336543,-4.242562472266357,-0.3447697115646655,0.21848847882716554,1.708125374447941e-05,0.00023136695559590774,5.736213730672343e-05,4.232302992643425e-05,2.934436816209666e-05,0.05572506751337158,6.518232673743629e-07,3.988251933152808e-05,0.012556967389919101,0.08414610257434357,0.16984545565915563,0.33123873020183536,LFP,13,100
-184835.38338388558,2.454706738711058,0.007544910398783437,218202.43720911196,-0.3366820772303214,-4.46331792276969,-0.15830805792311575,0.21299040987420984,1.3490351861589625e-05,0.00022147913901775137,2.177974551487282e-05,6.273445362884976e-05,2.152031040129337e-05,0.09709421945530226,1.5559673023769925e-06,3.4449544038834917e-06,0.018463459562543107,0.34802867366021106,0.03194980315894136,0.3917134652577319,LCO,13,74
-16494.73516959955,2.1740292647681607,0.0089237254808215,24672.454510425046,-0.3828669143705383,-4.417133085629473,-0.5793264943855894,0.20002450604502808,2.2260827255688384e-05,4.848521642956393e-05,3.9865256954291515e-05,0.00010769668031584945,2.5663063917555637e-05,0.09481353559896324,1.3973887150145056e-05,2.8045062056565883e-05,0.0058931159355441074,0.04471711539594034,0.23828163511790698,0.06767475510056331,LCO,13,81
-204634.4288995196,2.4911178776094136,0.003449189558817487,284167.1165488803,-0.5610996388297522,-4.238900361170259,-0.6609740699019233,0.2041249075830792,1.3506747817371382e-05,4.876212998693775e-05,2.1280656056887974e-05,7.149414241644115e-05,2.9756420053322862e-05,0.0552150840914173,1.9209036389211335e-05,8.306577974553036e-07,0.023556736657518507,0.018589226771078198,0.016349943250607235,0.23408676007639134,LCO,13,100
-15961.736488523184,2.4027155614852362,0.009457665374081891,17648.206455564363,-0.5552763143175952,-4.244723685682416,-0.6517905167905376,0.23288162119849823,1.4313622250704603e-05,0.0001389069219733748,5.9008800340880776e-05,6.675223972517717e-05,2.8734952164624405e-05,0.050510333536410615,1.3979405601870557e-05,3.7354621156847334e-05,0.005940517650848015,0.1541889459459273,0.05390484549395111,0.07011569176958407,LFP,13,99
-20462.26200292482,2.294855629164986,0.009934825173987537,27013.865044711147,-0.36555946534681993,-4.434440534653191,-0.7700738069441135,0.23346424666710047,1.9069340589354595e-05,0.00010659273597464276,3.4882524430927554e-05,0.00012624777235902023,2.565560590709332e-05,0.09499265353419864,1.9489736673431955e-05,2.2000105577447175e-05,0.005895090773953164,0.042222520094120544,0.07172124881383217,0.045982424147933756,LCO,13,79
-84682.14758366726,2.084420302771188,0.011960343754248322,85593.87921525148,-0.3386029273161668,-4.4613970726838446,-0.6849113384970649,0.24128236294046457,2.7168306920482923e-05,4.8852003531421255e-05,3.9787984017912e-05,8.515362789124795e-05,2.44211234000114e-05,0.09822698711563688,4.3782600214739e-06,4.87726008308661e-05,0.01128567749854235,0.0443864751498121,0.13184674420883283,0.06885544214429017,LFP,13,74
-123776.18875217105,2.3337280643092035,0.008924633148720038,100001.58305446278,-0.5553942237373164,-4.244605776262695,-0.4810010522125625,0.22100837770314666,1.846110409293863e-05,0.00011420905339808975,3.892912081908266e-05,4.5626763390618785e-05,2.9816973640287088e-05,0.08677864062153959,1.9924194914154103e-05,4.609617123531148e-05,0.011508686670480491,0.07275113067999442,0.35965731321041394,0.016590503897029193,LFP,13,97
-79604.58963381432,2.4871820131461533,0.011707632657051298,46048.77816670541,-0.3434124579794897,-4.456587542020522,-0.08648480769198386,0.2209836801535039,2.0859012349309324e-05,0.00018924976220596095,4.5917455709746077e-05,6.267470068255714e-05,2.9602917720811717e-05,0.05398329951358158,6.107702185301267e-06,3.9859561718963565e-05,0.011999503486346198,0.13496553433913558,0.16127969633414346,0.5472699616347372,LFP,13,74
-44514.45644847544,2.528750549455526,0.009906767539102506,31251.744890366565,-0.37039148487559714,-4.429608515124414,-0.40014122651440165,0.22078607677405224,1.8232498954523176e-05,0.00023355327863821694,4.594536291049912e-05,6.261171978715338e-05,2.8628362341905667e-05,0.08675129573689286,6.224037931815578e-06,3.9262765390690915e-05,0.007018796010596137,0.07082524080586275,0.16521187319406097,0.29382165948567474,LFP,13,79
-135887.10611517748,2.0885268525965657,0.028984626201190595,76615.30251232226,-0.7007683767147199,-4.0992316232852914,-0.17751836986132752,0.20171547386458144,1.3867695842179427e-05,5.7940565803297434e-05,1.8577571693350234e-05,0.00012627018754629332,2.6757144287880033e-05,0.040433116801219526,5.3086033267973476e-06,4.764181658260317e-05,0.024976548757721328,0.4032315813199019,0.15522316607300551,0.19402688274576524,LFP,13,37
-36296.26727793163,2.604918088491286,0.011762832243567058,26781.39032513674,-0.34145167586130754,-4.458548324138704,-0.24186943194509736,0.23315500481671725,1.9346876612219944e-05,0.0002194686690806156,3.6444979328007935e-05,6.67420915376242e-05,2.247447443014703e-05,0.06838596665173134,1.7682637743868192e-06,1.2811049603313659e-05,0.007999749647104369,0.27657330799989654,0.13745971237716398,0.27409754767784217,LCO,13,68
-75111.64549605103,2.2549500215455582,0.011791740925615916,73940.11079246405,-0.3466314021583372,-4.453368597841674,-0.09520174597796627,0.2355946171730874,1.677501801529306e-05,0.00023638034376189602,3.124748470119183e-05,0.00011441315532458512,2.943676172258306e-05,0.09909887736602324,2.2634089146228387e-06,4.033156105726803e-05,0.011107459766854184,0.39186575769965437,0.2165423930010172,0.22639010332136222,LCO,13,70
-158162.99309634295,2.12699530741353,0.010744753960474382,183630.70826652148,-0.32855101366108386,-4.4714489863389275,-0.28003613207128675,0.20644819259480526,2.729097367411638e-05,5.4349837317988285e-05,4.4027977569578025e-05,0.00013752426365774327,1.4601332748352736e-05,0.04704178482862277,1.7216283032663962e-05,3.4147136700941945e-05,0.024946735681262894,0.02778458548025265,0.2677667037513779,0.35441257869708276,LCO,13,73
-9896.171180646968,2.4243834546369585,0.010788558277799901,7159.059780358681,-0.4132750817749269,-4.3867249182250845,-0.47408509727957415,0.23284855192855475,1.4328095897967014e-05,0.00013976601582679348,3.720921395706092e-05,6.676172274809135e-05,2.8735249021380714e-05,0.050472891377618415,1.4354250915086497e-05,3.888322369115884e-05,0.004281304427003247,0.18980635728991174,0.05456647331639174,0.21154207211412243,LFP,13,83
-115910.30232778315,2.0671828223162065,0.010395509586465165,249765.47045406338,-0.543887144886881,-4.25611285511313,-0.318669110673494,0.2035296391769218,1.2140651980638142e-05,4.193872423869789e-05,2.6106761261483305e-05,0.00014759014418663083,2.5187562960227464e-05,0.08751355428302166,5.605504015310533e-06,4.754042245414326e-05,0.01830220359986575,0.4577488549687959,0.11204617006594651,0.04153586429176362,LFP,13,97
-7969.967451646306,2.2238455836770217,0.013658699921422223,7648.202079212727,-0.34066402227898607,-4.459335977721025,-0.19349504530285422,0.209989139830014,1.5039263089876781e-05,0.0001984465063559535,2.13121349618064e-05,0.0001482584255948755,2.514660340087489e-05,0.06980825765409582,5.158106858440915e-06,3.845496412981747e-05,0.0041620823149854345,0.5907320145177277,0.10991394868897636,0.035858991490441666,LCO,13,69
-116634.28595271792,2.0974029548511304,0.011879634127212723,124935.31406971501,-0.5335306067218895,-4.266469393278122,-0.49845545630440813,0.24229972645574865,1.2855783554470898e-05,4.495477751767119e-05,3.6595749922381285e-05,6.010094384488382e-05,2.984835368101983e-05,0.05544977465756801,2.435415936222382e-06,3.8802943586641655e-05,0.016594560402094324,0.07724281145359359,0.22307176658959704,0.13122996565240128,LFP,13,93
-4768.225361499279,2.073840012355942,0.01408817890159427,4126.441210921393,-0.4262232625214182,-4.373776737478593,-0.033837157079329216,0.28559794908654684,2.8126027381724632e-05,5.2293650929250316e-05,2.2734966613377352e-05,0.00013925456535462662,2.878738750059727e-05,0.04060361621404537,3.4224926031104347e-07,4.522101169332368e-05,0.004091358276879179,0.5801511193723645,0.08598449445478511,0.23002722909352125,LFP,13,82
-223112.51456210559,3.1574193140340485,2.1437257310069464,19993.09552938156,-2.3892997477373896,-2.4107002522626217,-0.576213305663063,0.34798651878961917,1.7885222577314102e-05,0.0002049035397857573,2.374186999523257e-05,5.3840012524559724e-05,2.978519877237147e-05,0.05381244838391208,1.4637550678503415e-06,4.684442329399296e-05,0.023410642297213256,0.016992664745394376,0.1921615496096912,0.1446324799818515,LCO,13,7
-737175.9918918131,2.3978359552436594,0.009153200341410359,606126.5696766307,-4.392329295273484,-0.40767070472652733,-0.8308636546077822,0.20065751417215114,1.3926313269834156e-05,0.00012953026310889477,1.9560537981227484e-05,4.977269802709069e-05,2.1033509179117567e-05,0.09986286776529861,8.222840064219619e-06,4.328080690906963e-05,0.024984393618171508,0.052277517077234326,0.020574333523306676,0.02628449479167678,LCO,12,100
-125021.46974036237,2.3658413697556906,0.008301884092169672,111414.48440535495,-0.5675457656104399,-4.2324542343895715,-0.48299296377458384,0.21646960156255884,2.7612048750777598e-05,0.00022217471739808948,2.7982719887881908e-05,0.00012511231251187996,2.6777244979429942e-05,0.04022976171550343,1.5392144308787116e-05,4.947350798501873e-05,0.01711176443572567,0.02086644560808315,0.37839209614293473,0.04774849447439834,LCO,13,100
-16460.439777536772,2.763373563962675,0.15000492373386906,1811.8004270747767,-1.417177772191117,-3.3828222278088944,-0.12177463985211312,0.21152897288864642,2.7566835965642284e-05,0.00023875098426629266,1.275351869776774e-05,5.2575793293358626e-05,2.7457979977208623e-05,0.07790836766069612,1.9210899310851574e-05,4.228500058678253e-05,0.0042390165770057105,0.5825300281583394,0.19641130681483496,0.02928402517471247,LFP,13,16
-313525.78382065904,2.3907495017156015,0.04592204278930247,140460.21640282846,-0.7184703932235408,-4.081529606776471,-0.6908685402544245,0.3680745030897181,2.289122977223315e-05,0.0002327104906067396,2.6261474999825905e-05,0.0001290247475965775,1.476915409664083e-05,0.08483369113889418,4.771868319298537e-06,4.4903812123807514e-05,0.01986327993524053,0.05997350998202229,0.15828934144911314,0.020868608314440176,LFP,13,40
-221921.38319996698,2.14355924357673,0.022853830460552286,98100.07979922678,-4.555451004235891,-0.24454899576412004,-0.31481612318648433,0.3317725166335412,1.4177037889885794e-05,4.184231864199056e-05,2.0975284750614653e-05,4.1662566571375775e-05,1.7148426783536614e-05,0.0622654485369625,1.737422737217404e-05,4.6926646676913235e-05,0.022888364380018726,0.24976996157318282,0.35090526667603045,0.014508648564302465,LFP,12,40
-665803.2194028985,2.578433907091174,0.023689994762623942,408577.08870890184,-0.40306004419544195,-4.396939955804569,-0.7627369122701111,0.44604261993715144,1.5384887087638464e-05,0.00017401764835360973,2.739224392203603e-05,4.4737950750774986e-05,1.3772089847491465e-05,0.083308759912578,3.6004472741036277e-06,4.981501826443456e-05,0.024866801872161236,0.10077098896683809,0.04560777947420425,0.0208843192888466,LCO,13,74
-420922.1912619762,2.5921879521503937,0.15654250646363352,58274.92995350054,-1.589430218177398,-3.2105697818226133,-0.7509239151447034,0.2091580228568159,2.669526016246396e-05,0.0001450004269042989,1.2697998872631344e-05,5.630392358573996e-05,2.6160401408095674e-05,0.07566885860961774,4.2111819978642746e-06,4.2225562744011996e-05,0.024668555271874837,0.09972150188559051,0.04613100407186166,0.03322357889784459,LFP,13,13
-4258.3970634481275,2.048717043438823,0.013525312354259803,3708.3960476436328,-0.34573519260889896,-4.454264807391112,-0.14126150421031503,0.20134576040733976,2.4948266550085917e-05,4.2077934944637217e-05,1.285276411896943e-05,0.00014440405855865697,2.865292380871306e-05,0.040034261127235946,5.1556633982036335e-06,4.6624999382308584e-05,0.004198667967492033,0.5043300595025232,0.12792242442989715,0.1564860118572646,LFP,13,68
-159077.9879111321,2.5783423475179066,0.045629815915473555,71026.28691455454,-0.767711467896234,-4.032288532103777,-0.24166114986584863,0.2260064763381759,2.5966730912331224e-05,0.00023968747423316252,2.7669748554768235e-05,5.242507349514391e-05,1.4907075529821092e-05,0.04005165682079015,4.020202587330167e-06,3.929342499280537e-05,0.02443135606984268,0.5829314378863212,0.042501375953054074,0.06290603629477615,LFP,13,34
-223376.0400569546,2.3066160606400037,0.013045299253408882,190438.24281573622,-0.4188643510312886,-4.381135648968723,-0.7009238327144425,0.25864218378871323,2.7105469088500362e-05,8.891929023811969e-05,1.692107150646048e-05,5.63321599348783e-05,2.6202250872632585e-05,0.06446530696101754,4.208149057808665e-06,3.206429292939583e-05,0.019749552384565,0.05085457692330944,0.14474601292113964,0.0334755774411085,LFP,13,83
-406189.3180213797,2.340108854623452,0.6211686887850866,86525.40923040369,-1.1301856645462607,-3.6698143354537507,-0.6901127121810896,0.3681908116563572,1.2258136007281924e-05,0.00011110103192446908,2.6281217048387518e-05,4.0674080519536565e-05,2.081627152975844e-05,0.08507606644342694,4.8304387881385035e-06,3.521689207230474e-05,0.021993999926349497,0.058537715582306554,0.15829390589982345,0.02305566633678046,LCO,13,21
-130216.13770706728,2.473623000785481,0.13300495022216519,33329.8035037877,-0.9974803618477424,-3.802519638152269,-0.801449814478613,0.2468530028708616,1.5735883787204845e-05,0.0001625491877642473,2.4650794739865314e-05,0.00014883395908605592,2.311371345156996e-05,0.052605031983553666,1.0736420454521587e-05,4.5041178428028684e-05,0.016304445792327427,0.04610439180256534,0.06584508787155388,0.016600705847267874,LCO,13,22
-265338.2160121463,2.1106743459302995,0.005772351906695618,324006.24842540064,-0.5612988025310273,-4.238701197468984,-0.555997307351918,0.26328541661073196,1.2568159146264815e-05,4.2334941008322985e-05,2.0965658034863968e-05,5.396142055268233e-05,2.7159111842924565e-05,0.07096325601463664,4.5307522302397176e-06,4.670728392441119e-05,0.023367190464064012,0.05747424217747572,0.2765560250945871,0.039972425376019236,LCO,13,95
-39837.53214009857,2.581425803711129,0.013612902282788502,30234.308990763766,-4.178772427689125,-0.621227572310886,-0.7716771324018008,0.25378326514478244,1.3845297787113838e-05,0.00020716405892964363,5.175592227550271e-05,4.1800805787654564e-05,2.0137644549619397e-05,0.07390865245241357,1.3436893368744957e-06,4.6483005764587675e-05,0.007649367086154655,0.09831148701028741,0.019012748341626,0.04099863224628577,LCO,12,70
-11841.561516633341,2.532740861861529,0.02806614954010219,4257.893256340267,-0.604708353692665,-4.195291646307346,-0.3827209442865045,0.304362706887899,2.7619204896347862e-05,0.00020475892693282513,2.350497530947139e-05,4.879756360311792e-05,2.9413465075734964e-05,0.05578868722566642,1.4529363525644695e-05,4.83315130093581e-05,0.004228746779677672,0.28930516291740954,0.17941549967919057,0.07855839311689541,LCO,13,47
-375639.6499905383,2.7052119888601744,0.03943736692342581,90150.45699305482,-0.7897586864446353,-4.010241313555376,-0.6056893074937584,0.30505933603025265,1.7970709596578578e-05,0.00020500746013473375,2.3741476483054654e-05,4.999173601506159e-05,2.1862170839729318e-05,0.054281187104505885,4.585314143546569e-06,4.834556157567617e-05,0.023228187992857773,0.0248903212537325,0.19596475622847798,0.10345561502403117,LCO,13,31
-93723.42586546493,2.1062937442927354,0.03756819027708581,45562.48272752596,-4.519360489392653,-0.28063951060735803,-0.605353795671679,0.3302516930971781,1.3982063134608675e-05,4.126459429963617e-05,2.042803389186112e-05,6.541334296434207e-05,2.1244988019415125e-05,0.04023857973018956,1.6109750293769105e-05,4.9993048812939057e-05,0.018064686211581228,0.20343334408294006,0.06488842674277115,0.05632443350260978,LFP,12,41
-8773.797279541495,2.0782660295306608,0.00956058343908147,8231.732350008642,-4.35480008023967,-0.44519991976034134,-0.45080856227773014,0.23387653918099038,1.2945166448499143e-05,4.137817385707252e-05,1.8570359073879002e-05,0.0001135965795282303,1.5073175707062525e-05,0.06191784721705601,1.5899302005985976e-05,4.342561551855113e-05,0.004124853985385415,0.14296393439322974,0.3088747450900678,0.027352758238972364,LCO,12,91
-290900.4714260475,2.2115529781660492,0.029591842810448223,140660.75188605368,-0.6440105809420018,-4.15598941905801,-0.4647353752704422,0.21255944314920786,1.2537253299273024e-05,6.867812283034981e-05,2.1290938943459216e-05,0.00014941393563897568,2.3224072949324397e-05,0.07921223290300516,1.5898885727019028e-05,1.8399194652654026e-05,0.022495480522443278,0.026430253420924598,0.10768839486184492,0.33114597644678834,LCO,13,37
-233408.49967041734,2.6785756502867955,0.0444534799648922,83484.23027212931,-0.805115775040953,-3.9948842249590584,-0.5988452617003752,0.22622880935243878,2.1245987256267667e-05,0.00024990695149191373,3.451302430106604e-05,7.897045928652286e-05,2.2050958575584354e-05,0.046624706072305414,2.330689241374055e-06,4.7919991433620754e-05,0.02479682160807642,0.13504670149592157,0.15830914511681576,0.037798891686887465,LFP,13,29
-17358.483986267405,2.8778722236714986,0.8245256088406123,2018.1434693191486,-1.4233103252487211,-3.3766896747512902,-0.5476036866135708,0.20925552073046408,2.761930249478097e-05,0.00024295703157452755,2.3519743712317936e-05,5.262166864804188e-05,2.9661740758871156e-05,0.07807736839225518,1.241944733580343e-05,4.894244604389006e-05,0.00422389858288847,0.1651456914167337,0.20392744081016376,0.013323181159531797,LCO,13,15
-362778.74264632055,2.3833998051581053,0.05482279995838829,144017.52818577792,-0.794321395381175,-4.005678604618836,-0.6615670972905475,0.36828160858955383,2.686560936841795e-05,0.00018624289582788603,2.6273945088253846e-05,0.00012907891724592098,1.3802537378144956e-05,0.08503415334375099,5.6596332996942364e-06,4.485862986175846e-05,0.02208162349737404,0.05662983259818276,0.11443411986450522,0.09736895024676459,LFP,13,34
-52925.889491183145,2.081031050730468,0.00684501346451904,55357.64898171715,-4.180439733512188,-0.6195602664878237,-0.6082767097707168,0.21317703963038362,1.4445893195549771e-05,4.211343722947945e-05,2.922898203551539e-05,5.40834003750669e-05,2.8443934262857282e-05,0.043459985397582834,3.963372589945218e-06,4.9550605829337196e-05,0.01509288057647179,0.113953564750093,0.13454225047982304,0.07322747499936721,LFP,12,68
-80455.20969264559,2.2023704594699955,0.23219107868766944,10178.158507580927,-1.885719423411615,-2.9142805765883963,-0.6796993903152528,0.34554548417262476,1.9280707607747938e-05,4.173470653181581e-05,2.5983550940844268e-05,0.00012503552675435068,2.762880450582438e-05,0.04186155070280538,2.564933664153765e-06,4.945105497210457e-05,0.015191731170355001,0.06247888048026358,0.13099981592923812,0.056821913275245564,LFP,13,11
-346236.5650197708,2.5054604256036455,0.03513942035342576,195455.48106888184,-0.6104254736128922,-4.189574526387119,-0.4535643325263076,0.3686812763333785,2.293039102280538e-05,0.0002344082635430282,2.2586941126239125e-05,6.840467438488239e-05,1.6022015089336925e-05,0.08505979104578766,1.4029131455880116e-05,4.979361895233572e-05,0.02182752911044967,0.3273009489780903,0.1283847964732605,0.020749922022341594,LCO,13,49
-174450.02351765434,2.0723502427818565,0.009883283519262362,164216.50093726147,-4.29477218291342,-0.5052278170865918,-0.21802448506258032,0.21165894744633462,1.2457283490206803e-05,4.121444336963848e-05,1.7696311301765152e-05,0.00013305896915864678,2.1359499210489166e-05,0.0402157905973441,1.5898830042854697e-05,4.329597364774076e-05,0.024725642461195664,0.2302195265763602,0.4254305090409646,0.05632547932009497,LFP,12,86
-189277.45351664483,2.1367017819486596,0.009935761245117587,227588.35344882566,-0.37990346241653583,-4.4200965375834755,-0.629940905312164,0.23320792025783088,1.296201578318951e-05,4.287763032199006e-05,2.8954676242454308e-05,7.393147112994637e-05,1.3422031883740595e-05,0.062140687375452336,1.6083981001261247e-05,3.1541588573645735e-05,0.021613740502927907,0.14258386040905352,0.12776321563983925,0.029712018638943342,LCO,13,80
-30862.856140170345,2.5433630805100753,0.023495215470699944,13487.692436675346,-4.346810612806955,-0.45318938719305635,-0.7336903757144497,0.20629801936581615,2.2996892478697843e-05,0.0002067729438728509,6.450672816029603e-05,8.083632536613364e-05,1.530008917290512e-05,0.06889765728996325,1.4399404981551026e-05,4.901547281933587e-05,0.006461003883936743,0.015567286660885037,0.13035731896810596,0.05038501865655936,LCO,12,48
-232032.4985483285,2.095045305167916,0.00953414807996411,374419.31208749575,-0.4578314878050733,-4.342168512194938,-0.2745193026616405,0.21003799818859292,1.2414386199712221e-05,4.347174398599544e-05,1.4673928652408349e-05,0.0001233388981335124,2.2947762772272745e-05,0.08288149675800244,1.8564633455360097e-05,4.263090124286959e-05,0.024816445447816932,0.061071448508691825,0.5694910515293419,0.02491819730032585,LCO,13,86
-231775.58061741563,2.840990915425279,0.1041940652260864,35553.12421175657,-1.2468662137812245,-3.553133786218787,-0.34530243236760705,0.32888239243217127,1.4756294624583515e-05,0.00016890660195106023,2.2357764193582068e-05,4.697379666248122e-05,2.4675465381781726e-05,0.04956602989662362,2.3355517115278718e-06,4.982846590453708e-05,0.020599290996853314,0.0484521288542874,0.49459927468366727,0.04164616409443837,LFP,13,19
-345794.7433663858,2.617419850482543,0.026013466498881654,241837.81423375377,-0.6376556653091683,-4.162344334690843,-0.5422349795057784,0.5774683407385696,1.3956580037967896e-05,0.00021914554237264052,2.0962610861993286e-05,5.3969322834618906e-05,2.838746737785225e-05,0.04612101242726653,4.532939815021232e-06,4.663927446783602e-05,0.02364416134643046,0.05485079778520921,0.27819961961942824,0.05471460308958427,LCO,13,96
-180441.18092943853,2.380666542564228,0.019941027205267827,100418.83540035516,-0.5622759764134386,-4.237724023586573,-0.33915013003436045,0.24292365860487167,2.4360090291924383e-05,0.00011781943743419865,8.764489852355382e-05,4.934142498871253e-05,2.7386542002540524e-05,0.04017454063432061,1.4578031360075481e-05,4.557592023309691e-05,0.024253644338970877,0.25735402364732934,0.2828650642199648,0.0506307820983455,LCO,13,48
-131176.21002793364,2.0624550528358023,0.015142945780703077,167449.82973207984,-0.3497683361535877,-4.450231663846424,-0.48481773336299055,0.274437609984,1.4486625805888733e-05,4.1966965756429307e-05,6.631106035329991e-05,0.0001389809341982789,2.0113514139600213e-05,0.08661555169175397,1.3415659712236543e-05,4.654002892511351e-05,0.016991012191888692,0.044004918496346496,0.37653652328079035,0.024640824859872686,LCO,13,70
-421559.15249440493,2.4869610883298288,0.07787803896591552,152001.20539544028,-0.8592560312272539,-3.9407439687727575,-0.6951851646788391,0.396966760178704,1.3782632061599863e-05,0.0002050193339244117,2.253651996264276e-05,0.0001291296838425253,2.1880193915197594e-05,0.08525043955647657,4.102417940436426e-06,4.4605748653745514e-05,0.02372305950571432,0.024649027739200444,0.11282913720051806,0.09733667038144249,LCO,13,30
-131929.6127611011,2.0680685305409483,0.01254300558128675,233532.70649980163,-0.47518352490779137,-4.32481647509222,-0.8479285716305976,0.2883037876097771,1.2766424837458139e-05,4.258150954348989e-05,6.68148455681187e-05,0.00012116701664397476,1.9292609537718016e-05,0.08658860320535883,4.474635502647562e-06,4.661619544610903e-05,0.01693502837818833,0.019550059160447684,0.03707538227088136,0.025445986938073338,LCO,13,87
-36825.65085429839,2.0781097929524117,0.008816240699813039,67140.6612180398,-0.46360702404697207,-4.336392975953039,-0.7634295917165417,0.20171144391728557,1.4603343650265168e-05,4.038346971369395e-05,4.362555348492597e-05,0.00014455357411407666,2.50029107520387e-05,0.06983036961885021,3.668824671941099e-06,3.4779003644743e-05,0.010303592306512739,0.03585142599624053,0.10979596146460868,0.020923020822609106,LFP,13,88
-133648.7063685939,2.795471536627822,0.14553227516553421,29694.31482758152,-1.0357171370300193,-3.764282862969992,-0.8186106161524163,0.2415122062141257,1.2779223563730609e-05,0.0001634746876167026,2.4832968709638e-05,0.00014920478563218426,2.3635804804130135e-05,0.04909722506118594,1.8619424651236093e-06,4.538041423961082e-05,0.01621798356065877,0.022748719099252544,0.06579514483708875,0.022845519911242514,LCO,13,21
-178007.00090712926,2.181274747132906,0.015166009800572311,171768.23881774128,-0.5011175888354842,-4.298882411164527,-0.37553306389391417,0.28867148545132126,1.2782946287016108e-05,4.238484282919307e-05,8.862047917583312e-05,4.920612688059074e-05,2.1957452168589633e-05,0.07531393029786887,1.3419677497732355e-05,2.9933282967287493e-05,0.01696963660598605,0.04357849151395797,0.48622979102986325,0.024658653562264758,LCO,13,88
-251831.44511685875,2.2203346674866005,0.010784865422156325,259650.22011970976,-4.3036790927685615,-0.49632090723144984,-0.5241838153618308,0.2424756499380467,1.230917407029911e-05,0.0001697906233166971,1.7198339785091824e-05,0.00012630687686193882,2.02956125581407e-05,0.0530329704954905,1.4286269739280047e-06,4.538982299105685e-05,0.024801256773974864,0.3287155777888541,0.06521542568522085,0.011885181164094361,LFP,12,87
-180240.5540931875,2.1016885108592076,0.1153711616599574,110466.37345516862,-0.9178018129171335,-3.882198187082878,-0.27935713373310345,0.2860921400727996,1.2749340577999238e-05,5.077504828923561e-05,2.24745254692196e-05,0.00012224134939249888,2.9869553962329203e-05,0.09891298370656401,1.8689575833934806e-05,4.579273251083806e-05,0.0219302678361177,0.4536116235034031,0.1724326845336836,0.024598558229809855,LCO,13,27
-465005.5561957172,3.028058775635789,3.3608439963381778,19355.756092858166,-2.804336193801703,-1.9956638061983085,-0.39311126399199925,0.20231160546414337,2.9344401556261305e-05,0.00014714342023434312,1.6435241272017686e-05,4.125929218813839e-05,2.5980539980638635e-05,0.09437912898514084,1.6025713977759113e-05,3.79647214014387e-05,0.02464060303524756,0.01631693185397944,0.4881387243388016,0.03243307981521969,LFP,13,4
-40188.58063225429,2.492527035693757,0.06329434618759848,5494.176205738971,-1.5615160050699828,-3.2384839949300286,-0.16054245985188953,0.21389812324905633,2.5510155647723576e-05,0.00014279147431163678,3.764557806468155e-05,6.460041104225652e-05,2.815544665797166e-05,0.04785453350503978,1.89459451356647e-05,4.7187293343901505e-05,0.01011613768997282,0.3369741558247823,0.39544485849092526,0.03703852583240292,LFP,13,14
-50836.322866524075,2.2714066037601595,0.011529424224314003,47860.55265205751,-0.4162097837326968,-4.383790216267315,-0.25156249793824914,0.21234328823136933,2.571491610581432e-05,9.258893130766363e-05,4.1711223562952724e-05,5.0269220698228054e-05,2.7327490957641903e-05,0.04587756890243925,1.8717871840626654e-05,4.643837794552967e-05,0.012534624704753411,0.33824878870012315,0.3285289634125261,0.011659749949101721,LFP,13,83
-5007.934805914505,2.0737715825508,0.02449497999348561,2459.9507744234193,-0.6028922512947332,-4.197107748705278,-0.03527199101453993,0.21236079226599608,2.761423012029766e-05,4.390914925494174e-05,2.7687010198286498e-05,0.00013639767636256604,2.774823209977945e-05,0.04061623338128541,1.7885118561999827e-05,4.875360458540037e-05,0.004181824929430662,0.4983363697576565,0.3486632266089704,0.047728412618833156,LFP,13,47
-10941.62274627019,2.2785816199764284,0.019559621855613538,5925.862004510761,-0.4101646455429915,-4.38983535445702,-0.1452153390934443,0.21291944079124764,1.4438525126118966e-05,9.389683672757446e-05,2.6523990233138956e-05,5.9154533899114124e-05,2.8771452711512957e-05,0.05211476113314258,1.996489354390835e-05,4.90828368740168e-05,0.004181840101354526,0.02058066899538452,0.5475254703289627,0.21667852158220854,LFP,13,82
-91720.26139347629,2.452178119265035,0.01134285614902039,47880.601012936095,-0.3735810289863224,-4.426418971013689,-0.4426393145075119,0.262971664457937,1.2643991523341883e-05,0.00013449706539307024,1.532978404394767e-05,4.176209859816937e-05,2.9978014576173046e-05,0.05134662661867489,1.577951553223797e-05,4.04829580462496e-05,0.011628884949701256,0.013337101523316972,0.4455834451777218,0.028440138791449354,LFP,13,77
-347980.87598872447,2.499919810906591,0.06719696244057324,63231.152848627295,-1.1865630804467386,-3.6134369195532727,-0.3424843287456316,0.20241590202180623,1.5202061219370018e-05,0.00010984059174007116,1.2048621421301529e-05,0.00014374495724268,2.3572320060250713e-05,0.0905022698618575,1.2282963107837836e-05,7.6055561893018045e-06,0.02071012254212373,0.011633312195577507,0.19358016028225059,0.38230219877654037,LCO,13,18
-93328.33615596892,3.477081119365826,7.153039438928163,5915.094143605997,-3.0562088122073163,-1.743791187792695,-0.42913508406295464,0.30726405543903745,1.976911687196191e-05,4.24436796998169e-05,1.644889488455008e-05,8.329002621120416e-05,2.9944399551475845e-05,0.04594508583346423,1.866682586164334e-05,4.521185525715822e-06,0.022755699676472,0.11337906232114664,0.37565176964124414,0.011834083974654588,LFP,13,3
-111156.97043462985,2.214512619362904,0.12386556734192153,14233.18074339462,-1.7567939126625944,-3.043206087337417,-0.19563265138821218,0.26599378897218084,1.4212123269137985e-05,4.0444214298710614e-05,1.4148132890266568e-05,4.272486553846202e-05,2.298592076249949e-05,0.05702845245034425,1.993552894648418e-05,3.782333947372797e-05,0.016638645844137386,0.016760013543758858,0.5914206051782995,0.12618672988972943,LFP,13,12
-38545.73548361693,2.2591406643219627,0.014808032878468737,24655.690003600925,-0.4122883745082291,-4.387711625491782,-0.0427460975784576,0.21456817285527735,2.8643244390692352e-05,9.16786278936525e-05,2.6384636567877756e-05,4.3222980245359974e-05,2.9923661784152446e-05,0.04944941070727004,1.9132350151326366e-05,4.796465871073197e-05,0.009254696457915199,0.05152515957678343,0.5119136314549683,0.32381511138979074,LCO,13,82
-127110.1207722041,2.8280967512317714,2.8854201244570064,8636.516867251585,-2.8290545162725067,-1.9709454837275047,-0.22188123275137006,0.23079617560136884,1.5914032905002372e-05,6.66974112299788e-05,7.438097917340734e-05,4.583694792077058e-05,1.3224716856351901e-05,0.07404041368640212,1.7493873184518804e-05,4.900541816061964e-05,0.018433138804077376,0.012341944473283396,0.5685722560652001,0.1272045667101464,LFP,13,4
-47718.2848023181,2.828402385124634,0.18516696318780612,4063.9251198886714,-1.8134235643392742,-2.986576435660737,-0.23300480735767082,0.2084488093100353,2.8405919815126067e-05,0.00021341202155705742,2.7224182639350592e-05,5.094106878023619e-05,1.3434456541730768e-05,0.04807809976180279,1.413649483705731e-05,3.329535103309113e-05,0.00949453289978723,0.01530563487042087,0.40950623838897365,0.2721833193829348,LFP,13,11
-280994.21379578655,2.5756479671561845,0.05881266193651443,54346.77547112281,-0.9456992421231902,-3.854300757876821,-0.260621487312091,0.2169342039743801,1.2605843453839633e-05,0.00013681827979662692,1.7408420841970088e-05,4.196763251559955e-05,2.9331062605663533e-05,0.051311104054284934,1.81982667961988e-05,6.37754420480611e-06,0.02281125804472042,0.08447734573438123,0.5723482306289351,0.012552936324592642,LCO,13,24
-25493.696897046208,2.336521505085881,0.010077664582346211,18303.106837356645,-0.5321116840069493,-4.267888315993062,-0.09030279819240938,0.24343912491613534,1.3100743105883915e-05,0.00010411627651751055,1.0906966521550088e-05,4.6326421728749446e-05,2.9795138100497657e-05,0.05451392597848391,1.722938032595619e-05,3.9231862018482126e-05,0.006909034218763604,0.18974271031831766,0.5547723590580574,0.09518213243121558,LFP,13,92
-39521.73585341907,2.2924908183080372,0.04347983972851836,8650.945506978074,-0.9391318728230402,-3.860868127176971,-0.3459033233181692,0.2660379923552001,1.5062547393991303e-05,0.00010832741844232819,1.5645619782976924e-05,4.809829820330096e-05,2.9344315560967546e-05,0.09456538732929436,1.8630254796310826e-05,3.609047010116254e-05,0.006564473744283752,0.18853763343611402,0.09497158176711479,0.30058746147860205,LFP,13,25
-26473.910981805897,2.0758107886144326,0.009411842855032364,32250.263066064006,-0.5689035261393514,-4.23109647386066,-0.009547266734233562,0.23476102178973854,2.7256140016379646e-05,4.431949526035408e-05,4.2251598924413203e-05,0.00014574145425905988,2.9293449518597322e-05,0.061072890291438406,3.6803664262935303e-06,4.6783550437866107e-05,0.008438087011011682,0.0381500037392195,0.37918171314677374,0.5031210163797732,LFP,13,99
-307538.4828291746,2.4080369076546777,0.04914602254019192,110758.64404304024,-0.8667065473668245,-3.933293452633187,-0.45785177545767597,0.4295292926969943,1.4759427115558974e-05,9.964673251515e-05,2.7636435638921737e-05,4.114388381294892e-05,1.290368744944339e-05,0.06485158876870596,1.9916870947560654e-05,4.314312266194577e-06,0.02398452995231583,0.033860924092794134,0.4172829096469859,0.02100439080254408,LCO,13,32
-366952.06269338937,2.960700613269838,1.9564708619989042,17222.94520043572,-2.1691620739225925,-2.630837926077419,-0.8743350979721617,0.24809961857544788,2.751863212246056e-05,0.0002498562524690706,4.580065104537551e-05,0.00011714759086223461,2.9654948783022275e-05,0.04606059727750743,1.9928694774020443e-05,5.92775710319746e-06,0.020724285524294773,0.016182196729612363,0.029481433333609038,0.010001271964616986,LCO,13,8
-145625.0469950778,3.2327249908257114,2.6676685398275195,12518.59540249159,-2.6604591017168815,-2.13954089828313,-0.2531763104627903,0.49234555844101807,1.2501175481692246e-05,6.491919959470697e-05,5.775425975083093e-05,8.028896442060734e-05,2.796814569014334e-05,0.06773206530081773,1.7759846813708928e-05,4.2528923763631754e-05,0.018997150565232455,0.04991399192368849,0.502740849046627,0.12416884856689431,LCO,13,6
-227048.26766788337,2.1251502969059977,0.019290214978483145,152332.58320100722,-0.4625378803943079,-4.3374621196057035,-0.19452681606635203,0.2667600184519831,2.4722659975054565e-05,4.022727036522134e-05,3.2131241629266394e-05,4.3043765564812615e-05,2.2929458127537337e-05,0.06057512571724341,1.8758180804472128e-05,3.324422791013368e-05,0.02006046391995587,0.018665490267248005,0.592818775762019,0.12398891790438102,LCO,13,85
-327821.991015214,2.88508915374632,0.6416968048729236,25333.482160013027,-2.391344949714835,-2.4086550502851765,-0.09089081676511024,0.49317887682980843,1.5900457719370923e-05,0.00017013574109839256,1.869772545443541e-05,4.9195527955587085e-05,2.469291604717834e-05,0.07575172926683851,1.717013242626807e-05,4.454397297249407e-05,0.02285942439541888,0.11818454839203314,0.5412880908691186,0.1796365439737381,LFP,13,8
-23395.119148240152,2.1579835820216684,0.008805616102626968,29709.13830814225,-4.306130188317276,-0.49386981168273536,-0.3632056732214687,0.26082563210902693,2.6647090094840775e-05,6.566616392924857e-05,3.5864299412273404e-05,6.310345127088403e-05,1.4811205075879587e-05,0.05962057012200263,5.48228070980074e-06,4.707533519902853e-05,0.008630824140904342,0.0710814822113659,0.46097033599096415,0.03474250857620126,LFP,12,86
-38306.704912027024,2.278958907402495,0.014109447748979046,28388.181894671514,-0.4850160150216709,-4.3149839849783405,-0.42385471250358386,0.20263214172720084,2.8702798947329214e-05,8.31694206287039e-05,3.29900467242905e-05,4.089733965786491e-05,2.9963113393465656e-05,0.04851082409552445,1.918398483137785e-05,4.8010549955535447e-05,0.008977197123924592,0.051751508952169664,0.07133630439546357,0.38305747414878294,LCO,13,89
-25635.56228238027,2.43877645878627,-0.0013152817221151513,34432.34075742775,-4.361564749501994,-0.4384352504980171,-0.06874222517514295,0.36303978619073346,2.4605289808188778e-05,0.00016186337964893793,2.7724178992058823e-05,6.795282875933368e-05,2.720664386981133e-05,0.08947566274744184,1.3373888174038014e-05,6.341619049153484e-07,0.0078016146192947285,0.023742616758443875,0.547780913229505,0.2897342448369083,LCO,12,88
-12115.231219374944,2.3448775759073137,0.01149240874376713,7821.545609425254,-0.41717865814863586,-4.3828213418513755,-0.3129264218281017,0.2127917963245958,1.6915017607073023e-05,9.257517383938602e-05,2.644071601831798e-05,5.088000977335197e-05,2.3425554982648467e-05,0.04388153404926705,1.5424865120529962e-05,3.346948897576019e-05,0.005021646498690367,0.11446230558826348,0.3782412210598084,0.12437005152382646,LCO,13,83
-90701.9435003956,2.337083230761374,0.015370619583238529,69080.55007387779,-0.532312055510836,-4.267687944489175,-0.15881777203537983,0.32975266482146814,2.2253320080218923e-05,0.0001080528584387157,4.522959128432824e-05,6.754686188102721e-05,2.9988615531546887e-05,0.06337577644545804,1.4440402386281885e-05,3.242969238694064e-05,0.012269081718668057,0.14346461074302413,0.09570545519661537,0.5320121620249807,LCO,13,90
-43269.83613974071,2.2909414488156186,0.00978968178577167,30828.735484807778,-4.245646053978682,-0.5543539460213296,-0.521753055547886,0.2120698365275954,2.7054304366042033e-05,0.00010545381339641257,4.189249828515849e-05,5.0205075131639406e-05,1.4717783184361122e-05,0.0603435878054158,1.2341435703808078e-06,4.61609295142619e-05,0.00858871312225668,0.06915665093346218,0.3275444267104683,0.01154586680818363,LFP,12,82
-21650.940910826193,2.690966628428119,0.04953650389677712,7509.73249006163,-0.8131249052464327,-3.9868750947535787,-0.47331488437496155,0.5617616737795946,1.2400778445971132e-05,0.000191473214285377,2.4981051385660518e-05,4.7088492535934625e-05,2.625021887895567e-05,0.08504126710086028,2.263679236612736e-06,2.9544670664502087e-05,0.004708353256136626,0.1439553571160669,0.134371583880665,0.17835817462830655,LFP,13,42
-54292.77037624478,2.2976459643542437,0.009269006313879526,37038.373477955516,-0.4146882750075349,-4.3853117249924765,-0.40336708940570476,0.21208242697450436,2.5719603811800824e-05,0.00011242997615747982,3.212524876643846e-05,5.334164926247461e-05,2.2694335905214813e-05,0.06084121575998796,1.8777441861889017e-05,4.644607383600555e-05,0.009163755350841771,0.14011446216102516,0.3272664088091459,0.059252039624124175,LCO,13,83
-161174.42392182743,2.5273237592181346,0.008654878357928308,87610.3781851424,-0.43696802409613156,-4.36303197590388,-0.4736879912913686,0.20230437714410407,2.979972882794498e-05,0.00017189781752903214,1.1743812807749765e-05,5.504104551207807e-05,2.6827543928083857e-05,0.0414624246858651,1.5422399313213716e-05,3.156596647502299e-05,0.016702459156452208,0.047005680111704404,0.37738597411585423,0.03192035448107275,LCO,13,85
-485635.4155398458,2.3632575783816394,0.009574585280699785,594058.6691016305,-0.5454133549684741,-4.254586645031537,-0.751642985149413,0.21055828663857284,1.5352023329501696e-05,0.0002393912138288873,1.5631687606962833e-05,0.00012338411946985386,1.7197439499622654e-05,0.09304947162392614,9.772062343083503e-06,4.5064413985858534e-05,0.02486657066995786,0.04692415890845667,0.11026282761446918,0.021170028327661277,LCO,13,95
-92297.29064049694,2.574292558485849,0.011930613003043777,65311.98223469567,-0.5240295061418934,-4.275970493858118,-0.8827822529781334,0.2694508216012425,1.257423759121165e-05,0.00019731777229731792,1.5175185477274767e-05,4.109137095547637e-05,2.9879139628541337e-05,0.05142166259893066,1.9955187097815303e-05,4.1002674278510534e-05,0.01132888327264304,0.01726196333454444,0.019864582552829323,0.010091201134492859,LFP,13,92
-20042.7727482476,2.23835344455183,0.020189618751894674,9524.312568497473,-0.5867808239266807,-4.213219176073331,-0.5441648014784192,0.21003913476058977,1.5391864958925057e-05,9.037129991957194e-05,2.6426304989794905e-05,5.0985959099343965e-05,2.4522870956808722e-05,0.09932372137465305,5.6263445887575915e-06,4.302442494721519e-05,0.004970188538338217,0.07271826549330006,0.08083909864135506,0.23227783438692579,LCO,13,42
-21304.124441560016,2.141614030700989,0.010875799369716093,20962.158822599227,-0.33841999556324254,-4.461580004436769,-0.20235523714001047,0.20263119215695916,2.2682908997481816e-05,5.9233475414782506e-05,3.406548390317143e-05,7.985745624354806e-05,2.998586584786657e-05,0.05272491245077421,1.9193494889726615e-05,3.857042712971381e-05,0.008465815453331369,0.05182565787475321,0.538624888782381,0.13719421620285527,LFP,13,71
-5019.618568869684,2.1038893325744845,0.009782226353910125,5057.19375890438,-0.46996556130866196,-4.330034438691349,-0.10224205552897647,0.20122036417901532,2.2231447050985634e-05,8.345526715578918e-05,2.5306936390563977e-05,0.000144393603718285,2.8935083056473818e-05,0.04118109563551374,5.334072241295753e-06,4.662450476653076e-05,0.004198278225424773,0.5040400072319604,0.14173898501303106,0.18197895222603214,LFP,13,88
-298629.7731100318,2.5812761393248573,0.05583928486658968,52489.875998436735,-0.9016460883067268,-3.8983539116932846,-0.412320254859746,0.20228862558884986,2.33090818401712e-05,0.00013192664958879496,1.6412108253187245e-05,4.125763756332176e-05,2.9466121648132345e-05,0.05117311463681827,1.4990715396626206e-05,9.0315041213426e-06,0.021949892054169536,0.014722104532400783,0.48612074069103933,0.01683689991681393,LFP,13,25
-393176.0098862637,2.432746515313754,0.04849724867869613,89030.1885677121,-0.9233010251639371,-3.8766989748360743,-0.052944946483098554,0.20430858216572978,1.5117953785724694e-05,0.00010807001430062186,1.7428141750185154e-05,4.185181997863534e-05,2.933070922124128e-05,0.08550397551468428,1.799186005975775e-05,4.755593501865215e-06,0.023522660048723342,0.18871407619624786,0.40100562865390676,0.2873353486667469,LFP,13,25
-10550.58033112156,2.3801272269532827,0.013362454122916145,5119.60198716033,-0.41869925381413253,-4.381300746185879,-0.3985358082727356,0.3072732503212801,1.2043311399598718e-05,0.00011476049885375913,1.1786013935258624e-05,4.812855032169748e-05,2.9579576684504253e-05,0.0431079178541084,1.8096643821992444e-05,3.1931382292345136e-05,0.0040929972878038946,0.015455090685610247,0.29749745879989276,0.21851164224176148,LFP,13,81
-9657.64162849434,2.4693378042892205,0.013429730818785018,3812.133274732228,-0.41778913157967423,-4.382210868420337,-0.14452998936040784,0.23562814821989458,2.9822325241690446e-05,0.00020138957198478924,2.8522054850348126e-05,7.961670661896152e-05,2.9993014819574244e-05,0.04012120428806135,1.5335500177150916e-05,4.5625098779950404e-05,0.004473247600908394,0.013564926297401362,0.5958438608721311,0.17606122347005973,LCO,13,59
-14295.784698258698,2.363298840191157,0.008970868310927504,15165.449801818724,-0.5596188974160725,-4.240381102583939,-0.7970632855951996,0.21210747442982492,1.5228195931415722e-05,0.0001215160475228613,3.133035196224672e-05,5.436031942815218e-05,2.458871320640537e-05,0.06079390482569992,1.8873589346029742e-05,4.6468876825693144e-05,0.004968412080943601,0.04343295846714375,0.05494660141377007,0.034557154523886593,LCO,13,98
-754346.2029245065,2.657982648543921,0.03381378259149388,141853.17900247153,-0.7954996607760663,-4.004500339223945,-0.029234464379975456,0.2075518796758926,1.9143033537385484e-05,0.00020988207755599152,1.5000713752839213e-05,4.253121112430543e-05,1.4880900988318112e-05,0.09381455537430779,1.9953777291042176e-05,4.536804238046282e-05,0.02479461922588869,0.17992356002307539,0.5911234821557345,0.12971849344121467,LFP,13,31
-426429.60041157424,2.1438793830268046,0.011158628857262876,401254.59953136044,-4.3723736530059085,-0.42762634699410285,-0.3442660422403604,0.2160628926985506,2.8224277474734222e-05,6.579291874500089e-05,2.2039484431601387e-05,4.7815248632083165e-05,1.338253704573015e-05,0.09406190058886066,3.422784554142499e-06,4.285789267798911e-05,0.024689063974392064,0.2121175022562352,0.33967023727384993,0.03394621822955443,LFP,12,94
-11247.567111774608,2.277457913281157,0.027400410464033957,2414.727549961756,-0.8070999341960743,-3.992900065803937,-0.28937459106885866,0.2136715012970896,2.9711140507241557e-05,9.180968193203558e-05,1.402714083580515e-05,4.236971618483731e-05,2.623577410501547e-05,0.05914577163031964,1.5543232845605593e-05,1.7875146639262034e-05,0.004331233279560449,0.11037897373512667,0.19166731657493302,0.3385791186210817,LCO,13,28
-10451.507183840013,2.193864424563796,0.02011110566417095,6279.536215788812,-0.44448879455735835,-4.355511205442653,-0.37254363749874597,0.309974688203964,2.627535035079662e-05,4.5403091525619154e-05,1.3881382832549466e-05,0.00010489802973932481,2.0778497466700778e-05,0.0405284107923053,1.293909093579706e-06,2.23637514802927e-05,0.005622182059575555,0.04287329358293498,0.4779601176501196,0.03662295126819946,LCO,13,59
-87731.60385615236,3.7707166937278536,12.95275036495814,6514.741623817073,-3.1049314368893377,-1.6950685631106737,-0.6249493850352825,0.44111077721676406,1.9147455307029643e-05,0.00022264945301904624,1.7430725312646502e-05,0.00014985349141470318,1.571858282999018e-05,0.04444326304761022,9.90347211851686e-06,4.612838559422528e-05,0.021740383979315513,0.010028679549249752,0.12944796219232704,0.16557397322314077,LCO,13,3
-9626.340655800297,2.2683874275246683,0.015739750426567046,8148.558755696302,-0.5411816637703666,-4.258818336229645,-0.11080991228240566,0.3281701702749891,1.5813262170167777e-05,9.944661147866887e-05,4.704116200631053e-05,0.0001253586177146063,2.0753624106115352e-05,0.04029845146367062,6.362407604041488e-07,2.2757236300033877e-05,0.005170272039067014,0.033313154654629994,0.23379167552253083,0.5520852575404336,LFP,13,91
-430693.97634746524,2.536805445454178,0.013359888957479586,211228.79516194307,-0.35296270188793955,-4.447037298112072,-0.43087264224486477,0.21226196490276528,1.712101146076309e-05,0.00023788067780053677,1.1002403718505442e-05,5.352009789261519e-05,1.737890883467959e-05,0.09396703060275366,1.3057131845326901e-05,4.879507006384307e-05,0.01912257385177497,0.11716312096027029,0.31944559853504967,0.06251863825981527,LFP,13,65
-36880.029993514916,3.2168196619000673,5.517555078034372,147.21259374509944,-3.1893640707255457,-1.6106359292744656,-0.024998560667832792,0.20488364661511954,1.846789812876038e-05,4.194513282564863e-05,2.6389175197152732e-05,0.00014919161220085695,2.5671613789112217e-05,0.05903802909503145,1.7804599197320117e-06,1.6482321568202597e-05,0.00401857932903166,0.1770065289788924,0.3002294020356363,0.4277655083176386,LFP,13,2
-17743.959925495892,2.342744037979059,0.016590557737550235,8409.084543700767,-0.41583683721685816,-4.384163162783153,-0.3054608970905326,0.2138818250664795,1.2121447741445648e-05,0.00020477368103735037,1.1420261692985308e-05,0.00014805507439064446,2.0963575332890754e-05,0.046833455676087515,1.9798132366866328e-05,4.4749452897089977e-05,0.005886032593968192,0.015577513102613922,0.06127322339882385,0.5476883664080296,LCO,13,56
-67282.10779552802,2.3074437465451614,0.13280755569942232,14671.186699059637,-1.2996111003002753,-3.500388899699736,-0.3436327814765511,0.3772095456479397,1.202582802009138e-05,0.00010909112781318982,1.149688082878948e-05,0.00014614097006161882,2.30826440214154e-05,0.09101721426677552,1.1987062371639768e-05,4.713960343660163e-05,0.009890552680858691,0.010481056054388486,0.1771469361115638,0.3987392263574967,LCO,13,18
-9082.660648700688,2.285168331062438,0.008345704860138591,6786.19913766457,-0.5061154813023023,-4.293884518697709,-0.21216948226773658,0.21291304885762202,2.22398008991055e-05,9.015038206858011e-05,2.714538713419684e-05,7.509784616340435e-05,2.9980000057044787e-05,0.052266869655135655,1.4425426627866408e-05,3.503655912619527e-05,0.004233238510205099,0.14384532404885172,0.4044703215451567,0.16951487213825506,LCO,13,90
-450397.37028566404,2.6300665457375225,0.1435900280709474,77184.43709240244,-1.486753720913569,-3.3132462790864423,-0.466806523317752,0.3253793839197724,1.2523937394390199e-05,0.00023031569217358367,1.1562715723349428e-05,0.0001307501330319506,2.392437604377499e-05,0.09584337490090737,1.2881779702023426e-05,4.795589051133167e-05,0.0234842829723179,0.011503639799606766,0.2968977888714158,0.15479204801122542,LCO,13,15
-7711.4915782891885,2.2285691548045468,0.02892562129643187,2669.256806869921,-4.425946696315108,-0.37405330368490297,-0.16872266027253546,0.37686723718564274,1.7692942897199723e-05,5.3907387654387754e-05,1.6395362477208434e-05,6.971957264663424e-05,1.423690246582514e-05,0.04251252815899638,2.7110321392313943e-06,1.7621404506730086e-05,0.00411529380884686,0.1090064835449164,0.2807223385437775,0.3715485176387707,LCO,12,50
-8302.849092225913,2.0959584961659976,0.04849600228079645,3116.48105446767,-0.771957659916815,-4.028042340083196,-0.3305390677614606,0.21311404134519565,1.265543225249697e-05,6.781104273303158e-05,2.899242936372716e-05,0.00014906876856434482,2.3242689857004324e-05,0.046934984528010024,1.5866221505450474e-05,4.917656257694925e-05,0.005024448455177845,0.052144236075253377,0.10782955252283546,0.43948714364045066,LCO,13,29
-347743.71696916496,2.516482828460007,0.009828657503307608,271150.83067219815,-0.556229420459843,-4.243770579540168,-0.5076346118401368,0.23102640564525373,1.7485688936047062e-05,0.00019702600223811157,1.6666828088947276e-05,6.553539428794046e-05,2.1573879140898347e-05,0.04666528240075771,5.118830525329e-06,4.818851738825267e-05,0.024992716622243852,0.06290234294737863,0.14744129382551155,0.21202175138697307,LFP,13,97
-83226.62627180299,2.6082823547805796,0.01801756369521084,46564.1969334654,-0.4265640309568539,-4.3734359690431575,-0.4952196937446988,0.25682557669901074,2.3297135596998823e-05,0.0001953001051540191,1.4982416784995491e-05,6.704604232904443e-05,1.7727047844672988e-05,0.067186129969266,1.6601468650602997e-05,1.7483188057195476e-05,0.011267599074871633,0.11154725032467011,0.043973437586270994,0.27925961834436014,LCO,13,57
-297306.74194700026,2.495916439026046,0.013022514252525767,168276.951135858,-0.35162360451838026,-4.448376395481631,-0.40447607818949716,0.2256287188178689,1.4532830513583424e-05,0.00020989950700765116,1.0780308417010823e-05,7.397116803904839e-05,2.3457550960562295e-05,0.04460532410414801,1.9595189906205776e-05,4.757738709028841e-05,0.024763758612334777,0.18684426591636225,0.20769467772607894,0.13098497816806173,LFP,13,66
-162395.7313213697,2.0781788534527394,0.00974584553387384,217108.88130957965,-0.40553393531595106,-4.39446606468406,-0.5460797060536312,0.20562011683832493,1.2141699335016889e-05,4.3198311877863496e-05,2.6117495846661793e-05,7.582502453274334e-05,2.5187535036566255e-05,0.0856808963120124,5.651621098873293e-06,4.8085616499809466e-05,0.01829817440359981,0.2477756019840163,0.11194143446742001,0.024203257494932524,LFP,13,83
-346824.3303367989,2.530193736828887,0.010315127167206764,249573.44684534534,-0.4163157646938487,-4.383684235306163,-0.6657449276863114,0.2132255166826254,1.4375716235122427e-05,0.00020789312556164253,1.1381910013293478e-05,6.513037932106044e-05,2.0959890312130667e-05,0.04666362788317482,1.997311841575501e-05,4.8278587086342005e-05,0.02490986930272214,0.027018009058925267,0.02588884414007704,0.21134821911468632,LFP,13,84
-10040.23665358978,2.5962270055290277,0.011324548417721436,6344.0257445549805,-0.37832304626579827,-4.421676953734213,-0.8503672709924525,0.28002679923760726,1.2675301673760179e-05,0.0002001255843810094,1.2046160210323387e-05,0.00010897023223268104,2.109347768964824e-05,0.044274428614722014,1.86345345215516e-05,7.619684741979206e-06,0.004045701424233366,0.011356371200663164,0.05039836702002707,0.017877990786857357,LCO,13,79
-145797.56994943274,2.081191291826114,0.022490249681726682,99772.63842476896,-0.6121006988478044,-4.187899301152207,-0.41014220048161787,0.29323278195907676,1.93231040818647e-05,4.843439266798929e-05,2.265056785466476e-05,4.885584281877576e-05,2.978463944491673e-05,0.05599052459083936,1.4593693018407801e-05,4.849358689399203e-05,0.021789243703597125,0.32493519862600684,0.12906368487963085,0.06585891601274446,LCO,13,46
-223946.14460697328,2.366389733121143,0.009515502575986146,156731.50734520695,-4.267939333790828,-0.5320606662091834,-0.7857299532912818,0.2357596705270288,1.3715260823263178e-05,0.0002479555695411177,1.0003663208721355e-05,0.000109406775298297,1.4743586013374317e-05,0.04146314366044095,3.163936634738197e-06,4.957501509527403e-05,0.021031781322200807,0.011097428914191998,0.12282878085657027,0.010343836937955908,LCO,12,84
-252798.56694318028,2.3761217156105556,0.061102692153837436,49516.495634623156,-1.1546599193344207,-3.6453400806655907,-0.6414235171559491,0.24552532819109085,1.82826865981136e-05,4.305867372265639e-05,1.1619782448851257e-05,0.00014217475834029677,2.092896795376091e-05,0.056680671679825184,1.2660382687263408e-05,6.48946746988349e-06,0.02180373699269995,0.010755053594931941,0.24642277183064384,0.031398657418475126,LCO,13,19
-251701.6759946801,2.3572693552078503,0.010315127167206764,243864.15751034635,-0.4453703344521074,-4.354629665547904,-0.5240409777470613,0.21311344853060418,1.5180159591459302e-05,0.00022742245537844125,3.729354779398885e-05,0.00011124320016264874,1.9889672889077576e-05,0.04666185850976185,1.583627518841538e-05,4.8277490381335614e-05,0.024697825426804022,0.05272800082792679,0.1451809291950849,0.2080500922299271,LFP,13,86
-17556.679492022133,2.4585961256233113,0.11939351321359952,3501.988515949832,-1.314293742896382,-3.4857062571036295,-0.1884339154519964,0.3772425711912724,1.2002883707126947e-05,9.929933838654436e-05,4.7360515071320075e-05,0.0001168898987496037,1.9720389915896148e-05,0.09040457394690203,1.6878113330675807e-05,1.1278307455812877e-05,0.004982094311849326,0.010544568330805075,0.17703370481782935,0.5539878113993693,LFP,13,18
-130739.20890517262,2.6874714252517173,0.07418416780919976,30239.25439036524,-0.830227313251342,-3.9697726867486693,-0.5567958996751676,0.21633263833828117,1.4863190486279536e-05,0.00021119410413234825,1.3591131152012425e-05,4.16332178956685e-05,2.691855568409841e-05,0.09301726608040913,1.5543971664716772e-05,4.551054828359591e-05,0.011104657711265644,0.0784682613003115,0.2620094300142326,0.032726409010288275,LCO,13,27
-222755.35415158368,2.524148761726825,0.13567572081096188,48689.97934777052,-0.9740118621278882,-3.825988137872123,-0.6137387477575658,0.2108637342828923,1.2453307745425642e-05,0.0001987482224349658,1.1686417343928389e-05,0.00014503137019927822,2.405968096124568e-05,0.054492357826106626,1.652250762908425e-05,4.670138833067817e-05,0.019897274136392508,0.011626585988223226,0.09273715367467499,0.211897512579536,LCO,13,22
-645656.1811343037,2.5918777014652434,0.024323287743975387,162755.66722308157,-0.5721799422548273,-4.227820057745184,-0.10126098178195564,0.23529638367073913,2.844712061175436e-05,0.000245860586334175,1.6388914374241477e-05,4.081156299530664e-05,1.55238553559457e-05,0.07322858635859476,1.6158357952108587e-05,4.350526632834413e-05,0.023986244404772792,0.04568496045823128,0.5389434787977583,0.2441105789620549,LFP,13,48
-26784.085351201626,2.5594436504107465,0.020938893330553706,12471.177337889354,-0.505486857656706,-4.294513142343305,-0.195278406928873,0.31272753888791593,1.2958529465733235e-05,0.00012172100126008521,1.029275519411473e-05,5.26460577563579e-05,2.0851632560902595e-05,0.09468297289176453,1.3145030566380323e-05,1.9138545312487757e-05,0.005326098497067997,0.11719746229872245,0.5426828601858255,0.0748412705865792,LFP,13,56
-13625.145429048145,2.346907297696718,0.006431677999042078,15196.779963787381,-0.3847497129812325,-4.415250287018779,-0.733770722085495,0.3397870572194462,1.4734967237927276e-05,4.302309498621393e-05,1.3888191166327603e-05,0.00010367422243029972,2.0935014741827942e-05,0.06380396284372593,9.755041383400513e-07,1.791896480751441e-06,0.00559825512133281,0.010077105974011208,0.15720931234636829,0.028942859594125552,LCO,13,77
-108690.3243193943,2.9474301854698477,3.215098365115389,9672.076382615975,-2.875671674979081,-1.9243283250209302,-0.14924382889305587,0.3278916060730843,1.97028187279886e-05,4.758768228923152e-05,4.520131053220293e-05,6.773321186238756e-05,2.463303631469689e-05,0.06272009959465376,6.420305378824746e-06,4.066454002818027e-05,0.02218508618636325,0.1720808512048037,0.08199068697562681,0.5266846329265137,LCO,13,4
-176726.92847180105,2.1275110423618857,0.015529558127207136,168887.5860183697,-0.5848939057660658,-4.2151060942339456,-0.11522640140045948,0.35204289368978237,2.62453579238084e-05,7.49717855716223e-05,1.0124158011681705e-05,0.00010522091456003754,1.3342619780089886e-05,0.08078343633283447,3.5311374319624144e-06,4.300455651228451e-05,0.016656482727961212,0.28779268542991854,0.49029768822632747,0.03668322494329452,LCO,13,95
-404377.19588619535,2.239550050445408,0.01602097915167909,254005.01972995087,-0.3673282056749443,-4.432671794325067,-0.11394396705587062,0.2379394509425355,1.273853179020588e-05,8.315430898417306e-05,1.936932759939447e-05,4.7133390662375236e-05,1.8708123101738646e-05,0.067607095491225,1.9537310645322877e-05,3.9249627795013386e-05,0.024760124249130412,0.0509640195759961,0.391911318470251,0.3731806948978823,LCO,13,77
-7948.477119567418,2.435001207989202,1.5070559902712624,1311.8066766294774,-1.7447251315885453,-3.055274868411466,-0.18563459711399977,0.4547023363662947,1.201150169559734e-05,0.00011403049885037722,5.6017842495470505e-05,0.00014954856197659902,2.3351762391617574e-05,0.04637958916747914,1.5860694577733705e-05,4.9230123663613313e-05,0.004981356909996129,0.07092908499110201,0.07494385573450667,0.5984924621603915,LCO,13,13
-19125.8601531886,2.623695891602763,0.02821019012190546,6439.185435765334,-0.627278437938692,-4.172721562061319,-0.2152839521466573,0.21385783436556402,1.2108283727003895e-05,0.00020538153225381744,1.16281499893794e-05,0.00014980806230056334,1.654437989816932e-05,0.05610905867094019,7.464056842091325e-06,8.258799048961632e-06,0.005706580719872676,0.06761283047244689,0.07454440933139198,0.5725588080495039,LCO,13,39
-11730.755809627168,2.5428361599224516,0.00964233427800798,7243.4618876558325,-0.3474107397835553,-4.452589260216456,-0.8628463881345552,0.21364551276997296,2.6460847675643414e-05,0.00019872620490032393,1.0840100205170421e-05,7.177266844673143e-05,1.4259756637009768e-05,0.05181981630334918,1.2899519018076258e-05,3.324917748417576e-05,0.004082343394673083,0.01716852815683645,0.02575742950056146,0.024227654208047022,LCO,13,78
-144653.77338549416,2.3946555075376534,0.04591403780663726,53870.749642005074,-0.9214367499767988,-3.8785632500232126,-0.5305534824288025,0.262594226006601,1.847699560759947e-05,4.307498090106418e-05,2.6441747048571478e-05,0.0001474921957986341,1.88069699868069e-05,0.0566491960207286,3.3404825112878927e-06,6.118080348354946e-06,0.020022658212242885,0.011477610192585055,0.2255323098612244,0.16243659751738812,LFP,13,25
-8006.290602355059,2.18410377039294,0.03890476385111498,2479.7782660030443,-0.7904497867275069,-4.0095502132725045,-0.450273108702962,0.213711004099229,2.2102336645200627e-05,5.896041612491514e-05,2.4622976175100686e-05,0.00010274715686410234,2.6245044979357455e-05,0.05045284136828235,1.5377572422011194e-05,1.863983206188769e-05,0.004467269182732209,0.03346639017338021,0.10766779725463044,0.3385927038690274,LCO,13,28
-13121.619685729569,2.6936412849368336,0.09245224024223637,1761.4336649547458,-1.3606552225352502,-3.439344777464761,-0.5334841894332472,0.24641207655271066,1.811539432770662e-05,0.00024049086954010604,1.0832660442109366e-05,0.0001421853459455652,2.124319000539664e-05,0.05168937616627442,1.2659480147331811e-05,5.862712078175124e-06,0.004628669109451771,0.020136490845297887,0.3447609633285218,0.031618356392933214,LCO,13,16
-131188.5049438946,2.4727426115815634,0.001577692720741501,217130.79179311296,-0.3502173491606868,-4.449782650839325,-0.7417030783936025,0.20709082337647328,1.4376718194390624e-05,0.0002123752542080755,1.7549411184001315e-05,0.00010320518207705344,2.085410938896124e-05,0.05050991202691778,1.2809643333605362e-05,9.121819680178471e-07,0.022736765733421222,0.011022416014789305,0.1567126403160139,0.020561865275594317,LCO,13,78
-472436.56767400075,2.2943744678113673,0.059675893267751814,83501.12630762435,-1.0213762942857798,-3.7786237057142316,-0.19339023095159513,0.20779442965995631,2.7515340294335208e-05,0.0001122313603387101,1.5211323620584334e-05,5.326310277020083e-05,1.6813334667924263e-05,0.07822380389727834,1.7104554672686112e-05,4.254828061077481e-05,0.02478910476924758,0.057267254344441625,0.46629690772594984,0.21304560697801342,LFP,13,22
-589541.4776734639,2.5430289615295334,0.025137434541429117,165876.00121872287,-0.5554442552475223,-4.244555744752489,-0.2763715483536445,0.21024255249762444,2.8457212872415345e-05,0.00020788369604405165,2.2260287002442113e-05,4.861278100271238e-05,2.7846592822341286e-05,0.07025721166377927,1.6877473542216793e-05,4.469348922418239e-05,0.024177448717095876,0.024150815821734138,0.5537087026748474,0.07576893314977395,LFP,13,48
-586612.9194753433,2.2371399138719164,0.027123459300417173,107341.73956334479,-0.7711917357359113,-4.0288082642641,-0.16180837759765132,0.20743600739288004,2.771163621627614e-05,0.00011097418789132895,1.492581545383638e-05,5.762614920561006e-05,1.761889559622028e-05,0.07136554602134856,1.7057267406180287e-05,4.660858625767427e-05,0.02495000883286792,0.05465462465771885,0.4650345795763672,0.24850241816826268,LFP,13,31
-593193.4546212389,2.5634116815552233,0.05870099394870233,97593.38144568926,-0.9524365374806933,-3.847563462519318,-0.18798546532067795,0.322022752260894,2.7998350672901692e-05,0.00015576094115879214,1.8589868484322362e-05,6.409965953895162e-05,2.2856703954167615e-05,0.07769055708321179,1.8195183893824238e-05,4.495110249790905e-05,0.02448036749489728,0.05226489312267317,0.43045671502489846,0.2592929265317504,LFP,13,26
-374934.0424687911,2.657020080962215,0.05516885591855717,81927.95015220287,-0.8845464482591368,-3.9154535517408746,-0.3916644521725965,0.3414761253321225,1.3531519354742236e-05,0.00019006113412012613,2.3090466843543353e-05,4.7602021329789385e-05,2.2038433873721867e-05,0.04997210725359109,2.3391737772911295e-06,4.752087442337509e-05,0.024766065810903154,0.05038848950328384,0.37748120174192173,0.11046585658219803,LFP,13,29
-619799.8088493779,2.656586780878959,0.045446780976966125,107865.77882750539,-0.7711606110092717,-4.02883938899074,-0.15506829726442328,0.2074989239611667,2.848460973601356e-05,0.0002460437746380765,1.4766674311496137e-05,4.8100443301988505e-05,1.5911992147073604e-05,0.07329224552611469,1.7029592497617516e-05,4.355532675515447e-05,0.023991649485494045,0.04806112111984866,0.4745793332897802,0.25229124832594796,LFP,13,31
-114428.15972901115,2.5286295846110662,0.012033552568131826,77087.26053661585,-0.3402724048878554,-4.459727595112156,-0.41783789873243726,0.22622532557965733,1.4895631172755673e-05,0.00019845265756302072,1.0183328069693926e-05,5.8309407305309245e-05,2.9627615183778613e-05,0.04653213308574869,6.119331388083007e-06,4.047824455695328e-05,0.015632385466279156,0.10016181026460334,0.18569523731390364,0.22630505368905576,LFP,13,74
-4895.930946636789,2.079383471670701,0.018313110739984213,2818.0478339229267,-0.44617444704618947,-4.353825552953822,-0.06676501477892427,0.2090052593483355,2.2560143533629885e-05,4.864953033623969e-05,2.2064702130044377e-05,0.00010153215922052036,2.771458771030072e-05,0.040304766356789666,1.450465223877539e-06,4.7761824035716804e-05,0.004034590163282221,0.5478514184247744,0.23680772303016784,0.07857584376613357,LFP,13,58
-619799.8088493779,2.5749821189443045,0.02321257299435449,158017.01681148022,-0.5629225903943791,-4.237077409605632,-0.02800130156857461,0.21026792879199843,2.8444966913516265e-05,0.00024607055978287607,1.4743555127724895e-05,4.861587041023743e-05,1.57901186741154e-05,0.07330311545043763,1.7101805907069677e-05,4.354902982745858e-05,0.02399150454782158,0.04841211295290447,0.5888259990517837,0.2647605864267372,LFP,13,48
-4829.204037596557,2.0800283786499927,0.012821197387622208,4723.170480041104,-0.34597884822228053,-4.454021151777731,-0.16015264667608686,0.22615078243182657,1.8595128429144432e-05,5.327672509448449e-05,2.604111978087027e-05,0.00013937424121848377,2.7901529875523663e-05,0.04559517097026746,1.746173106474828e-05,4.7745982926932444e-05,0.004185044274117643,0.5563325441699615,0.18172586092277226,0.03178894823117954,LCO,13,72
-624984.0602519286,2.745055593545291,0.057363479511009466,97380.43392607973,-0.9510910799430476,-3.8489089200569637,-0.18503214996850514,0.22404400042511274,2.6635957186529096e-05,0.00024753814971892384,1.2303247851643373e-05,4.107342625512236e-05,1.9118691720844394e-05,0.07980910399556364,1.9201356263345523e-05,4.411180805588325e-05,0.024721277359414675,0.022021608031904734,0.4680167418306714,0.25492950016891874,LFP,13,24
-5007.934805914505,2.0505621116279826,0.023417637298468737,2609.4317078233707,-0.5981546247821328,-4.201845375217879,-0.10384408324873606,0.20937182326089854,2.7629068768630556e-05,4.391613473412763e-05,1.4416763960024494e-05,0.00014973200929674417,2.7748210897409057e-05,0.040610787274665036,1.8391512018475575e-05,4.979873124167502e-05,0.00425067363190643,0.4980643471015858,0.3093741689657209,0.018717400683957264,LFP,13,47
-624984.0602519286,2.745055593545291,0.05792477356652849,91426.64064728448,-0.9603935313115386,-3.8396064686884728,-0.14833208213651317,0.23180411806786383,2.6620715187122296e-05,0.0002460052281026371,1.1189605711580016e-05,4.100362144981553e-05,1.589413263496287e-05,0.08264304997094096,1.9229862873527473e-05,4.4115597694085645e-05,0.02366600697455176,0.04821024535412425,0.4772934493487854,0.25616422316057724,LFP,13,24
-4974.351318180174,2.0665688651988665,0.021751041739788535,2689.578809773764,-0.5656446698386617,-4.23435533016135,-0.45755759961241466,0.20196715319954245,2.879423756974311e-05,4.082509753658126e-05,2.574372495044379e-05,0.00014021321172769916,2.776379305812919e-05,0.040609762840133304,1.6756881405131546e-05,3.993144812552642e-05,0.00403508534943905,0.40489075341969155,0.026595361232707657,0.040956285735186164,LFP,13,47
-3739.4813745299084,2.064717529247443,0.013455440319818168,2795.042799225247,-0.45053517334115156,-4.34946482665886,-0.18283524048805555,0.2011419090754578,1.9494443305450803e-05,4.015025165867128e-05,2.5799892632118572e-05,4.710045846249479e-05,2.768520438942699e-05,0.04061289137714,1.2128438662138175e-06,4.8134171018076765e-05,0.0040359434165148965,0.5393347909796365,0.1554559384985807,0.052374030033727335,LCO,13,56
-419490.1745692415,2.1239312512206077,0.04911823878367237,74107.36256042731,-0.9684196200568067,-3.8315803799432047,-0.0475595511290835,0.2315317343861342,2.660369614576805e-05,4.009621536582865e-05,1.6793312522020585e-05,6.986375913174251e-05,2.756334077228877e-05,0.08016619682554807,1.922167379588013e-05,4.5238146884205505e-05,0.023660506076262973,0.04780016448910565,0.5831118820815251,0.25152840230028584,LFP,13,24
-537068.1682978553,2.2641290311423274,0.013273300065815102,140048.72978368352,-0.6227702088403575,-4.177229791159654,-0.0636323415170682,0.2238683509874091,2.9351360527590875e-05,9.784632464955656e-05,1.6404607116874925e-05,5.2961802123827825e-05,2.7684065845440802e-05,0.07275422039512024,1.6198826980274217e-05,3.7970792349082766e-05,0.024979858474151205,0.015832568607290563,0.4731222009053793,0.37741288897026193,LFP,13,43
-4514.983983249518,2.0858381138396096,0.013525312354259803,3399.1267172276207,-0.347824429598937,-4.452175570401074,-0.09618536314242243,0.20125866229034003,2.8326997049750172e-05,6.316656145834058e-05,2.116265804814695e-05,0.00014438622044470338,2.8658963768976672e-05,0.04011230895138095,7.970220108662159e-07,4.6625025171154855e-05,0.004034491349051546,0.5046749057060884,0.1699627132444786,0.15917701790701072,LFP,13,68
-4895.930946636789,2.065709488569145,0.010411502689270642,4754.198649430677,-0.4914663242432269,-4.3085336757567845,-0.16186540962666685,0.20215119898913164,2.3167375820563343e-05,6.054782880258971e-05,2.260282075048506e-05,0.00012731842804595734,2.778087754858094e-05,0.04112080360686474,1.1606880299823505e-06,3.9924329339148556e-05,0.004032990102895988,0.5677598746707571,0.1561770254222191,0.04419769028035708,LFP,13,90
-619675.5342341262,2.6227174070035404,0.07181384756251574,96319.75330390193,-0.9033132721312072,-3.896686727868804,-0.0832453277170383,0.2310613344459889,2.654215142680246e-05,0.00019781570932786977,1.943449554633034e-05,6.157297238830873e-05,2.7583708406861824e-05,0.07667812979632709,1.9702778011227032e-05,4.4816509968556735e-05,0.024856935694562047,0.054228942695860954,0.5446022687926803,0.2479234607944205,LFP,13,26
-4768.225361499279,2.083777898064309,0.013654844667131202,4321.347127188911,-0.4928778176234445,-4.307122182376567,-0.03259868719019232,0.2905949995623215,2.803561614226269e-05,6.331152193203029e-05,2.1124306049263135e-05,0.00014444653321044203,2.8658790116033505e-05,0.040818263171417464,8.046557302518478e-07,4.4655700309207555e-05,0.004011839474475618,0.5812011840370894,0.08544388911451681,0.23075623965820144,LFP,13,88
-4923.951495911462,2.0892833191206814,0.006454030860828587,4037.1820484260984,-0.38372388953796843,-4.416276110462043,-0.27010260012617315,0.245278539283839,2.6721825482366558e-05,4.016252200617045e-05,2.5209373912101953e-05,6.738623278977881e-05,2.7556375367006773e-05,0.04077381399033169,6.355913709876136e-06,3.984871096810472e-05,0.004075305739014561,0.4314824574901175,0.15548066727222318,0.07293427511148622,LFP,13,79
-4984.7821351462535,2.0661788168342063,0.014272967783132829,4226.920372934696,-0.3728392728855354,-4.427160727114476,-0.048244849312346516,0.23726666457602058,1.769354767757352e-05,5.328259647765464e-05,1.2520091202640426e-05,0.00014441003839054019,2.865624710547797e-05,0.045616739795777794,4.068991986295901e-06,4.7750566353681626e-05,0.004274645944447686,0.4844911083882353,0.183634110754438,0.2136299315449802,LFP,13,66
-648149.0425286324,2.745055593545291,0.058982357765764624,102266.86958644175,-0.8696366760282146,-3.9303633239717968,-0.19936997913608456,0.23424799009305075,2.667894056816022e-05,0.0002481499162598595,1.1067309938929088e-05,4.0952530713717314e-05,2.8521184267821013e-05,0.07519236520089252,1.919742660552112e-05,4.513842163385455e-05,0.02471482940358311,0.05424208622640208,0.43159272800542536,0.24479520663208806,LFP,13,27
-621753.1276023535,2.680652465931641,0.0730579525436235,108670.23406505035,-0.8955053985145085,-3.904494601485503,-0.16997491589669067,0.23071584140589352,2.662478211926293e-05,0.000231473565369349,1.9575718965949907e-05,6.200143168405153e-05,2.7811732992815162e-05,0.08231723732241501,1.9707168045889645e-05,4.48305907639996e-05,0.024872961521627112,0.054474960530624186,0.4454796355527736,0.26007048801991156,LFP,13,26
-4468.569489048827,2.0389257067576105,0.01314877992297668,5242.17350826247,-0.35593736692914746,-4.444062633070864,-0.12079653300392679,0.23750500660248966,2.5029774683885675e-05,4.206747298785063e-05,1.3249069000353237e-05,0.00014440865003119318,2.899848036434186e-05,0.04261138537864312,4.80167540939145e-06,4.6605171088073225e-05,0.004624949058987816,0.5811046370041983,0.2049518948351169,0.023146935156758003,LCO,13,74
-4514.983983249518,2.0457744222286394,0.029472867438030164,1904.8472276379825,-0.6825104792383598,-4.1174895207616515,-0.02401556459995946,0.2021890883205123,2.7976877388559326e-05,4.128519170745819e-05,1.2735703110045578e-05,0.00012511795603476806,2.9079674846929302e-05,0.04086649976374439,1.4228432695901148e-06,4.6622125149969545e-05,0.004031558382444333,0.5855641627755762,0.11475109211944794,0.20566918050501648,LFP,13,40
-5007.934805914505,2.075024153824643,0.023417637298468737,2582.0484682595306,-0.5961640244262654,-4.203835975573746,-0.12549456035508078,0.20798124568402973,2.7607296896662656e-05,4.391884464618342e-05,3.304033082687266e-05,0.00014987724102408164,2.7748242117178122e-05,0.040616251513066914,1.7881104605356658e-05,4.9704454626032516e-05,0.004180213109800013,0.49846089020812284,0.29153826323907517,0.01450628619772136,LFP,13,47
-619675.5342341262,2.6370611858125756,0.06306350999738874,116351.9089015904,-0.8270326055364876,-3.9729673944635238,-0.18191850066451953,0.2347129743319473,2.629650779748411e-05,0.00024821745668092513,1.1056847197152622e-05,5.896516895644098e-05,2.6298446575924174e-05,0.07960494826944012,1.9236954798387225e-05,4.63696313191536e-05,0.024679458807326676,0.05281279229924046,0.482665854987946,0.21260285204829407,LFP,13,29
-4346.826504066478,2.0619766034346965,0.014171839550457232,3552.5235637061733,-0.35360539804322855,-4.446394601956783,-0.06586245377835964,0.22000590061830952,1.4988831943438037e-05,4.2521809513540505e-05,2.0657338659896935e-05,0.00012829663891267292,2.7631632936845263e-05,0.04003086289487584,1.766802169296449e-05,4.908292059484435e-05,0.00407271970303989,0.5622767775025933,0.2542249399413066,0.04763582877774042,LCO,13,68
-4725.156408850217,2.047447776320645,0.009418280966073321,4645.48824624528,-0.40051279136988427,-4.399487208630127,-0.15093501669071252,0.20075205836403962,2.4767490456934687e-05,4.264607082972835e-05,1.280220899579241e-05,0.00013924808040896575,2.8791691420591072e-05,0.04060733186972457,2.816908132507012e-07,4.6641164850918983e-05,0.004249199314836802,0.5043030450436536,0.1475576612989502,0.12720427696668368,LFP,13,82
-272175.95602419943,2.398210228241514,0.008776401586633821,294765.8800321083,-0.5129768778342054,-4.287023122165806,-0.35741767030929694,0.21579366397937452,1.234599093540759e-05,6.743028446259927e-05,1.0965527453522808e-05,0.00014152899075982404,1.6584207800685068e-05,0.09915845634484043,1.0771933556824968e-05,8.55418301560618e-06,0.018804347469221216,0.050892519095766434,0.03128797767768053,0.49040183291725614,LCO,13,91
-571083.2112021726,2.271431500297974,0.03546611249849212,92188.39188868087,-0.7831100240826032,-4.016889975917408,-0.011503409512168994,0.20040082144907995,2.8090472121362018e-05,9.757382383510972e-05,1.7110993462796336e-05,4.8070437756564076e-05,1.2948200068397061e-05,0.07354415902088468,1.7413016619711762e-05,3.783373492477108e-05,0.02398207268026986,0.015801684276793702,0.47525883385381784,0.4274360723572195,LFP,13,30
48358.80743889854,3.474617406133432,7.815878225392426,455.5210241863031,-3.384504035795352,-1.4154959642046592,-0.002958136339997086,0.21061551530674075,1.2879595432868228e-05,9.775803453751835e-05,1.5093014971681338e-05,4.810518106064862e-05,1.2947424298362204e-05,0.05201247530445062,1.746974558197409e-05,3.6908637652783887e-05,0.010649665899836902,0.015749059816882877,0.47687043892390213,0.43442236491921793,LFP,13,1
-4978.397787099978,2.088051962084198,0.013953566476877769,3542.172005997005,-0.3429102689632231,-4.457089731036788,-0.2142074625675624,0.2005170616580544,2.8512423162310193e-05,5.228028895920011e-05,2.3455769911977564e-05,0.00014444455334559496,2.8608313868487415e-05,0.04011484482756836,3.3895903976657606e-07,4.457141093541743e-05,0.0040344540543687316,0.5044324452358842,0.08595258487701948,0.12540750731953398,LFP,13,68
-424171.3000778138,2.3839383491074875,0.05710661853505787,78383.34920271032,-0.9430106985059368,-3.8569893014940746,-0.35998820083122285,0.21017904194757697,2.8464127078011624e-05,0.00011690509777608864,2.47985371841799e-05,7.00665549166921e-05,2.7432699954219945e-05,0.06653747199520739,1.5777345909689938e-05,4.444001940288285e-05,0.024183128379235266,0.013045317691623582,0.5324420947673609,0.024524386709792772,LFP,13,24
-646705.5555874121,2.576059532532481,0.025746444932204487,167512.79540112734,-0.5594469745056472,-4.240553025494364,-0.09621334333773812,0.21010662855756235,2.928788770926442e-05,0.0002468012450914184,1.945382292372722e-05,4.851446939887648e-05,2.7615277361854508e-05,0.0767593708326555,1.9723627377182795e-05,4.541486859049502e-05,0.023982040557421595,0.048398289479479537,0.5445492871041396,0.24083908007864271,LFP,13,48
-18024.106156919042,2.692103340819611,0.07705651816382623,3026.4121655194945,-0.9918500666961307,-3.8081499333038806,-0.48275678771405556,0.20222686122621397,1.5157957413623336e-05,0.0001993575998016154,1.5003453924026165e-05,5.0968945823417556e-05,2.3658357651496722e-05,0.06598087123272707,1.9546663048135428e-05,4.353661361216067e-05,0.004683304755461456,0.03528422936994831,0.38214286534812597,0.029816117567870212,LCO,13,22
-4299.806873455528,2.0309511357226375,0.018852233380963045,3188.978157659806,-0.44899303465787455,-4.351006965342137,-0.21921548242683409,0.20059101200948246,1.947700595867156e-05,4.26631680788317e-05,1.3067121221182112e-05,7.29390476411816e-05,2.9303327266849085e-05,0.04060484276132745,2.4918322088046353e-07,4.878218275368703e-05,0.004253409020669542,0.5039398430886057,0.18942547276572352,0.017419201718836708,LCO,13,56
-4721.810867298587,2.0685545521752653,0.017120965256820463,3287.9302569195816,-0.3959864081766966,-4.404013591823315,-0.2960484164574727,0.2011275886509834,2.8916410747892888e-05,4.113594235837005e-05,2.5826403666813978e-05,0.00011746174255132579,2.7684505020422967e-05,0.041344905036373295,5.636578822770765e-06,4.8336154485888064e-05,0.004034732102952899,0.5431482794567783,0.054882553104164636,0.035920750981584364,LCO,13,60
