SpecificEnergy,SEIGrouth,TempIncrease,Price,UpperViolation,LowerViolation,VolFracViolation,C,la,lp,lo,ln,lz,Lh,Rp,Rn,Rcell,efp,efo,efn,mat,Ns,Np
-168064.6322936798,2.245841899155159,0.009118047042419006,153971.90701504773,-0.494443798243303,-4.305556201756708,-0.07895209614669374,0.2145596896862082,2.9147942186585255e-05,4.289640033718997e-05,1.5056018346418791e-05,7.891463981238306e-05,2.477253749922481e-05,0.06095852579394305,1.503616883283127e-05,1.6349006115988242e-05,0.01997200705985829,0.09068476066661647,0.2078627340351842,0.5525004091515056,LCO,13,89
-78761.04431296603,2.3841687705222627,0.029157840538007223,36538.225267428505,-0.6313290079857055,-4.168670992014306,-0.02289176954205907,0.3933535428395206,2.5202944966842372e-05,0.00012532194400835701,3.0758728322389946e-05,4.955695593878821e-05,1.7543715958346497e-05,0.09839026601902479,3.288346646630374e-06,3.9341825972999464e-05,0.009783424727322689,0.25631574955073116,0.5524113308013635,0.0983811501058463,LCO,13,50
-46849.09417327327,2.3362970763333637,0.02452774408963907,23429.87508645056,-0.4759479161449036,-4.324052083855108,-0.5475077136987094,0.20992092625622177,1.7191134096225147e-05,9.990523098082176e-05,1.677393711040335e-05,5.623043078497286e-05,2.9320509656218453e-05,0.05527071990557176,4.315192768153901e-06,2.5552822777356627e-05,0.009424041774124333,0.1854854566826886,0.1347419617528956,0.06226486786570633,LCO,13,52
-45530.81645498426,2.5056825904209745,0.009734783704559956,39790.97845793461,-0.5365955700114142,-4.263404429988597,-0.4177342285144524,0.23010194611489412,1.517160268906154e-05,0.00021528011005532476,1.0630806648728502e-05,6.10200090149575e-05,2.8967753773528975e-05,0.0885976679013934,1.2492156821514285e-06,4.2696629395332496e-05,0.007197741875408,0.08302311414052695,0.06252845508385561,0.366714202261165,LCO,13,93
-17019.572808103876,2.069688883452006,0.011702245805362194,11344.951051291568,-0.32831678059912406,-4.471683219400887,-0.4797443314156412,0.2140112670492574,1.347501715758351e-05,4.060915686132654e-05,2.987573129621152e-05,9.658713618313195e-05,2.727010097728864e-05,0.0443775646735609,6.139633639788004e-06,4.332815218136598e-05,0.0064135932172666235,0.05488707612061205,0.17037442990686968,0.2249941625568771,LFP,13,69
-38190.31755156798,2.075573955022104,0.01861102937794039,32445.384799640495,-0.5109378240980504,-4.289062175901961,-0.6547864573011549,0.3252214740318847,2.63719596952678e-05,4.007626691696524e-05,2.2962919887462337e-05,5.130108300926358e-05,2.9456292613606485e-05,0.08240530597521181,2.2649868712073975e-07,3.864707018479056e-05,0.009424788759935826,0.1325515546648063,0.06418298802967384,0.078479000004365,LCO,13,53
-154979.77118966656,2.507352315303529,0.020272971905745986,64255.84686562323,-0.46963924205401497,-4.330360757945996,-0.5110532591710395,0.23086936995561314,2.6567822436403274e-05,0.0002420440241761392,1.5188483967802107e-05,6.0085060466082816e-05,2.9460966903412993e-05,0.08201063827526373,1.7270309455144044e-06,4.9194436579344444e-05,0.012663716222406276,0.026408509941168227,0.030227379981132653,0.36231085090665965,LCO,13,52
-387611.96416817873,2.16864838844873,0.00846235588931833,325876.84422350273,-0.5714208455796808,-4.228579154420331,-0.20797526699203917,0.21940177747337786,1.262730865554785e-05,0.00010148455865801154,2.2514524371689833e-05,0.00011740043753429147,2.9503218688671107e-05,0.0861879156368319,1.7951496909521036e-05,4.793382669030187e-05,0.021145355226427773,0.060824835889620704,0.5442713214595011,0.11692857565883907,LCO,13,100
-92799.07606546249,2.4732817472417397,0.002591525035027651,150243.7385181201,-0.4590119516582334,-4.340988048341778,-0.6334757258532768,0.27624125097299845,1.7839566570154646e-05,4.155372275941036e-05,1.875892482240781e-05,8.118927931215778e-05,2.7916583805365316e-05,0.043870244128245486,1.2459001242084093e-05,8.296302445817302e-07,0.020968594499173588,0.032389783101544965,0.021701832766264084,0.2424326582789141,LFP,13,86
-16647.29444353676,2.432218075769157,-0.0030571370941587083,15573.855142573586,-0.485949256791379,-4.314050743208632,-0.6588653756945064,0.2840269738429488,2.2684584645086387e-05,0.0002149026341348158,1.0159328113814561e-05,8.127465105850883e-05,1.8286534042601998e-05,0.06407567576720423,5.650239276851965e-07,1.1388643427742117e-06,0.0052204822426188124,0.03240402454927848,0.06931676019812681,0.1694138395580884,LFP,13,88
-158842.63309641546,2.356381041758856,0.03659602251473681,51315.89356773525,-0.7362168767920707,-4.063783123207941,-0.7570909163249528,0.23395203447832058,1.202485071989621e-05,0.00011942235032318269,1.9016009037758987e-05,8.750852793262558e-05,2.7358511837724623e-05,0.04358514261676841,1.5898000139807588e-05,3.7275727889344635e-05,0.019188767224979093,0.040169602797847884,0.05361393623017985,0.07912554464701953,LCO,13,31
-49101.505115415726,2.1072321127181675,0.02276948486371159,22872.597131691702,-4.239154515036745,-0.5608454849632665,-0.08457827406046381,0.3664972366692478,1.6760172239532304e-05,4.2520770368839066e-05,1.362688459559033e-05,4.4299284046252445e-05,2.3636231998336238e-05,0.08971997080474137,1.555894209560232e-05,4.9527683385719475e-05,0.007374184910314002,0.0782041789663373,0.48993347423950845,0.27728407273369055,LCO,12,71
-36114.826218833754,2.5509188354584125,0.07978531644319432,3497.2943944169815,-1.292854502467371,-3.5071454975326404,-0.3067386557351828,0.2307723328934401,1.3661839465834875e-05,0.00017403974417534758,3.253705251190032e-05,0.00011085883615258421,1.2977905518353301e-05,0.04039030597649032,5.344609224101171e-06,4.751960500433544e-05,0.007429450954990936,0.065757325986123,0.23469767671053193,0.32280634156816235,LFP,13,17
-249481.17607380054,2.414602001288608,0.007963474091936934,413874.7371682626,-0.5099202865092138,-4.2900797134907975,-0.3719907029475583,0.22020657927984735,2.9265923781509463e-05,0.00012868120334483656,2.6250563791382352e-05,6.967746095992529e-05,2.807344230712966e-05,0.09320793074778004,9.60309352344559e-07,2.6083583441042367e-06,0.023973352491780335,0.07620584545495165,0.20788257062124835,0.27392088097624173,LFP,13,91
-19808.42973790238,2.6383766147302783,0.4556690836951704,1302.1594995674864,-2.0657461899943783,-2.734253810005633,-0.5614546533652006,0.24033890963391774,2.7463692336804028e-05,0.00017403757793590214,2.648794391712446e-05,0.00011091000660465316,1.641579427424335e-05,0.08846508855338259,9.5061784830094e-06,4.637801395695769e-05,0.004101105049428686,0.08431808932334466,0.23321385744585618,0.05101339986559858,LFP,13,9
-48789.771278639244,2.477633701243417,0.013125966815220835,37470.466930922245,-0.36376426257677963,-4.436235737423232,-0.5516365736697388,0.2700142842952392,2.199450592521568e-05,0.00020846702796339705,2.404833180471075e-05,6.691383019407863e-05,2.9207410973114752e-05,0.07274015489623403,2.539586736566048e-06,4.0403892192763604e-05,0.008296834295698673,0.1556671481886196,0.032966989775281494,0.18972928836636005,LCO,13,77
-14250.57826928674,2.1415033922698035,0.08354100520349458,1469.7290916773622,-1.2472404326991011,-3.5527595673009102,-0.3329081279732672,0.3767966123987111,1.3429717347382655e-05,4.388889856418123e-05,1.2129399937087176e-05,8.01359157927752e-05,1.337061609411186e-05,0.05048260695188517,5.980999305759532e-06,4.777844955023337e-05,0.004192765607123356,0.0428948891523453,0.22886084166235482,0.3253361412120327,LCO,13,19
-236889.66239657666,2.4505371615654417,0.014539792898706827,260280.06083686595,-0.3869804487212889,-4.4130195512787225,-0.19411782869082883,0.283970276904554,1.5043775398370898e-05,0.00022267273133428234,2.021967739415502e-05,5.66898450358851e-05,2.9207256899447106e-05,0.07345525518016485,2.239941036552028e-06,3.719520277576585e-05,0.02227273655824589,0.5982744938386608,0.02739928614519378,0.11020839132531655,LCO,13,78
-517107.4642913745,2.611548471596362,0.09858654970964494,114476.03495491279,-1.1160048228841646,-3.683995177115847,-0.7645203689750681,0.3627542893358917,1.850224433333389e-05,0.00015486954930900589,2.301583718906657e-05,5.115863912996149e-05,2.9577661316526332e-05,0.09918471215810368,1.694262057927357e-05,3.665015072834342e-05,0.02334169001317851,0.03851450228724554,0.04878540479138558,0.07817972394630082,LCO,13,21
-266952.30638095527,2.647085454999954,0.7477569536092419,24760.424023672538,-2.413582555185158,-2.386417444814853,-0.6202592613605147,0.3922457843757333,1.3632417308664029e-05,0.00014373446634336504,1.841837754121277e-05,0.00011014907011191023,2.2697811830200175e-05,0.07633738115474173,1.8796497983565748e-05,4.744664756199632e-05,0.021449495210530495,0.020898993109341613,0.12434177126328957,0.1644999742668542,LCO,13,7
-507458.6939028414,2.3231080324438276,0.02053127244433369,162954.99065509223,-0.5602591740124794,-4.239740825987532,-0.43987434502530864,0.22365801833251636,1.288268458552802e-05,0.00010069197850293207,1.574252572796281e-05,4.2906546369131164e-05,2.3962859842025737e-05,0.08601815578006139,9.28794366157135e-06,3.5496285801780144e-05,0.021736058647860896,0.016199203722790878,0.1630241605383765,0.31090229071352404,LCO,13,45
-42075.435290731504,2.3406045965227706,0.01233694303114777,39865.61320464755,-0.4926194065824845,-4.307380593417527,-0.6875895686178433,0.2977307261241343,1.9283259238876173e-05,0.00019543570742214716,2.4050234146810507e-05,0.00012283800705165243,2.7644912788935198e-05,0.08675433087100529,1.1283179401531073e-06,3.653921670861057e-05,0.0071272537974186355,0.0200422084172866,0.033003149813680084,0.18936507315119017,LCO,13,88
-173870.14504864742,2.518219665253732,0.5928862736527941,10597.111214764436,-2.6625909378082824,-2.137409062191729,-0.7054426438965455,0.2961229790386275,1.6408172208518627e-05,5.807362447807189e-05,1.37207552198532e-05,5.155541173433009e-05,1.962555147631028e-05,0.05281175709606526,5.9053937652571875e-06,3.263600344102451e-05,0.02068982224090818,0.017441497733996354,0.026257549717822626,0.1808583086516355,LFP,13,5
-106930.2037989021,2.259473827483794,0.026190128682923985,41513.245787950764,-0.523304770509526,-4.276695229490485,-0.4113596180125667,0.35962092862755934,2.7023857500753518e-05,6.550698488784143e-05,3.1447085711114515e-05,4.036745267668795e-05,2.2508852156475638e-05,0.042341109994024684,6.128700445097052e-06,3.27090650573304e-05,0.014961532650523272,0.048458070355353454,0.02843579881462327,0.44174651281745664,LFP,13,54
-34374.41991759385,2.687636685581593,0.06842609877000996,8072.606298723096,-0.9010240550420292,-3.898975944957982,-0.41100313287362644,0.23784695140749554,1.732676668073208e-05,0.00019695571995938338,2.0884202009149184e-05,5.027430865294937e-05,2.4846481031581994e-05,0.09413715351866747,6.1740953043214725e-06,4.3375238519191794e-05,0.006084907978753815,0.09813660424668694,0.19696185943024175,0.22389840344944495,LCO,13,25
-196482.76292319113,2.6965751829226194,0.5958010638177238,25379.55073437597,-1.7437582947872912,-3.05624170521272,-0.3965245342934306,0.2403386457269522,2.7565809376581034e-05,0.00024441881058506325,2.933488088114596e-05,5.4794948084811604e-05,2.4926082844390675e-05,0.0473382847571046,9.480850512755548e-06,4.8218534192366534e-05,0.02172466783881804,0.37132000869017845,0.13993103085014194,0.022224426166249096,LCO,13,12
-134717.1814922018,2.099677219247809,0.017628366065218577,62767.57090069686,-0.5206680584561667,-4.279331941543845,-0.2908327637608066,0.325258349785393,2.6283671115778566e-05,4.110394554281279e-05,1.1706464558657713e-05,4.352297454207777e-05,2.9461012038818914e-05,0.08259210742564922,1.74410041295466e-06,4.9610467453118e-05,0.014147232422060615,0.18269176506742812,0.08019970802368893,0.3762757631480764,LCO,13,53
-451458.7161830849,2.6208280266176294,0.05480196132721993,132140.5415310471,-0.7737811428073016,-4.02621885719271,-0.6773606244220991,0.46308134026505826,1.5806535845132186e-05,0.00017946453269770677,2.6856220875612635e-05,5.0895865944278936e-05,2.9910588658233544e-05,0.07249286115909923,1.452711935026782e-05,4.759778412465732e-05,0.021912446285189652,0.018339805817443003,0.06725295804449671,0.16704661171596125,LCO,13,38
-275746.32674113126,2.5709375577040805,0.014287108431039513,138173.83843553503,-0.34576141595859156,-4.45423858404142,-0.3986444273923869,0.24026845981897385,2.7937272479851948e-05,0.00024441030018474574,2.938838946960037e-05,5.41712857862468e-05,2.2884780284436764e-05,0.046937039209428995,5.585784112571222e-06,4.823835490242298e-05,0.021990299374226054,0.1318407508219388,0.16575701562078482,0.2337578061648895,LCO,13,66
-26887.11930844081,2.449276047074105,-0.002591333988609062,68626.61746531732,-0.5245967458023557,-4.275403254197656,-0.3671747742017525,0.2122176990409878,2.503317672440047e-05,0.00019928897637035338,2.634492341908698e-05,7.053088908645386e-05,2.956878585674842e-05,0.0927804794113396,6.1931170115056635e-06,1.1960179320638336e-06,0.009498793674483731,0.06577988695707612,0.20045712464422374,0.2965882141969477,LCO,13,92
-34251.50270887678,2.3278837287917487,0.00975589210683905,29678.78010009352,-0.4680114833662401,-4.331988516633771,-0.24980939389899026,0.23074794925565034,1.2155661147719772e-05,0.0002463258987928219,3.2635771225059437e-05,0.00013732722126831963,2.2797238421393927e-05,0.09177034646350007,1.8088183486953147e-05,4.7522165709658726e-05,0.006409515462164119,0.08561221349443349,0.26891361850231,0.3256647741042663,LFP,13,87
-28935.629583043145,2.5469635343865447,0.04946073858968346,13665.147779806728,-0.5486480256404462,-4.251351974359565,-0.16557923923249218,0.7103033189861248,2.8076045354540165e-05,0.00014124798594382487,2.933582562791779e-05,5.216516057543552e-05,2.292248888867317e-05,0.049486506195205324,5.689973105609398e-06,4.750245952678607e-05,0.0072609318895274595,0.13201806591828785,0.2674365505979545,0.3649661442512655,LFP,13,66
-353195.69523469626,2.3605109226739707,0.015706234929139,207366.9739922618,-0.35748279231571445,-4.442517207684297,-0.46033546460507035,0.29965773048422834,1.831450996681589e-05,0.0001284326065144114,2.9295548211807838e-05,6.955968105480037e-05,2.804588303064866e-05,0.05347660379189477,4.2460357123271093e-07,3.645950430907387e-05,0.024631819250066717,0.06045901055621666,0.29514490367636514,0.11406062116234789,LCO,13,70
-9617.330967772838,2.4858075907140225,1.3437824261012519,652.5671077313121,-2.1860224420401764,-2.613977557959835,-0.28821578339976706,0.37723643179497185,1.3268330540222745e-05,4.275902443943228e-05,3.750981747728531e-05,8.044191250965964e-05,2.526751264085917e-05,0.05193285784382247,4.363757917979643e-06,4.82352751549025e-05,0.004052842206230051,0.3534910897273952,0.27023845660215606,0.01805467027068175,LCO,13,9
-35456.67299494656,2.3780800037734964,0.7395065446684708,4683.594140287109,-2.129953793985919,-2.670046206014092,-0.806111278541817,0.3786415496590757,1.4639310716055514e-05,0.00010555303785331063,2.349267471729377e-05,6.19296008236018e-05,2.339678309547642e-05,0.07278023345930945,2.479596252753813e-06,4.025464542609715e-05,0.008325703974475736,0.07560808291522467,0.032426173139543976,0.01585446540341441,LCO,13,9
-37291.13791498298,2.510457834967678,0.019983058104852396,18320.252318454226,-0.4698543241809858,-4.3301456758190255,-0.6271467245180624,0.2098648303197774,1.3122295740367241e-05,0.00019119801367007463,1.7320404454068974e-05,5.445839384211021e-05,2.9496631134368658e-05,0.05499878353475009,5.385379339776429e-06,3.960670878020783e-05,0.007956592379411624,0.190419430353708,0.029368420027547,0.08306542510068259,LCO,13,52
-326504.75090363354,2.6074595960253197,0.011593005812770767,311504.2894215208,-0.4727814811550104,-4.327218518845001,-0.5703126443063253,0.25492084980576857,1.9035540600904594e-05,0.00020043742448577566,8.290023127410033e-05,5.61227150842498e-05,2.212584242328887e-05,0.09360844267643063,4.987256066796412e-06,1.6567698285434967e-05,0.019543595962184843,0.08105061910947195,0.2287115970928148,0.04992513949138802,LCO,13,87
-157706.60642147466,2.4022825888144546,0.019319637552091783,113768.42135733225,-0.6046658502955538,-4.195334149704458,-0.28964686045861343,0.45056295408080493,2.3941610834209643e-05,8.079389160924149e-05,3.7544117749098766e-05,8.059633898768448e-05,2.3934093668168167e-05,0.05115864269796843,5.687124034739626e-06,1.6822030611641578e-05,0.016681132610162408,0.0675566817939439,0.29292216004095145,0.2798742977064913,LFP,13,96
-339243.6274145621,2.333544059797331,0.05919498147364753,77894.13678933146,-1.1601876422209259,-3.6398123577790855,-0.3267692054386362,0.24087277452619138,1.2270790531165068e-05,4.646502596859554e-05,1.2051123415791142e-05,8.06096697990622e-05,1.3360670945015896e-05,0.0843088150170342,2.2060728288736586e-06,3.255582454622879e-05,0.02345033737984832,0.16056792718662025,0.02529356847413583,0.4173692989006078,LCO,13,19
-70014.05352259213,2.4272373485214023,0.022276103915711196,34897.76838275995,-0.4746420544789913,-4.32535794552102,-0.7958172749884023,0.27172201545790153,2.900531313880106e-05,0.00015792296372996626,3.145168054624625e-05,8.431328325698851e-05,2.2481524212967235e-05,0.05832916184116192,2.685393511847259e-06,3.659806044766062e-05,0.010408967533167907,0.04838588898494391,0.023975756522579744,0.06182107950407416,LFP,13,54
-146599.30729931194,2.57576201427554,0.0025588985412135306,340337.18720598856,-4.2794830174048,-0.5205169825952112,-0.8382636586571369,0.2529257131910978,1.2775210459623254e-05,8.795935242132657e-05,3.459985082919597e-05,5.502106137016894e-05,2.3337833518004204e-05,0.08354767932359733,4.083782755207658e-06,1.397241028623807e-06,0.0223944877670978,0.06289388936531111,0.010125033066374124,0.018717418911177917,LFP,12,85
-73766.43933699335,2.198213752674176,0.015512205137921786,56987.71818880378,-0.35780136632892834,-4.442198633671083,-0.18908678473337226,0.27998046609051425,1.8973005051701824e-05,4.489293038661065e-05,7.31325630599698e-05,5.8714181393722804e-05,1.833164762130432e-05,0.07953123336474457,1.1661899479883165e-05,2.3755453650631985e-05,0.010879193114556117,0.05114804321689759,0.20707665187570123,0.48268852017402897,LCO,13,74
-14233.019362545208,2.327711744825998,0.013029246462450716,16441.241003723328,-4.228287448136804,-0.5717125518632074,-0.7730912142656086,0.2517677970485308,2.6205839142167405e-05,7.443956175347434e-05,1.1450802876230431e-05,4.7489037646691976e-05,2.1772015354025954e-05,0.08393242919825636,4.0492029097277e-06,1.703016252262406e-05,0.005381394602332496,0.06044768430338365,0.056748556719420466,0.03971254471158731,LFP,12,80
-11175.67767848708,2.5135329477384785,0.018821138750957738,7795.466874597379,-0.5119621248523032,-4.288037875147708,-0.5792841631635031,0.2345686761279555,2.804587061240424e-05,0.0002418914194768194,3.179432199168971e-05,7.182003933080313e-05,2.8131571247948273e-05,0.05455216837020406,4.7973445341527876e-06,5.274376937035987e-06,0.005468865177135513,0.06509174172134691,0.03214446566150839,0.25347962945364166,LCO,13,49
-135270.51640185947,2.520467910179859,0.02139125753259492,50946.826763242534,-0.4949570337467719,-4.3050429662532395,-0.32415375127137513,0.2532157926722041,1.871547682479553e-05,0.00024323378176657311,4.2145966114699455e-05,6.302165188194233e-05,1.811607718309011e-05,0.08225746544909107,1.4787160060729413e-05,4.7369177497427794e-05,0.011528366701575168,0.010240958652034782,0.025315156377182547,0.5702901336994076,LCO,13,51
-42100.44414110157,2.5075301896093523,0.001406998853176452,71467.35050842722,-0.38156219351585463,-4.418437806484157,-0.7732475042684632,0.25295812443486837,2.7873585057992395e-05,6.81003815608399e-05,1.7359079759017998e-05,7.778159483039484e-05,2.862136885696139e-05,0.09759829011773546,4.0582823905859465e-06,1.3571764087334453e-06,0.009939215718928803,0.06828187520187212,0.042042521498055055,0.04642809903160962,LFP,13,80
-61585.79229883815,2.1420731612996895,0.015855008193977824,54119.358148855674,-0.4487707541168007,-4.351229245883211,-0.6483249271112508,0.3185350391521956,2.687137029157838e-05,5.367309364343175e-05,2.7742243435834682e-05,5.396457240978434e-05,1.8782986755914074e-05,0.06137722782846067,8.704474982347167e-06,4.22524109098134e-05,0.010859662019390011,0.023800459888888525,0.06999850385734734,0.1878761091425134,LCO,13,84
-184071.15774222167,2.542522653101788,0.05082557577774188,107608.76756248392,-0.6238464244495603,-4.176153575550451,-0.7232229720694437,0.5732553996830309,2.9843352266786063e-05,0.00015991001373226866,2.8529349728682718e-05,0.0001478533316373359,1.3152391965840684e-05,0.049777179185168,2.6940562740336354e-07,1.6457597053183445e-05,0.019823258902998436,0.020099290351453594,0.05175273399837905,0.13492500358072368,LCO,13,53
-562227.7244608675,2.968334169697518,0.24723065971375918,211865.37941406033,-1.3172125920790094,-3.482787407921002,-0.49114543564521773,1.5355184386593819,2.870319278772972e-05,0.00022120927757652225,3.6751701621419025e-05,4.627865548672511e-05,2.813231557991434e-05,0.09511411051463162,1.0124502221698925e-06,4.8001128610408297e-05,0.023416980995647103,0.08045171012817674,0.10912153790360861,0.24928131632299694,LFP,13,44
-206306.90582393532,2.379500208231605,0.2662929434627518,70430.29714681942,-1.6327473359037725,-3.167252664096239,-0.6821209556253517,1.5783047711130611,2.808244677514345e-05,7.083877746167921e-05,1.1507558750806604e-05,4.823845203609787e-05,2.865922385293298e-05,0.06066295566215157,4.1956640585852584e-06,3.768954161854538e-05,0.02153293815637041,0.08546459467105866,0.14065851092025894,0.02175593878333079,LCO,13,29
-11093.979537726804,2.4173204170111,0.821808738159446,1390.7287372468256,-1.9240888986009708,-2.8759111013990406,-0.33179748584325364,0.20911091289369804,1.7444930679884373e-05,4.889086794944234e-05,8.096653203087585e-05,0.00012122974724038783,2.7829086185531447e-05,0.042137447486894346,1.2259977133698828e-05,4.3311084833961896e-05,0.00609976908344158,0.14480070791932315,0.24508171826710237,0.20832008797032092,LCO,13,10
-502627.5475355644,2.5034407285184264,0.011342055742715042,280045.21753351844,-0.34601505762693563,-4.453984942373076,-0.20016611123828765,0.21110501539668455,1.648540241798184e-05,0.00024664192093533377,3.534423844960266e-05,7.479553327386818e-05,1.5543212802470784e-05,0.08726766972536829,6.522082933315876e-06,4.6755581232366845e-05,0.022035096160919254,0.15369518684066158,0.5514869492140296,0.02465175270702119,LCO,13,74
-239570.86701208452,2.2820422456162954,0.03942760833822934,74235.06568890429,-0.7379157593101269,-4.0620842406898845,-0.1979229896613669,0.27799400377417066,2.75789056546573e-05,0.00016240375311719142,3.086850369168151e-05,0.0001239233500372828,2.066371061708967e-05,0.05472397227277227,3.344502130977784e-06,3.481820144869585e-05,0.02157438651716731,0.17054805256867317,0.04122315660203534,0.5203058011679247,LCO,13,34
-12464.8275720433,2.359547583467361,0.011963158227325011,11527.388251158778,-4.2524773722638685,-0.5475226277361429,-0.768199309773643,0.22899208819830466,2.7809887086912672e-05,6.758639239610407e-05,3.10227136307178e-05,4.417624292201993e-05,2.3319701560898667e-05,0.07185623913871696,6.5449192813099604e-06,1.556397561262369e-05,0.004781439734820658,0.06582303465563119,0.05626712276959169,0.039710532801134055,LFP,12,83
-18285.569804406776,2.4964587015844337,0.013180038581068745,17333.929878466653,-0.35428422620508115,-4.44571577379493,-0.24457566626054672,0.2852284658614229,2.4125020980688453e-05,4.333864289383946e-05,8.796878055026609e-05,5.305132360224922e-05,1.4369042763851604e-05,0.09018151165192795,1.8954960954665222e-05,6.764583472823278e-06,0.00559746681198077,0.06985699601212716,0.03314924895300464,0.5824180887743216,LCO,13,74
-180070.53706903988,2.550331477812089,0.008249520670392965,145450.12689786454,-0.3993525567159395,-4.400647443284072,-0.16410235718622024,0.2782384155059964,2.757817376591092e-05,6.701340097571383e-05,1.7089917242448728e-05,7.648297839210798e-05,2.057653056948773e-05,0.044825249420484846,3.3423500424742836e-06,1.8316682100055358e-06,0.02301714345691728,0.17655414819656598,0.04242454244557759,0.5469189521716362,LFP,13,80
-104826.13674800596,2.228979578483659,0.048197605382509855,43534.049289424765,-4.623186014643956,-0.17681398535605553,-0.44214832435155477,0.3146625409632222,1.2370039803165386e-05,9.383025183673544e-05,5.8814187458290233e-05,0.0001486807604848029,2.210276298347994e-05,0.0863967892671513,1.9112612482605404e-05,3.264608931860866e-05,0.013540108658088296,0.06341947767383403,0.22732430038695675,0.1971078975876545,LCO,12,31
-376617.98860701773,2.34315819751422,0.07711334912264686,201021.6514524532,-0.7902274381369949,-4.0097725618630164,-0.5073160223878241,0.6913979629775212,2.8698352799958693e-05,0.00022132805744013784,3.063661183995314e-05,0.00013823258840103486,2.8772450307000782e-05,0.0975876905899528,4.330676749883771e-06,4.9519639167263196e-05,0.021371429509209006,0.07644410560561295,0.15466460353659128,0.1915752684699717,LCO,13,47
-113190.9221253794,2.1140496120192243,0.010288769400392483,155455.58920021527,-0.36333691650159494,-4.436663083498416,-0.3747082594743548,0.23159241932837502,2.839768577518011e-05,4.409605334354469e-05,9.59576263341157e-05,0.00012034746759628806,1.812312248279861e-05,0.046110728378855936,1.1496480707173355e-05,4.0022456813986944e-05,0.022024715393372193,0.014052598632965416,0.09092758442972401,0.4503115574629558,LFP,13,78
-160428.04655124948,2.5343910157054927,0.022625330851326807,54527.621096108494,-0.5438987798906112,-4.2561012201094,-0.10345487026826583,0.2808034564748695,1.5339353464898e-05,0.00016330064033550794,1.9061448558360627e-05,4.310387686250224e-05,1.8016310041112343e-05,0.09880787276672653,1.632574294280821e-05,3.9623446729006465e-05,0.011597683484114855,0.07690930936205106,0.2861837931973738,0.4634520271723094,LCO,13,50
-225399.9198137059,2.2787901390742453,0.01122293728349051,214481.10470081115,-0.5691420497815471,-4.230857950218464,-0.39393193852955033,0.278456413858275,2.753656389259262e-05,0.00015306427063667104,3.075328481705836e-05,0.00012541756463277837,2.0882002299394298e-05,0.04397454428746202,3.363860173221157e-06,3.542472796497459e-05,0.0232783405251304,0.12406860183699449,0.04242893122446373,0.3695705284089915,LFP,13,99
-9078.810974931484,2.138368635626599,0.015854498059475024,9112.85662244056,-0.4532732049318895,-4.346726795068122,-0.6709066376068716,0.33568411552089683,2.7602003034857987e-05,8.546352160854214e-05,3.709731912060723e-05,0.00012443191943335548,1.8884588909798095e-05,0.044740372668755954,1.952431160019462e-06,3.479046980145317e-05,0.004955591948129933,0.16945893506647297,0.06566242842478053,0.023971998901874885,LCO,13,84
-132658.66242398464,2.5365272793968785,0.022322381430828854,48494.01385644171,-0.5527427363277297,-4.247257263672282,-0.26110265508206865,0.26332146298994963,1.3015061082495165e-05,0.00020187693431295353,1.9021515596142915e-05,5.887179226096194e-05,1.7650706737313297e-05,0.09962461890364567,8.281820036347445e-06,3.961986579101019e-05,0.010507012358459585,0.09958764426243763,0.3829329342910869,0.18637676636440695,LCO,13,49
-265433.1058980614,2.161908286456149,0.00722670672897865,257364.47708750557,-4.301043540894902,-0.4989564591051092,-0.25812392619522795,0.2620736430714735,1.3000278979719886e-05,5.194502629285143e-05,1.4766528768501228e-05,4.403575304742709e-05,2.996275984982085e-05,0.08029309868529914,4.3604648771913553e-07,3.673457119912114e-05,0.022985072974108837,0.029110302477262397,0.5952896953389193,0.047476075988590376,LCO,12,85
-74862.57760391712,2.196577430838368,0.01202747943895476,68766.24227956602,-0.354216012864228,-4.445783987135783,-0.28557008747776624,0.2778901010094389,2.6548409930704406e-05,4.332462567035214e-05,9.435829488101492e-05,5.0698031258645705e-05,1.8348125110787183e-05,0.09436533501750782,1.905067404891407e-05,2.386168230886769e-05,0.01091599539956851,0.042354682288843426,0.03046439124014702,0.5716108389932434,LFP,13,74
-331538.53401180246,2.3211168089450096,0.02572947902232814,225820.09225321896,-0.3978658353854243,-4.402134164614587,-0.5855470779319552,0.3900037240220833,1.7772502024375035e-05,0.00024570332653378883,2.296500276717489e-05,0.00014700979841825493,2.947020406138766e-05,0.07587580308655138,1.793164455078248e-05,4.74469256630851e-05,0.021157934860492257,0.02022133517188557,0.1574288731815931,0.16680271371456623,LCO,13,66
-119951.8061744831,2.088396904381469,0.018542627828237547,121462.3962233025,-0.37404119876831743,-4.425958801231694,-0.5633722693075462,0.3379090760994921,2.8405284891859113e-05,4.3951632928399605e-05,1.0710610564620375e-05,0.00012637431366248353,1.812305998809723e-05,0.044144424990349325,2.283080329098983e-06,3.46745084367715e-05,0.020102481637404548,0.07729144975000422,0.09151252589577025,0.19782375504667932,LCO,13,75
-9766.41403941131,2.3524542893801037,0.016611946424331583,8537.818610144246,-0.3873194681543737,-4.412680531845638,-0.3774756133030349,0.3459790489450716,2.6832931354474825e-05,9.750150205690567e-05,2.5551030962390773e-05,0.00013666356695263624,2.333766926796484e-05,0.07163522236071614,1.5112395869632194e-05,1.5635704005302078e-05,0.004206526664535361,0.07618188196414712,0.09064530679729749,0.3856971979355206,LFP,13,76
-247936.86491454003,2.1073551431353894,0.036918984093738505,218043.4474651665,-0.6556453735743872,-4.144354626425624,-0.6241030657430728,0.44438050188759143,2.7588172797103744e-05,4.363978660719503e-05,3.649031553322909e-05,4.861624907657299e-05,2.071589759757769e-05,0.09919186315798267,3.6909719339862403e-06,3.982925471122401e-05,0.023022486037495044,0.14080951838745567,0.026112237554294815,0.13897517831517667,LFP,13,48
-147764.69676872532,2.320486790490525,0.009237618514079296,168087.3515987422,-0.5665875646104723,-4.233412435389539,-0.3801330551652181,0.22206731512049085,1.8824398982445574e-05,0.00019569390443632776,3.0852344996682435e-05,0.00012599572870690778,1.9930623554736925e-05,0.04390861801558788,3.4679524070340176e-06,4.8821722579249296e-05,0.020225847150749904,0.13533351196308835,0.04243776663707046,0.3720956662346231,LCO,13,99
-178247.49628227422,2.600013445917072,0.011917853592767263,111647.5349002353,-0.45030642811614996,-4.349693571883861,-0.29917242183224146,0.2856501324159106,1.289741058128208e-05,0.00011127240934762435,3.0291888697629323e-05,6.158563997586698e-05,1.2858732905538752e-05,0.08990034254030248,3.404755279441477e-06,9.154168348856612e-06,0.012832524450301924,0.055731681380008,0.39572182634188513,0.1793740704458655,LCO,13,84
-14571.657144396875,2.4028070782611515,0.03194907059736525,7275.238566460113,-4.491626788455385,-0.3083732115446267,-0.7821512428179287,0.34872329874038727,1.2606801453019314e-05,8.77535196527954e-05,2.2444431208656127e-05,5.467154110995645e-05,2.814219139850763e-05,0.08347327884973414,4.025750772935252e-06,1.6305466443919155e-05,0.004701493443085547,0.09409059491079642,0.03313506837713334,0.02062309389414162,LFP,12,43
-7246.366686685386,2.1098475510105215,0.009923725286800708,6414.702049000315,-0.36156986660491697,-4.438430133395094,-0.31902398181318803,0.2284391577513032,2.583379155375451e-05,5.9780714627314823e-05,2.5357765404580616e-05,0.00012496417203506865,1.7588390453764398e-05,0.04370250822002281,1.1644065694529707e-05,4.910628005591024e-05,0.004674574622647899,0.011748022144970033,0.025677150551246655,0.5735508454905953,LFP,13,78
-9560.31647947741,2.1960803743072654,0.011880295220167486,11543.220259588608,-4.276122139263457,-0.5238778607365546,-0.3220306434354542,0.26151067404572975,1.3401566823045036e-05,4.484772877597125e-05,7.134615385402361e-05,5.7651546369943254e-05,1.851179583857669e-05,0.08072174268262347,1.1656159983480924e-05,2.375013984699257e-05,0.004595532990980444,0.06646030657156762,0.509828112410005,0.031680937582973245,LCO,12,83
-14658.112709733145,2.4992785309632657,0.010039872572761108,11594.627757286657,-0.5702501473474513,-4.22974985265256,-0.3265562903056778,0.2404817212488143,2.8113025925762984e-05,0.00017492028409639887,3.2209080376768286e-05,7.139222953667248e-05,1.964881475326545e-05,0.04458118750541506,3.45987249829454e-06,3.051903357188076e-05,0.005415630430838463,0.13554872200825913,0.03935776104986251,0.42853722663620064,LCO,13,100
-138062.0211499081,2.250913439313991,0.047044438435125915,64676.754932275755,-0.9053389389723492,-3.894661061027662,-0.6392221843646524,0.5183351221250537,2.7578132165944187e-05,4.737950998232053e-05,1.2156406165201434e-05,4.718981390694585e-05,2.057375536552648e-05,0.044322624885397496,3.852461360276751e-06,1.6723111604134543e-05,0.023017129824359033,0.14012549474383268,0.01886855658645359,0.1317837643050614,LFP,13,33
-208587.4637416546,2.2598084622874244,0.016501446948343473,137980.47007951388,-0.43734623363246783,-4.3626537663675435,-0.6473182772456012,0.20353410279902892,2.7591671071014473e-05,0.00016264936657126914,3.0729562245188866e-05,0.00014145020340569647,2.0716184160429185e-05,0.04454847802366897,3.8559740190160054e-06,3.987335241924626e-05,0.023704039673488945,0.12769954810832185,0.04154365387347397,0.11343852077260308,LFP,13,55
-32624.215186844223,2.279358688730597,0.11773382006937465,3044.3843932592754,-1.3543242666354232,-3.445675733364588,-0.06533878054191555,0.20398338411063693,2.573925598426311e-05,5.821598817656251e-05,1.7896889469638198e-05,0.00010537046515529163,2.986354130266093e-05,0.04416416994021177,1.4042075101274445e-06,4.180040952809596e-05,0.0076484045636302615,0.01642477009300964,0.5899642403684212,0.25827220899665354,LCO,13,16
-263801.5278925951,2.317631812640868,0.09919426425604358,120126.97809575572,-4.71116911552356,-0.08883088447645093,-0.5719241717160815,0.9206775191823399,2.912252362725866e-05,8.323120620611358e-05,3.062997839094265e-05,7.979053423932465e-05,2.8845324791853903e-05,0.07137103661834156,3.309664742838569e-06,1.5057124950950165e-05,0.020821750291934428,0.07657431247065948,0.015800448867886424,0.26570106694537277,LCO,12,47
-138084.7537773545,2.51440161546543,0.0029870500483705703,170833.93405073506,-0.5414703630022402,-4.258529636997771,-0.36789315698613057,0.2344599638547118,2.8047124052867314e-05,6.421957656713247e-05,1.6427122931278394e-05,7.181807576732119e-05,1.7402678463500327e-05,0.041036179800666144,3.317557619286249e-06,7.82058117107834e-07,0.02316269021451825,0.013200793744184536,0.02746714364079781,0.5214389056288872,LFP,13,94
-49695.43015895846,2.7902661869029943,0.28144342939027867,3091.7547090123394,-1.6272737402904198,-3.1727262597095915,-0.05730453145279657,0.500164500278354,2.99776731852089e-05,0.00023711784734850979,1.0124131536377134e-05,0.00014160475230190467,2.848106745224494e-05,0.044239929558539615,1.798201247287026e-05,1.0331843888972924e-05,0.007657558638935585,0.02485839240956922,0.5899049280172366,0.2579321481203977,LCO,13,15
-1092.0709567451938,4.683781071304493,18.49766199888193,102.67211852800177,-3.9183138696024713,-0.8816861303975401,-0.12597401919379825,1.0863175446959563,2.9454614331176434e-05,9.041594121199111e-05,8.78510621084942e-05,6.442406046762142e-05,2.5120963582938724e-05,0.04910236412286176,1.3161161307216108e-05,3.795152614910936e-05,0.005145127176477762,0.08988640857941163,0.1426658815610517,0.5714736906657385,LCO,13,1
-116416.75262143204,2.8179139497754795,0.14798378505165863,14958.026397951187,-1.6669681719139646,-3.1330318280860467,-0.4876253177242077,0.30779400042412464,2.7554813791632244e-05,0.0002015281555488278,1.042100363991274e-05,5.312932317593649e-05,2.214804334571513e-05,0.08875668634883149,3.704670848966737e-06,2.9908963098498114e-05,0.011865316654306514,0.15910426625127927,0.07983080907999208,0.20343960694452104,LFP,13,13
-30356.195276669798,2.6011053105414286,0.4120451131772115,2250.5838776734045,-2.2163156381491262,-2.583684361850885,-0.5459258206709219,0.2890105732734949,2.649480211174041e-05,0.0001279185737489821,1.711950735071815e-05,6.553504398559573e-05,1.4852854727360442e-05,0.042858502398543954,1.6689047002265848e-05,2.182488512313039e-05,0.008395649812742653,0.04330825970420007,0.10352030500565239,0.23724561461922575,LFP,13,8
-49168.39162533847,2.3605982810707244,0.12594122983436945,4583.178238638297,-1.4222942566229193,-3.377705743377092,-0.5466171213657018,0.3420304635627072,2.649180886940379e-05,0.00012622407372595799,3.270891005638245e-05,0.0001169506199679836,1.2979498706826754e-05,0.04262110224896437,1.5848123147520828e-05,3.492253805578139e-05,0.008341563734170611,0.04243902117954972,0.10429752002504669,0.23664633742970176,LFP,13,16
-435591.2884806104,2.650117429173239,2.1769484428311907,63743.36715959199,-2.2371539414460955,-2.562846058553916,-0.12805122344688968,1.4378773017176745,2.0695716955484453e-05,0.0001542981615127559,1.6806631845132643e-05,0.00014505126400335693,2.707965614160151e-05,0.097831780316955,1.8170799053579414e-05,4.052300464099692e-05,0.022955260013323143,0.04358376778391104,0.5107640523540139,0.24760095641518537,LCO,13,15
-154191.92372306413,2.3386619401484756,0.19156567218230847,21518.102259145897,-1.7182930184735667,-3.0817069815264446,-0.11167287175518203,0.38266718245565534,1.3884130756249027e-05,0.00012363308666993168,3.2494421222263264e-05,0.00014365133200487174,2.3243148554546235e-05,0.04020483216179166,9.166968451366274e-06,4.518290779670981e-05,0.022066180884924257,0.15594858026102196,0.2130279833925303,0.44935056459126577,LCO,13,13
-337906.27994108945,2.127863020766423,0.03264842756423918,192281.03329957312,-0.6444644461081239,-4.1555355538918874,-0.5694173806973607,0.2484920448251948,2.087266064264946e-05,5.726392799246381e-05,1.9464717348382906e-05,7.109706777987104e-05,1.882596874411365e-05,0.09817585037459735,1.646566560864657e-05,4.488440816464767e-05,0.023260159185024106,0.042021880150815254,0.08040190118351119,0.2381588379683129,LFP,13,40
-26622.108962529346,4.113417323486368,10.98797605751941,1094.8155512477476,-3.0141462606882925,-1.7858537393117189,-0.5111943084627288,0.28266178965051547,1.7361621508248277e-05,0.00021253994125554403,9.127992403265705e-05,0.00010933192798371891,1.3666635719683427e-05,0.05228404498008188,1.387373554366374e-05,3.548824322362752e-05,0.008313393977128167,0.09320928071174489,0.10211189507808327,0.22348451574744305,LCO,13,3
-121785.47782929234,2.1022051899632115,0.07056973856818496,83208.5754070008,-0.6248027776525689,-4.1751972223474425,-0.40614536647696997,0.9790405172368263,1.264304429520016e-05,5.025613558506351e-05,1.3714021192378437e-05,9.002414035702177e-05,1.4288413350030456e-05,0.09704854509699636,8.525227708150943e-06,3.590956122640659e-05,0.011802147659708299,0.029101240536045098,0.3513699256078443,0.1433834673791406,LCO,13,68
-500142.1843589777,2.548674080574006,0.4054771044556699,137595.28653321502,-1.5054979549293535,-3.294502045070658,-0.24850026388415236,1.3121746312646683,2.67479529462487e-05,0.00015226070767506258,1.642108839585258e-05,0.00012128721759345892,2.7101145463646886e-05,0.09623500417775549,3.51012537029353e-06,3.942183060671368e-05,0.024213108331637388,0.027423526852224746,0.5431949293284343,0.11088127993518865,LFP,13,29
-47625.58528770351,2.2711364467237907,0.060553196880261215,9392.397666908897,-0.8788646960087334,-3.921135303991278,-0.6304768201953708,0.276927301582811,2.2388477420573557e-05,0.00011191816092016698,1.7668562181515425e-05,5.727754057045934e-05,2.320735490997447e-05,0.041890159472765635,1.6689963988233282e-05,4.4503870213580093e-05,0.009559577121139133,0.07381163591076118,0.018459600270196733,0.20725194362367133,LCO,13,26
-28894.076138920063,2.7814989616660704,3.6012067502835308,1194.492995785518,-2.838272383066368,-1.9617276169336435,-0.32927394115851694,0.25461447117687247,2.906892954905108e-05,9.749171142894834e-05,3.109275833451463e-05,0.00010266870154036286,2.9510723727978443e-05,0.09919378470353037,1.837361658151794e-05,2.80747677640448e-05,0.005996907906468207,0.019662550039326078,0.4779159063613918,0.10314760244076523,LFP,13,4
-114370.99915623078,2.60786167231186,0.5745651890064344,11176.446964339204,-2.0089451908481735,-2.791054809151838,-0.48395671949084074,0.35608438985439256,1.9015638091812038e-05,8.100713261851357e-05,8.211450953673519e-05,4.244737154994374e-05,2.2279657280993797e-05,0.0785871925153451,1.7962442485745258e-06,7.138668334835545e-06,0.012454187395851971,0.06108141084839005,0.12349477022915553,0.2614670994316137,LFP,13,10
-325400.61714024964,2.3862438158959933,1.1269756108512925,45912.46189544546,-2.130546026250016,-2.669453973749995,-0.617861512932981,0.9060160117579261,1.9296321339725804e-05,7.967452239291091e-05,2.0083725650818077e-05,5.6255751740177834e-05,2.9422351615687623e-05,0.07878787962441319,3.60127243642892e-06,2.5670631992520267e-05,0.023117723394375657,0.07551926451630653,0.023133552373882232,0.21348567017683034,LCO,13,12
-66513.30078949002,2.877603143553778,2.9183130130182464,1399.4130628911773,-2.858317629252454,-1.9416823707475572,-0.029316915154982248,0.2633982077006539,2.6076626156243404e-05,0.00010793969856304061,1.947413759826883e-05,4.227565077669142e-05,1.8818595453543134e-05,0.09848957942825093,1.5780571807988205e-05,6.9590437488089254e-06,0.006967162002945875,0.04986703153680409,0.5928471401420052,0.2579689131662085,LFP,13,4
-68815.27149892299,2.2715442554456304,0.31966414610040006,4783.303864686867,-2.2487896205776323,-2.551210379422379,-0.07966269547815219,0.28593577489190636,2.087638292937879e-05,5.922334832213733e-05,1.7892405354289764e-05,0.00011600916755024249,2.4283826304101488e-05,0.07755289837844295,5.111674588219324e-06,4.403238241838382e-05,0.010013023568613402,0.0429063208684143,0.5630306355933825,0.24440034806005106,LFP,13,8
-327823.61718094046,4.508986086773794,13.523441283253453,14107.06697641643,-3.319627451694977,-1.4803725483050343,-0.28674733080571224,0.7192464369843097,2.0927389709821445e-05,0.00013414441113282727,1.820148026565023e-05,0.00010243024728388935,2.951093517217818e-05,0.09976102056700617,5.786558291958725e-06,4.998566869089011e-05,0.023523975397900115,0.06140992727353346,0.47846225363356937,0.1033804882871849,LFP,13,3
-69735.95979305984,2.4168031483545684,0.030394563915586294,30183.468170089975,-0.637229798005535,-4.162770201994476,-0.5407710311585208,0.35665310286802226,2.665403651824028e-05,0.00012757666162557734,1.8353618187149472e-05,4.345117782655071e-05,2.492332714025162e-05,0.08329489565291341,4.816595227937439e-07,3.8773727561981456e-05,0.009436177296224497,0.13758240185444506,0.06320895000096294,0.18843761698607125,LCO,13,45
-18890.558281064288,2.0886705083989496,0.019154388549708617,12490.095894125598,-4.241651831033764,-0.5583481689662477,-0.011767858648328966,0.3620172193264566,1.8034685457895153e-05,4.217367879383374e-05,2.7059737854894374e-05,6.370007708482393e-05,2.348200727443893e-05,0.05234018749961025,1.5714696098106354e-05,3.9599174990583654e-05,0.006946300714161234,0.02533782589034498,0.49077804431090133,0.4021162711504248,LCO,12,74
-390625.42756213184,2.1457728184466007,0.01779219061218732,253886.70321576862,-0.4490257703900937,-4.350974229609918,-0.7405029315898086,0.20324425456628556,2.822280628789143e-05,7.367055277979183e-05,1.717759096915169e-05,0.00011744945942223143,2.071458853481109e-05,0.08246554917705386,4.049484596731865e-06,4.82560992985009e-05,0.02420374958650092,0.13541343468880207,0.04112799674673316,0.012955636974656234,LFP,13,54
-148650.20174188918,2.24155478824409,0.24712838056841563,46951.63549915974,-1.4006654894543829,-3.3993345105456285,-0.1557578810470831,0.814904845770911,1.9010942263641894e-05,7.960542977792169e-05,1.7396347409087206e-05,0.00014921248011594005,2.9470404984973204e-05,0.09738232330598312,1.971887784234196e-05,4.0827477469309133e-05,0.016369747959436715,0.0888225387677651,0.39018798411374955,0.29523159607140226,LCO,13,22
-108524.7724130518,2.202783997480905,0.07500156406602004,16857.02165006615,-1.4848483293277042,-3.315151670672307,-0.38890336301435446,0.30548958435126067,1.6815725760128638e-05,7.987403010016108e-05,1.600607258009697e-05,4.357135489176827e-05,2.8761975850333948e-05,0.049905744971634663,6.614654598599624e-06,4.329388671712307e-05,0.01646625077416192,0.10519542452466087,0.08821718976110168,0.3476840226998831,LFP,13,15
-134617.84208982272,2.228951079585022,0.02273938966577422,83285.39978657707,-0.4055612456547806,-4.394438754345231,-0.23967461112280675,0.39286593655211133,1.3533618886175795e-05,0.00014276467693241288,1.9631184498864058e-05,0.00011581790563570063,2.8835186051803908e-05,0.04904845425652055,1.5741158643373338e-05,4.1091216126058636e-05,0.016532310094834822,0.10895562409173051,0.4534503022889138,0.12791946249654895,LFP,13,72
-72303.71722132809,2.6770184306637397,0.06849492379803912,9996.826381212577,-1.1784280933550377,-3.6215719066449736,-0.6050853751349252,0.276269668884154,2.6397780862757164e-05,0.00014324273911905602,1.862963378766944e-05,5.6755453650634556e-05,1.4202019458900454e-05,0.04040967171818391,1.5608051701237723e-05,3.755680960917757e-05,0.011628980816461448,0.07467515817864218,0.17156788731657335,0.07867157936985937,LCO,13,19
-31908.289827506214,2.1371103359294414,0.0439467258573525,9449.462331791614,-0.7846956465737875,-4.015304353426224,-0.3102037293147407,0.27715648308669705,2.579345164698671e-05,5.808517847481046e-05,1.8001595539009664e-05,5.695371967298919e-05,2.717302166614092e-05,0.045079687654234854,1.67064358944498e-05,4.5762821748868475e-05,0.00935700730525537,0.017055789044310276,0.3413056344942861,0.26143484714666304,LCO,13,31
-46872.368834809095,2.6896554055049076,0.42056430985096843,2675.1480783486895,-2.2051860580357214,-2.59481394196429,-0.4595590546505447,0.26795760555681797,2.6887921028281744e-05,0.00012872413078884713,1.7065009435424847e-05,4.418863399710757e-05,1.4818767791347745e-05,0.04002286362229983,1.818936953621317e-05,2.8264951708028634e-05,0.009697140919592435,0.0549186111628974,0.10321227338388832,0.31231006080266965,LFP,13,8
-25804.396236139524,2.648729328018219,3.4461325114291554,579.7396303664964,-2.835979264311945,-1.9640207356880666,-0.31814984178461947,0.25439306032375325,2.784737402198234e-05,5.537666993987281e-05,3.5040652027484146e-05,0.00011564953458701473,2.9449319713155525e-05,0.096934502214462,2.1397536075408667e-06,4.360294390359897e-05,0.0042526473124298156,0.07977488129968666,0.4261111365011534,0.10596414041454054,LCO,13,4
-163931.78540928167,2.634120105127405,0.7952435306383916,7727.058255557115,-2.6065694418531464,-2.193430558146865,-0.2342530512048584,0.39504949035084,1.3534397320576467e-05,0.00014301383726764055,1.9571793437424282e-05,0.00014587153334048565,2.5652816273766232e-05,0.05309690492628198,1.6667556303501872e-05,2.3209949462228583e-05,0.01667219465174472,0.04980205600993985,0.5178924285998451,0.12805246418535673,LFP,13,6
-212286.31118861184,2.4212773568069164,0.6348606285934781,24793.20778788969,-1.8763200247358895,-2.923679975264122,-0.2915756996041182,0.3028784402813306,1.3436494814563004e-05,9.383896779122154e-05,2.6161033787123204e-05,0.00013898081416855406,1.3046885846054891e-05,0.061867453611775446,1.972687899773912e-05,4.981578091231911e-05,0.0200671452259697,0.03252250193305009,0.5597911723849696,0.04611062607786216,LCO,13,11
-599553.2300546787,2.594259567122029,0.04675939735470136,157767.74992061578,-0.8423093809124893,-3.957690619087522,-0.6614514089820385,0.3137704221966186,1.2405454997885879e-05,0.00015888583720165522,3.09586364535483e-05,4.7909474041981435e-05,1.7766501694249647e-05,0.08587567401528684,1.608707728321398e-05,3.526999888312832e-05,0.02488714944159649,0.058637820489271776,0.0336015298988381,0.17630924062985168,LFP,13,29
-579505.6955657661,2.385245420910807,0.040829694703625116,198187.37990001988,-0.6435894240245545,-4.156410575975457,-0.6464030513396245,0.24796197091580835,2.4617921663442057e-05,0.00015967598764306224,1.4531490510034232e-05,8.217344821514068e-05,1.773462374032382e-05,0.09827493019672595,1.6469016462936525e-05,4.517530179592353e-05,0.022606984121014573,0.03420034393164875,0.10234363961445538,0.14705296511427143,LFP,13,40
-52135.2359853468,2.5037715179468414,0.1757570821007234,4092.9602576380103,-1.898243962027074,-2.9017560379729375,-0.6005083786161359,0.36975643059293567,2.834987411058366e-05,0.00012627493367874346,3.272510395816371e-05,5.088881608756058e-05,1.5833086387478404e-05,0.042954243273195976,1.6692167729750582e-05,3.4688386040712374e-05,0.00959725565198083,0.07443813772849495,0.04049414019023377,0.2145593434651354,LFP,13,11
-450131.4208731124,2.592683733974984,0.0836700262972942,66898.59444489163,-1.4542297930924377,-3.3457702069075737,-0.2827213644881501,0.24669124215541893,2.0607184466717066e-05,0.000151770652137109,1.4524683061114944e-05,5.5689880886806805e-05,1.7455332243062358e-05,0.09827591468918052,1.895868008541661e-05,4.521958020937925e-05,0.022962790594008027,0.029936413306433457,0.5178513956739594,0.09949082653145702,LCO,13,15
-388521.7879335655,2.330893456213345,0.16336614410768902,91822.91587119698,-1.221646108043764,-3.5783538919562474,-0.26676847186410824,0.6769184662432178,1.7806593298773986e-05,0.0001262941584020369,3.9417906027401106e-05,0.00011717969150865082,2.9609887687884076e-05,0.07735137818761573,4.123282350686e-06,4.645248636321394e-05,0.023452722328119006,0.08040971192265106,0.5679425335208728,0.014879282692368045,LFP,13,25
-208326.7576240789,2.6118756496506803,0.3161413938825534,26814.491290604696,-1.9951136831851528,-2.8048863168148586,-0.5257056524925248,0.31851409743002795,1.2985180905831705e-05,0.0002312885000130525,2.4768966670174643e-05,0.00013309568592479723,2.317661013195653e-05,0.08197391577822016,3.2113950292390813e-06,4.692355554573426e-05,0.01788559956902224,0.2638099994424987,0.03882365708111704,0.10166069098385955,LCO,13,10
-87591.71938168336,2.177132691947183,0.04448660619597747,27539.96782554394,-0.8742676329907013,-3.92573236700931,-0.31234481838588357,0.21692809026202353,1.9020810231311762e-05,7.463857710908524e-05,1.7386838169010773e-05,0.00014921742792673703,2.5277560534055812e-05,0.045771522907515426,1.9665154008040366e-05,4.3182988372179545e-05,0.016333162056720755,0.033456488380691304,0.5500333379996001,0.03416535523382512,LCO,13,26
-12339.221325072442,2.172407448148839,0.10933356702282886,1995.0113234684923,-1.1607737435602203,-3.639226256439791,-0.2726285538386647,0.2122375960435974,1.7107909730289643e-05,4.685796216306751e-05,3.2549037915351315e-05,0.00010253919329143879,2.9688690122515054e-05,0.04597259427255097,6.972868693475059e-06,4.81694791074418e-05,0.005258374714590844,0.015969630267233765,0.5900190031499196,0.05138281274418201,LCO,13,19
-307658.5746551583,3.0198175905018054,0.8329900910014911,29637.18465002649,-2.0347580545423583,-2.765241945457653,-0.2483932354516506,0.7204648740314975,2.0887641291445818e-05,0.00016847941091318181,1.7867550929394445e-05,4.43328098855516e-05,2.7170099203096908e-05,0.07494134540949174,5.724054168269712e-06,4.999000723090672e-05,0.019797518473646594,0.07907003363491553,0.3410748376704816,0.2614618932429523,LCO,13,12
-44867.14782050057,2.212089957654856,0.08545431597664652,3195.5520431151804,-1.3634678538861635,-3.436532146113848,-0.6516726996884128,0.2586559249129653,2.7555289252740293e-05,4.190663379286578e-05,1.3632516220766909e-05,4.037224075006115e-05,2.2147258877859663e-05,0.08874612215123633,2.2523241291296407e-06,4.1271430340504895e-05,0.005263017831055386,0.04014136728605158,0.06638551015150901,0.1718004228740267,LFP,13,16
-443228.75191494124,2.2002679730817603,0.1949051660365023,65358.47965636014,-1.6135742202403591,-3.1864257797596522,-0.24762739420236202,0.23119475500174902,1.2108568002409606e-05,6.527102209578678e-05,1.3770587682909927e-05,0.0001351635661910405,1.715021700863726e-05,0.09214020604520783,3.3126677867029945e-06,4.908243716798887e-05,0.024839059882431912,0.1632483571807408,0.14067035877557682,0.3784538898413205,LCO,13,13
-117171.03855791567,2.5923110135926,0.03828364162861865,45750.003643228105,-0.691292571479444,-4.108707428520567,-0.6100264955122162,0.20998810309178828,1.2180008989283151e-05,0.00021680664547591078,7.278360047155776e-05,7.375021490832507e-05,2.7876006884012243e-05,0.04157834821979819,1.2473818416976148e-05,4.3355633506857664e-05,0.01767715783632623,0.19255325889416325,0.010314113217761267,0.11710613237585935,LCO,13,34
-116402.57589235445,2.1853736146420464,0.009446754702981678,122989.15296495741,-4.3002979757729705,-0.4997020242270409,-0.8058965297337881,0.2273265595785564,2.1519664152549948e-05,4.0050108278870134e-05,1.0457616001933902e-05,0.00014103777003653844,2.7965331402417736e-05,0.0498651874416043,3.4469345017344513e-06,6.445523363576093e-06,0.0176226077556499,0.06302561202539196,0.037182898442687046,0.023894959798132914,LCO,12,87
-328968.6476489676,2.2962387932774746,0.0708125717485233,122778.9157101691,-4.7419346308702615,-0.05806536912974991,-0.6459033233113239,0.3142183463054119,1.24233739299007e-05,5.711322558195597e-05,3.1519342077614235e-05,5.795506006319698e-05,2.8466016216762493e-05,0.09163226644076866,6.6613756288740384e-06,9.300541996832505e-06,0.024889470005846775,0.0541862439039444,0.034228275852404025,0.1956821569323277,LCO,12,25
-30777.06367545538,2.224408342228275,0.010367531181025916,28889.652598257773,-0.38012255638244596,-4.419877443617565,-0.466908332786222,0.215236025486488,2.6736001635426606e-05,0.00012332710863446777,9.473538831395492e-05,0.000137924588933597,1.2150333093818277e-05,0.040592274348817445,1.5266099420055826e-05,4.497240038822405e-05,0.0095766861289006,0.19271232966815297,0.2576291242658696,0.012750213279755425,LCO,13,80
-98681.26301335223,2.491952951705186,0.058768177606759266,40115.35252126839,-0.6786841400445383,-4.121315859955473,-0.6236417948257189,0.21008101234203658,2.2937023969985594e-05,4.3707602182855684e-05,7.768928066685199e-05,4.02860110707913e-05,2.9644751141063915e-05,0.040485110615437206,1.2378502227827223e-05,4.05945504836529e-05,0.017716504798155886,0.19577838351385402,0.022872452150029404,0.08770736951039776,LCO,13,35
-16735.96554721034,2.923504355491867,1.4401530850891708,1141.7606329687019,-2.402387181332543,-2.3976128186674686,-0.3286597098666144,0.7367029688983965,1.2928304518360108e-05,8.52304747545693e-05,3.229961324427743e-05,0.00010270875094786365,2.5688612547560603e-05,0.04001103225407009,1.8257199447823405e-05,2.8402707042296364e-05,0.005993647328063662,0.025615038446664084,0.5243316779255063,0.051393573761215255,LFP,13,9
-9378.39837752321,2.191281707399283,0.13926200860205795,2189.0802770311957,-1.1214521913247637,-3.6785478086752477,-0.7308947130131025,0.2041690973033784,1.3601177027006814e-05,4.602153824637547e-05,9.512823503438174e-05,0.00012122282752543754,2.7344074707126727e-05,0.04021566827710325,9.73070595151236e-06,4.95904922803961e-05,0.005265450831792336,0.044193060893865946,0.1038583902950536,0.05105383579797797,LCO,13,19
-330132.09703386057,2.364705655431398,0.17055554206828016,35364.75741184945,-1.8538758898377878,-2.9461241101622235,-0.4170134674701459,0.2621286450677184,1.3430125894221023e-05,9.908480584465174e-05,2.2524224792419172e-05,6.444894775872547e-05,1.9602549159516167e-05,0.0896946375404338,1.8594546912643962e-05,4.92962539092239e-05,0.019867980552438033,0.12123105901894024,0.31851875338570557,0.07323672012520836,LFP,13,11
-65372.95105765746,3.7334432472093555,11.386956790636152,4284.491574605944,-3.0380077006859523,-1.761992299314059,-0.09620556327878294,0.2989992875143159,1.3935170503402973e-05,5.881258937087732e-05,4.8733341927364646e-05,0.00010237210562170638,2.6096259293009704e-05,0.047645240350692564,3.466916165271624e-06,4.393137584623773e-05,0.019263749545886243,0.1305905045666599,0.1649090165729293,0.5382949155816279,LCO,13,3
-179370.83231542062,2.360172581424581,0.11753236354354249,30328.481032984866,-1.560119008278484,-3.2398809917215274,-0.16582735588116593,0.22712261661066696,1.407430965717155e-05,5.6934354943660795e-05,9.14010583055089e-05,5.2841937848666766e-05,1.7875376919968328e-05,0.04338550646847462,1.569781691949825e-05,4.948410420561902e-05,0.024350542844638216,0.19066476784310676,0.5301028020119107,0.04340507426381651,LFP,13,14
-6827.023723303944,2.2212401064294665,0.009212132443459439,8255.738556580269,-0.42121004586956445,-4.378789954130447,-0.3618930631115139,0.2039210061571536,1.3293319842767e-05,0.00012220039591725527,9.210691152847934e-05,0.00014768112134503643,2.5758700098168375e-05,0.040083709796330025,9.641366673480791e-06,4.959041094089503e-05,0.005099247637496881,0.18927978029441883,0.10117981293122966,0.2776473436628376,LCO,13,84
-289019.3756785193,2.45294091995836,3.7843532190255815,17050.095566774227,-2.8577897765253653,-1.9422102234746461,-0.2592279299315474,0.29907825257380205,1.2723564757088402e-05,6.808897240816228e-05,1.3763734908306831e-05,0.00013521888969903557,1.2465630498554894e-05,0.09375515536145665,3.469123129084388e-06,4.911329990426693e-05,0.022503867929095887,0.16444685443138024,0.12950990074992796,0.3768153148871444,LCO,13,4
-287466.4837976176,2.4038463687045906,0.015341525722643846,308637.9492983704,-0.526511775816779,-4.273488224183232,-0.8115238738467468,0.25250335719982797,2.8606679909294088e-05,6.786781743139375e-05,2.4936210179901867e-05,6.489534374272357e-05,2.041689679250443e-05,0.08982614989652639,1.497950312868038e-05,9.035566675890102e-06,0.019787637622127367,0.057491746574177244,0.038335177585018004,0.022649201994057927,LCO,13,92
-100650.76624749455,2.178223452647457,0.042595245714426265,61582.37243961564,-0.5927767391438863,-4.207223260856125,-0.24557960600075457,0.33912943269342133,1.4663331947465524e-05,9.608038306586093e-05,3.7318842813285116e-05,0.00010310819456705644,2.8638086995013507e-05,0.04767794277115123,9.833827338494785e-07,4.334529640131998e-05,0.01767409996239222,0.1297873616761396,0.0797757866342732,0.4748572456888327,LCO,13,48
-334239.46911251557,2.080236826211565,0.03745149648713857,143094.3951041809,-0.6713210179599187,-4.128678982040093,-0.1659788072280194,0.25249744378212857,2.91685375386305e-05,6.809160265889964e-05,3.0071917725172857e-05,0.0001353830012156735,1.4647691933931291e-05,0.08795328688871772,1.966295215719595e-05,4.914062231845761e-05,0.022537123594806037,0.21380156789405624,0.17302764827545605,0.37719197660246845,LCO,13,39
-157252.7087446524,2.54343626080822,0.010303713992379315,230371.87504358575,-0.5278576585690047,-4.272142341431007,-0.7027897167456415,0.25253844127824454,1.9802671080809484e-05,9.387811186548828e-05,7.891056412094083e-05,5.337143822183427e-05,2.040625052757645e-05,0.06237195085480477,1.5586330732314832e-05,8.30755585610354e-06,0.019989288358882307,0.0691008780967505,0.026913141086764458,0.13119626407084362,LCO,13,92
-33614.91861081275,2.593260708174315,0.018472555249922494,22136.32059394142,-0.5139676713418098,-4.286032328658202,-0.24384093838061283,0.38343299574690604,2.6618642872903415e-05,0.00010086997709933299,8.046052112788932e-05,5.1831777449056514e-05,2.0276137314521794e-05,0.04008670373502838,4.718187425211238e-06,9.440041968554206e-06,0.008700978499556953,0.04405044837816652,0.3595482835247387,0.282560329716482,LCO,13,87
-10572.855841019882,2.1977807451003377,0.011637983212624119,11265.963464578834,-0.44930928864467035,-4.350690711355341,-0.20376839384342216,0.2654152887635269,2.839040706158879e-05,6.952270877881567e-05,4.014030741467858e-05,7.048709144543252e-05,2.4821473206333254e-05,0.08002173700400426,1.1692704488507128e-05,3.834307975644148e-05,0.004608225725936919,0.22215211520751227,0.022469303011499644,0.48161018793756605,LFP,13,85
-309139.5684604448,2.5054264999218967,0.5630406441946815,21062.082178279885,-2.636106914330682,-2.1638930856693293,-0.7462301058699948,0.2460974683684279,1.3233307731777977e-05,9.86720869883794e-05,2.177129147549968e-05,6.344182003531162e-05,1.9654022334483606e-05,0.09978825204948645,1.8703276302881857e-05,4.879755676247224e-05,0.020273731266504228,0.12048002751080934,0.03206067457991513,0.031229192039280797,LCO,13,5
-147973.38761751069,2.30306965704193,0.11753236354354249,26604.86271065849,-1.5453443193105159,-3.2546556806894955,-0.18582050246637605,0.21448982461844537,1.4072901081292193e-05,5.777476480467183e-05,9.231388362512417e-05,5.2883552250590284e-05,1.76796426958803e-05,0.040840858802860966,1.5415422046108955e-05,4.9570808940469414e-05,0.023281838380622453,0.26632839308080647,0.4556044912675744,0.02224661318524318,LCO,13,14
-5766.071517253308,2.065013727729612,0.04641113441167135,2317.826911570085,-0.788917274926682,-4.011082725073329,-0.21857549307010238,0.3096959178909794,1.2260171805096626e-05,4.090922583042728e-05,1.451609318049878e-05,0.00014640943493673844,1.2308022709788814e-05,0.048402278104212305,1.8972393201399128e-05,4.8737137774736015e-05,0.004052719354026447,0.3338762127117929,0.020560757593845014,0.3569875366242597,LCO,13,33
-26406.0185798425,2.414488792950473,0.1830258017272063,5178.259294660744,-1.1830863639492932,-3.616913636050718,-0.09291520498396322,0.3886029355598301,1.305801761848273e-05,0.00013427971875712232,1.3943068294625779e-05,0.0001448485799348578,2.976199197379124e-05,0.07082010915334529,8.949228434594759e-06,4.526843258585333e-05,0.0064955868875238645,0.1426240743572368,0.48503948805369135,0.2094212326051087,LCO,13,21
-17214.493697676833,2.2481795527975237,0.03708842225120779,4691.311789798428,-0.881790822185522,-3.9182091778144894,-0.3263074374607603,0.21494018788249336,2.8350146904627085e-05,0.0001153893627061094,1.3173109977233638e-05,4.840550721348026e-05,2.0420162882239852e-05,0.04927893065715559,7.506277052671997e-06,4.751318589807316e-05,0.0066086341308747056,0.22520267656309137,0.33084184846660575,0.04764803750954258,LCO,13,26
-23662.63594155933,2.0758378300799314,0.051803548903451194,11614.10468629641,-0.8153014925793158,-3.9846985074206955,-0.1460493615771089,0.31227248664912605,2.759801732119255e-05,4.483502647076756e-05,1.4453389949743562e-05,0.00014754966025607368,2.3534869835888107e-05,0.042808979731332304,9.472056186171504e-06,4.876735654708731e-05,0.010325096079273679,0.3984277646877361,0.02389016965131402,0.36163270408384107,LCO,13,32
-258372.39883980883,2.58661925335066,3.8400994059664213,11251.275773925661,-2.8691078332495294,-1.930892166750482,-0.2973173535486664,0.29975761909575926,1.4054466962115147e-05,9.91054465483952e-05,1.3640942520608823e-05,0.00013531623510499758,1.9731374054224604e-05,0.09068009927744151,3.4410190779922087e-06,4.9311593847423136e-05,0.018616388297899213,0.12426119151892506,0.39701281712255654,0.11140863780985207,LCO,13,4
-267542.642559377,2.3069852197009437,0.08128806170597262,47130.0381555138,-1.4342254025575443,-3.365774597442467,-0.4209001478827773,0.24429133848593404,1.488165748147484e-05,0.00010582698759466097,3.16001717270239e-05,5.253912492124534e-05,2.6086262845990274e-05,0.08973406257178383,1.8581465956524017e-05,4.65460158398244e-05,0.01972102466327039,0.11654295418899276,0.08920874182745844,0.3033481561007715,LCO,13,15
-268151.8409757689,2.4735269021802866,0.22889208231935085,34060.51535386124,-1.8246932660302448,-2.9753067339697665,-0.32303737870206417,0.24302588494838454,2.9234649080541693e-05,0.00012944707941990523,3.081388397057979e-05,0.00013565170940521343,1.4676412612584399e-05,0.08790857418427482,1.571908366111086e-05,4.914064700950624e-05,0.019851309971343108,0.1317236832876198,0.17248121360384155,0.3027577244064745,LCO,13,11
-137857.7690894841,2.1538868861131686,0.0095940929665187,292049.21169397095,-4.300947637536375,-0.4990523624636367,-0.7679794134259988,0.22706320262875698,2.1542535529430122e-05,4.153706047033438e-05,8.430504347639868e-05,0.00014172152045490807,2.8017831444434324e-05,0.08553151120950275,3.425465350611855e-06,2.1155950426091374e-05,0.020397247906201548,0.08128155359956643,0.06880901833407192,0.011930014640362852,LCO,12,87
-8239.033727598147,2.513020196941495,0.01817225785703891,8352.945242909578,-0.4668223608371562,-4.333177639162855,-0.1697566111209522,0.3831490108798808,2.7343676224612587e-05,0.00014422756602684153,9.173385932240097e-05,7.037108571049454e-05,2.976383789582946e-05,0.04073824259668089,9.064577712328688e-06,6.971630282592096e-06,0.005454902112433919,0.14276776738341526,0.3004591513615262,0.3170164701341064,LCO,13,83
-93734.456094262,2.1539580866706958,0.009277981374654727,81972.04747945654,-0.5051233808427256,-4.294876619157286,-0.5089105390679418,0.23440760427933785,2.8654623881269095e-05,8.132644762646506e-05,9.354251115151027e-05,0.00014815984095431915,1.6740471696753982e-05,0.0400860330422659,1.1072053991422934e-05,4.979376009011241e-05,0.015394067961522807,0.03724793823784507,0.1283453172077736,0.2554962054864396,LCO,13,90
-136610.61156123126,2.56448664402824,0.7856407083927525,8171.904518347322,-2.627791727835451,-2.1722082721645606,-0.14333961250202998,0.21003022210841976,2.7085207282946642e-05,4.527448811401126e-05,3.402143944177055e-05,7.37512657562491e-05,2.9652504014050456e-05,0.04048335778861015,1.2349978096303016e-05,4.7001130560967995e-05,0.023301010980420662,0.16365415094607288,0.06460297791573184,0.5584032586361654,LCO,13,5
-119453.80307592117,2.1926768527893628,1.3600359590604547,20315.590369840418,-1.9252866292435513,-2.87471337075646,-0.37204123118419663,0.34223947680299444,1.611334590440457e-05,4.0907779443004544e-05,3.77608862486538e-05,0.00014642895555953164,2.518087513215261e-05,0.04894582886333951,1.9040105455569533e-05,4.907576750641746e-05,0.02048848227585788,0.45452405093321424,0.0914543099371968,0.011980407945392329,LCO,13,11
-72450.61553851826,2.272791293128056,0.7183492269081982,8956.672455643533,-1.515348394311566,-3.2846516056884454,-0.2779903256700451,0.20974244684375756,1.3491720748908471e-05,4.04929507509224e-05,9.192588738378006e-05,6.961342248954315e-05,2.4146684441617222e-05,0.04088200685837669,1.583744341447778e-05,4.9385005181356635e-05,0.013406000956648052,0.031499854225152016,0.5235196339153187,0.09699018618948416,LCO,13,14
-434436.9578324597,2.520540185777316,0.06825137832158554,67087.36123089469,-1.2591897600722248,-3.5408102399277865,-0.21604896268620644,0.2743225269975331,2.86869064233159e-05,0.00012688880529422943,1.0112629677927401e-05,5.270234201721826e-05,1.3922030126297317e-05,0.09554953962480192,1.086168259916805e-05,4.9802824173798045e-05,0.02186167719641003,0.1332750719631592,0.3252069744950349,0.2554689908555996,LCO,13,18
-166128.62962933787,2.181490338137931,0.1939739006396723,28697.7881927325,-1.612258636800675,-3.1877413631993363,-0.3155397613927443,0.23048546809328635,1.3968945379434276e-05,5.873698538238785e-05,2.2860701184635878e-05,0.00010178910800507019,2.9735548406568203e-05,0.09330203404844956,3.4685242385513244e-06,4.91208167075167e-05,0.016603170510819387,0.1637814242812523,0.14013306075943535,0.3105457535665681,LCO,13,13
-283765.7846344083,2.1971419885726986,0.11180508768416156,188967.63436803303,-0.8424036521311962,-3.957596347868815,-0.5770915233642684,0.5154178980216861,2.959807680854508e-05,4.238432678105682e-05,8.103471473773857e-05,8.283854458469825e-05,2.964567581958523e-05,0.0951737550133392,1.313943695664967e-05,4.4597406720918846e-05,0.024377674671276443,0.18903528833148409,0.14779304504095242,0.0160801432632951,LCO,13,37
-147803.82630476638,2.1177761398911765,0.07693745377965582,116222.59191043375,-0.698517219609208,-4.101482780390803,-0.7143381994493938,0.3954137913382483,1.3286682424840854e-05,6.14804345364469e-05,7.27974497680813e-05,0.00014814195554833503,2.5183238372778706e-05,0.0492008605152421,1.924268577878982e-05,4.999461930418826e-05,0.023541304398704183,0.02885994955352758,0.08956633806298345,0.09723551293409516,LCO,13,41
-252964.11260393448,2.6655229032500944,3.727258035490263,16519.606880779935,-2.80984255114101,-1.9901574488590015,-0.7239094952681139,0.24590409151638146,1.3662199676471367e-05,9.1663038189679e-05,2.205417353952885e-05,4.911444817337266e-05,1.931526252171042e-05,0.0997600429358732,1.8721621192081625e-05,4.9450932482523064e-05,0.02028101668422073,0.144857495825118,0.032257135723590936,0.028975873183177257,LCO,13,4
-262895.8688135793,2.2953760520504227,0.07486546231987705,69022.6362655721,-1.0619042908097143,-3.738095709190297,-0.45671367050805745,0.24757450323159952,1.4745453154530002e-05,6.982278888420796e-05,7.879464970603073e-05,5.1475279437814174e-05,2.612961133849335e-05,0.09077978857714375,1.8236812380365174e-05,4.882442706017119e-05,0.019870989404467694,0.15186098482362048,0.08878142364879979,0.2326439210195223,LCO,13,21
-53136.216119631055,2.413315754717077,0.07952727555068193,19098.28806191841,-0.7331218611456691,-4.066878138854342,-0.37279177611084857,0.7505405242486338,1.2102914653877587e-05,0.00021017831977171016,1.1216424765496735e-05,0.00012013842576956054,2.1608007760297864e-05,0.051840052811865954,1.8580487280929516e-05,4.461580589709902e-05,0.008664671335116822,0.02013686251431314,0.05793983158302157,0.4791315297918167,LCO,13,52
-97362.30545204184,2.4032967462926837,0.018474333158632707,87934.76204032758,-1.1826053580090488,-3.6173946419909626,-0.29329973796237774,2.8452878650268425,1.554812760717716e-05,5.5355934112580914e-05,2.9394091202289238e-05,5.1282526644803404e-05,1.666723365617897e-05,0.08949194078914305,1.7327018266795735e-05,1.0414134326594456e-05,0.012018992071953708,0.06796049715571956,0.42614226007102285,0.1425975048108799,LCO,13,81
-494217.36384042364,2.6846932626404074,0.05048988726897565,204623.51945680074,-0.6265267497096616,-4.17347325029035,-0.614357973693644,0.5686811520616244,1.3234488686908647e-05,0.00016197137647798077,2.842605220131963e-05,4.903270502645588e-05,1.5088751881051687e-05,0.0637210354119676,3.223527182120762e-07,1.5053219591752835e-05,0.02443883434375009,0.04485857029649095,0.08450799694082427,0.18627545906904086,LCO,13,53
-291473.0753074031,2.2388977870747864,0.008748153596884222,210558.25826931524,-0.5288824303393795,-4.271117569660632,-0.07997114464672317,0.22253279851680038,2.7063494170870296e-05,0.00010090688324524612,1.4593838234541185e-05,7.075498591186698e-05,2.3954853098005457e-05,0.08637447646140818,6.567732712523843e-06,4.63079646073077e-05,0.018837222964356866,0.04814957101992584,0.5277432937958343,0.2741359905375167,LFP,13,92
-184676.29165082084,2.562670872588238,0.189184688119133,25543.399691731607,-1.5897084085065174,-3.210291591493494,-0.7648756018487534,0.38212317892835623,1.4067499052786117e-05,0.00013858439087515183,2.9560636006125052e-05,0.00014365063042387813,2.736998447904129e-05,0.04186305614895158,6.5622944713424705e-06,4.855400695668644e-05,0.020273690670549134,0.035227468891703265,0.013932489315842787,0.1159644399437006,LCO,13,14
-143192.880964982,2.2950867716888697,0.1911634579267821,30643.177688537176,-1.6207927555115162,-3.179207244488495,-0.13189333137645198,0.22029780173619856,1.5799809339917458e-05,9.642005052508194e-05,1.3184625952438453e-05,8.904139041069186e-05,2.5958201278160864e-05,0.047531405691645025,2.879621957434529e-07,4.82411463627939e-05,0.024859649610467622,0.1781563593992571,0.1423360576903508,0.47761425153394016,LFP,13,13
-468057.03256055864,2.50555340773837,0.012956776800380248,518130.0657567184,-0.5760985931807667,-4.223901406819245,-0.615931563595865,0.3183719864879126,2.6288420832125664e-05,0.00024041590252252894,8.045891719663514e-05,8.085571631989312e-05,2.760155294430679e-05,0.08540806095166024,1.1709426420420503e-05,4.6776463135712744e-05,0.024885774505222103,0.0293179364733456,0.040526599526449075,0.2442239004043404,LFP,13,98
-98360.56885548952,2.1708581919888994,0.02911159679217093,64809.668269182854,-0.6211108584610301,-4.178889141538981,-0.5874011469192583,0.25152224770555376,1.2073474775007302e-05,4.270342916707476e-05,2.6224185662343343e-05,0.00013415742127358745,2.8964535613184135e-05,0.05142265406654019,3.7178321918341104e-06,1.7144709034107706e-05,0.017679594069405925,0.15833331082475335,0.12997256602777038,0.05429297622821807,LCO,13,42
-367676.9244650774,2.519829251475211,0.013377843645444443,255402.2720137443,-4.184552235209111,-0.6154477647909005,-0.7163814507887287,0.26114436644700273,2.544333347579101e-05,0.00021579313072868508,2.273230746182064e-05,0.00011953024483485835,2.502280137688901e-05,0.09333928489780821,1.661577200810229e-05,1.6005314805816133e-05,0.01983375071571796,0.026183677350072786,0.03601009300130524,0.15142477885989336,LCO,12,73
-143622.44698905788,2.637904833141802,0.01600261979113083,122892.91534629263,-0.5930933156695914,-4.20690668433042,-0.2906179636397138,0.3771811854409659,2.6774442772862162e-05,0.0002484241090837638,7.725994808498583e-05,4.0319927074924815e-05,2.5995638224390872e-05,0.05649611087949359,7.547017236402451e-06,3.4108074557036054e-05,0.016070220635927557,0.04961291645547811,0.5273590029977915,0.06241011690701654,LCO,13,95
-32943.63192856295,2.341716872544546,0.4359438686431304,12270.031480762633,-1.247304981038866,-3.5526950189611455,-0.5114162882678592,0.4585812157946572,2.790440289896983e-05,6.332056317424346e-05,9.805213969980683e-05,5.725170333017501e-05,1.7967789942617164e-05,0.05744988856893828,3.886497664132621e-06,3.304423018669066e-05,0.010775318129899273,0.1152613575546164,0.1441978231242356,0.1591245310532888,LCO,13,20
-72661.99708255293,2.2721403046245205,0.013718002328846724,84101.25676757767,-0.4202283698209257,-4.379771630179086,-0.5085898667133765,0.3226769575382642,2.7819737616924e-05,4.794069442041526e-05,5.2846241378796815e-05,5.129673088181071e-05,1.6851302435588446e-05,0.0894110049229137,1.869265222691741e-05,1.014461888443331e-05,0.011546600941363653,0.06639903150046744,0.2124883565327942,0.14252274525336198,LCO,13,81
-254337.44897452267,2.209552734037156,0.027524536625638307,160716.73277090196,-0.4613511419470484,-4.338648858052963,-0.29475538560349157,0.5129247678768123,2.996656097191199e-05,0.0001268985422302612,1.0587196026536494e-05,0.0001405361491246807,2.8131430430196276e-05,0.07178100586415706,8.42693669191123e-07,4.962794677524699e-05,0.018238619066550818,0.024908550326786915,0.15073675311638607,0.45959931095333556,LCO,13,79
-264236.6394998104,2.1087136465134506,0.05716802581992057,136207.13587602894,-0.8056381781513196,-3.994361821848692,-0.6323115862393037,0.33376568435134224,1.6398414075219907e-05,4.346263539026092e-05,2.763968453346237e-05,0.000103746583910799,2.2734787369524102e-05,0.08950241181968008,3.865376653427204e-06,4.923120150168065e-05,0.022260654424909914,0.24959695960485806,0.03679340749014627,0.011298046665692,LCO,13,32
-54357.48377544175,2.559600836087242,0.019488323533890666,32623.37771433405,-0.5114282705482083,-4.288571729451803,-0.5365701495096113,0.20055978794609627,1.9285841943798252e-05,0.00024193309646308524,8.767055710653811e-05,5.558473980865299e-05,2.7634445594592037e-05,0.09253179787660866,4.881648162462533e-06,1.0287045944969957e-05,0.00862216263923621,0.06259529803315145,0.11775409897361083,0.21308045348362648,LCO,13,48
-163383.38021091925,2.2132077068881797,0.08064449599583227,71852.45667914527,-0.7699502961436835,-4.030049703856328,-0.4948092011806994,0.29501136476224965,1.2859550551332732e-05,9.329331045955493e-05,2.760403243901745e-05,8.755566860579262e-05,1.32173059821663e-05,0.04576957241078045,1.386349607311007e-05,2.8046400047202012e-05,0.022480312742436302,0.09321399003554483,0.10281592327940745,0.23916088550434839,LCO,13,32
-122824.6683052913,2.353292405471174,0.011700070191864103,128802.22440304176,-0.5712613821348071,-4.228738617865204,-0.45986877390521413,0.2828743228735311,2.7336637341435006e-05,0.00020791282518832797,7.39559044602658e-05,0.00010883437077083604,1.223166964994707e-05,0.08491051345483706,1.3544981921424447e-05,3.53845263569456e-05,0.012763515157240312,0.09563728597606415,0.14604928473395798,0.22844465538476377,LCO,13,96
-478365.50309537875,2.4143244269582946,0.013467606585941278,325089.43022466963,-0.36431395620220997,-4.435686043797801,-0.7574003538826884,0.22549145446957053,2.7558255901369566e-05,0.00011034267888041646,1.20368939112668e-05,0.00010837942818516278,1.7556325690484015e-05,0.08788720038851106,1.5806291430976313e-05,1.870608235072916e-05,0.024528092246021385,0.08483227967298979,0.051892269347504336,0.03587509709681745,LCO,13,61
-147064.56773436756,2.114915647196988,0.062158543661575014,68576.15972294059,-0.8705667777617663,-3.929433222238245,-0.08925908921770243,0.3331471017768662,1.607251004852897e-05,4.343849048931492e-05,3.726388835946051e-05,0.00010321695793665298,1.985589699312043e-05,0.053579601501993895,2.9640973783916284e-06,4.926933122402724e-05,0.023445223663804245,0.2605261824235735,0.029956799700241992,0.5502579286584821,LCO,13,29
-70642.06246495669,2.1953969942580684,0.013291195023461063,58477.70590441866,-0.4580088838631369,-4.3419911161368745,-0.4661189517849714,0.2936755043046808,1.2079180965670226e-05,6.33683149472974e-05,2.577033537602934e-05,0.00012024822580480442,1.3216180801485215e-05,0.04751811894119368,1.7426634804414606e-05,2.8073014699096944e-05,0.012261035857937135,0.08884051504472042,0.13499512252028054,0.24004541065002763,LCO,13,85
-37053.62611154521,2.5747779766837144,4.182780801166069,1957.343647573481,-2.597907123051442,-2.2020928769485693,-0.32690514251769576,0.6217573665024474,1.4600666603652715e-05,5.662539627786296e-05,1.977551217779984e-05,4.5399188226601355e-05,2.5638709965702812e-05,0.04000001019144102,1.3341161110139754e-05,2.7973268070914985e-05,0.009287758700538754,0.017926746534428727,0.5173012631657411,0.06786684778213442,LFP,13,7
-202387.0232612905,2.215813022056956,0.012830460785086368,173043.54497866213,-0.5686459901547067,-4.231354009845305,-0.07677984391587667,0.3107883547905317,2.9630946089824904e-05,0.00012791039115927773,1.7734885116277262e-05,0.00014348181881672912,2.3281782125519246e-05,0.08637444881069842,2.350947809228532e-07,3.5297224207703914e-05,0.01632629161169007,0.1544490602355812,0.1509452488843152,0.547825846964227,LCO,13,94
-97025.43502345399,2.236487250894898,0.040555441018890505,43850.1092393893,-0.7268226058888558,-4.0731773941111555,-0.25198241055714166,0.26461028949577736,2.8698413473920814e-05,0.00012696433929316293,3.06851406918138e-05,0.00012491942199784138,2.0785545158965576e-05,0.09755357471269459,3.3573069594628497e-06,4.477368241656929e-05,0.012160217649379027,0.29514330790961374,0.01195631353033005,0.37091796800291454,LCO,13,35
-246458.58850033613,2.604982361940419,0.015119009401156156,171130.2955539409,-4.339789724128202,-0.46021027587180896,-0.5940112405461256,0.33749051668353713,2.5534737875242288e-05,0.0002199529118896702,2.3997683438899824e-05,7.900715142780942e-05,2.6099436923421707e-05,0.054630897951027504,1.6178608740701882e-05,1.7294122496297e-05,0.019889101661704257,0.09081686886800552,0.1847164274476044,0.0604554631382645,LFP,12,88
-149291.5040383321,2.1704562651989674,0.04467613794015447,43667.011052210175,-0.9015490278092528,-3.8984509721907585,-0.4614415303259836,0.25466661248353223,1.2432063416652218e-05,5.884412218151764e-05,1.5659495415180386e-05,8.811114641226345e-05,1.7919573624485947e-05,0.041332242547086624,4.675729082238477e-06,1.9902528317754383e-05,0.021355426432539668,0.10050200878103042,0.04028452028786042,0.3277719406051256,LCO,13,25
-348700.1977224308,2.9054609509725835,1.2096379891743194,59130.39506833394,-2.089735019948236,-2.7102649800517753,-0.2636497989515204,1.2061263975212624,2.889474249998701e-05,0.00014531355406231214,2.4125929553734777e-05,7.133763964675231e-05,2.248694754231763e-05,0.08070606324660165,1.795178851037125e-05,1.5093765189857121e-05,0.023911435016774597,0.27035243231046785,0.15252907972222782,0.24346868901578406,LCO,13,15
-432823.64958390605,2.2782718760229685,0.08434324876298535,62473.359415505605,-1.5394608682619975,-3.260539131738014,-0.2897401117439572,0.5079376825258997,2.9604375963508003e-05,4.423901509423728e-05,2.8501916397729205e-05,4.0235258012946495e-05,2.4833080690339953e-05,0.08939139058851854,1.7382426962632215e-05,4.0174251283861305e-05,0.02440274099701974,0.011400200278488926,0.43112556263530766,0.19773412534224621,LCO,13,16
-57924.46869132633,2.0976506776093107,0.02283808441165154,45715.5875430459,-0.46701414625013626,-4.332985853749875,-0.58235377860016,0.45901393964646026,1.719815015448272e-05,5.8741134278803644e-05,1.4280083281762046e-05,9.83962274748439e-05,1.996214827328951e-05,0.05290890204583962,1.7986696240043903e-05,4.4319528115486544e-05,0.010547543640548867,0.15681425683181432,0.03548024241299308,0.15535172215503257,LCO,13,82
-233594.0580732062,2.108828491949988,0.014719321931419296,400319.6258147506,-0.5371906041810206,-4.262809395818991,-0.5921371852639363,0.3442564245364742,1.9433012628737688e-05,6.542319295148838e-05,5.5937080174290746e-05,0.00013863570356636748,2.8800352282637474e-05,0.07334486701058539,6.613906093088068e-06,3.552968597312064e-05,0.024943839936667874,0.06291730158970045,0.18286135543320672,0.09208415771315648,LFP,13,91
-85365.59311566513,2.2181775532935215,0.012175822838589836,116111.63763496054,-0.5743335705910937,-4.225666429408918,-0.7752712221393973,0.3174474955037297,1.2663955889672042e-05,4.335937698670668e-05,2.7496650552571823e-05,0.00012405588571971524,2.5363018063214005e-05,0.08936746190063387,1.9113788493291077e-05,9.397299558357827e-06,0.011505724177630482,0.07976575541836069,0.06402634372411521,0.010936678718126924,LCO,13,96
-193654.52633942635,2.7055538605123095,0.13636260014078588,51649.731177258305,-1.0745068326865308,-3.7254931673134806,-0.636321534594979,0.5736963101202308,2.974751545377628e-05,0.00020759803180017726,2.860129951497157e-05,0.0001237483795272144,1.3106366624211007e-05,0.04255614490962317,4.744665308177219e-06,2.007804590938448e-05,0.021386682433785175,0.10190076217879783,0.05720565828527718,0.13457204494094605,LCO,13,26
-230783.67155769482,2.157435605284724,0.025858436144806575,211677.86510515513,-0.6126821883541993,-4.187317811645812,-0.5530790723633241,0.2702012423507975,1.2028233980113697e-05,4.272756869359574e-05,2.6068461646736848e-05,0.0001420861987440881,2.8959981849290367e-05,0.08460735588183613,1.31676012409674e-05,1.6967146743060617e-05,0.02442988174016649,0.18911449112387071,0.1665828312569189,0.021223605255886343,LCO,13,44
-415764.4542758402,2.5669163923870237,0.03182532325438334,155304.14201482316,-0.6484878844969302,-4.151512115503081,-0.5561181744549992,0.22899387137528043,1.5819839149686437e-05,0.00020074566811988966,1.3867686966549365e-05,6.180293631516371e-05,2.8526426638708958e-05,0.08401087699209991,1.816312390628757e-06,3.587382421214637e-05,0.021884339473765342,0.22300203983513575,0.09566007136111081,0.055219714348754265,LCO,13,39
-229166.54244496673,2.2833464279288207,0.05347013242976265,96538.7167424742,-0.6396787034834901,-4.160321296516521,-0.12179541798842086,0.5740417390728836,2.9839782805957978e-05,0.0001604600987044176,2.9325622145318076e-05,0.00014797414999555676,1.6772329427758558e-05,0.07198988066384476,7.418141307158159e-07,4.999180997959768e-05,0.017498920554490725,0.01782517758948641,0.19240654002332425,0.5979728643987685,LCO,13,53
-17969.668076754788,2.317680438631971,0.0172235811241779,13839.883644370953,-0.35469004024521666,-4.445309959754795,-0.6121079498880234,0.3232431429359654,2.8010230252944872e-05,0.00019659707102298146,6.469033736804693e-05,0.0001239304491368022,1.2713468630962913e-05,0.07291590334937688,8.427046427682443e-06,4.694732458594223e-05,0.0051571834437880056,0.06222649483258665,0.011099281192391574,0.2445662740869984,LCO,13,70
-433506.681636715,2.288458527730063,0.04416490816599399,217353.2253861923,-0.6648696872041171,-4.135130312795894,-0.660161549171959,0.30431804663340056,1.762329249196991e-05,9.396342753290175e-05,3.509281112099679e-05,0.00010971196640703465,1.2856625573236049e-05,0.09405563267448885,1.2690163023953361e-05,2.3778312861408304e-05,0.02377126048462981,0.0847778967154795,0.09711396454936977,0.08794658956319173,LCO,13,40
-10958.065000450757,2.257378262413135,0.015109357372061153,4123.378306905806,-0.49943740261370095,-4.30056259738631,-0.16900608169502762,0.2116652585335333,1.2096938612589228e-05,0.00011105580007413482,1.68042340633276e-05,7.82533546518575e-05,2.624863779704702e-05,0.06096032463550757,1.3349867894789079e-05,4.2405225394185105e-05,0.004019696013272286,0.12436256554633791,0.05777614550248905,0.5788552072561455,LCO,13,50
-320030.8159152289,2.288530082649039,0.016104120888938745,229302.43202457772,-0.5632066850472555,-4.236793314952756,-0.25388224315737873,0.33750421338212305,2.885296969829768e-05,0.0001001161557835198,3.0275096639980155e-05,4.5378791168999494e-05,1.6696267223795565e-05,0.086397924870625,2.3934455131570366e-06,4.836623562372161e-05,0.018844129735588817,0.017734700085164957,0.5207596611354635,0.13762339562199283,LFP,13,93
-38351.098976531204,2.6154768379739863,0.03569986583430631,32464.365639936685,-0.6162938791704065,-4.183706120829605,-0.5668850939174781,0.37784473230633203,2.8118908299267743e-05,0.00017577873586557114,9.82883168451378e-05,0.00014548999038638808,1.2254131296617658e-05,0.06421713321777811,9.866811641979043e-06,7.770362346319899e-06,0.010234797348043858,0.062052821225604335,0.055693547679307884,0.24536853717760967,LFP,13,48
-242488.9139847508,2.1844569949814536,0.05645830285620914,85104.06328704218,-0.9113154638111283,-3.888684536188883,-0.26463510824421477,0.22810437191500882,1.31195951105088e-05,9.166397200002889e-05,1.798956720370722e-05,0.00014703081248400394,1.7949618212477664e-05,0.06178388968569583,2.071779105858683e-06,4.981408083764356e-05,0.024952624821227985,0.01892030694428479,0.567773970594695,0.07867061421680543,LCO,13,25
