SpecificEnergy,SEIGrouth,TempIncrease,Price,UpperViolation,LowerViolation,VolFracViolation,C,la,lp,lo,ln,lz,Lh,Rp,Rn,Rcell,efp,efo,efn,mat,Ns,Np
-27771.771378300688,2.418533527266133,0.013704196443208045,1635.0962513579757,-0.2793355722238342,-1.2206644277761658,-0.24364688184946526,0.20833141397503174,2.9770821831126685e-05,4.263850016142765e-05,1.65914398228163e-05,0.00011576551503065418,2.269729097029326e-05,0.06862207310683056,1.6517149427510666e-06,6.830078515804278e-06,0.006851204745483987,0.06908675137230544,0.5617124942238898,0.05555387255433956,LCO,4,21
-180762.50595362205,2.1406542065052374,0.0038976277541507083,35086.65819328445,-0.3054193004578849,-1.194580699542115,-0.6841368490669643,0.2076947639957735,2.3922523174429776e-05,4.202327809679834e-05,1.674208430504179e-05,6.336967066812743e-05,2.896436568946663e-05,0.09862800271735311,1.6049082859437247e-06,3.0087164707891452e-05,0.014137760531265595,0.16984511923999382,0.02767104725842509,0.04834698443461691,LFP,4,67
-279687.31504437677,2.1101499440879676,0.014239786937482696,16343.68157619416,-0.3125741701466218,-1.1874258298533782,-0.2286279968121715,0.38043520259552466,2.2745509395506475e-05,4.8254524150401436e-05,2.9539988460864317e-05,7.840984884444433e-05,1.6727234936157067e-05,0.09819879614892625,7.202513648578746e-06,4.868094018347553e-05,0.016750075361224873,0.014614516855564313,0.5880839488912182,0.09867353744104604,LFP,4,24
-26777.78772926182,2.2102339005513327,0.012678293309508926,798.8109078241582,-0.2772190180940477,-1.2227809819059523,-0.6652759570239459,0.26974619177356257,2.83013190405554e-05,5.6021000813380204e-05,2.9457553052520944e-05,4.4659238384057835e-05,1.6948702944248248e-05,0.08127407112066139,1.7451455478247254e-05,4.8543068827680764e-05,0.0054813488592205676,0.04913457272656393,0.0968029077658582,0.11878656248363198,LFP,4,12
-38876.756811609084,2.6153869728156227,0.09459440116359154,1209.0128379007633,-0.7270562436220906,-0.7729437563779094,-0.2926779418084081,0.21226653515641844,2.9390468681402087e-05,0.00011181266067542502,8.574376789960425e-05,4.6010909762114196e-05,1.4721103939709933e-05,0.09808391955755383,1.9983375830770468e-05,4.901213140894442e-05,0.006502014820117127,0.019615139474456374,0.527033504965689,0.09067341375144654,LFP,4,11
-42744.99679364518,2.1815298457675514,0.05506781294522905,2007.4444768495518,-0.2682562591159581,-1.231743740884042,-0.7465056058316739,0.20157649267081934,2.883547104757468e-05,6.198431986696962e-05,3.48838261053191e-05,5.8796496591708785e-05,2.9552988597273973e-05,0.09948601927565205,1.4890996966829324e-05,2.793009712927686e-05,0.007763618271277943,0.045051391306970945,0.09951263066078692,0.03893037220056833,LCO,4,12
-24164.874679041306,2.121020161365665,0.0029186382262852686,8506.797569528344,-0.3077295506697162,-1.1922704493302838,-0.4564853441061528,0.21497976768231497,2.355966522196166e-05,6.047734415613991e-05,8.197675570378704e-05,8.762808697495421e-05,1.6990415034563457e-05,0.09760784980374174,1.543927029115475e-05,4.920179791833744e-05,0.005875864438293153,0.013909737336469398,0.4362217555232387,0.02338316303413912,LFP,4,89
-85864.89673151003,2.4631129997969023,0.025789517208375648,1711.4559223465835,-0.33593353952363714,-1.1640664604763629,-0.7605260160211441,0.20028472197253272,2.9519191595691396e-05,4.739500183601965e-05,1.9647208032984722e-05,6.288440464761064e-05,2.9905487722891766e-05,0.0734118937515989,1.5111489417452794e-05,7.64200029658498e-06,0.011141369792595704,0.04571718901479092,0.09942673278878636,0.024330062175278645,LCO,4,7
-15271.733650765196,2.074031222321486,0.004971087894474936,2419.8783421426233,-0.281849422540807,-1.218150577459193,-0.17414568757840077,0.21673609556580356,2.7379175458839267e-05,5.9509369092315477e-05,2.4347403717395746e-05,8.988021261253617e-05,2.1235545462051922e-05,0.09820756503630329,6.127804740486826e-06,4.587984276175953e-05,0.004085808100764648,0.34079244045840873,0.39381994835870016,0.021241923604490447,LCO,4,61
-10949.903396087419,2.534890391004774,0.006691588035160583,983.8499154019457,-0.28901800663923893,-1.210981993360761,-0.29636857886075096,0.2096198259762292,2.9251367389781664e-05,4.521546134267999e-05,8.448983547966204e-05,8.26062233091382e-05,1.6975903594629915e-05,0.05072810718359448,7.535231641321694e-06,2.6737829737207637e-06,0.005954955484020467,0.05073543669085044,0.5638064472657978,0.019089537182600917,LFP,4,21
-276924.6350744229,2.307672936754434,0.15558030461926453,4399.010718571679,-0.44064192134389124,-1.0593580786561088,-0.5266974788051197,0.3807332363494511,2.3782464372450927e-05,4.8319945832122865e-05,3.5677858728930274e-05,7.84796843305957e-05,1.2892178027885978e-05,0.0986322186682818,1.5841491462113313e-06,2.9966352764538017e-05,0.017864133154729036,0.014413047785769958,0.3634736593497774,0.0254158140593329,LFP,4,5
-149773.6405536161,2.3977333325954056,0.002525468013915497,91568.30538170182,-0.347198481928924,-1.152801518071076,-0.40554503435597333,0.2685410709776964,1.984875571732892e-05,0.00013742212313265533,9.311871701447519e-05,4.544982921457572e-05,1.4626303487347932e-05,0.09993201888966464,1.770377397785275e-05,2.5059959133412705e-06,0.018129724977976883,0.02277738132070424,0.3786767161026273,0.1230008682206952,LFP,4,97
-153765.46950997942,2.332543665776457,0.0036450847022847462,22481.638836131853,-0.3632161302132655,-1.1367838697867345,-0.3612040090023787,0.22689715122314383,2.8897596543787998e-05,4.0469992952174925e-05,1.9355536013728825e-05,4.372091592198455e-05,1.3812936499053957e-05,0.09818552273003942,6.962360345257063e-06,1.138184229366649e-05,0.01261986433257033,0.2412577202675124,0.19337060311122234,0.13416766761888663,LFP,4,61
-254461.90077087903,2.108693935263397,0.01752353457139831,22668.250960828747,-0.3213117813493742,-1.1786882186506258,-0.2548795794740133,0.20839947839392703,2.9785969455538342e-05,5.9655379692503415e-05,1.659228334105435e-05,0.00011702785795829356,1.2289123349238742e-05,0.06853248060095542,4.838425280162869e-06,3.406528421786011e-05,0.02497246891900859,0.06977904789356155,0.561940020857379,0.043401351775046074,LCO,4,21
-15150.54338549029,2.142600863623108,0.028996765141216782,1608.6943577504753,-0.2682524041974297,-1.2317475958025703,-0.24508656140671614,0.22203174305427795,1.6546340904978458e-05,4.862328614716863e-05,8.183837253677301e-05,7.484868660675516e-05,1.3535722094615188e-05,0.09955103730139296,1.3410307799407919e-05,4.788502691759252e-05,0.005647613703911223,0.30906309928457654,0.3598721450241945,0.01597819428451281,LFP,4,19
-142226.48676989583,2.106249217682271,0.0023405225532220947,44714.09091713803,-0.18213444103242082,-1.3178655589675792,-0.5762751711668501,0.20787326713963525,2.3552657990518446e-05,4.272458835565291e-05,1.1034985056034723e-05,8.770004263765804e-05,1.469525179442012e-05,0.0986306857815516,2.2755077113196886e-06,2.957446868634599e-05,0.013347201175862838,0.17000936544318163,0.12310320809261507,0.060612255297353285,LFP,4,92
-11722.154014354519,2.405063474561494,0.017169909196783704,544.8370763199598,-0.26431094490299145,-1.2356890550970085,-0.10278550972763367,0.22819416905689166,2.91978067271347e-05,4.319964516455673e-05,1.6447912877231273e-05,0.00013074655795081703,2.6985445094368148e-05,0.06870965506274314,1.5643145299928688e-06,6.3010548431066e-06,0.004059164889096861,0.2094466198247223,0.5619802444949853,0.05578762595265882,LFP,4,21
-147403.20135952363,2.4408566479846403,0.1304882736577005,3038.3996489752235,-0.04257040915350707,-1.457429590846493,-0.22735911441567858,0.2221037466065196,2.686169458915972e-05,5.7225616328800816e-05,3.713302570311718e-05,4.083789363659409e-05,2.375844932245437e-05,0.04857338025167314,7.427465163093723e-06,4.684015263849808e-05,0.022826958045920696,0.5673337377644985,0.057543432127512756,0.07776371569231022,LCO,4,5
-56550.51594897305,2.3970402790875456,0.01184552945508032,5259.9065797822195,-0.2748822104948552,-1.2251177895051448,-0.6683347206940254,0.20449148972452486,2.8210235137094816e-05,4.948296854461284e-05,3.4012309512068514e-05,6.966026065377902e-05,2.8895886440459166e-05,0.09293384419363881,1.5222099408704092e-05,3.1988059921015596e-06,0.01139622785464944,0.0505051216588545,0.187985973011572,0.023174184635548087,LCO,4,16
-285792.8713603152,2.1127771811889513,0.011667720159871137,21734.92147980876,-0.3084554289836916,-1.1915445710163084,-0.27537464249835997,0.38087356391641636,2.2308689472795765e-05,4.825251317316698e-05,2.6789322498196107e-05,7.837681655979897e-05,1.2906254406344635e-05,0.09819662109407278,9.495011406637013e-06,2.9575104296055486e-05,0.016241324089638312,0.014411921522493867,0.508400713286021,0.13181272269312533,LFP,4,33
-187681.6086375948,2.143791071243033,0.0045690129494199766,38076.98638631702,-0.30279482150507064,-1.1972051784949294,-0.7927148339426512,0.20769473787870518,1.4028063085081303e-05,4.202248566101719e-05,1.305332636290955e-05,6.213945442579415e-05,2.8913133601540847e-05,0.09900293717778323,1.0909360391695146e-06,3.0233640177247744e-05,0.014137862972736026,0.01196258719834642,0.07697501343140546,0.048347565427596946,LFP,4,67
-52018.31430546362,2.2791895619402673,0.005452580676663023,7355.065296217297,-0.3140344140201883,-1.1859655859798117,-0.5633678134821754,0.2014603803619438,2.975809835644496e-05,7.091010336761937e-05,3.2544325213447215e-05,4.721426256877376e-05,1.8907904164813462e-05,0.0915220237534421,1.496131516898587e-05,2.791304418220936e-05,0.007775632474383412,0.22922167755690648,0.08953680413409117,0.047873704826827075,LCO,4,49
-231166.39730573943,2.5570886214659456,0.013550663211194526,17016.65690189697,-0.3981866707351678,-1.1018133292648322,-0.33198161851333596,0.26874252954658945,2.975343831349511e-05,7.661525177825043e-05,9.313696041216181e-05,4.51394138486505e-05,1.2406095714150638e-05,0.0482952304010093,1.7940527462341197e-05,1.776847371518037e-05,0.0217166495692315,0.0147082657013069,0.5268032578700815,0.05650685791527569,LFP,4,28
-535210.3113263177,2.2463305554598114,0.012476984883852422,27298.239278829315,-0.2842551276038172,-1.2157448723961828,-0.2708920633683206,0.23143333803542704,1.9100895599824537e-05,6.004430831911389e-05,1.740158357535997e-05,7.309998950800391e-05,1.2731223934346188e-05,0.0855215907399014,6.984316102846882e-06,1.6134041119098427e-05,0.022263231040436607,0.08023172437332525,0.49539321189252605,0.08348300036582806,LCO,4,25
-214842.40593278565,2.115989575155957,0.01385224602227654,18684.921888954224,-0.29133399614080346,-1.2086660038591965,-0.7664607252639113,0.27948645310629505,2.01291239992885e-05,4.836612027141529e-05,2.957867420541554e-05,6.269985172178757e-05,1.666344260781808e-05,0.08270615868402831,6.257271480122804e-06,2.963432035166912e-05,0.016762414654577052,0.06475685954896956,0.014615302321077144,0.08416711286604207,LFP,4,27
-235703.49050674966,2.097197311034284,0.01752353457139831,21365.94412881696,-0.3768379916669513,-1.1231620083330487,-0.2559775922668891,0.20830050750414048,2.9770614758829717e-05,4.54731285975516e-05,1.659143306082389e-05,0.00011704910032451901,2.329119884988967e-05,0.06866460574057134,1.6479801243477147e-06,3.411422777566689e-05,0.02467422063595778,0.06907941676652837,0.5617081911018404,0.04323479986474215,LCO,4,21
-25284.9820894192,2.494512801671355,2.209627936599842,89.59771636438371,-0.7462251295887459,-0.7537748704112541,-0.33406913139303307,0.203205770071753,2.849356783722773e-05,5.610876758451394e-05,8.918017904965852e-05,7.530468282018074e-05,1.6982249084484586e-05,0.07294286370352099,1.9394541434450636e-05,4.902433308902457e-05,0.004807429793241758,0.054258710004503705,0.4209977801040591,0.12067437849840418,LFP,4,2
-453656.0425995416,2.179500039761702,0.002568126602403594,170817.0430298935,-0.2519187136733869,-1.248081286326613,-0.7461161842929137,0.20714840290199352,2.9716932479144655e-05,7.795262369144807e-05,1.1022618821386107e-05,0.00012077093404620019,1.2875700241242335e-05,0.09864001136786549,7.546229404564871e-07,2.689282823424651e-05,0.024817194904100247,0.0577819517575069,0.06082841903073477,0.06527344491884465,LCO,4,92
-114351.97112559117,2.209458331136913,0.003337101209780991,41652.814621039564,-0.31784553728678233,-1.1821544627132177,-0.16199999539101906,0.21769882909766824,2.3544258750385806e-05,6.066235809975817e-05,8.25254129181563e-05,5.2079788763228805e-05,1.6996679802920666e-05,0.0976047574554973,2.688514276097906e-06,2.9874002812823344e-05,0.0134185531691935,0.1674863710121393,0.5779384409645004,0.022575192632341257,LFP,4,95
-160354.98432666835,2.283454643144249,0.018974257805666972,10106.098393897797,-0.35592053706043814,-1.1440794629395619,-0.04668183461401065,0.22640044919397628,2.9020568640422662e-05,0.00024725754865909994,1.1303726396857232e-05,0.00013386024860235072,2.9035529646204006e-05,0.06021701895971024,9.287061347129807e-06,4.7217389748627474e-05,0.01746422636441231,0.25296644262668316,0.5289072081820003,0.10144451457730592,LCO,4,22
-5310.210165835913,2.106458537504727,0.00292569029509422,1213.2439133858527,-0.2646557598983321,-1.2353442401016679,-0.07547225039865757,0.20966304509170725,2.772808596207704e-05,4.3627740648236935e-05,6.427956916593056e-05,7.269893646033636e-05,2.1168091133528927e-05,0.043047662971935255,1.1682091394059724e-06,4.828430165003901e-05,0.004007154385588873,0.323942024752149,0.46335972273490034,0.06722600211429308,LCO,4,75
-55478.34410222401,2.1219101137673375,0.008143602158652475,3596.5648134252906,-0.29844836574524436,-1.2015516342547556,-0.4427576202500954,0.27046830847612646,2.852116295960185e-05,5.61324544514869e-05,2.7889357790236525e-05,7.53663461019128e-05,1.2405438741283688e-05,0.08095010508752705,1.7498927683318843e-05,4.856300767698772e-05,0.006922417712851953,0.048924776265836994,0.4239831777704318,0.01433442571363578,LFP,4,35
-134760.28803412413,2.2030346372363265,0.013213144498772625,12104.799335185193,-0.300835493888858,-1.199164506111142,-0.7541099788765623,0.20713238670664022,2.9716040666917745e-05,7.936516786853171e-05,1.0940464641216316e-05,0.00012284679806265583,1.5053706723329732e-05,0.06758708322071051,3.2270557414501136e-06,2.7577703826258814e-05,0.01669900870795485,0.0827884667185895,0.0377389304860532,0.05536262391879504,LCO,4,21
-101171.85673620967,2.148889341428183,0.04004091075189753,5669.189351300288,-0.40168880726801603,-1.098311192731984,-0.784192497257112,0.4615294894997666,2.9193461191579463e-05,4.997845344248601e-05,2.388264163485922e-05,7.870459608320086e-05,2.91963768442401e-05,0.09822451374173966,1.549010561918359e-05,1.6213562193600398e-05,0.01133975287254675,0.02182627187705002,0.02214874777485863,0.10183248309097939,LFP,4,16
-216984.12878100728,2.083780647334919,0.0029221831823056025,139781.00737000865,-0.32214365827123004,-1.17785634172877,-0.6377982639216865,0.2714487713849307,1.5418748025099775e-05,4.133491043278039e-05,9.386906999002723e-05,0.00014476353272677904,1.4659240261201655e-05,0.09172952994990105,4.697590193134538e-06,2.777701215096021e-05,0.022291006917766525,0.07510851632514709,0.1075450665845412,0.10954815316862525,LFP,4,97
-11530.15991732319,2.5435671548359053,0.002923856982800145,1912.4460007217883,-0.4032628166273078,-1.0967371833726922,-0.23623504805420392,0.22166413776852595,2.9790368375709905e-05,4.2394424274358526e-05,3.2229631925892316e-05,4.8997607847811566e-05,2.531811415612553e-05,0.06782594255635058,3.16387714429388e-06,5.889499951049414e-06,0.004222002502243823,0.06821655905170759,0.5555796737472761,0.06996871914681245,LCO,4,70
-264379.74789279286,2.174002826973547,0.0101748612676799,22334.148865415395,-0.2755450912929742,-1.2244549087070258,-0.6737975496062503,0.2896791272149009,2.8087231315423983e-05,6.0996061110892846e-05,2.133866221020021e-05,4.508419402920529e-05,2.84285407819546e-05,0.05455481432115372,1.3035250821910835e-06,3.233783764958671e-05,0.022435035367810385,0.046750940925612106,0.14315824198050764,0.06629326748763004,LFP,4,31
-136551.58620377694,2.158261987589123,0.03499318710897837,4597.7713945679825,-0.3917624087745537,-1.1082375912254463,-0.6086930073098595,0.20388309848022426,2.1975151257677674e-05,5.608158339725841e-05,1.6362734218753453e-05,7.192444216131929e-05,1.2146948097910895e-05,0.08039308655632293,1.780042248974985e-05,4.866284916013344e-05,0.014158123475831478,0.17303570460112594,0.1000455166830076,0.048225771406006986,LFP,4,10
-28545.356163397657,2.410219754361393,0.011560829265980519,2314.9718302388615,-0.2991256765202088,-1.2008743234797912,-0.4025846349451013,0.20148308860323838,2.83970216448305e-05,4.256314560959982e-05,1.6482286708831327e-05,0.0001383187854568455,1.9430372851738005e-05,0.06825809155917689,4.194314955124421e-06,6.609045598781738e-06,0.007809036664353962,0.04411253335682152,0.42007741714650315,0.0632254145515741,LCO,4,21
-7043.4999863001285,2.5536218871801246,0.007008664138255181,936.5156289726527,-0.2222421920094355,-1.2777578079905645,-0.2730259761799919,0.20411393386771196,2.922157509646946e-05,4.14420416931437e-05,8.298468165460501e-05,8.245019657912757e-05,1.7007366033258602e-05,0.050684274402492596,7.567817221137287e-06,3.142448003029626e-06,0.004086231220570649,0.05047684769092853,0.5639674113805427,0.042529764748536814,LFP,4,43
-763095.1976946901,2.468016782697411,0.0067812256409357325,64904.48033555786,-0.43140323445178197,-1.068596765548218,-0.14723229693350037,0.21953536730552806,1.7773689603928636e-05,4.24119505361338e-05,2.1682710283024074e-05,4.095990108828528e-05,1.2861551197479403e-05,0.09964034198953421,1.5551181021813296e-05,1.3778572981991497e-05,0.024584190710475285,0.022526820322625072,0.4883050288461865,0.2719358538976881,LFP,4,46
-345954.72305911913,2.114864689142526,0.005008540321407843,137857.13159478185,-0.3229437464274163,-1.1770562535725837,-0.6937367726881392,0.3849829058656782,2.4577454160759654e-05,4.31192565551279e-05,1.7206926471257467e-05,0.00014869055594295675,1.4076334996300677e-05,0.09957617098176141,3.695079434790635e-06,2.3361070750279843e-05,0.023994210307601523,0.07488145126298466,0.11542027503003527,0.04596150101884092,LCO,4,79
-132419.4237601257,2.3440679148341994,2.006875181536869,2976.428421897983,-0.20588024166905505,-1.294119758330945,-0.5498678825555079,0.3868176197881356,1.7540037286901985e-05,4.039520667519885e-05,1.0443990901211746e-05,6.530228223690594e-05,1.471785993782534e-05,0.09873750344866178,1.98831449550496e-05,3.122763481451208e-05,0.013457837287385133,0.25405441473769785,0.08132551774952518,0.04475218495726908,LCO,4,6
-119434.50089430748,2.493431684094031,0.002097342700313017,34069.97995764653,-0.37257799122741275,-1.1274220087725872,-0.2760409430191054,0.23126108717877508,2.7508525665828975e-05,7.78673609630923e-05,1.621814341137593e-05,0.00013575288251412503,1.281879713993318e-05,0.06647348213119576,1.7353649321135354e-05,2.6085986713290594e-06,0.016945047781867017,0.08202437693683468,0.4889619143387054,0.08297276570535446,LCO,4,68
-404818.4277955549,2.4757092917068504,0.0023552341883285375,77894.12441592294,-0.39172622844039395,-1.108273771559606,-0.1647476817773218,0.23111689152897483,1.5416530231904047e-05,4.008361737674836e-05,1.217406183735972e-05,4.930170537178616e-05,1.2998329573948256e-05,0.09901783810025767,4.561953298435031e-06,9.109337838697474e-06,0.018245678656858784,0.10320952179678397,0.5357781273927457,0.12626466903314856,LCO,4,99
-83077.27028468021,2.4983176668635823,0.004495213847832896,14400.37833598024,-0.27881945786075235,-1.2211805421392476,-0.14820416464411001,0.24935227595724926,1.2148416364802363e-05,6.22025524505632e-05,1.4214469382615973e-05,4.853278925729597e-05,2.7870901480615646e-05,0.07870174262030427,3.195245314910842e-06,8.732233870242434e-06,0.011076252577022775,0.3103340062720385,0.45985458153931713,0.011607247544534394,LCO,4,62
-17544.06808025417,2.1431733889372944,0.028136736965392397,518.1378020940089,-0.33049274526349315,-1.1695072547365069,-0.15707645384937796,0.20116560116727922,2.8968285083024364e-05,4.3300429784338126e-05,1.0084571163565063e-05,5.1643588596352715e-05,1.2991142056611477e-05,0.08682732074135832,5.053647113778364e-06,2.9554052980805814e-05,0.004944753963714402,0.12412205796901238,0.1685360800438339,0.48026540813777585,LCO,4,11
-310561.60362175864,2.4074730899175822,0.018296787459110772,15490.88550234168,-0.3774779537212716,-1.1225220462787284,-0.17354889640956506,0.20300369547063418,1.8449444601335476e-05,7.002133129574678e-05,2.3236039194231278e-05,9.652896043751001e-05,1.8671589119464794e-05,0.09602426913935926,1.3635648552145704e-05,3.874675443967539e-05,0.018372442204916992,0.08905409593276153,0.5995326981635729,0.0678643094941006,LCO,4,19
-167040.24337131597,2.3097849423588377,0.008456281259368557,16548.40046270389,-0.2594660796941124,-1.2405339203058876,-0.12919882961594287,0.2305493399524,2.1845233027529807e-05,4.009794957874584e-05,1.090087496402843e-05,6.689501241597392e-05,1.5643286861118754e-05,0.0970241368838873,1.8565606010539963e-05,4.350098244601981e-06,0.016302450815846876,0.1077564924124807,0.5995534415557102,0.09349123641586626,LCO,4,28
-278093.1943323172,2.1132094777475054,0.03007229897099497,11103.915522749583,-0.38400374281239635,-1.1159962571876036,-0.1966346406844811,0.23634677224058884,2.7833532115962176e-05,4.964441693780416e-05,1.2121396244646315e-05,0.00010839704451039325,1.2057582322393088e-05,0.08518747619201607,3.1957124223691155e-06,2.6038496280474273e-05,0.018234938247164396,0.10325585644325797,0.5037077229536628,0.12640177991859813,LCO,4,16
-34406.271875974264,2.1822501040782143,0.00234142672961375,4211.699937694366,-0.3026749752447184,-1.1973250247552816,-0.24883994235990714,0.20612659770766453,2.8911673339402916e-05,4.330961528931196e-05,1.0062856109222838e-05,5.169109061409966e-05,1.8846207343644162e-05,0.08748604856465746,5.016487819082477e-06,2.949584609277644e-05,0.004944709616618878,0.012773327113303083,0.18795307777663878,0.480433652750151,LFP,4,88
-4483.405029546831,2.1754396968734175,0.1882227033105806,171.36505210820593,-0.1357186112439539,-1.364281388756046,-0.12492679871429768,0.2244467366281615,2.766797208151019e-05,4.198379664466221e-05,5.903706149308006e-05,4.1953994384184745e-05,2.2885241743342922e-05,0.04222311749157376,3.039596491039642e-07,4.442365856997705e-05,0.0040077214189432765,0.32217574496096807,0.44922079899823036,0.033676657326503955,LCO,4,11
-72380.82520673427,2.1993516905653,0.005084457566025609,10452.279537448736,-0.33889475648799205,-1.161105243512008,-0.8551569299088585,0.2454539002285296,2.7744313644432092e-05,6.26715826348348e-05,1.4139211028000697e-05,4.846189715963187e-05,2.81450634184345e-05,0.09350791258105444,3.1933494024705567e-06,4.1486008422729937e-05,0.008056640118147565,0.0316522484382077,0.026495776875107457,0.01669504477782639,LCO,4,62
-125914.53260340604,2.221157483772969,0.004061857247761057,14879.054243763307,-0.3125883729768706,-1.1874116270231294,-0.5031453978727832,0.20655556853641402,2.9976930111385442e-05,5.004134681481798e-05,1.0144786908578148e-05,4.367118392791863e-05,1.8228101546961367e-05,0.09160959601897305,1.3812557900268451e-05,2.6431969536821132e-05,0.011113461024478757,0.062461608063729426,0.16549659080231982,0.1988964032611676,LCO,4,54
-479353.037118187,2.1904184384049716,0.037548771149648885,10639.395150417919,-0.3615920489730833,-1.1384079510269167,-0.7746470725803489,0.24301553259511205,2.5974464719805812e-05,5.330913785246302e-05,1.508478081777805e-05,4.7230141273343e-05,1.758911585627805e-05,0.09983861245816718,7.156082652397318e-06,2.163936231399135e-05,0.02181146065078633,0.10714874101044575,0.012884334027299563,0.03531985238190584,LCO,4,8
-295610.9421530502,2.1467261455475377,0.0068582678368357755,23774.037346530367,-0.22923365048949051,-1.2707663495105095,-0.04481959096250099,0.21917999868326368,1.742021297468573e-05,4.11988545925488e-05,2.1938529728507545e-05,4.40663343013116e-05,1.2794833572797355e-05,0.04305292836709165,1.3030203770594564e-05,4.4016606848622514e-05,0.023047338718459855,0.08159718720232853,0.5319256397227584,0.2716575821124121,LFP,4,46
-97845.87037482778,2.1091308872102243,0.012464885484567863,16730.667618774973,-0.17044836540476282,-1.3295516345952372,-0.012162225601386023,0.2652720125419015,2.3310865328154538e-05,4.649698761803374e-05,5.915308527700674e-05,4.1692241014389666e-05,2.736985042295626e-05,0.04190387123244048,1.983448579444871e-05,4.461923582581061e-05,0.02483256025791824,0.40784883871473687,0.4048112946166305,0.10517764106724654,LCO,4,29
-37706.05913697487,2.2772325286694968,0.005408906315570946,6981.19550813276,-0.3124790757674756,-1.1875209242325244,-0.057312794609505,0.32740998337929816,1.2008744523917818e-05,5.424471958368802e-05,1.6375874354018287e-05,4.8999929986679425e-05,1.8946131922748964e-05,0.09829346873558566,1.5622399202731588e-05,1.6873791610888598e-05,0.006930299563983562,0.31075481338691735,0.10873278265369228,0.45319960934988546,LCO,4,62
-6438.698340892107,2.2185843293443352,0.003928803797239428,1451.812282884055,-0.2604867429407509,-1.239513257059249,-0.014489653492497201,0.2117143277449964,2.798394829475629e-05,6.976198021572098e-05,1.3138631296503644e-05,4.1296722798682396e-05,1.586767972198713e-05,0.04269397732650512,1.4645325332978386e-05,4.748310526408631e-05,0.004040830705867129,0.44023153268959636,0.44987319017316413,0.025405623644742286,LCO,4,94
-332758.2683777045,2.190128336984374,0.005022095612013312,52092.09267570303,-0.3646265737490815,-1.1353734262509185,-0.22735591958478085,0.38755868324879855,2.3205846764805028e-05,4.197436068232922e-05,1.5709349413518327e-05,4.039127817563694e-05,1.4004884811088708e-05,0.0996955872367162,3.769101654154894e-06,4.613479195866627e-05,0.016849655480297626,0.07190868177473095,0.5971886739654562,0.03354672467503205,LCO,4,80
-80434.47162790755,2.4090236988743765,0.007449520100624797,5976.864795252935,-0.39603168909453856,-1.1039683109054614,-0.6131183949852042,0.30287357053701697,2.9357381411806364e-05,6.853819639245431e-05,1.1237007736423533e-05,4.3826970912278476e-05,1.7942264324550676e-05,0.043639322938797805,1.003513749612158e-05,1.8118832402289995e-05,0.011120776543175727,0.06259663403255337,0.1762909398647127,0.07799403111752987,LCO,4,42
-148643.7618028677,2.1314963879481246,0.03247938677264205,6967.132584552327,-0.2315560806602175,-1.2684439193397825,-0.008737838579670809,0.27902809942372175,2.7854593587502964e-05,4.499582354725925e-05,1.017995858545888e-05,4.1208124859657236e-05,2.743611829839198e-05,0.08526132923049784,1.2730613470297533e-05,4.478570075822957e-05,0.015944846173307034,0.41277111481064716,0.4039326258794614,0.10455842073022072,LCO,4,16
-242837.03799170256,2.1241611617238196,0.024720299348643955,7886.561609297722,-0.3773715991419433,-1.1226284008580567,-0.14548684101025489,0.26486783175580747,2.429345846394182e-05,4.444483889299603e-05,1.8725409097384347e-05,4.7973410152625957e-05,1.7212764401880756e-05,0.045140619879021036,1.2815695802073383e-05,4.400554513981654e-05,0.02273488270150143,0.13624909691824544,0.5685828700274871,0.07968119204401253,LCO,4,15
-13357.1188569967,2.4558170737420766,0.0022183355893672495,4135.651068117236,-0.3403689780925898,-1.1596310219074102,-0.8265361682434172,0.20643399570243187,2.922231529457107e-05,6.844954419371235e-05,2.6987134953510173e-05,4.069073776133516e-05,2.0358157076855785e-05,0.046972688884812694,9.974393739831454e-06,2.913116487910281e-06,0.0057324881060140005,0.06262421954564415,0.013393562416134305,0.027446049794804375,LFP,4,94
-333228.22108255175,2.2210703415510977,0.0026963558650610364,57621.17962303033,-0.384873411693059,-1.115126588306941,-0.6153278350304725,0.28170928671303863,2.0095115958653144e-05,5.662434477142196e-05,2.014657613564919e-05,4.117211709300793e-05,2.662380673715079e-05,0.04554493882017365,1.274263882484294e-05,4.5694133311137926e-05,0.02238441650935129,0.03341545979437141,0.17919589261618082,0.1020608125589753,LCO,4,95
-29315.315125039422,2.182070147140489,0.003580170873414842,3047.6184128519676,-0.23832960787782653,-1.2616703921221735,-0.40351061114325004,0.22523587631076702,2.989507372601501e-05,4.205062719632066e-05,1.0972100179008815e-05,4.872433890456353e-05,1.556576778185274e-05,0.08134047555201318,1.2664880564693422e-06,4.226656899625867e-05,0.0040341534752218276,0.11001729952758905,0.4011328924553713,0.015339196873789596,LFP,4,98
-433990.2349624519,2.1505626559396345,0.004858928727197621,109420.50704733044,-0.2920813828134019,-1.207918617186598,-0.7590424131283735,0.20737815614201868,2.956235967477308e-05,6.806157991718845e-05,1.163026604832607e-05,0.00012041677381019613,1.2237465691694552e-05,0.09419505857357033,4.767848128987532e-06,2.775066053172844e-05,0.0247651095963922,0.05918664427218709,0.061082140719985634,0.05068880187945382,LCO,4,62
-63080.84542087923,2.164094201141067,0.007594606498746633,3906.3317269786194,-0.26911537097926086,-1.2308846290207391,-0.2534231829241286,0.24912165394493258,2.7319003197018127e-05,4.5016533897903586e-05,2.189528452135541e-05,4.854719956848002e-05,1.7484937371647527e-05,0.08155555401906522,1.6831527098487025e-05,4.250149186967469e-05,0.007793004032341583,0.08431997127919148,0.5623723871050126,0.029884458691667427,LCO,4,34
-148328.8516409081,2.4902805977949347,0.013659191862983183,6232.444212372269,-0.4616304773125304,-1.0383695226874696,-0.29327627958472935,0.253030557248047,2.631293241113205e-05,7.334652793592367e-05,1.643262341017436e-05,4.116892384661529e-05,1.5568603207481856e-05,0.04517101229702681,1.651413973089466e-05,4.7498499344205834e-05,0.016461809151655966,0.021951358911313557,0.5987192922966509,0.016053069207306155,LCO,4,21
-24466.782597908623,2.151807870705341,0.004250040877966314,3856.3119353642123,-0.29538139598778557,-1.2046186040122144,-0.15556091707130704,0.30430037390127185,1.2057931968020223e-05,6.66492307811706e-05,1.6046261985052032e-05,7.526019409235889e-05,1.4116319419208299e-05,0.05636629077400881,1.3720118812850354e-05,4.494998417007418e-05,0.006228641997665169,0.13571911251712257,0.5422346009000031,0.09648536951156736,LCO,4,69
-114923.46360795223,2.0926143772283936,0.003633761546481391,37914.42357933909,-0.32621326755616664,-1.1737867324438334,-0.6666558192476157,0.24182211957551578,2.3355960741869543e-05,4.2886362758895055e-05,1.7217779656347276e-05,0.00014601105556734284,1.409837481637725e-05,0.09879427781302809,1.6687265269480076e-05,2.4744846373881667e-05,0.01365050987181211,0.08207764861288686,0.08118386641244278,0.10008266572705468,LCO,4,68
-216511.7545999045,2.385961604672547,0.013975145793969588,9472.38625771431,-0.2835981905173526,-1.2164018094826474,-0.20786748739124672,0.25305356961096304,2.732073055036925e-05,4.47515495902294e-05,1.3891276443810978e-05,4.056396788262079e-05,1.4695110556808289e-05,0.05061087373067886,1.6833959084870353e-05,4.028672865847746e-05,0.02049950001739731,0.0867157907274673,0.5988007666878129,0.03661595519347321,LCO,4,20
-56212.09058406511,2.2524931220217277,0.014200451714558185,3529.1992596365026,-0.2400634824927632,-1.2599365175072368,-0.3064527996418904,0.2480012174664444,1.8676563390442956e-05,4.498906041502371e-05,2.2113917075352876e-05,4.9001905268377276e-05,1.681842643890015e-05,0.09904760393046835,1.5605002101009102e-05,1.661430204365488e-05,0.008200485313182173,0.3141209398947229,0.1215171266520164,0.18790913381137034,LCO,4,21
-285942.672738811,2.3714908960842767,0.002627162978044837,56189.68565180622,-0.342177595063637,-1.157822404936363,-0.6432389945340149,0.28127541924881816,2.956429938898734e-05,5.6384069355866144e-05,2.0321354748966196e-05,4.494313085980257e-05,1.3857450261398981e-05,0.043623351076478856,9.961562859961603e-06,1.7694731078355098e-05,0.02224128286524834,0.032862448540294686,0.17625914563600872,0.07763941128968173,LCO,4,97
-669624.1059363937,2.183085901400966,0.003036309779387384,118425.06105112543,-0.3122316202944031,-1.187768379705597,-0.16764635437277542,0.26521743602022896,2.255250713583642e-05,4.447834431627693e-05,1.5788846519211914e-05,4.9428301529877545e-05,1.841151920777887e-05,0.09676713134539355,1.6038248379130022e-05,2.8659806153585514e-05,0.02457017394038668,0.1354169697122714,0.5701675018066225,0.05676917410833077,LCO,4,89
-662818.3745339832,2.1221525445319998,0.005521621441769922,50532.00108988217,-0.34717711834126064,-1.1528228816587394,-0.028260902899001406,0.20493800376960583,1.7416768227435094e-05,4.0410609176901225e-05,1.8728231418461157e-05,4.9796969327140096e-05,1.5613642016618746e-05,0.09255065289169129,1.296953327503299e-05,3.652278844281695e-05,0.02307704902318041,0.01151447624958394,0.5011317275364037,0.38909289331501107,LFP,4,46
-121667.61798195264,2.152333608126011,0.011848510272175046,18260.870014923406,-0.2699200668612214,-1.2300799331387786,-0.49216758631047663,0.21537917521125574,2.3985701556224655e-05,4.00641922980506e-05,5.921512329151475e-05,7.94673563117954e-05,2.734686168448849e-05,0.04042096237621402,1.9836282416633974e-05,4.484710488029585e-05,0.024892697263328597,0.029814294088883902,0.3124583807599479,0.0955597388406916,LCO,4,27
-173098.18098094207,2.366504228140147,0.0064763294928424295,17714.510353789756,-0.33726333626161775,-1.1627366637383822,-0.46625313286012293,0.2471306022767598,2.7736187286217493e-05,6.851095463074112e-05,1.4166217429781905e-05,4.142682892111689e-05,1.3693484565289004e-05,0.0943499128894329,1.8697700378145048e-05,2.640462539096618e-05,0.011992472832374744,0.017854990197922915,0.16618098289137165,0.2797108940505825,LCO,4,51
-235211.16903799772,2.390056334360512,0.0026122622569939567,52395.573179967745,-0.32595060519240704,-1.174049394807593,-0.3642156706991997,0.2308689592539601,2.7570125682826033e-05,7.816076280978356e-05,1.5252396479945215e-05,8.088031319185344e-05,1.2487264846803094e-05,0.04932825080534147,1.623751229089854e-05,1.7757320552528257e-05,0.021559000739012707,0.0803035783053764,0.40290152888393743,0.0825792221114865,LCO,4,87
-760907.5730223965,2.13539449210783,0.017222900951396978,33094.39544712592,-0.24227780401114707,-1.257722195988853,-0.7045197044687321,0.2015751573501843,2.8750421351131138e-05,5.6556965424454686e-05,1.0694749592070716e-05,4.575349905357831e-05,1.5639600158520788e-05,0.09520074728330011,1.8901405885359506e-05,4.7747085744897784e-05,0.024818549027816654,0.010032768176304954,0.09776379972950103,0.11768372762546199,LCO,4,21
-722832.9954250177,2.328899822684827,0.006112468322598949,146871.50279141453,-0.32553717212476485,-1.1744628278752351,-0.1669630198515567,0.590962139551134,1.2355743465647484e-05,0.00011377379799010444,2.2773422006368737e-05,5.9308598353867805e-05,1.9050840072068155e-05,0.09411582035928143,5.987849638013393e-06,4.985460078676274e-05,0.024683019432542766,0.021145965016157696,0.4411476581402115,0.3007433569920741,LFP,4,100
-127294.90151119346,2.1060636086332556,0.0052898597075963566,26145.06285317226,-0.29808166601162966,-1.2019183339883703,-0.15027019009408205,0.20640084088343366,2.134623111451138e-05,5.575990047492295e-05,2.3560468665797128e-05,9.84961963097386e-05,1.257870282250898e-05,0.06560498690518674,3.6471294758553005e-06,4.83123923699329e-05,0.018334357068225976,0.1908193621110218,0.521189681044756,0.0677207667501401,LFP,4,48
-12561.607552659007,2.5968587709429216,0.003736193592695323,2555.926349563749,-0.33626899057627213,-1.1637310094237279,-0.01025164065024109,0.21457554022169772,1.9398968256490105e-05,0.000191162768198033,2.4714618627330942e-05,0.000146168000018497,1.9518614772113223e-05,0.09200811977806526,1.3590450455090033e-05,7.223192807709829e-06,0.0041980588696663886,0.3464738825282026,0.5201213611299635,0.053153115691592846,LCO,4,62
-7285.591905583063,2.1407604383488046,0.008030625462650275,1922.5367948471644,-0.34213811122126536,-1.1578618887787346,-0.45100892631686373,0.49537469786388055,2.3947283541515282e-05,6.380889202820439e-05,1.0403255857875978e-05,0.00011287288869411637,1.5137293493201265e-05,0.055133797410012494,1.390438846986124e-05,2.6341958114708723e-05,0.00426056786468894,0.012903909818216111,0.4271643451141357,0.038922818750784516,LCO,4,70
-94122.77522406011,2.2190470627030527,0.004662908184435891,12284.462305835574,-0.33982167483465275,-1.1601783251653472,-0.353024078813547,0.27765070138778014,1.6186380701099464e-05,6.647892471619333e-05,1.2125606859866145e-05,6.193295397801258e-05,1.3041954796783259e-05,0.08600182268977069,4.615336995670968e-06,2.3673742312913525e-05,0.008639328491247291,0.029242235832562923,0.5270244291353544,0.020709256218535674,LCO,4,72
-305317.6426773503,2.9633625833566533,0.46995597547632584,3205.0407877020207,-0.4377233525862376,-1.0622766474137624,-0.3653466529616797,0.217321932957445,2.0581949796774658e-05,8.430536886449674e-05,1.5668924014100304e-05,7.196149717443529e-05,2.9385076912563745e-05,0.08549721122874265,2.251137353829616e-06,2.1011188556200228e-05,0.02200513912384932,0.07863821949753386,0.4334500782507681,0.052565049290018484,LCO,4,3
-508712.59084997437,2.1862973595390716,0.003749767821261487,84896.03832877523,-0.3445698180627286,-1.1554301819372714,-0.12791128535680174,0.2907400124975224,1.2089382057879791e-05,6.588687671729716e-05,1.6049396578072395e-05,7.751154048613708e-05,1.5280487812196537e-05,0.0891675520080274,8.40855838359536e-06,2.65457721022915e-05,0.023518480353076174,0.13868161574127563,0.596574964769801,0.06683213413212169,LFP,4,69
-431591.71542982553,2.13181328505167,0.006056316520392831,48626.5361778959,-0.2883431167071997,-1.2116568832928003,-0.05088576055577021,0.20936215590510462,2.843836521495788e-05,4.657919094008884e-05,1.9862255433526992e-05,5.630026949026925e-05,1.5616036668731596e-05,0.09473481575022377,1.4864779618550095e-05,3.7558245433351806e-05,0.021024530970416882,0.29351467375810647,0.5566646294580062,0.02893493622811717,LCO,4,53
-31803.484375477266,2.2754371341479467,0.008782201500490774,3890.272268259392,-0.33256756889228356,-1.1674324311077164,-0.3232071078480008,0.363068572953005,1.4789325370841642e-05,5.7097667234723384e-05,1.5151889867695399e-05,7.447887109612138e-05,2.2778478627946607e-05,0.07791869295803486,5.740787561236159e-06,1.4558820052083705e-05,0.005728303682613861,0.01368072901780833,0.5484125438464322,0.044699619287758625,LCO,4,59
-7034.086314866048,2.2798630110596054,0.004958709618826528,1767.7849790253892,-0.21350125252747,-1.28649874747253,-0.6581794635608487,0.22570021288948322,1.7768558858860424e-05,4.031629562893893e-05,4.8099277421995866e-05,6.955970272253462e-05,2.8027067853157667e-05,0.04444832032321644,1.8930398875701488e-05,2.0264371926827784e-05,0.004701029418514642,0.09370759437881737,0.16291437739767645,0.015198564662657583,LFP,4,63
-5425.567003751351,2.2068534962350324,0.002683218767391087,1235.087373670559,-0.2646557598983321,-1.2353442401016679,-0.0008353213671835613,0.20954157186779365,2.764621666840748e-05,4.389802279794409e-05,8.914251375966455e-05,5.2495009815826765e-05,2.11580469089276e-05,0.04305236501336595,1.2184404545475003e-06,4.8807916889433466e-05,0.004005234872627941,0.36654774216702485,0.47995427817765074,0.08266265828814096,LCO,4,78
-86822.53244576699,2.1148992592703877,0.01227377583822226,7946.390057615683,-0.29204235687209135,-1.2079576431279087,-0.4046111918347254,0.27456651478445243,2.4912611322176333e-05,5.528505423590461e-05,1.1785308096321604e-05,0.00013377711632642987,2.9352411142302074e-05,0.041347373474281274,1.5149119386804689e-05,4.722552026352636e-05,0.01747660698848015,0.012868652103370667,0.4825395970518583,0.029980559010045756,LCO,4,24
-9667.631452563928,4.244544505257388,14.404370120449514,26.762854859187467,-0.6457885550920199,-0.8542114449079801,-0.1613991184120226,0.7304298967176754,2.5919133338781694e-05,8.337837350796958e-05,2.293022546785082e-05,7.944563046034254e-05,1.5677749461663763e-05,0.06772935278918595,6.06874536151864e-06,1.3873056971135662e-06,0.004021533384234213,0.21566520226501595,0.17464699775185483,0.3782886815711066,LFP,4,1
-25432.009415938744,2.590413643112777,3.699166849111638,124.13616695998763,-0.8021666532339342,-0.6978333467660658,-0.31480494807571646,0.2619761488269647,1.2156338595988755e-05,4.557858214573339e-05,1.9102543981289827e-05,0.00011121656172847213,1.7719453039946047e-05,0.0571328489931592,1.3513217382098729e-05,4.600648240027181e-05,0.006335880812844648,0.051859540076743135,0.4672471607782719,0.09608835106926858,LCO,4,2
-270297.5754988855,2.3278228234003304,0.0033279262851313627,54212.79407673447,-0.3154668451283946,-1.1845331548716054,-0.34540951738270576,0.27545004965692954,1.3909206747546084e-05,0.00023454215757779052,1.811428570548945e-05,0.00011252120448219892,2.8008266142348913e-05,0.06944091152077958,1.1618370523459865e-05,4.656793301751873e-05,0.019578669143878073,0.013024164129025156,0.4283663538970743,0.14319996459119488,LCO,4,72
-426989.0705533071,2.0729850824512477,0.009308206271383538,82364.96673116536,-0.31871208598719036,-1.1812879140128096,-0.1929721710538176,0.6363801088071231,2.403346259027444e-05,4.101578151071392e-05,2.2813796938186626e-05,0.00011328658381122372,1.9080660405586486e-05,0.0876089762070055,1.7639307427828425e-05,4.972395057136995e-05,0.023368844175715643,0.010788044456675616,0.42050705687264295,0.30573272761686393,LFP,4,70
-87563.39965128181,2.100136161937508,0.0028454742174679527,25827.11439999762,-0.29552543881611726,-1.2044745611838827,-0.16003393918113862,0.2770302660316759,1.7194188152798082e-05,6.654073880785609e-05,1.206454929035738e-05,0.0001470854375688402,1.4159181946538286e-05,0.089128631239466,1.9720981141019427e-05,3.1765948411300597e-05,0.0106196576886301,0.13803389431034163,0.3763737027789324,0.25555846372958735,LCO,4,99
-227868.56503973558,2.2171766881660826,0.00325407826054737,45094.329571607224,-0.27330426884417136,-1.2266957311558286,-0.4019162663372887,0.27566355768009154,1.2519520546504645e-05,9.043887638251729e-05,1.9262049626919442e-05,7.597094496109961e-05,2.4533596359020377e-05,0.06024914218349725,1.8208867431427108e-05,3.398269352600686e-05,0.01986651935796043,0.13989604251609017,0.37221283139862577,0.015974859747995427,LFP,4,69
-135220.82553390847,2.224242200439825,0.002551899043032651,75300.7840008857,-0.3264583086973314,-1.1735416913026686,-0.19387788950539242,0.2047275182185897,1.5555636332137498e-05,0.0002457109750056137,3.135828233026604e-05,0.00010257481824578762,2.913646930985286e-05,0.08742191546433187,1.1174757761126006e-05,4.7219785506951994e-05,0.018592270190786738,0.5700761728669115,0.08707659595876595,0.07896934166893019,LCO,4,88
-338543.0160861682,2.0605092090504504,0.00356725985370598,133481.91410718282,-0.24739629141173758,-1.2526037085882624,-0.6370907343619426,0.2920109933840525,2.3482785818472416e-05,5.5409374623427044e-05,1.6012901309278634e-05,0.00013408776591180812,2.937534621698067e-05,0.08697634704014683,1.4628104993870375e-05,4.629155029006912e-05,0.024280354641967965,0.1887442675003952,0.08091317099066075,0.023251827147001445,LCO,4,90
-492049.2692842057,2.1345152073970604,0.01330460066082886,27646.94063043032,-0.28009514325099794,-1.219904856749002,-0.39790052324945313,0.3006320776712712,2.0393222415551216e-05,5.493020162078724e-05,1.7476876000183396e-05,7.1867253559328e-05,2.9351670207731757e-05,0.09361527746863493,3.993679055718276e-06,4.1312558147912444e-05,0.022023207094454607,0.07901444006509772,0.43301787432901095,0.020067162356438295,LCO,4,24
-20124.573020192805,2.2137118761787997,0.011137758192889815,2274.6384325080103,-0.27897924848452327,-1.2210207515154767,-0.23208979833606314,0.6365866656828346,2.406765861484584e-05,0.00010346840716937416,2.5596746455712966e-05,0.00013869861225451977,1.9079696627047854e-05,0.09210483586923988,1.3451433504181098e-05,3.0204947536990965e-05,0.004030786586807543,0.01509293947128443,0.3732381484084042,0.30957911378424835,LFP,4,58
-96799.55765352887,2.2992495442588137,0.005511031579156078,9160.006448038197,-0.27038870843630036,-1.2296112915636996,-0.04378637803936758,0.2863044410849616,1.693178503366746e-05,8.579631422492042e-05,1.9225413701634873e-05,4.742897148093518e-05,1.8709924147666e-05,0.05972501622815693,1.8218646599428704e-05,3.0156799698687405e-05,0.011150519630194072,0.06339203931498119,0.37324674213626463,0.4495748405093867,LFP,4,53
-285630.60792770266,2.1621077978559957,0.01040908283594852,38121.509736786924,-0.34081792599866034,-1.1591820740013397,-0.22336704899273963,0.3813874709428827,1.9953699946191465e-05,4.8022543206134095e-05,8.612271868372367e-05,7.360793228164815e-05,1.3282064227547408e-05,0.09818017339194897,9.48424361283981e-06,2.946153064954461e-05,0.02027249798784715,0.10634353317579269,0.4144733101101889,0.18581610772127888,LFP,4,36
-22511.18985584446,2.4182017445100743,0.0031320229913705394,4458.120087799148,-0.3371772738350671,-1.1628227261649329,-0.3648258953310527,0.20251684947786402,1.9181677902316657e-05,0.0001956969786133192,3.1322622408074484e-05,0.0001438564083695299,1.4411676449769933e-05,0.09208123311188775,1.3643837137156197e-05,2.6620420998827155e-05,0.004864430464067116,0.016229739919415426,0.5274494686806436,0.021494896068888297,LCO,4,71
-85063.09872587436,2.135088497306157,0.005054241587259616,16908.804794643256,-0.2878689876901177,-1.2121310123098823,-0.35403730751469886,0.2946935592074818,1.617267549162931e-05,5.6229375152141075e-05,1.0665092874684435e-05,0.00011752147580340849,1.3252857972503923e-05,0.0860487644605968,1.2213637432445243e-05,2.3761538362630797e-05,0.010276221250909792,0.029342237126509393,0.5274068455704632,0.019213609788328555,LCO,4,68
-361014.7311491441,2.091060013043874,0.006453842466882543,76461.26380052355,-0.24641069969167084,-1.2535893003083292,-0.23702346578149036,0.2743931585968569,1.2766707322113326e-05,5.7526257607448236e-05,1.2039353284763451e-05,0.0001377712034989431,1.3865138170812045e-05,0.08926049401520025,3.7196589224685164e-06,2.6827773421266856e-05,0.023530459045178132,0.13870519656351515,0.5370428009617889,0.0172285366932057,LFP,4,58
-226947.8991804673,2.2533123272653963,0.0050542856520719515,27301.22638280857,-0.27973155167040886,-1.2202684483295911,-0.2610673787795369,0.2987249899103778,1.9047261324622646e-05,5.1024067204715776e-05,1.0079112235044051e-05,4.519398441840186e-05,1.5560384975707776e-05,0.056882975591417355,1.5985608192793034e-05,2.2007616702164932e-05,0.017541860323176558,0.012309582224047492,0.4714702773692371,0.18515276162717856,LFP,4,65
-245616.45572599483,2.3150599143986343,0.0028785554304084846,53329.72246080033,-0.3085238104525807,-1.1914761895474193,-0.20190072594832587,0.20825821576685538,2.2960162486796483e-05,4.754772645564445e-05,1.2222741641299347e-05,0.0001241213008669021,1.6813453553322676e-05,0.04587637784360936,1.2116443175536995e-05,9.044159205101947e-06,0.02201589131534052,0.15800098005406027,0.5273417608453584,0.04275653315225547,LCO,4,96
-107190.86966442996,2.142710433943544,0.005027603566076345,19840.988274484476,-0.30908115702579053,-1.1909188429742095,-0.48978299300493267,0.2948288974623356,1.2849963262510165e-05,0.00010767234338468768,2.1441664125026007e-05,0.00011987648479992643,1.315804935172021e-05,0.09382761199973341,1.2225779897441379e-05,4.696730458356269e-05,0.010179690599958057,0.03652059953128232,0.3848416942872867,0.018854713176498353,LCO,4,68
-306601.8131008016,2.19644023956587,0.0026777200370307883,43142.76599613428,-0.19077145608819457,-1.3092285439118054,-0.1977610194047542,0.20025490538554705,2.3065780748531862e-05,4.3911192569729646e-05,1.5843828643822373e-05,4.467196487988375e-05,1.400757416956387e-05,0.08072289030220614,5.0546522815187595e-06,2.9109832235276484e-05,0.016951869468692142,0.13804526899366695,0.05338280497883095,0.540810906622748,LCO,4,80
-27818.32927128084,2.314015847377664,0.002384179510597208,7913.128533008949,-0.3534966796785799,-1.14650332032142,-0.1562506222882155,0.2225323966561617,1.6927959835246568e-05,4.752117853370501e-05,1.1990042205061529e-05,0.0001471925542142309,1.6832938519958517e-05,0.09232670929874812,8.631704855131888e-06,8.608981027244425e-06,0.005910619866935335,0.1377440365597835,0.3755972455431855,0.26040809560881556,LCO,4,96
-78205.3883876816,2.074067043964577,0.002325461424988406,22156.895786224253,-0.20705545697447825,-1.2929445430255218,-0.12517492895372395,0.2217561944350545,1.8532000863821985e-05,4.3249198834083454e-05,1.1989781502577748e-05,0.00014839173153597966,1.2476082891732002e-05,0.08789198230765662,1.0919053003506804e-05,2.6979337285786235e-05,0.01019427595359749,0.13734363622349943,0.29171552270777795,0.37576591211499866,LFP,4,96
-35404.551809655706,2.224031330108948,0.009072576230425608,2716.4079617077277,-0.3963763279574746,-1.1036236720425254,-0.06030497428589332,0.22359398116302281,1.5924369672608658e-05,9.108234651204048e-05,1.6063217927694433e-05,7.049736476573082e-05,2.3716221193577182e-05,0.09863576752321555,1.7889970052677925e-05,4.4657697438777164e-05,0.006192908744096929,0.15949769761430369,0.5932436673007101,0.11695366079909303,LCO,4,30
-611788.8767914295,2.2732999838346455,0.046112394108171126,13159.063192205664,-0.4619473990062595,-1.0380526009937405,-0.7021695163721979,0.4568994662343242,1.2328198288777694e-05,4.3698284930889925e-05,1.7986067698417205e-05,4.526600851655546e-05,1.653531473445502e-05,0.0951458730365926,1.3665859941968846e-05,4.083408237845741e-05,0.024319942240262748,0.01148913500148313,0.15329262372320837,0.06304872490311059,LCO,4,8
-495018.287851893,2.235211730192706,0.0035606328871165484,84893.31617545916,-0.2067477290555555,-1.2932522709444445,-0.3618849779004475,0.20148745576323362,1.2608927219587745e-05,0.00011632821300877219,1.2000644790536387e-05,7.258100725448488e-05,2.9480066021129345e-05,0.09784981189180157,1.4221966315735665e-06,4.1306725135717105e-05,0.020785511010391743,0.07668110765382018,0.36950724675687846,0.1219266676888539,LCO,4,74
-83003.77047746927,2.0983833147524726,0.0030747465033918245,26387.3857210872,-0.30270314962574574,-1.1972968503742543,-0.32755532064368564,0.29616389488680167,1.5828850814863314e-05,5.641801873364669e-05,1.0045429682931723e-05,0.00010341989114871411,1.8378891065897798e-05,0.0951983147745252,1.3700938144789215e-05,3.0753895566820025e-05,0.010403153737967675,0.0360517960283607,0.3049972228236582,0.2613956605042955,LCO,4,96
-36545.58493060227,2.1461845074993295,0.003828306206632692,6232.858263428314,-0.2936941525789045,-1.2063058474210955,-0.33916123333659776,0.29989734888116365,1.9042763332991673e-05,4.726225672074313e-05,1.0046893368456362e-05,0.00010080501633189925,1.30490446615149e-05,0.04478962986058291,1.1064923799119017e-05,2.2008021146624325e-05,0.008605959789950003,0.012306109224378034,0.4714120341390518,0.10712062329997246,LCO,4,71
-279272.0750829125,2.3895484015979576,0.04402264662235683,12075.776235707908,-0.2635184533383015,-1.2364815466616985,-0.156672251375628,0.2750369038474098,1.6796599639781686e-05,5.889434199055639e-05,1.199285726136896e-05,0.00014793094571449345,2.9402744752171067e-05,0.08397129970724898,8.51980911694117e-06,8.389759295759914e-06,0.022909448312682906,0.14179684572426812,0.533592741212841,0.09793816168726303,LCO,4,11
-285407.3971056017,2.5207316121564727,0.0033220169623900306,63296.270294111266,-0.32333984692270157,-1.1766601530772984,-0.051877555907085315,0.21467891819608192,1.529008662439163e-05,0.00024872411726622936,2.6750823635082692e-05,0.0001116589800469912,1.546996807565554e-05,0.09091408195707433,1.543532614853087e-05,5.699633566299508e-06,0.020972676834218218,0.292602674484138,0.5576334389227611,0.027886330686015634,LFP,4,62
-744711.211887397,2.144357321553036,0.039478686447380354,31220.408496497745,-0.3099218423484622,-1.1900781576515378,-0.17034878502355533,0.8138169110471418,2.7873382620714042e-05,4.5026942930074156e-05,1.5279609995091203e-05,6.380332997876615e-05,1.598719167720286e-05,0.09352963003683228,5.591793441086905e-06,2.5706961242189145e-05,0.02470775677661634,0.03998949328049475,0.4342095404891242,0.28545218120682575,LCO,4,24
-8158.464560378647,2.180408831727128,0.010538441993206199,867.1504294586686,-0.3728139288489505,-1.1271860711510495,-0.2748155312864671,0.22571845232191431,2.4470019653349753e-05,5.80660111201874e-05,9.339652591021268e-05,5.72931523389814e-05,1.3775711338484983e-05,0.055117187832485176,3.033339693719464e-07,4.837162110018511e-05,0.004446713688092239,0.05021325371180159,0.5830120367831471,0.021959178218584282,LCO,4,30
-24297.09372310508,2.1195365679119047,0.005254957505804504,4312.044328038567,-0.15098805411479965,-1.3490119458852003,-0.2981080841236493,0.20042627005508815,2.8947142581340475e-05,4.6934139443220454e-05,5.309380654021332e-05,5.870079300635571e-05,2.878799674493089e-05,0.08011847256483279,6.798650387498017e-06,2.965112452169349e-05,0.007700178513772275,0.5688780036489266,0.04701268479851892,0.016001227428905203,LCO,4,37
-459003.36061884847,2.24558470949904,0.003441820386692944,82352.80830673197,-0.35506026995849105,-1.144939730041509,-0.6212029502459796,0.20848350245652927,2.0953695708193936e-05,6.737471134904494e-05,1.756472473592472e-05,4.047299941963398e-05,2.9865873916596894e-05,0.09573525177715139,1.0868844979805474e-05,2.3715793607473017e-05,0.020651307586292078,0.03471096440784892,0.2228532061744144,0.051232879171757104,LCO,4,76
-135814.4905610792,2.0979704148265657,0.005978603077919046,28489.676903244006,-0.2518776203002666,-1.2481223796997334,-0.25935570640939176,0.2063689029618115,2.1400931213341408e-05,6.723275892683023e-05,2.3870982792336973e-05,0.0001140813544046277,1.2589512538047874e-05,0.06503322083748918,1.4571697947453958e-05,4.8369678289627783e-05,0.018407511459219875,0.140082215682229,0.5193787964100793,0.011183281498299908,LCO,4,49
-166281.01846196083,2.083244099681779,0.0026269513494863624,65700.63989815593,-0.29356307940230764,-1.2064369205976924,-0.6817206902068085,0.2021327289819195,2.906730476532772e-05,5.933204683949421e-05,4.40384216954464e-05,0.00014967775545776205,1.3840645413568066e-05,0.05502408206262127,3.7416698516363853e-06,3.70931785928184e-05,0.02169797949331852,0.03286034912846128,0.14774324640020225,0.06767571426452802,LFP,4,83
-44032.37318901262,2.2303966931086974,0.00713104085701347,6601.74901788399,-0.3222680220589176,-1.1777319779410824,-0.0030599132712626487,0.2877374368944426,2.8174750495707763e-05,7.618238311140075e-05,1.2096719484233917e-05,4.900724164027508e-05,2.7204997439010193e-05,0.04729890297478698,1.3077914878040483e-05,4.867702058608958e-05,0.011424007819170644,0.47795602517958446,0.4242716545493339,0.024712406999818977,LCO,4,49
-14291.054412141446,2.1968357893435613,0.012547629928037306,984.5663168632708,-0.17986804777811471,-1.3201319522218853,-0.15238942337332517,0.21161633511733483,2.3517248990288774e-05,5.967931388249231e-05,3.369559708444106e-05,4.6437854652239275e-05,2.945508118570298e-05,0.04849425532569216,1.271019667538411e-06,4.866602738123775e-05,0.005838383094479954,0.12971683255871133,0.46217846951939956,0.18571527454856399,LCO,4,26
-19302.77880890596,2.086480058266759,0.0023946081804791988,4863.163538539342,-0.270503153267196,-1.229496846732804,-0.23844544083014607,0.2193276297244491,2.396795855779368e-05,4.9176934469105115e-05,1.095732547574878e-05,0.00010997713619006043,2.6470264400743333e-05,0.09477274444758066,1.6427510954650718e-05,3.229055407247843e-05,0.00481318665561261,0.04974188361812841,0.12529443212162886,0.5165182434300967,LCO,4,90
-118309.41973809828,2.143444238321557,0.012279738399947546,16575.31410777965,-0.4692356740743211,-1.030764325925679,-0.28075779028492864,0.2618538552343336,2.827797483103284e-05,6.501818457786786e-05,8.105851336095124e-05,0.00014993400813646335,2.8420962483860582e-05,0.04023154635761046,5.153325057831519e-06,4.7362603687139135e-05,0.02245799989329666,0.05691988071817963,0.46195870325609417,0.13036362574079763,LFP,4,31
-172312.4188559245,2.1506477807957305,0.04820366270552087,8481.80023752597,-0.49186749025913024,-1.0081325097408698,-0.145656963689629,0.3752337370424532,2.9293674847313894e-05,5.319324156401156e-05,4.424590331508286e-05,0.000142358670372473,1.717558790478256e-05,0.06967313990154202,3.7285289217555417e-06,3.703751003954467e-05,0.02484037374631541,0.1404475859912591,0.5759475950546606,0.06794785526445139,LFP,4,8
-88905.04678898818,2.181274319257544,0.0038116184913433255,12543.772227266436,-0.3046897801542521,-1.195310219845748,-0.32743896809887485,0.2906433915636636,2.4619913432527976e-05,5.8989742348388206e-05,1.2180736117036733e-05,5.8033770640596006e-05,1.2955212228649145e-05,0.08887558784825708,1.979893820253787e-05,2.6511045298775267e-05,0.008696330140820612,0.014430113192483912,0.5363854819288967,0.05174543677974458,LCO,4,75
-221165.30889528798,2.134859233932995,0.009383863675118884,26743.66643468257,-0.3566694683659559,-1.143330531634044,-0.6354868509900609,0.22122694732249432,2.808596496871119e-05,9.435709937723804e-05,3.511049561205537e-05,0.00014918279045948718,1.4249087341438198e-05,0.04005968486290551,1.8850327016694947e-05,4.7410850270175565e-05,0.024329814103130152,0.010210780517955268,0.1256469209407942,0.15865544755118968,LFP,4,37
-9023.520570192888,2.110310366871022,0.009375171899676543,1162.880049690952,-0.21523312998319355,-1.2847668700168065,-0.39136311185494355,0.22113700936811187,2.9898050867252455e-05,6.1114642123204e-05,1.1793499659240575e-05,0.0001451636108250912,2.5962785228631537e-05,0.05243495216065726,6.470693725871162e-07,4.80901156448073e-05,0.005500715014707446,0.08525124213048729,0.4156678238524446,0.03771782216212457,LFP,4,28
-69941.59274737636,2.1205110586897935,0.009467305184548247,15950.037353492376,-0.3318906557001462,-1.1681093442998538,-0.16118446928334007,0.24260462586209797,2.2946675924698137e-05,6.501930079240193e-05,9.987663331021406e-05,0.0001135728804060626,2.5744024947874268e-05,0.058588794921776426,5.145460621700567e-06,4.8708881974629406e-05,0.018626177883878714,0.4213412952384704,0.16063975475640674,0.18683448072178271,LFP,4,31
-187108.20682635144,2.0663911583017436,0.003912259987472741,88824.24336564133,-0.1975025872974161,-1.302497412702584,-0.7635535944115956,0.2184646439309781,1.531748073983553e-05,4.0539940056883735e-05,9.69042576687142e-05,0.00014484259631674558,2.344253068706448e-05,0.06840537973818546,2.08907457026375e-07,3.7051353440625056e-05,0.02426556848918476,0.06904804154825607,0.08373645097641545,0.013661913063732878,LCO,4,68
-11249.741594347255,2.0929346245708516,0.005222383309167661,2130.9640126254626,-0.2945977489833105,-1.2054022510166895,-0.38936048763439113,0.20805486137066767,1.9736266024711254e-05,6.806772738565985e-05,1.3543333616366695e-05,0.0001262265100413334,2.882453469117257e-05,0.05047543021585788,2.399148420701092e-07,4.6446206514664916e-05,0.005678809139284089,0.01111114117466366,0.46067948324652663,0.06884888794441865,LFP,4,49
-274078.41154641146,2.1332677441159023,0.01099713163939663,19655.589458244714,-0.3561620135143251,-1.143837986485675,-0.303215380615138,0.28973031005915045,2.963045786847611e-05,6.098971067968434e-05,1.0967596391211707e-05,6.861010391769718e-05,2.577343311770859e-05,0.06551684428945231,1.292085646906646e-06,3.228816619093568e-05,0.02029233501981245,0.06948270533625563,0.5392278466852687,0.018074067363337748,LFP,4,31
-257013.3652811987,2.3971759709009794,2.053976773458144,3819.017456337562,-0.1690455715196375,-1.3309544284803625,-0.0960157376283104,0.3759871471592902,2.9293254615931e-05,5.876231937227779e-05,1.0508745268566124e-05,4.362675514520016e-05,2.865839721418836e-05,0.06981656708810008,4.835282583185904e-06,3.734704628469e-05,0.023020549578696065,0.17381011484824016,0.5920373508851099,0.06813679663833963,LFP,4,5
-347369.7789673494,2.6333327833073383,0.004952104706234525,65364.69872665027,-0.3651782439915472,-1.1348217560084528,-0.7404390097484674,0.2196425008788786,2.8500176963255052e-05,8.535862438540593e-05,4.3323132252718154e-05,4.334104753928125e-05,2.9871621043276138e-05,0.09210593970710289,8.841131550614164e-06,1.3948466854870334e-05,0.01947795053886744,0.03517392065795004,0.12678423822581314,0.02760283136776936,LFP,4,66
-24061.302522467617,2.235173322399096,0.038164682708454564,1084.9868577128793,-0.40355473309981527,-1.0964452669001847,-0.2625500716769572,0.7535386064978943,2.4080140905060294e-05,7.615026288913263e-05,1.716558261431267e-05,4.7957062456774726e-05,1.63919018287456e-05,0.06093936289592161,5.571270881775758e-06,3.646581455698126e-05,0.0055011358627639895,0.020648844515945872,0.40219891212082615,0.24460217168627077,LCO,4,24
-32184.440161993676,2.2184780410246456,0.00533834823350141,4149.142575156608,-0.3253404945174587,-1.1746595054825413,-0.44928361190856014,0.205327037149838,2.9944411060768282e-05,6.500289577075857e-05,3.091469431412767e-05,6.290687684969802e-05,2.8366855286339513e-05,0.09780628693141741,3.50932507146466e-06,2.95007616148586e-05,0.006732962302424449,0.2405364124983629,0.02028677837150339,0.21989319722157363,LFP,4,37
-478158.47553204617,2.380630005981444,0.02421207623702095,32699.625470235038,-0.24868416860039488,-1.2513158313996051,-0.16023517489271455,0.4621914063147824,2.822905150742488e-05,8.550430257606577e-05,5.3238028594374326e-05,7.344561912606804e-05,1.5847250898657857e-05,0.09417286111698256,5.502881041606513e-06,2.5860049154858586e-05,0.024708452062313827,0.03999904249942717,0.44389861962195226,0.2858671629859061,LCO,4,23
-145224.02757646033,2.101132364365335,0.01125977553376621,16932.75270898421,-0.3644292332503518,-1.1355707667496482,-0.4175988195769066,0.20931374976702805,1.55381550155185e-05,6.813982647109117e-05,3.7654550474196346e-05,0.00012594360955799175,2.882833501850612e-05,0.040260970035321385,2.006059475210535e-07,4.7776034221654e-05,0.022091104453564797,0.01950365223801323,0.4654545617151883,0.027442966469891944,LFP,4,31
-96361.74362636737,2.1481794099322027,0.008514147182184758,17222.948148339918,-0.32781583645784984,-1.1721841635421502,-0.3460523115931039,0.24256393782055624,2.0509905050508732e-05,6.509201633897579e-05,2.068556591530383e-05,0.00014326746748624745,2.476992564953082e-05,0.06047270100999685,1.2851417373929418e-06,2.5047543358211963e-05,0.018525768186834483,0.43021207755185265,0.14309162576013196,0.010643985094911657,LFP,4,31
-15796.52553355398,2.1783226028585347,0.006083935907519754,1684.5933869763257,-0.29532095561817684,-1.2046790443818232,-0.5808343742471784,0.2052070975955648,2.9985407587999408e-05,5.3222636233574586e-05,1.3026881318715556e-05,5.1800205557180834e-05,2.7230268615039186e-05,0.04424175511332323,1.688233958897439e-05,2.928606954425953e-05,0.006002103735506306,0.20031885721858192,0.12422111804016986,0.024625650494069812,LCO,4,42
-34524.38305035334,2.1848495041453297,0.008486211636814376,4595.615934548535,-0.2407608806483843,-1.2592391193516157,-0.1726946803914834,0.24161004012295834,2.817756545238838e-05,7.677483632397885e-05,6.0424530472584184e-05,5.9370598180271696e-05,2.572790741491241e-05,0.04685474825864035,1.719784349775201e-06,4.86766712154439e-05,0.011324933446403748,0.5040162248832539,0.05873484828086792,0.19455424644439473,LCO,4,31
-119544.05417199247,2.0881112600831515,0.008970642484805409,24403.418403725656,-0.31844420783421334,-1.1815557921657867,-0.13752914990470322,0.2723436742563128,2.2839054374312876e-05,7.701561733152813e-05,6.0384856729857796e-05,0.00011455369698859306,2.575165260975882e-05,0.0639275102645974,1.592846894115064e-06,4.871452567694402e-05,0.022001668851697843,0.5414556404359423,0.061110881146021256,0.18990432851333333,LCO,4,31
-72252.90266397248,2.487435569701126,0.0038036401674302403,14464.087844213786,-0.36490490580150947,-1.1350950941984905,-0.394775346583914,0.2013785947002722,2.922910720725142e-05,5.834124437843657e-05,1.5670176132214236e-05,8.730794794036917e-05,1.308463788860123e-05,0.05544177044192551,4.618644389820043e-06,6.742846406635302e-06,0.011225813732419224,0.10516250820691408,0.4194774629771302,0.010584682232041759,LFP,4,80
-146535.13575582523,2.0975274110169715,0.012458075632449554,17599.195415564638,-0.3644292332503518,-1.1355707667496482,-0.4193487790435373,0.2866503144392315,1.549946257307227e-05,6.822799472881591e-05,3.6337987873025225e-05,0.00013917161474732957,2.9003280746102835e-05,0.04026103853308361,5.750586757222789e-07,4.778761784294261e-05,0.022460106064058988,0.017010888707935445,0.46690261030485974,0.026737721943667622,LFP,4,31
-702744.7063317496,2.441419427006674,0.027132236331103746,20210.686320065237,-0.2628027801889665,-1.2371972198110335,-0.3878923333063844,0.238555761366417,2.8188693819813416e-05,4.2215963631547836e-05,2.231773912687955e-05,4.033285755303854e-05,1.2351989420027665e-05,0.09987963028334534,1.452283768844878e-05,1.3602422751471819e-05,0.02290419882574024,0.022165370357269985,0.5000143651780729,0.01992793115827285,LFP,4,16
-95205.252385464,2.432404916863535,0.0018496073184665527,60658.46652461138,-0.2250055778505704,-1.2749944221494296,-0.8326809216157165,0.22406258087169845,2.5470620264488363e-05,6.158810046332022e-05,4.592089781130972e-05,0.00013660731651802643,2.9873197364334233e-05,0.06279241002512526,1.2722866447379016e-05,1.5875222101892142e-06,0.019431686213179138,0.04248871792210619,0.027455304462990732,0.027375055999186583,LFP,4,82
-8152.815693793835,2.1867224490805515,0.015964762654654047,782.0682583058292,-0.3335681641866959,-1.1664318358133041,-0.7797886781890062,0.21857372451828824,2.941626048992604e-05,0.00011480059510879411,4.422809955104706e-05,0.0001089418959425306,1.808184965433361e-05,0.041920347111250575,1.5542604634247632e-05,4.7678752348220154e-05,0.004775035514976746,0.01014862799560888,0.125425204434922,0.014637489380462887,LFP,4,26
-123796.64939339277,2.1549227843084373,0.03144552732513364,7838.277469328556,-0.3937106255581959,-1.106289374441804,-0.6620906020434612,0.25129037095238166,2.0504362749837942e-05,6.607844364519773e-05,5.5939958569928593e-05,0.00013351566565181894,2.472949733244059e-05,0.05940137905368082,1.718240851014032e-05,3.5752434966247014e-05,0.0198433666847392,0.034824881916091094,0.19785645140610728,0.03522806463434046,LFP,4,11
-658045.733843999,2.153528704675526,0.06024605005655923,19662.1476607711,-0.22019026412687026,-1.2798097358731297,-0.2549760041826288,0.6725437048478329,2.8227691893111536e-05,4.5452405788023305e-05,1.0887124812849388e-05,6.311790356142646e-05,1.5992003623641296e-05,0.09149126610738102,1.4005202799403014e-05,2.601405918186876e-05,0.02265578818400589,0.019659138182080912,0.434107682535792,0.22125717509949835,LCO,4,18
-71962.38022361622,2.1496120543031885,0.01831003288718186,4206.044318596301,-0.3665703791135879,-1.133429620886412,-0.32430793133436164,0.20498578784655422,2.2048380919022693e-05,5.7971715803483054e-05,1.1508441523127872e-05,5.5593244677691385e-05,1.3746715479613619e-05,0.04028993036381691,3.825133867017104e-06,4.691024299338229e-05,0.011798072389245993,0.027641731229995414,0.5583104769259496,0.019739860509693397,LCO,4,30
-185898.68768987202,2.2420045073192925,0.003019708323590599,66323.54377882839,-0.3003402602506462,-1.1996597397493538,-0.06979051448437079,0.24295553948886983,2.8527563128644162e-05,8.539682844365083e-05,4.4916480704540404e-05,4.246201957763428e-05,2.3861185020437845e-05,0.09245784022064026,8.857096572615532e-06,4.9219482383481945e-05,0.01980184963110985,0.490161827219149,0.11061713010167964,0.2594305281948006,LFP,4,81
-20765.811902340014,2.063913835608298,0.0049233606652633365,3225.342811820307,-0.2677732987870911,-1.232226701212909,-0.09350675298206346,0.20393626417211466,2.0404321270388974e-05,5.607602792817364e-05,1.9997195548232207e-05,0.00014612941526207353,2.9467067156740625e-05,0.07327183849038678,4.6440829014957157e-07,4.8230727691143777e-05,0.005562870731430199,0.12936607915733828,0.5201029760529967,0.18702419180760152,LCO,4,59
-133970.8641427241,2.441920035927909,0.0016731444026960936,46524.70663353286,-0.27252994522445917,-1.2274700547755408,-0.7102314288110441,0.22467447471378213,2.7832200616050384e-05,6.158859329640153e-05,1.989056994842953e-05,0.00014936022780427245,2.931172733754274e-05,0.06277261989836999,8.836393566627778e-07,1.4738729738270841e-06,0.020608971758216833,0.13015224532672806,0.0266048231923883,0.06301150266983961,LFP,4,59
-120487.58349994563,2.150558369066181,0.0027720950136958093,49944.036036170844,-0.2894964090960972,-1.2105035909039028,-0.23463973022471352,0.2515290767519125,2.8592998329801063e-05,6.149696860891974e-05,4.6382300487515076e-05,0.00013523967433659576,2.7774172130845475e-05,0.0650420959544445,1.2779030690054572e-05,2.166016006106654e-05,0.019256633996126087,0.18013817231675203,0.1491518176072102,0.3660702798513243,LFP,4,82
-635082.7464078488,2.1267912679500767,0.0120077742751625,27615.181474273988,-0.329231650806344,-1.170768349193656,-0.16103891773444134,0.2905156819805359,1.5735469643654584e-05,4.9413899611040985e-05,1.2052075788818778e-05,6.96491354455211e-05,2.103692128121753e-05,0.08573954752270052,1.747906944783091e-05,4.761874527158754e-05,0.022764699527696282,0.010726836805023357,0.52525020624936,0.23298403921117528,LCO,4,26
-610522.1135418067,2.1063633254008196,0.028737090199583037,13795.886287884072,-0.35355331213826346,-1.1464466878617365,-0.21185390725461828,0.37196895122290974,2.708554227347715e-05,5.217164137076149e-05,1.269323790072324e-05,6.266696277898909e-05,1.7270177186848123e-05,0.0880763269421021,4.780324918406268e-07,4.7640516388539294e-05,0.022761198716791615,0.036651165942529845,0.3963683358660322,0.28512659093681963,LCO,4,13
-611788.8767914295,2.3479668636953934,0.032365537960825794,16097.26272471881,-0.22933226456148148,-1.2706677354385185,-0.7834567273187273,0.23041602738273803,1.4392534096949675e-05,5.4807988385353236e-05,1.6448860138484088e-05,4.676946448174067e-05,1.6381569583159403e-05,0.09932670779122989,1.985972910164248e-05,4.960455632481074e-05,0.024456653080722337,0.013345838952440436,0.05097917431199625,0.08221825941683611,LCO,4,9
-5548.06689910079,2.113318371148724,0.0036416896256956204,1054.9662297984366,-0.18647067449436783,-1.3135293255056322,-0.11537848111964044,0.21163502792986852,2.758808317480455e-05,4.293771678829135e-05,5.948905963412271e-05,7.707591310674247e-05,2.4016484490432872e-05,0.04222329667853445,5.717689533164658e-07,2.9248781590611996e-05,0.004006285555248669,0.32259655641953916,0.4474480205607073,0.04457694190011314,LCO,4,66
-611788.8767914295,2.265345326269397,0.10192276951093954,14446.988705515538,-0.36649586855808636,-1.1335041314419136,-0.7834543788327648,0.2653024273468996,1.2596584749480237e-05,4.7787787622027096e-05,1.7981923016848245e-05,4.525598455453078e-05,1.6383535804973356e-05,0.09996259489673665,1.9862575442420738e-05,4.81890807401622e-05,0.024475695564417133,0.01343787535172176,0.048885367126078265,0.0842223786894352,LCO,4,8
-5619.646319258421,2.1248186696969866,0.0034741569540404954,1142.7700083486786,-0.2646557598983321,-1.2353442401016679,-0.148159229056969,0.2145812242004812,2.7649481094364784e-05,4.311873604295087e-05,6.300008574831333e-05,6.317402367893661e-05,2.807803780425901e-05,0.04280750606256204,1.170382808489464e-06,4.727545481589098e-05,0.004001430499680477,0.31998892477692126,0.42275879403233263,0.03909305213377711,LCO,4,71
-614828.1208083092,2.1195579227194052,0.0120077742751625,31285.849006082808,-0.25016095003467775,-1.2498390499653222,-0.501770607566822,0.2616718558256932,1.2233517541120519e-05,5.6227719391493426e-05,1.9974025009727347e-05,6.317288820525578e-05,1.6100049488047237e-05,0.09605725825746893,1.7525162505853174e-05,4.8019946250435005e-05,0.021870210148565626,0.012714744753416251,0.3327422522184685,0.08277239546129322,LCO,4,24
-4855.006559736384,2.0881710999920706,0.0046104000009919745,1086.1800568670737,-0.2588991130746958,-1.2411008869253042,-0.21832815542357953,0.21464912489107893,2.764684157249755e-05,4.296686267359362e-05,3.957006800678794e-05,0.00012137391065590313,2.2067735694415274e-05,0.04169996105242071,1.2490150896113719e-06,2.6494140564150557e-05,0.004008396115900997,0.2732895539659806,0.41693937283175486,0.021442917778684997,LCO,4,65
-763840.3625217667,2.12343460307669,0.02287272820479467,32585.7391728388,-0.18418877576131365,-1.3158112242386863,-0.48388219176055036,0.2547524049657691,1.3116349144247562e-05,4.99014465348482e-05,1.7995655611722835e-05,5.121629971103292e-05,1.4262645715953456e-05,0.09983456741008508,1.6377497894326546e-05,4.3722876643514676e-05,0.02490679913515974,0.013486785432842742,0.3323752008272101,0.10025582197939684,LCO,4,19
-5242.648461411363,2.184067577277181,0.004064758677049598,988.4225999299571,-0.20477576706226408,-1.295224232937736,-0.07114765527620104,0.2287495979841597,2.7589352688080112e-05,4.3353120379692796e-05,6.306191186619907e-05,7.708565108078903e-05,1.777248709056235e-05,0.042814040929187086,5.604575060846309e-07,2.0544417935871663e-05,0.0040048324313426776,0.3226299851559593,0.4992461866745197,0.03697617289332,LCO,4,61
-4270.205107795409,2.0552667068450736,0.01670938657403462,407.957416739241,-0.2717625049967616,-1.2282374950032384,-0.049441871899933765,0.21405880956260806,2.613713878389572e-05,4.538766563211988e-05,6.270693676929976e-05,0.00014740972378695578,2.9169367364095715e-05,0.04106901992544637,1.2157755281918824e-06,4.75862945773289e-05,0.004001180802591876,0.4248514776970158,0.42247994933957067,0.03322670106347975,LCO,4,26
-5214.695596858613,2.4030258802115503,0.029701165921415553,138.1988081590165,-0.45799790522109696,-1.042002094778903,-0.03165589962805837,0.2071803535053407,2.828326070829893e-05,4.6302570569384516e-05,6.255130620139561e-05,4.473135532159122e-05,2.556467733695653e-05,0.04285696604466568,1.5080207923614504e-06,4.015322971578869e-05,0.004004924878765443,0.4722940513465684,0.3872851498075508,0.0387648992178225,LCO,4,9
-642217.7460720296,2.1243106704839274,0.012425580805296604,30426.6163257846,-0.38205116934503813,-1.1179488306549619,-0.2991480306359299,0.3016084829955664,2.8244046244420168e-05,5.62128333937328e-05,2.014968093110878e-05,6.359359017988075e-05,1.5783173793800384e-05,0.09335323726083486,5.243750873551499e-06,3.7797069876745074e-05,0.02263566316276852,0.05159492193041336,0.3292767288024181,0.24998031863123868,LCO,4,26
-97608.0989034641,2.0674374524588335,0.00482724613080627,63570.03319984201,-0.2842567286940927,-1.2157432713059073,-0.09745183197192664,0.2289107570273886,2.9503931228003497e-05,5.933001477749724e-05,6.0564428730123314e-05,9.788012614550723e-05,1.569520517732474e-05,0.06805391428286592,4.777372231962781e-06,3.6965086717320054e-05,0.02169683621219564,0.5631681352196991,0.02240142105820983,0.24697861175016442,LFP,4,83
-5619.646319258421,2.1248186696969866,0.003022086655053969,1267.354953003671,-0.2646557598983321,-1.2353442401016679,-0.13259988893126307,0.21003871896147858,2.7724121199635852e-05,4.362744791683793e-05,6.533332033850292e-05,6.304998892393435e-05,2.3391922221013694e-05,0.04302604465001446,1.1682554603967033e-06,4.7733191889670994e-05,0.004020920921759316,0.3239421378307896,0.4230248501674063,0.050433123070541055,LCO,4,77
-5046.281594653401,2.1159700012054508,0.01846236800408582,312.0485529129717,-0.325762518434356,-1.174237481565644,-0.13586893771132258,0.2045096591410716,2.763258012788572e-05,4.630664866787782e-05,5.80450756352598e-05,6.17255446481582e-05,2.1969761480698917e-05,0.04328845434825985,1.1294989293858984e-06,4.498210212643056e-05,0.004004814778904369,0.31992157289345896,0.43551420037652755,0.038695289018690876,LCO,4,19
-628938.7860946867,2.124555654755039,0.012614326667709896,28347.7638635885,-0.30164935225596423,-1.1983506477440358,-0.23050636583654638,0.3016210312219494,2.5871554278769445e-05,5.0276999145188234e-05,1.2331692491980252e-05,6.365693066498273e-05,1.5060527063248551e-05,0.08806716098327094,6.605954097970451e-06,3.425881449792636e-05,0.022846752702019642,0.06883241001099125,0.39684860973721436,0.233812614415248,LCO,4,26
-155855.8505366882,2.4207793024496365,0.2021719494340513,3821.2705145708787,-0.3572525922529959,-1.1427474077470041,-0.6737948010047606,0.28351729688264893,2.839157955310276e-05,4.8196986248562985e-05,2.9631566069258923e-05,7.068245235157647e-05,1.694898275602784e-05,0.08063681709537052,1.752438162385791e-05,2.152871290838334e-05,0.0167910975776663,0.05243495405229817,0.1358610822524082,0.06790916269053303,LFP,4,6
-629884.9993376832,2.296801954024209,0.09991373107479751,12785.211234609907,-0.44464536265534527,-1.0553546373446547,-0.3804640979679321,0.2601011555246404,1.2232422327861414e-05,4.3798754025508295e-05,1.704347680271124e-05,7.157515188731939e-05,1.6090631336111143e-05,0.09999962763972214,1.9071644576359892e-05,4.825327405464049e-05,0.024344840236374978,0.013439935486532354,0.4539630281239747,0.08213293842156091,LCO,4,8
-5370.381222754018,2.1257515699860345,0.003022086655053969,1258.1308713368537,-0.2646557598983321,-1.2353442401016679,-0.10132256609010204,0.21713674753485576,2.7646295820017932e-05,4.296178063976207e-05,8.111612277653464e-05,5.781270566160699e-05,2.273695455217769e-05,0.04303775428289933,1.2183602350184104e-06,4.7070484188490546e-05,0.004005305772425747,0.3530786715776041,0.4251355126943572,0.05046324963793678,LCO,4,77
-658323.0791065175,2.175129370252535,0.00245275440285398,93308.44822276622,-0.15100991010266362,-1.3489900898973364,-0.036118477981162966,0.2219900808870357,2.8948921482194014e-05,4.5029632221410015e-05,1.8184824416133024e-05,4.9399849323297915e-05,1.8207636211619737e-05,0.08310135855572275,1.8708305155169638e-05,2.988894473671883e-05,0.024538960625813625,0.19289175826315919,0.17454687803544866,0.5264428857202292,LCO,4,88
-5418.289211175833,2.091018284343414,0.002741528237840555,1349.0157617711332,-0.1855256606803266,-1.3144743393196734,-0.1279978619583244,0.22215356660189647,2.7588636251138415e-05,4.179172134275342e-05,6.2741431545106e-05,7.800547387615351e-05,1.5178066724197247e-05,0.042820610575746335,5.518875606009901e-07,4.079342520453922e-05,0.004004867323623011,0.32277379583985594,0.4421683834606791,0.03705995874114056,LCO,4,81
-5619.646319258421,2.110272847123425,0.002811722492314561,1439.7438987860544,-0.2646557598983321,-1.2353442401016679,-0.13653956742757478,0.21133079130312454,2.763369992935645e-05,4.206013510166915e-05,5.9519755253528375e-05,6.138745595735245e-05,2.1928698146787964e-05,0.04328888797062809,1.3900526259036669e-06,4.5073781905909174e-05,0.004004160722629705,0.3187537149609263,0.43009890464365536,0.0446078129678435,LCO,4,88
-4158.077269359621,2.072134513595598,0.003662031217161359,1480.6446133097938,-0.29102512906368894,-1.208974870936311,-0.21037314338381163,0.2143914529011515,2.764776285167828e-05,4.5033935272743754e-05,3.2296084639898264e-05,0.00013331770347240875,2.9995634821833003e-05,0.04281918852708675,1.285706489522296e-06,2.9482908577941006e-05,0.004000890226372058,0.2730669307682664,0.4166399371070377,0.02991998874088441,LCO,4,88
-749352.1497862957,2.1489896652675555,0.05329183994276267,29940.30639857401,-0.2707347030783982,-1.2292652969216018,-0.4076754825379958,0.8811590839060406,2.7979955130367505e-05,5.6668709471863515e-05,1.0892275851257393e-05,4.199769544322214e-05,1.6012847770028662e-05,0.09523036145386236,1.3870871358363265e-05,2.587477724049079e-05,0.02432692595872754,0.010047440833199792,0.4427523206743853,0.06952475595441915,LCO,4,22
-5326.0692122368955,2.1470868487428914,0.19946086482874817,165.66368071591057,-0.40466372160782704,-1.095336278392173,-0.13672645858306454,0.20363603275019024,2.756773678477412e-05,4.838714812528545e-05,5.79405446216013e-05,8.537091677242216e-05,2.2033751235765307e-05,0.042811797160897384,5.499027239774187e-07,3.892797599986938e-05,0.004004868128816949,0.324107518985419,0.4328346039701467,0.03633141846136976,LCO,4,10
-4796.141428956621,2.1058936399388175,0.002543074922356729,1299.969861373069,-0.17504452915490631,-1.3249554708450937,-0.05656818010989839,0.222185730506359,2.756356200869993e-05,4.176320214655528e-05,5.4232165786214094e-05,5.770494780388757e-05,1.2284655779599656e-05,0.04304492369548271,2.688749024079446e-07,4.724474399753941e-05,0.004005493581402254,0.3671491551169405,0.4500517648932013,0.05623089987995994,LCO,4,81
-604941.6418651849,2.125217733449439,0.025618337942444003,13282.391969109005,-0.3410296921804754,-1.1589703078195246,-0.21384594127333612,0.32821993059150484,2.7711732145383842e-05,4.3407272168342544e-05,1.2693134745743235e-05,6.330550676738408e-05,2.2460558785874558e-05,0.08748326668903414,3.3252909252559392e-06,4.775331041344482e-05,0.02275152319283588,0.03527524019164552,0.3963159599829447,0.28456285855207375,LCO,4,13
-4403.037685361867,2.1056471118543207,0.002972537778041869,1238.101194067207,-0.2646557598983321,-1.2353442401016679,-0.03782987149516326,0.21695121258771646,2.765088484184699e-05,4.274921549008445e-05,6.237752556362416e-05,6.821692272224894e-05,1.820602907819112e-05,0.04280562559730383,1.239746578642597e-06,4.659606433680366e-05,0.0040052582741024615,0.3683039605314547,0.5055018411096182,0.01836432686376397,LCO,4,78
-5636.975407897216,2.1164160308988684,0.004588819702726652,867.4989982510068,-0.28010317661846784,-1.2198968233815322,-0.06960838728572194,0.20965683709521596,2.7643015936376502e-05,4.3352322024960863e-05,6.47956826910545e-05,7.078918545327717e-05,2.122129736009268e-05,0.042708681560421305,2.727971838244413e-07,3.926686880640103e-05,0.0040037596689617184,0.3239453274019831,0.5002452048530586,0.03620108045923648,LFP,4,55
-619000.3893562705,2.123319752479147,0.0120077742751625,24283.16282095576,-0.24960475011980066,-1.2503952498801993,-0.20818356990457387,0.28822336936750914,1.5733601603176723e-05,4.9436829174013114e-05,1.1741486484120408e-05,6.047710244043899e-05,2.0894139638100213e-05,0.08573595368599096,1.7529412052499307e-05,4.7715083766417196e-05,0.022101210398910838,0.039918556948822397,0.39638147174625915,0.28551640140034457,LCO,4,24
-4836.330706536615,2.0756279083735674,0.0029974144135453185,1181.653003516161,-0.17480734728013303,-1.325192652719867,-0.014187065281494604,0.2095182925723951,2.776354762413934e-05,4.293042499811345e-05,5.630559730476895e-05,7.854453918373157e-05,2.0431116193039214e-05,0.043033233380966165,1.219025913156498e-06,4.83033088201788e-05,0.004007163282994512,0.3653538663155128,0.4753950352175695,0.0750640331854232,LCO,4,75
-35578.4922311072,2.3652459155471512,0.0030825422458476536,5260.301155428259,-0.31219982217194797,-1.187800177828052,-0.0672137127370368,0.23074980201335094,1.268845777001273e-05,0.00011181546556435958,1.2179884903104888e-05,4.666425022510813e-05,2.697563908730234e-05,0.07751956821013571,9.48606832121825e-06,4.4709614333619845e-05,0.006171980509746537,0.15952549124514648,0.5837665524852158,0.11949424353260091,LCO,4,74
-738954.8637624655,2.1582005957041495,0.023824483422565407,23787.79499232789,-0.29940245567240176,-1.2005975443275982,-0.20577571306526898,0.21514526084330565,1.598555814894205e-05,4.519905797207463e-05,1.2759887013101117e-05,6.33039696912648e-05,1.613297688291706e-05,0.08747683851319786,1.6505354379866383e-05,2.5982957739590722e-05,0.024841597656607022,0.019649064903529967,0.39542671280464464,0.3091485092265564,LCO,4,18
-644497.9137492275,2.153528704675526,0.015952516270970375,18576.73908399171,-0.2881984986118997,-1.2118015013881003,-0.24848372291736331,0.32457899307666727,2.977114196527879e-05,4.544221114148436e-05,1.2404655771050636e-05,6.334160151043626e-05,1.6023171724210893e-05,0.09140224554735091,1.2882199531207947e-05,2.565603472141193e-05,0.0221117698482969,0.022496307804018855,0.43599780816421396,0.22302216111440396,LCO,4,18
-611002.8454870061,2.1795071712933076,0.015698078434654858,13655.030136675492,-0.354840243502597,-1.145159756497403,-0.1738372158974123,0.25750223053030674,2.7800126607964785e-05,5.5374814200282e-05,1.2790936058848624e-05,6.358534624391845e-05,1.6119328674117978e-05,0.0880814522089683,3.299690016833179e-07,4.987176110622947e-05,0.02274509369164917,0.03687300898535017,0.4098658243527755,0.30942395076446205,LCO,4,13
-621165.8931516925,2.135644879406988,0.010712739349001656,32898.33614104403,-0.27614396021078313,-1.2238560397892169,-0.18308983594938755,0.29088443565133904,1.5987270387625255e-05,5.1239763442740167e-05,1.1736000756275445e-05,6.965266703005852e-05,2.3356256754916957e-05,0.08827950685812093,1.6042997466269043e-05,4.79548207675114e-05,0.02274962312181046,0.010536418071582248,0.39253627824550275,0.3438374677335275,LCO,4,30
-4577.391886346442,2.0336199795810117,0.0027635001230256638,1521.859624973017,-0.21891663434061037,-1.2810833656593896,-0.053905880856534694,0.21066876196198292,2.764845779567028e-05,4.506351861082366e-05,5.451475446178385e-05,0.0001313453827406115,1.9209293466501797e-05,0.04304674343094498,1.2956260903679447e-06,4.620856611984246e-05,0.0040056554433524315,0.41139648265025086,0.44698112949383356,0.017716506999380873,LCO,4,92
-611788.8767914295,2.279548414475618,0.032365537960825794,16328.807770705556,-0.22933226456148148,-1.2706677354385185,-0.7834985422572559,0.23007148336037228,1.22380895402038e-05,5.489302505691557e-05,1.6405824118912205e-05,4.525546473756185e-05,1.6384450741836804e-05,0.09948524941863278,1.986388950232342e-05,4.818347803139312e-05,0.024475849310302604,0.013340153906576361,0.05098141584403324,0.08217988799213453,LCO,4,9
-4796.141428956621,2.111520280221249,0.002743340476098821,1234.448644000545,-0.2646557598983321,-1.2353442401016679,-0.04477558838060158,0.21695061771508894,2.7526610889407823e-05,4.2971665299355414e-05,5.4223836858781436e-05,5.7702823019952975e-05,1.6508020569806402e-05,0.04304503537691616,5.800604404208785e-07,4.706974597533514e-05,0.00400557651888427,0.36719995746593864,0.4617096917195799,0.05631476243387992,LCO,4,78
