SpecificEnergy,SEIGrouth,TempIncrease,Price,UpperViolation,LowerViolation,VolFracViolation,C,la,lp,lo,ln,lz,Lh,Rp,Rn,Rcell,efp,efo,efn,mat,Ns,Np
-8839.191277740832,2.15900259223295,0.08348716809697929,475.31871497478573,-0.4108377724494918,-1.0891622275505082,-0.2972314137971491,1.1497832552411995,1.7004928368519933e-05,7.702278650786694e-05,1.0064299809508287e-05,0.0001275466472035685,1.449464486743848e-05,0.04794567003942016,1.6760306478250122e-06,4.310641183148113e-05,0.00491665860785767,0.03702730716782972,0.044206535958050575,0.5515347430769706,LFP,4,15
-519654.2741971086,2.325845568386622,0.003450042361697709,107512.36010368381,-0.31628057502044804,-1.183719424979552,-0.37156079077948523,0.2870088474171422,1.475811731703342e-05,0.00022616245573644353,1.6088008261654597e-05,0.00013726377893359462,2.9803145684617472e-05,0.08646495399312504,7.194637632590529e-06,4.153704569911502e-05,0.024721512318478234,0.05316616514174432,0.3566737169116295,0.148599327167141,LCO,4,71
-9559.23207578972,2.126443998253494,0.004523708889342149,3418.559249557574,-0.3767362549907265,-1.1232637450092735,-0.20124613123583157,0.31426788264437616,2.8911857188703314e-05,0.00010675634757452653,2.743510687451636e-05,0.00014746716247009733,1.5650334391576492e-05,0.05374513657883095,2.8939878851266193e-06,4.7510293697831054e-05,0.0051052068564392305,0.10443917449020729,0.5970153203327471,0.02729937394121408,LFP,4,95
-367157.6090341691,2.0731656901076656,0.00285330321030378,127281.34738295837,-0.2858036106078963,-1.2141963893921037,-0.3563219487413848,0.2842690480573235,2.3197633045567784e-05,6.0704061650777514e-05,1.0880683466079553e-05,0.00014403560338621462,2.9525026172455305e-05,0.09641167982220748,3.640294318593952e-06,4.277049708673152e-05,0.022790798197496957,0.0490785775547146,0.4693243976447406,0.05527507605916,LCO,4,97
-342110.4927087879,2.120952710269156,0.00592770938646001,62621.03328063038,-0.31896599334264053,-1.1810340066573595,-0.7223411980494479,0.20875792896933645,2.7960842601710437e-05,9.054344007946812e-05,1.122049222347956e-05,0.00014395842856904336,2.3271784213142755e-05,0.06122495257977473,3.804683953188981e-06,4.239306978058935e-05,0.023723511534493518,0.013694622891804084,0.17073474722204618,0.02322943183670187,LFP,4,60
-30134.723090041778,2.3170114546390037,0.002306715897995891,7052.51414411503,-0.3094274686229799,-1.1905725313770201,-0.37398339449567264,0.2684746017549937,1.481184212441583e-05,0.0002211010228060031,1.6503637418599116e-05,0.0001460553567507781,2.461870954155073e-05,0.08648354903002999,7.4159824474609945e-06,3.750086316618746e-05,0.0053747469781138275,0.05233494892347092,0.3565709890953612,0.1471106674854953,LFP,4,98
-357867.47486188234,2.166635805712806,0.005671962086058449,61382.36242865158,-0.31502375534633664,-1.1849762446536634,-0.586961911250263,0.3816476730050437,2.8008323524555426e-05,0.00011528188766806439,1.0617549612598202e-05,0.00011830437566222427,2.6322837002596355e-05,0.060738618566787715,3.689676245725743e-06,4.2475364364693245e-05,0.023808579807124818,0.024463367649347433,0.1698472453464658,0.1487274757539238,LFP,4,62
-66962.39182998968,2.133884893615291,0.011649821949212626,5229.762199140044,-0.3037057792414508,-1.1962942207585492,-0.3203275710806798,0.3229651876132218,2.7148872035266285e-05,5.310559573326655e-05,1.0404350352325843e-05,8.37278371852664e-05,1.6208510901203015e-05,0.04051479903668389,2.5559398197293435e-07,4.4275112426681875e-05,0.012959210018122712,0.05999317511973902,0.46984443445880697,0.07983481934077434,LFP,4,31
-22635.78595583809,2.1003026218881735,0.0043661528636784255,5921.517038204515,-0.3049262647559541,-1.195073735244046,-0.5259204392484763,0.30531747491943284,2.38542556188728e-05,8.133938821916099e-05,3.5095297257518597e-05,0.00014744207455906892,1.2385754793791761e-05,0.05382729531340574,3.522906192911844e-06,4.7713555450621786e-05,0.007183667313640438,0.06716037329323218,0.22975535120952054,0.10716383624877104,LFP,4,72
-21318.358927366622,2.1005141204792577,0.0823076454874841,2067.725193499938,-0.13685299555918995,-1.36314700444081,-0.6058438538954573,0.7662155907209416,2.8220437593281656e-05,5.075924737308234e-05,1.0529465479200229e-05,0.00014545210279361551,1.4289730343026035e-05,0.0537141341489574,8.873110170490633e-06,4.900047323304515e-05,0.009738193293111787,0.04505388284922974,0.2540923964609769,0.025009866794336144,LFP,4,14
-39246.65268024427,2.189746984317158,0.0058983118624634555,10916.233543242417,-0.2868177056611021,-1.213182294338898,-0.31536385736115724,0.523172522104129,2.255742223637523e-05,0.00013047733156061945,1.0889169120440793e-05,0.00014376143597809608,1.230946699830924e-05,0.04051516894010333,1.4535739289181577e-06,4.889875716382611e-05,0.010428600827271964,0.0220612355455162,0.48294772807864206,0.10962717901468455,LFP,4,90
-453909.6200249594,2.3428814394076682,0.08711471668155488,8197.02680374252,-0.40258487114945396,-1.097415128850546,-0.0907099719875909,0.21713356386260188,2.6916410762345407e-05,0.00010245486395590239,2.1405300533904043e-05,5.4568271009523935e-05,1.3183075843749693e-05,0.08900221340798321,8.520236309661543e-06,4.748398776508126e-05,0.02362320509937481,0.034783851956193775,0.27055630681972187,0.5339498692364935,LFP,4,7
-100342.20080151358,2.0615434814056917,0.006350630937082213,15441.842608129311,-0.22868962778764157,-1.2713103722123584,-0.3833385910505184,0.24793311329852316,2.2073805433021412e-05,4.4191039637320564e-05,1.006871767311311e-05,0.00010923070959881806,2.6101697353546456e-05,0.0592882021861084,9.600703373582892e-07,4.689421465525076e-05,0.01656149279090515,0.17932410399107432,0.34280330824406213,0.024533996714345252,LFP,4,37
-527969.7998759279,2.229163621556921,0.0037132481338055857,103074.88910674011,-0.3106741598858669,-1.1893258401141331,-0.5328173662846758,0.24392109329886402,2.827727676406653e-05,0.00016553908995755524,1.4896433262993881e-05,0.00013031399730380807,2.2810002409906327e-05,0.09479329119589698,3.4980249165132947e-06,4.622496236496459e-05,0.02452724185422383,0.029913369761749735,0.31730718660756124,0.0499620773460133,LFP,4,62
-19942.158569759522,2.3122020133829637,0.002180727997725858,4336.607892558865,-0.2591015742797449,-1.240898425720255,-0.3050305716272691,0.22662290287008607,2.4100432314997724e-05,0.00023404336520135193,1.0732025910457419e-05,0.00013542134371228326,2.2469885961506938e-05,0.09971609885190662,2.9581128609619124e-06,4.9588792849613016e-05,0.00403549787385709,0.06699738133971861,0.48298879945519346,0.07498324757781895,LFP,4,97
-393910.71922072466,2.0776931546409063,0.003616819294735846,103360.67817787762,-0.28824765373301453,-1.2117523462669855,-0.3572657671347661,0.27584698019692383,1.4680410796208002e-05,5.883847287129607e-05,3.153951837428567e-05,0.00013758474281504987,2.351109909983142e-05,0.08594394454824765,1.388323199706917e-06,3.860311018513849e-05,0.024789568068073475,0.06960897940307412,0.3548757284758738,0.1482495249862861,LFP,4,71
-41891.68076769951,2.2154135216733866,0.008659337439067081,2791.190278008063,-0.36544083240522696,-1.134559167594773,-0.1716102627267314,0.20058480873928278,2.4676410422186287e-05,0.00013048146879883151,1.2083642781108389e-05,0.00012763529099420805,2.0029212625988398e-05,0.04674231135645314,2.782594296651005e-07,4.1106835453843086e-05,0.009161920422952094,0.09270708626120579,0.42147937079669184,0.24420328021537094,LFP,4,28
-136941.25134565277,2.1015501567931243,0.002296958721028616,41347.196298625626,-0.27598196432779254,-1.2240180356722075,-0.36946703190452745,0.20008600948093555,2.4441323447161746e-05,8.029144662593885e-05,1.0881367313196762e-05,0.0001315291375555889,2.711060587415605e-05,0.09633957656345465,3.678126260553389e-06,4.276120981893784e-05,0.01292636924777986,0.041426959466923305,0.4639381600254291,0.05516784860312014,LCO,4,97
-205222.50763312826,2.118991649477574,0.026226862427615506,16558.60926370436,-0.4470069593047068,-1.0529930406952932,-0.4868709021350245,0.25733063479288865,1.2285278109960613e-05,4.042799049485382e-05,7.15889001647569e-05,0.00013931048008372762,2.1577623886448217e-05,0.08225218323445456,8.316108828657703e-06,4.7076139868407845e-05,0.02129512562754725,0.04416865440840771,0.3325643693796262,0.06639607407694165,LFP,4,15
-340424.2650501466,2.1582098950341297,0.01728076080370811,23501.588864678415,-0.3743894580263323,-1.1256105419736677,-0.34503549523119503,0.21880884231557968,2.5596356780690786e-05,8.972692589825035e-05,1.1934390471203952e-05,0.0001422453957049786,2.28718980565738e-05,0.0740285700845837,3.4828647730588673e-06,4.117927755618716e-05,0.02330043932870642,0.011556992371202196,0.5575716588984263,0.01583585349917645,LFP,4,22
-70343.94768940753,2.1055191221402145,0.020627239566167157,4168.607154202776,-0.2715868732664539,-1.228413126733546,-0.2625778841258588,0.25982186724530965,2.2056651657036096e-05,5.629669099610873e-05,1.1945791258749904e-05,0.0001430441552335548,2.7274066299718797e-05,0.052348257445004584,3.496424711114012e-06,4.11591027125735e-05,0.014449111875620101,0.08708061990499937,0.5645616657741438,0.0157798301949981,LCO,4,15
-334868.04846914986,2.127979602484554,0.04247470640601582,13416.340792707897,-0.2921035052533121,-1.207896494746688,-0.3468352004433942,0.35205894545790634,2.7211443497583897e-05,5.81875518334744e-05,3.525147158821624e-05,8.178596204625218e-05,2.178485681552433e-05,0.08287678059080879,4.770737491755399e-07,4.71125380430111e-05,0.021298490917511678,0.03707700096702908,0.47423543894793596,0.07185235964164083,LFP,4,14
-234606.22197059324,2.1238843618013714,0.015933769048342962,18290.20530351254,-0.34332865982939964,-1.1566713401706004,-0.31097842024660904,0.22990042674670497,2.111549147364982e-05,7.291756901578656e-05,1.0713979223240772e-05,0.00014121370107075278,1.7387510206130092e-05,0.09400370928712597,4.345545478458727e-06,4.851107762055507e-05,0.019594378118369532,0.02517216317338218,0.5524541214901283,0.04139529508988049,LFP,4,19
-225790.61801373656,2.4528326106369533,0.2015593767280756,7161.7913296792485,-0.5364990560174245,-0.9635009439825755,-0.6928010433216112,0.20891878827712254,2.954043035007744e-05,0.00016571374384508473,1.0564463085084635e-05,0.0001422950784217789,2.2783205746641484e-05,0.06432654898522747,3.4827987453846736e-06,4.111732884921718e-05,0.02453408980672066,0.017210640553143107,0.20453920381556703,0.015449112309678676,LFP,4,6
-44584.25334385207,2.0881024029905384,0.015068329317007865,3569.218588684165,-0.3425173401790236,-1.1574826598209764,-0.582529868070723,0.280058257483648,2.711713684265077e-05,4.4160170624113306e-05,1.1526648814139907e-05,0.00011122826782695267,2.9906817301278618e-05,0.09990776977906027,1.7712586772488856e-05,4.897636300893335e-05,0.00777800530087853,0.046570461263199456,0.27031235402886367,0.030587316637213854,LFP,4,22
-25844.680791408828,2.1047452894773375,0.012002415350792805,2028.1535267131733,-0.33146974233842386,-1.1685302576615761,-0.3277809418888361,0.20763849778928678,2.848628522663348e-05,4.261561724857872e-05,1.3631366927096422e-05,0.00011249504602740225,1.8909541079415788e-05,0.0835903959149978,1.780089034646284e-05,3.7697709354067186e-05,0.006219600292410888,0.021291186948818742,0.5495627196029989,0.03136515155934636,LFP,4,25
-51471.78300174004,2.060351533612076,0.005518692922684224,11426.455305237741,-0.27220023137450866,-1.2277997686254913,-0.07933037611139648,0.2654622455943609,2.2541996026231565e-05,5.5887929133119945e-05,6.669859243682505e-05,0.0001452850050946307,2.728258103576408e-05,0.05226972035662479,6.7453443863013255e-06,3.9555966571242495e-05,0.013667866331371178,0.21643224209947873,0.5739153795991887,0.06032200218993608,LFP,4,48
-297369.9431690414,2.1688940814094804,0.010172462699189335,19441.93942289816,-0.2821761293411189,-1.217823870658881,-0.3393566900660777,0.20532909291201495,2.6790988528827862e-05,0.00010784173249119526,1.0064042212263716e-05,0.0001305806670796885,1.3027623549878695e-05,0.04026477752438338,2.3470569220080076e-07,4.236269978944263e-05,0.023999216890020946,0.028272293703861067,0.4812602768845508,0.08111073934551052,LFP,4,31
-503379.7912560926,2.2019306188252648,0.004002783895783453,114718.78760585944,-0.3145928182063642,-1.1854071817936358,-0.3538406071611937,0.28744245983256417,2.8332750400366864e-05,0.00013898000054670905,1.487981672568042e-05,0.00013740129355309632,1.969207830372879e-05,0.09857605725281753,8.820002035538684e-06,4.1533749536465857e-05,0.024522067763308054,0.05198929254916391,0.3732867356772892,0.15088336461235324,LFP,4,71
-51127.52204276073,2.3592061225584593,0.11782881160994854,1602.6326320213911,-0.4399305656590933,-1.0600694343409067,-0.33229507674314673,0.2588787472185267,1.2155602568567484e-05,4.262628905318278e-05,1.3480387437879091e-05,0.00011189761091976951,1.880668663792564e-05,0.08219910348263966,1.8174087323433738e-05,3.316939903618345e-05,0.008513399251444538,0.02019423989857387,0.546799039060414,0.030711644297865385,LFP,4,10
-17349.756469781267,2.1047452894773375,0.01710665700318535,1000.9363445701696,-0.352041206635727,-1.147958793364273,-0.3357244216106373,0.2075179128977407,2.935701053748934e-05,5.0787578025266e-05,1.4960225725149558e-05,0.00011199663187719841,1.4287990562197907e-05,0.08359164229601682,1.577306921506843e-05,3.620641880423007e-05,0.004326721171725468,0.019458690129130346,0.5522537099866224,0.022563178273610023,LFP,4,25
-140645.89440838053,2.1769259700448536,0.0030497770793157285,35020.406193762996,-0.31103758284396577,-1.1889624171560342,-0.3219672367609351,0.2803011549188066,2.684285424857644e-05,0.00012987061029357566,1.6156991854125022e-05,0.00014681997590381709,2.25586365427666e-05,0.08656084764360404,3.624542231131666e-06,4.2188407151654104e-05,0.012989891270338103,0.02411776324182389,0.45212008456496533,0.1317949154322757,LCO,4,89
-301317.84079160227,2.2337638184967847,0.005470847265398956,58626.5670620224,-0.3194627532117469,-1.1805372467882531,-0.34472803031102695,0.3807973693663791,1.4067740740690038e-05,0.0001635374130106977,3.170112945109344e-05,0.00012756500961755721,1.8534716387052103e-05,0.046516612985254495,1.4108740398598726e-06,3.844852024378662e-05,0.024961453121433642,0.1034080963561685,0.37179485405516743,0.11006901927763718,LFP,4,71
-30940.516729240022,2.2543555374761057,0.003064832374966345,9790.566674497857,-0.25705014819635075,-1.2429498518036493,-0.5293999763588633,0.30537266221828113,2.8782301676386884e-05,9.626152062800026e-05,4.644775073625055e-05,9.442247927478518e-05,2.3105157686549632e-05,0.04765661848868848,3.0909238765538678e-06,3.0879036865782786e-05,0.008661885039549231,0.08186983961190933,0.17955066853262863,0.13917951549659885,LFP,4,97
-112645.46529126754,2.09316908266023,0.01580013857272329,6315.936650824545,-0.3667575439181121,-1.133242456081888,-0.3469675218521777,0.22408218620366785,2.4326278652982474e-05,4.973748907828461e-05,1.0572794811262507e-05,0.00011111370162130212,1.3640076003394453e-05,0.07395444574070083,2.739765170878992e-06,4.3047060265596356e-05,0.012485127040811665,0.012217050190386974,0.5575865055678598,0.013228922389575504,LFP,4,21
-76638.25261518058,2.087891411428407,0.012954850818507764,6863.144456556019,-0.38431535742162737,-1.1156846425783726,-0.3387647742886515,0.2073478921363155,1.724273879689876e-05,5.076357192704463e-05,1.1233258643240525e-05,0.0001412281947176995,1.2814916118797665e-05,0.09413107363091719,1.605634828520055e-05,4.584029199060213e-05,0.010540413332033318,0.01676281785889222,0.5522511155357094,0.022221292316746917,LFP,4,24
-180086.48202273957,2.100080952593176,0.003117172989410848,66006.08756543028,-0.3052419030808977,-1.1947580969191023,-0.20216122035058814,0.30367808651828265,2.407294891902335e-05,8.233637906679136e-05,1.8318595695825292e-05,0.00014770367136917605,2.4743107326455594e-05,0.0946834501664707,3.662172613497589e-06,4.118983389136304e-05,0.016584032324195346,0.08655252282372145,0.43065390916751967,0.21063234765817085,LFP,4,100
-139288.38911350857,2.2430881192669343,0.0025864907611387452,50505.358814957595,-0.29941589664931634,-1.2005841033506837,-0.6639387587110388,0.2117439304803877,1.3560892260390424e-05,0.00012223748946943393,6.751357769452132e-05,0.00011738507866359392,2.6328291623730524e-05,0.047542654999545506,3.0733838968789785e-06,3.146784627651554e-05,0.019455550022804795,0.055729857353761084,0.14922318591247222,0.061108198022727975,LFP,4,89
-120411.04500515394,2.0857252015405097,0.004742856883032355,31939.20264910637,-0.3032135484024767,-1.1967864515975233,-0.3039956910720606,0.22773106984243552,2.9909482973901162e-05,5.813316630793199e-05,6.902627025740082e-05,0.0001191025148254866,1.281595071392633e-05,0.09101542507147015,5.8880673842123646e-06,3.9639271118638185e-05,0.014221323247930077,0.018914772428526804,0.02403196708423622,0.5830575694151764,LFP,4,65
-180347.24915101886,2.1927860119695293,0.004288726058025183,29662.48735999064,-0.3126892760645035,-1.1873107239354965,-0.14863860431634568,0.3240191010151869,2.7916281915117473e-05,0.00010468795297376468,1.1962562237674686e-05,8.345904633646548e-05,1.2195117558364733e-05,0.06582469618538281,2.0008859368171966e-07,4.4362742436550125e-05,0.016357326025636575,0.05685764323852976,0.5154603695250175,0.20904338292010716,LFP,4,69
-410589.6922374662,2.2988878923395095,0.0024869194827106776,135742.32265110733,-0.3117844327567063,-1.1882155672432937,-0.4640281623589608,0.23672520259706814,2.3698074781804836e-05,0.00020958864785002764,1.8527847770442007e-05,0.00014262319102985652,2.141649735669989e-05,0.08457603267199053,3.598202799949053e-07,4.0561172161850165e-05,0.023470986641636493,0.03518971973280851,0.010774265549631457,0.4200078523585993,LFP,4,99
-668963.9163101129,2.5023336748921086,0.027403046989739333,133660.51966151103,-0.3365768104656208,-1.1634231895343792,-0.30239512545712044,0.2052634692103432,1.7218235959521426e-05,0.00019696050311239296,2.261912833111642e-05,5.764576169847822e-05,1.2358239734312694e-05,0.07909941529476462,1.958639609840649e-05,4.880767273487891e-05,0.02478569416372354,0.011265463530685456,0.04903046948141571,0.5673089415307785,LFP,4,99
-21865.069711257085,2.5634565482132823,1.9578906239343519,960.7634899178538,-0.3816589377486146,-1.1183410622513854,-0.12475561171273652,0.35928120924194296,1.2893272183650777e-05,0.00022153537570142264,2.7457726161301976e-05,0.00011668750612549875,1.2730396606709207e-05,0.0442586634655436,3.4680824605998434e-07,4.28755180198895e-06,0.008148940683193103,0.2138920288860864,0.05447240308321688,0.5368799563179603,LCO,4,12
-109173.19046008415,2.444976509080685,0.18243569160002318,3064.5297396216715,-0.4493615853342732,-1.0506384146657268,-0.32848085592359044,0.21832614203245204,1.2026085026878999e-05,0.0001762564772479763,1.9731916417570367e-05,0.0001477480614571375,1.7610819639904365e-05,0.050696078031409075,2.950264200269424e-07,4.8284303105107223e-05,0.018738960225161954,0.0429459987546554,0.17667057879654235,0.3819025665252118,LFP,4,6
-185636.97465820613,2.6146322501580634,0.00533117984128723,15483.426141423448,-0.3816566778871735,-1.1183433221128265,-0.15514329334689891,0.20946210276192326,2.3760796684725748e-05,0.00021317122648198018,1.7923543888961864e-05,5.0313123712580095e-05,2.06416791807265e-05,0.05367426776975117,3.062978697197865e-07,3.5883194710263966e-05,0.016099999733977167,0.02131847894773729,0.30254864992863023,0.45098957777673365,LFP,4,44
-13489.3241697843,2.0799768493001385,0.0024932480606850603,4321.691558434086,-0.2691845457060573,-1.2308154542939427,-0.24744073136266898,0.23924946564586197,2.5958453451317735e-05,7.390066416442704e-05,2.3112524403432054e-05,0.0001384021720450576,1.3089083444680835e-05,0.05889574388359042,1.6178776997251113e-05,4.829686252340418e-05,0.005471792842605672,0.07254808862632484,0.03978709243614922,0.570224087574857,LFP,4,93
-210936.80241858625,2.2924551827900315,0.02297645731482411,9698.643703289737,-0.282604038429616,-1.217395961570384,-0.3994727003905043,0.24352219034624606,1.2973560424631397e-05,0.00017760389563378713,1.9231122879322182e-05,0.00014948280163508185,1.2343091347448562e-05,0.04329103928439654,3.149729506537632e-06,4.884425118865202e-05,0.02047026698940745,0.04293082015017549,0.11693512503841974,0.37066135442090054,LFP,4,18
-90336.04060874949,2.1092727920681558,0.006365080303960608,14893.873020471701,-0.25599960470566074,-1.2440003952943393,-0.3261633664594633,0.2575200521502066,2.0329969123067794e-05,6.966391194005665e-05,7.583498922505313e-05,0.0001464893038299774,2.3540538012750085e-05,0.04609295774880765,1.7161705029859364e-05,4.2836977246990125e-05,0.017574974561342847,0.02339989080050489,0.5128955462653332,0.06754119647469864,LFP,4,38
-14728.797618268678,2.7929855719625336,0.40063284659291215,327.34057600936234,-0.5356671412977594,-0.9643328587022406,-0.16950073924953868,0.224443403300362,2.758667028160042e-05,0.0002145634235236243,2.9547308171857546e-05,0.00014252429606964012,1.2403792196325237e-05,0.09834053905866107,1.6809823277824756e-05,4.9960369083741776e-05,0.005610044313966813,0.04942986673727093,0.14591578839600705,0.5651536056171834,LFP,4,4
-165125.24180470002,2.3059384181503844,0.0029245586428762395,37906.399241894156,-0.30736106440205013,-1.1926389355979499,-0.32493286679726785,0.25867017041214146,2.3898800937991616e-05,0.00020684300556746892,1.856784883464983e-05,0.00011846056151222505,2.926367499094786e-05,0.05824292068928285,1.228087148476162e-06,4.985799028913819e-05,0.017021534524505492,0.04628082868698334,0.03889050270835674,0.5198958018073921,LFP,4,82
-89324.61675371722,2.222981753969515,0.0028584088392813022,22786.31536133815,-0.3023102469216443,-1.1976897530783557,-0.3231944197835479,0.20329248705258046,1.6461941566349066e-05,0.00010071660611858276,1.0750568793243493e-05,0.00014267990862998928,1.570661068329213e-05,0.09148910656363313,1.9591679796734915e-05,2.8082798293397796e-05,0.010612391480451577,0.01116836933115969,0.048425591866172776,0.5472116190191196,LCO,4,79
-174289.3140079615,2.0703453856228666,0.003535511663915751,42355.21216841606,-0.30986468209366613,-1.1901353179063339,-0.3255923230467852,0.2079526532397539,2.376017132337237e-05,4.104289589173301e-05,1.2510409629641361e-05,0.0001368927209518525,2.5538599749580496e-05,0.05911967966734245,1.176566050205782e-05,3.6014945153546754e-05,0.021267545106728916,0.0368014508186826,0.03417218984765944,0.5334340362868728,LFP,4,61
-129597.86913090397,2.09913034281018,0.006317740558105871,27712.331964662997,-0.31113957185261754,-1.1888604281473825,-0.22351066850039825,0.25846317344019265,1.265187337706165e-05,4.191292115176017e-05,4.7952896873826756e-05,0.00014510468805948483,1.2364586349178331e-05,0.0916458701754686,3.1069176130311226e-06,2.9178710244408673e-05,0.01458678092909189,0.010569259797966591,0.16439970528570094,0.5315203664159343,LCO,4,52
-46725.46733945983,2.350527794578889,0.017980644001378703,2782.435139843785,-0.28921243379957673,-1.2107875662004233,-0.33601981074012166,0.20960400975548127,2.3844666379682552e-05,0.00021023917863835007,1.2432415736846623e-05,0.00011359317976198345,1.23031203329924e-05,0.09446439342088392,7.264779066179872e-07,3.55711864924125e-05,0.007223220299331539,0.011773694009605647,0.029819878136303685,0.5523866171139691,LCO,4,20
-298009.3181181367,2.4820970253740575,0.0021148047029265486,57132.980874362496,-0.3430959214497964,-1.1569040785502036,-0.2721282006779633,0.209595662046204,2.4370424126461137e-05,0.00019693617758183334,2.4462322942190802e-05,5.852185319396008e-05,1.247191593684658e-05,0.07775519177772695,1.946715129209059e-05,4.880993996515093e-05,0.016516846996011733,0.043570392830257695,0.028410261999483752,0.5858911444922953,LFP,4,100
-186978.20604167302,2.1344265182280497,0.02706484385519569,11099.965450180543,-0.3456764637567993,-1.1543235362432007,-0.1745574326273296,0.23428565986765615,2.5182725378496077e-05,7.157633419383036e-05,1.0879184206626466e-05,0.00013111537187843387,1.4940399914431673e-05,0.04376831096297125,1.5358258506592337e-05,4.82226204981774e-05,0.023608755487264314,0.05293915905035408,0.11328225517072586,0.5892211531515905,LFP,4,18
-257608.0452905884,2.1103625258490215,0.00253746345621514,68598.26333048401,-0.3212737082830621,-1.1787262917169379,-0.08326663308601934,0.24632099462333187,1.526656842496427e-05,8.823952489222098e-05,1.4463321045216142e-05,0.00013028378880003037,1.8785834118266906e-05,0.07861752866170459,1.324206450992147e-05,4.5317195563317114e-05,0.01996856185497943,0.05611929817622338,0.584509940661091,0.20610412807666634,LFP,4,88
-174434.18168735196,2.317207048676837,0.010981790525959063,28187.102051447324,-0.33287171052110764,-1.1671282894788924,-0.21227935449364432,0.28006921429087794,1.2400851791815469e-05,0.00011089311098602205,6.486521793955445e-05,0.00014917648519566573,1.234725839247772e-05,0.04113917693328222,2.354582011600469e-06,1.9294445068301456e-05,0.024012387297505766,0.01018630844430404,0.1756586807166649,0.5318756563453868,LFP,4,43
-16993.50387699178,2.2910433624668225,0.020675555509866383,646.1365403090581,-0.3871946669777113,-1.1128053330222887,-0.2491372072470741,0.20879389725293182,2.924521070117044e-05,0.00011136166900954017,2.8207304845434133e-05,0.00014234560363578434,1.5712825345304546e-05,0.08061542438051589,1.843555576299645e-05,2.200654025643193e-05,0.004828171898619173,0.01105319775839008,0.11336567141813104,0.5564439235764048,LCO,4,13
-7132.845942273602,2.056541431459961,0.007000357563525232,1078.459331203862,-0.19500503383536305,-1.304994966164637,-0.4333224344178851,0.2544327806765352,2.4724267320228964e-05,4.237311265738141e-05,1.1237652229913776e-05,0.0001186928210244782,2.9054840017748543e-05,0.040368447885127105,5.2004164955024045e-06,4.9333775767333805e-05,0.004023295940515169,0.036970895435551446,0.023787650970993127,0.4359190191755704,LFP,4,63
-72003.7087657981,2.2965618798983747,0.03802358189388918,4110.74569817125,-0.37500156247035576,-1.1249984375296442,-0.22686458233814144,0.43416957443745924,2.835516365169292e-05,8.792384112952961e-05,9.487365519576235e-05,6.624325276963835e-05,1.2904184286421991e-05,0.07628669172002185,3.6455555444240556e-06,4.276664208693061e-05,0.01103571903470987,0.11231480724048531,0.01106054792421286,0.5797600624971604,LCO,4,17
-89396.59270259303,2.0843663454676817,0.02398500357432288,7215.737718459967,-0.40129787348581125,-1.0987021265141887,-0.24685512304892798,0.24585738511472643,2.5031763478869377e-05,5.422280901820597e-05,1.077128307060345e-05,0.00014742893899895434,1.4624300698614857e-05,0.09756005232594084,1.534293412311783e-05,4.005711770374842e-05,0.01190344656975224,0.0285049059053754,0.11324310558991882,0.5413968654557778,LCO,4,20
-56032.781567449114,2.1200829687633203,0.020782078837554254,1978.583064844071,-0.3251329353761214,-1.1748670646238786,-0.4114365731349916,0.22925837797430423,2.838601155205868e-05,5.8232998477387075e-05,1.0681378756250286e-05,6.408793096935372e-05,2.3272467971767433e-05,0.0927299041305282,2.9785802683832707e-06,4.7626554637874034e-05,0.007327668235396436,0.11457418681550705,0.02979617097997507,0.3741930690695263,LCO,4,16
-79446.96242066816,2.164724567296712,0.005798589167078223,15218.834927087866,-0.32147439765227226,-1.1785256023477277,-0.2976929298019263,0.281784464458392,2.7945347482502215e-05,0.0001195877881474515,4.800438118990208e-05,0.00014535696815313624,2.4468606303556728e-05,0.05202301353536391,4.385121831319919e-06,3.605365904679491e-05,0.013936453533452487,0.021383616719790763,0.16352201755079016,0.4474014359274929,LCO,4,56
-57021.71268117954,2.0983144630185873,0.0037474113391170486,16704.616185601502,-0.27497941451464314,-1.2250205854853569,-0.8357587098635758,0.2190307750664498,1.4799008258959585e-05,8.515327456326924e-05,1.337675059018008e-05,0.00014463327857023675,1.6530447785684725e-05,0.059101738300939836,5.849489325388456e-06,4.925285596374686e-05,0.009503841892359595,0.014631316221423524,0.041565384609719515,0.03804458930528121,LCO,4,94
-44586.104176747125,2.0948036423926846,0.034259192704936395,2461.697646420754,-0.48206130545869996,-1.0179386945413,-0.3039230057949648,0.20740913299561986,1.8987047099889574e-05,4.3603487358939517e-05,3.279978299116044e-05,0.00013931068964672747,1.7694518849812568e-05,0.0817751486031208,1.8206024991601448e-05,4.713780972610939e-05,0.008658295281783216,0.044299212289507006,0.5509476424739601,0.030830139441568212,LFP,4,15
-260881.44833943102,2.3402286995263304,0.027081284103066938,9318.830887789596,-0.29781367009244875,-1.2021863299075513,-0.11670485101969885,0.3136286023765329,2.4515612925564305e-05,0.00011041419541447765,2.443998439202396e-05,5.771046641720787e-05,1.2529316117051262e-05,0.040912334231740684,1.992482482817662e-05,3.973211110643281e-05,0.02418299845911761,0.04382657781040482,0.17888089669815438,0.590587674471742,LFP,4,16
-128705.95194905197,2.145295325108599,0.049821675068562325,8162.788352212576,-0.3816480882878608,-1.1183519117121392,-0.18469265547492209,0.43595442342930274,2.8420454425489905e-05,6.485556368887436e-05,6.688170632115526e-05,0.00013226992657599368,1.4968863004206246e-05,0.04369182377108349,1.5458419322311777e-05,4.8239842000159025e-05,0.020692940582481917,0.11244392190118098,0.05707676007046468,0.5757866625534322,LFP,4,17
-11436.473466108164,2.0980147605434416,0.005512820426387085,1512.4636684936308,-0.3402430207993916,-1.1597569792006084,-0.6368385931209812,0.24979455293124087,2.319653983485613e-05,7.214729290384976e-05,1.197683773744047e-05,0.00013859919604205408,2.9849317948506958e-05,0.05911878787157953,2.899377757433947e-06,4.8468285970074285e-05,0.004312025801816862,0.07582900474394044,0.031120091649234648,0.18621231048584375,LCO,4,47
-15530.198444283084,2.3205625784543704,0.025537477154708044,611.0813348666265,-0.3891035281977846,-1.1108964718022154,-0.6176244434735821,0.2840123358100687,1.297310226297061e-05,0.00017908909397012214,1.3639495009457767e-05,0.0001454663027861711,1.5233309279887924e-05,0.05944558742208081,6.991814226319485e-06,4.9100654666881904e-05,0.0043383695036303405,0.08513243061894579,0.11940640365319556,0.10783672225427654,LCO,4,17
-176649.9115713613,2.6148491475327824,0.0022859234889512584,29662.60995635191,-0.3520610475327768,-1.1479389524672232,-0.08078691135962512,0.20015920517544472,2.7861858262112262e-05,0.00021456402209908668,1.776591225347231e-05,4.3398767873004284e-05,2.4593041044369505e-05,0.05329373651375592,3.399446514264078e-07,2.9158331443512624e-05,0.01570326999770142,0.024226284222158605,0.40583266527886197,0.41915413913935434,LFP,4,94
-251436.92104859668,2.5385594093293586,0.027298117762015035,7072.735472629548,-0.4977925181630809,-1.002207481836919,-0.11260317660322228,0.22255964496758102,1.6411893752359606e-05,0.0002296035346630116,2.0491852411263158e-05,4.7800877070629445e-05,1.628862542212827e-05,0.0493132497795283,3.1129819493086645e-07,4.5808257492501414e-05,0.019992217889183067,0.031026401789264316,0.30254878292857124,0.48382163867894223,LFP,4,14
-343964.4973017241,2.1300481158125,0.011437352843138791,22925.85292126888,-0.2961671796578287,-1.2038328203421713,-0.26716590372755633,0.21361330819904356,1.2057224804518083e-05,5.7942752590685384e-05,2.4109199316790753e-05,6.402845987884561e-05,1.733867499303409e-05,0.09680163855756259,2.98965744316075e-06,4.69777391956234e-05,0.01902819012044521,0.11570811792158653,0.018177877233844855,0.5289481011170124,LFP,4,25
-98143.77442949222,2.169923309249862,0.0030326226152754777,19721.145457354607,-0.30193451018439177,-1.1980654898156082,-0.2103199589571607,0.21256168224483407,2.775667201945632e-05,0.0001203683082985158,2.7569093413228907e-05,0.00012564748604177285,1.2614072877441622e-05,0.05171883678618128,3.316238486079017e-06,4.287928099335842e-05,0.013962470645162234,0.14913102562058983,0.012680901970404859,0.5578681134518446,LCO,4,74
-137189.07268707492,2.2478610323449923,0.042171297179160225,8894.317344877882,-0.47432246919702514,-1.0256775308029749,-0.13430067564051706,0.43756925950496023,2.9725869158787352e-05,7.790907983865336e-05,8.945974445444838e-05,0.00011211695414968465,2.4215962916695833e-05,0.06410011555444195,1.5671121399871482e-05,4.8239290062326714e-05,0.02076783419871471,0.1436095794513499,0.05710080206872281,0.5949889428394103,LFP,4,13
-56153.19368439044,2.069350240164974,0.0061676285283701945,9034.406699618474,-0.32092616307185473,-1.1790738369281453,-0.41140463325543575,0.26022369588885946,2.4936008432439486e-05,4.257827307290524e-05,4.819831643891705e-05,0.000144594710661139,1.3191602291315706e-05,0.08587186414115676,3.106291227021162e-06,4.0163687227410105e-05,0.008921414950968924,0.021311952355111918,0.06161699924924839,0.435666415140204,LCO,4,47
-85708.87193831058,2.1068437987999724,0.015000287496010647,6705.2617968669165,-0.376030377760566,-1.123969622239434,-0.17357212808814426,0.24608286037668858,2.436158007955125e-05,6.566792364873448e-05,2.4839141604361416e-05,0.00013623920940090498,1.2706018477534149e-05,0.04368973714681139,1.9487735551653723e-05,4.8221840402660296e-05,0.016496595205218356,0.05375563026469238,0.11341878115424696,0.5892534604929165,LFP,4,22
-168635.30114071927,3.1187419414069786,3.503890367300216,2589.7284293319885,-0.6949675264867299,-0.8050324735132701,-0.1683233533805365,0.31235083092795846,2.9740458749061636e-05,8.418388518700101e-05,5.8132806568465126e-05,4.424109261931074e-05,1.2547745051816602e-05,0.06128852548618671,1.9732184212166022e-05,3.8075325606085446e-05,0.024076287924474853,0.07576743812234431,0.1740020245338667,0.5119071839632525,LFP,4,3
-265476.7626536536,2.338432737292651,0.018086000019620213,12600.770413405418,-0.31176155221011825,-1.1882384477898817,-0.34880582817631356,0.21035136278096936,2.3879515911678243e-05,0.00020959057580515047,1.2547359885159583e-05,0.00014712941600957162,1.7205566475456694e-05,0.04226574151558466,4.773916522226839e-06,3.5365110567927675e-05,0.022928599214353668,0.011630412652362901,0.036217616471705474,0.5333461426996181,LFP,4,20
-171842.72996095353,2.144013881496674,0.011886689588587681,12309.047220697244,-0.30281047944986383,-1.1971895205501362,-0.12922180814910778,0.20096808551481107,1.2333127484176609e-05,5.7158367288207475e-05,2.411874314914453e-05,5.5992531782431e-05,1.3893246510545843e-05,0.06043286749185027,2.987709677856521e-06,4.6962389747289986e-05,0.01811824286433008,0.14920791497048333,0.11936872002037634,0.5322015568600326,LFP,4,25
-140818.83245173073,2.1518389043402713,0.07141118476803465,3277.6005172775704,-0.44922061847618444,-1.0507793815238156,-0.11502744006809495,0.25930666833076377,2.5620754812425046e-05,5.835383828461598e-05,1.0950558575751083e-05,0.00014304725221537726,1.7367186805903518e-05,0.05328060498932601,1.8586127217304387e-05,4.932973757620472e-05,0.020361933001570645,0.25746390569598965,0.08854619775380271,0.46896245648211277,LCO,4,6
-176073.56648092985,2.8646486340291424,3.771065737094289,2849.254417967753,-0.5752240320664441,-0.9247759679335559,-0.10024645293801304,1.063077224019604,2.5467643601749337e-05,4.444658335177313e-05,1.0947437079474776e-05,0.00014189710596015074,1.6145406964790127e-05,0.08159194164490165,1.729429948005199e-05,4.2944856526391695e-06,0.021836692889750816,0.16824450596966412,0.07442351308414309,0.5870855280081798,LCO,4,3
-146398.98504967868,2.157037237472499,0.045406795666754304,4579.649379171109,-0.42327855643983625,-1.0767214435601637,-0.11289482221734415,0.3117730958329326,2.8536095417499256e-05,6.336501952316867e-05,3.402041330109779e-05,0.00011665517795716341,1.5366222882960506e-05,0.0458821945973878,1.4372475035988704e-05,4.450538960652866e-05,0.021363247643666504,0.13420684241003678,0.13290230736193714,0.549996028010682,LFP,4,9
-27767.389560926684,2.5676445547705256,0.08401047906774867,299.0050922824955,-0.4560244691727178,-1.0439755308272822,-0.3369627821213249,0.4866560176120923,2.9503101543916164e-05,0.00011285132329947815,1.574301149462106e-05,0.00012571724942528654,2.7080686448925966e-05,0.09112038500740255,5.028206725225273e-06,1.002580875447889e-05,0.004212446263509766,0.023401073739127903,0.15328146945582222,0.416354674683725,LCO,4,7
-14651.154084042984,2.626331778457798,0.10712964630825487,121.39212681887494,-0.5158681866184587,-0.9841318133815413,-0.04774588036509142,0.5892734560364958,2.5466636278145362e-05,0.00013820684098652772,1.0940770065757428e-05,0.00014949908188986778,2.7098115260899533e-05,0.04347357905974632,1.8593044605932205e-05,8.029639049420027e-06,0.004018179355336696,0.2594654227727805,0.15334961394714533,0.4694390829149828,LCO,4,7
-16661.11948428161,2.622989765243684,0.08262940952480022,158.5670774524285,-0.4447036525989354,-1.0552963474010646,-0.2557795406728507,0.4066850143782168,2.2758040301629663e-05,0.00011116215148210803,1.6532482708290606e-05,0.0001462937607146266,2.797977444249601e-05,0.05020061752480902,1.9929274071723614e-05,4.20394406402541e-06,0.0041428118018012805,0.02927297858438643,0.15248165284513032,0.4924658278976326,LFP,4,7
-28510.429141943525,2.311699947540041,0.002993116677282229,12753.593249226366,-0.33472847390583205,-1.165271526094168,-0.5845191482893615,0.2172838442704122,2.3213128489560737e-05,0.0002404857997897281,9.11095494747762e-05,0.0001490838198584441,1.9125932605150556e-05,0.06836891211354522,1.719602390867962e-05,4.9122756849125616e-05,0.007851100532947703,0.05198478032269549,0.09980716209394344,0.1936889092939997,LCO,4,96
-104275.7038036992,2.25129850762179,0.0074159190630644824,9969.380529140639,-0.3556824807258785,-1.1443175192741215,-0.08294787309694318,0.2195282655069356,1.2383880292986791e-05,0.00010205476788795244,4.825249293131146e-05,9.079039205855267e-05,2.8663696526906356e-05,0.0759044336123009,9.935249560396598e-06,3.349423362559302e-05,0.0126593170363337,0.011641387344166362,0.3208327038345452,0.5145780357243452,LFP,4,33
-58695.46187800557,2.193059744771764,0.09710336115319905,829.5814915839356,-0.4049772331922128,-1.0950227668077872,-0.03089066088532133,0.5185176241679752,2.4696827206858034e-05,7.188346086286612e-05,1.8712751307195764e-05,7.772595403062984e-05,2.8129801768352185e-05,0.07592271811877783,8.775921078052276e-06,3.372417857567234e-05,0.008361538442115828,0.07432917035158375,0.2389689699604082,0.5858111988026868,LFP,4,7
-271189.00227958197,2.189027438678449,0.019940152194895602,12258.430508392672,-0.4615303415679648,-1.0384696584320352,-0.18507411252792905,0.20705839964413886,2.9738387951229083e-05,8.435156519272356e-05,5.714059041807669e-05,0.0001266899332977217,1.2587508127827493e-05,0.07666535198370193,1.9304471134128387e-05,3.6171715671800715e-05,0.020352656250763254,0.011405963993733137,0.1954312473080229,0.538088676170315,LCO,4,15
-436240.82198504626,2.183407378337829,0.01903148725566686,21644.294727187993,-0.3044513225647556,-1.1955486774352444,-0.20707908412045495,0.21729265379608362,2.54916828699225e-05,0.00010251045736875246,1.6515812542992637e-05,0.00011770404082869234,2.619950778764804e-05,0.08165331488404858,3.1823757491540772e-06,4.725658826663169e-05,0.02351389382654326,0.01666738097694121,0.17255411518873254,0.5336994197138714,LCO,4,19
-330219.3162854678,2.548907304386408,0.13266407636322425,7376.318921697142,-0.34705371490881376,-1.1529462850911862,-0.20020945596639983,0.5914009664737231,1.4528264863537533e-05,0.00010485004694761351,1.7358374662505527e-05,4.56621207075432e-05,2.9664194079440798e-05,0.08841765123157527,7.251306525202423e-06,7.599660827480576e-06,0.021983900893203272,0.0996444365863871,0.07050270902487013,0.559643398422343,LFP,4,7
-209046.80654229192,2.184181995540373,0.04928732155331716,5160.769239659181,-0.33197451030622105,-1.168025489693779,-0.358764918085995,0.408664060470482,2.982470828772588e-05,4.302948702088694e-05,2.0331584799968246e-05,0.00010195504308354716,2.5264146845161106e-05,0.08891322106987536,1.9621274275239474e-05,4.463098915509129e-05,0.018187049160712763,0.19844658781961022,0.16917424149464425,0.20361425259975063,LCO,4,7
-26309.65458064428,2.2327878551606073,0.1626388600170785,441.1762218786297,-0.4582678674166889,-1.041732132583311,-0.19052629941379762,0.301184770862785,2.4707441210350867e-05,8.035207037532503e-05,1.1316968620665275e-05,0.000135230012104781,2.6268366924476805e-05,0.06359129233085005,1.5117308221650454e-05,4.565739660990562e-05,0.006794728308426106,0.01499799830995745,0.1910115933053742,0.5334641089708708,LCO,4,6
-19183.50238997672,2.1120246876080904,0.015817035517350433,487.91043328536784,-0.25837359283554306,-1.241626407164457,-0.02868123344437523,0.20640224818153244,2.8836622109141965e-05,5.093530768080937e-05,1.0563565790617659e-05,4.3531689299662644e-05,2.7333503890923653e-05,0.0789797356630071,1.9999240624535965e-05,3.221546585739019e-05,0.0045266400482408325,0.05593719824685142,0.3092159326612628,0.5361656356475106,LCO,4,15
-454286.0708757392,2.2244113531488625,0.016995173167468538,31644.518325908477,-0.3566444235455428,-1.1433555764544572,-0.2565288339787397,0.4115523591624337,2.274797398890354e-05,0.00011491259245779109,1.6508642258029083e-05,0.00011660504828526237,2.619888047718151e-05,0.08246647576549059,1.989938625302694e-05,3.2323401266462246e-05,0.024289154645268953,0.0156813197525735,0.18187227216455448,0.4759175741041324,LFP,4,25
-45057.89427661065,2.4577471781813864,0.08807951510160336,794.5301249699291,-0.2983904202949894,-1.2016095797050106,-0.13945463908064237,0.3112114993609578,2.2479415928932656e-05,0.00011305820408814742,2.1333249350491054e-05,5.473506416931897e-05,1.7315893903189503e-05,0.06607394752154329,8.338814035681179e-06,3.2136734690421915e-05,0.008389015642866218,0.03433754777891443,0.24041012672453274,0.5157976864159105,LFP,4,7
-50812.064797410574,2.158538124730099,0.15797118491731224,803.2337763332775,-0.32103215917232397,-1.178967840827676,-0.2634242658728363,0.2043694804719183,2.8828191799903975e-05,4.9985848867222265e-05,1.022748277428191e-05,0.00011029470958798737,2.944787164433379e-05,0.04111076675366331,1.9346940368589967e-05,2.5133585724204423e-05,0.011586261319608646,0.06985029574569511,0.059140809166614884,0.5375846292148537,LCO,4,6
-30214.01425493752,2.3098995945099663,0.002180727997725858,7149.955967623825,-0.30813559886670916,-1.1918644011332908,-0.15371455183611404,0.227775936677652,2.4107028579200334e-05,0.00023338576171557537,1.1478591467153181e-05,0.00014743050538257522,2.467786750317923e-05,0.09955446350926125,3.5318780307225133e-06,4.4334569882858005e-05,0.005267358753144787,0.06656407401483773,0.5010479027943723,0.20867347135467598,LFP,4,100
-40626.81970429963,2.4866171697071646,0.05834783213467911,698.7140675820633,-0.36782504572846264,-1.1321749542715374,-0.10120309655307747,0.3103753216864005,2.470931022529755e-05,0.00011329517589432923,2.2510810927041134e-05,4.454536832364726e-05,2.8167858521414885e-05,0.06144016224746529,8.981878777705179e-06,3.210675945242169e-05,0.008389289130378093,0.07435732388111974,0.2418775225732953,0.5125620569925076,LFP,4,7
-352456.7269410057,2.0985902801316563,0.027653520424456988,10007.790377781437,-0.3752565022520091,-1.1247434977479909,-0.2966936391653586,0.2093552090872507,1.2006937769454345e-05,5.6630791198203245e-05,1.2920000232205822e-05,7.115996310017466e-05,1.780115329530337e-05,0.08081857631437975,3.0029281844964607e-06,4.745690022153328e-05,0.01901832192522953,0.15723457761355197,0.013468732044803339,0.4626030511762861,LFP,4,13
-619304.7244332958,2.3965063920784013,0.0063068700449674525,51374.056354086264,-0.416283253433388,-1.083716746566612,-0.4281703898822501,0.21338454310377133,1.4515334993457686e-05,0.00010264764525442252,1.7173554983304697e-05,4.508990679209415e-05,2.6144259214144994e-05,0.09159774467103271,7.649355031104292e-06,4.147308658421466e-05,0.021961740740609588,0.011192510224193871,0.02408607215305496,0.46655102774050117,LFP,4,43
-41161.53229201122,2.1948874634845144,0.05929723339534753,820.8904726852137,-0.34366172729623123,-1.1563382727037688,-0.20311009084759912,0.3115352139674307,2.555056723000516e-05,6.552046459189863e-05,1.2331510140481054e-05,0.00012745307141213123,2.9545876307754167e-05,0.06723223920804865,1.5238041208149071e-05,3.204073546347177e-05,0.008415418998079212,0.03012474322673312,0.16792963148933082,0.528835534436337,LCO,4,7
-243461.39602705068,2.2396932095177835,0.29449329272523994,3467.7671765006476,-0.3610925774540643,-1.1389074225459357,-0.1464107963913187,0.6660234936158324,2.54647509895951e-05,5.41227666757523e-05,2.1489907175189156e-05,8.140608901403853e-05,2.3867309039635357e-05,0.08907023371345674,3.996856382616536e-06,4.357474511999068e-05,0.018239269258506025,0.0503844943064561,0.17058876886824997,0.5626159404339752,LCO,4,5
-461387.2091441839,2.270351866215852,0.04477039563238821,9392.162468689627,-0.3711753530112105,-1.1288246469887895,-0.5672079344907229,0.2856889470568787,2.6924624977514573e-05,6.943048448058727e-05,2.032856286653264e-05,5.071179683681967e-05,2.5386094545510727e-05,0.09972103476245803,7.879077913700472e-06,4.981005255818719e-05,0.022649796820862312,0.040655298796486,0.24382125811136557,0.07831550860142555,LFP,4,7
-50492.77830633424,2.404696661278249,0.519124515581772,515.0398587291813,-0.446247936295574,-1.053752063704426,-0.1683422705493247,0.4731355006607141,2.5137198721608037e-05,5.694507879607977e-05,1.0694843107780842e-05,8.01210727073147e-05,1.8525511462607672e-05,0.060338829829090744,1.9261038839792182e-05,3.223023160589132e-05,0.01094015925337743,0.07464788137917058,0.15021046961590884,0.5367993784555959,LCO,4,3
-22746.737620621563,2.3636115622511134,0.23396890240909768,160.81039414818082,-0.20238886630681563,-1.2976111336931844,-0.1560755241243046,0.5851775670003558,2.4844785707268844e-05,0.00010780276197279986,1.3192545364956159e-05,5.538539709365757e-05,1.3241974415840856e-05,0.041881992285591266,8.705770374972294e-06,3.1645041518210995e-05,0.005120584647298178,0.011241757757016996,0.21659590803618411,0.5460868100824944,LCO,4,6
-93402.75582581302,3.0103546492364717,8.68355916027996,1235.4643962105401,-0.9833643734591568,-0.5166356265408432,-0.2955833566752849,0.2444783935791575,2.5824360829537062e-05,0.0001739590105970852,3.1902216101458675e-05,0.00013574764538862568,1.2044255258397493e-05,0.0760560341516595,5.934889713094473e-06,8.056125912946408e-06,0.024211104995590732,0.01857123879216492,0.15245885195894598,0.4633865525736042,LCO,4,1
-195593.88559311404,2.455960027147235,0.07453217165215043,4921.463064612516,-0.592573816841405,-0.907426183158595,-0.29750611248732506,0.21207676555240765,2.7043448310249585e-05,0.0002281495131497487,3.0683938049745266e-05,0.00013635921706574427,2.072082070823706e-05,0.05071154845551228,1.735669036647544e-05,4.953774287962288e-05,0.020983832987244423,0.0394467965214916,0.17348484783768084,0.41956224315350255,LFP,4,8
-80074.72753091264,2.2273042793478566,0.013907309626292046,2825.337136239536,-0.18368606239844176,-1.3163139376015582,-0.12094989022676861,0.20165958572256187,2.8635801619520288e-05,5.118614492310785e-05,1.3789699807987739e-05,5.089931820166744e-05,1.8237493767379785e-05,0.09717639222707945,1.9477444227250074e-05,2.1806270261504424e-05,0.00837444735058801,0.010558508918337102,0.26095078025255153,0.5375408206023428,LCO,4,19
-37564.12776808246,2.428748591973376,0.10205346389124226,419.14979618404703,-0.3576657667522536,-1.1423342332477464,-0.18015439494926822,0.5678579652936392,2.1990924047468443e-05,7.158212608214622e-05,1.554734817005047e-05,7.605082760801313e-05,2.8037490514280618e-05,0.08772350749177545,8.716332507590664e-06,4.7179606206961145e-05,0.005352891621614157,0.014231632562912856,0.24359516294960928,0.49201880953820964,LFP,4,7
-291620.6390516571,2.0661019232646893,0.006879274839248273,44973.978538326475,-0.3320180830258952,-1.1679819169741048,-0.29195177542389494,0.2582897545302836,2.040627351207912e-05,5.372938326878086e-05,3.411912795265278e-05,0.00012990038915927668,1.2156888569254604e-05,0.09933218438686535,3.770208265863009e-06,4.171578621417345e-05,0.021335866562110957,0.023189092751931872,0.5939294672871777,0.020929664536995497,LFP,4,37
-73032.67776180785,2.206841813089502,0.03680549927979224,994.2406195292256,-0.19986964827493203,-1.300130351725068,-0.09181277210556449,0.30724289325352555,2.192219854823932e-05,6.27909610062031e-05,1.555331247443361e-05,5.173866476151286e-05,2.73335454424603e-05,0.06710910606770962,1.543371861229237e-05,4.720596729009193e-05,0.009771693922224788,0.03049583890708131,0.2781220696798396,0.5295693193075146,LFP,4,7
-331741.5899692491,2.0777464167766837,0.02118257517015299,14947.108187810543,-0.4051104061052708,-1.0948895938947292,-0.4636631176051008,0.23366261646136888,2.6864978260206825e-05,4.416105214420195e-05,2.0056918682924105e-05,0.00012957939928253678,1.2045864219207508e-05,0.07374993746038,1.7296014656520486e-05,4.326278284754568e-05,0.022046817065407065,0.014563295871025728,0.18658942782989377,0.2651841586939797,LCO,4,15
-246577.59493643307,2.1456869893792776,0.020390152227165878,10680.098819307148,-0.3457024173073471,-1.154297582692653,-0.2994406888608222,0.2548530370670466,2.0230549336941124e-05,5.2329414647110436e-05,3.423653885113329e-05,7.960911935118913e-05,2.1464536696665893e-05,0.059709721153777304,3.4169340390841648e-06,2.7856215548955914e-05,0.0215859675869478,0.019585692419306407,0.5939933825404659,0.01698023617940564,LCO,4,15
-544759.8929621752,2.1585300269146206,0.0156184702545397,21745.887412073524,-0.36686415775438697,-1.133135842245613,-0.2920095001330799,0.3668750038981239,2.600177844251772e-05,4.7348409105448216e-05,2.6330189046246587e-05,4.236489142481879e-05,1.338748657469298e-05,0.07787827152622091,6.724864778644592e-06,2.8732304002231315e-05,0.02198297576963023,0.06708100962913949,0.13909174919834186,0.43181774103943876,LCO,4,24
-482945.58712595375,2.3855539972791813,0.013054442071314046,37232.718664995715,-0.4286854958763602,-1.0713145041236398,-0.20022452698094761,0.316073174013443,1.8375208642182432e-05,0.00010206049627495564,4.864863981211199e-05,4.5995895890512095e-05,2.985111326409872e-05,0.08915342000417109,1.0835744953960439e-05,4.278141468139699e-05,0.022582180415860194,0.04107459346737706,0.21033598655497476,0.4783648929967006,LFP,4,33
-101159.07064202618,2.3163325550516265,0.0824200945307142,2587.9366624086856,-0.4233807790084061,-1.076619220991594,-0.1433205428788682,0.41492954276244576,2.8887577297080396e-05,9.879395417166316e-05,1.6448095824089114e-05,0.00014786310292407018,1.3582040156048378e-05,0.04669498176217565,1.4670452554016993e-05,1.737074850145905e-05,0.017720903037139357,0.023560960600477937,0.27065482646051353,0.49246367006014036,LFP,4,7
-35829.98766916959,2.2234926525455703,0.1451475967180391,637.8680382632365,-0.45349028043983175,-1.0465097195601683,-0.20581261781083027,0.2981711444089479,2.548067420883055e-05,7.967480832156391e-05,1.0761817721371743e-05,0.00013497632307928818,2.5881765730649798e-05,0.06411659496396202,1.8629279922366086e-05,4.5937753592366356e-05,0.008119717858515162,0.011007609147881126,0.1525147613343349,0.5606650117069537,LCO,4,6
-241179.57276442237,2.4690586270702344,0.06631194020889053,6700.024965140062,-0.6018283852701707,-0.8981716147298293,-0.1916886819628595,0.2119559860301775,2.7732427670705963e-05,0.0001993352323789978,1.5118166642786518e-05,0.0001270886437709317,2.6342324639314847e-05,0.06759687432470957,1.4263684496693517e-05,4.994290105150841e-05,0.023406279103187516,0.02996439903950583,0.17613958796674592,0.5322073310308888,LFP,4,7
-425206.8647068275,2.591928693164621,0.4845420313401686,8406.069412778392,-0.40033708560239667,-1.0996629143976033,-0.23249601345798376,0.22523570413606886,1.2035197530965335e-05,0.0002104400629190008,3.579892143811289e-05,0.00010772957085903814,1.4547698891569907e-05,0.07190510032740627,2.5101845154598635e-07,4.5580375094951445e-05,0.02293905115907198,0.03643321019569035,0.5040569495665777,0.15701382677974826,LCO,4,8
-654462.9317905965,2.3069361069594185,0.006900663732597099,50000.58596519917,-0.20692440621080266,-1.2930755937891973,-0.7042253671695141,0.20218422549418524,1.5855014594383536e-05,0.00010926696810897673,1.4465546636706252e-05,5.47052096362257e-05,1.6082012576844252e-05,0.08174626999554375,2.4134098183208585e-06,4.218301789039992e-05,0.02349737740008185,0.01440697524583667,0.09012939722921312,0.12123826035543617,LFP,4,36
-175246.32539347114,2.4891403429585277,0.0031949230705617237,40471.25312402905,-0.34129114271970806,-1.158708857280292,-0.26375217291363173,0.22657777912454902,2.7962487974866224e-05,0.00024855121457976906,6.987596330248072e-05,7.702166578605197e-05,1.8981840066322342e-05,0.06758568192165951,1.2640583171204978e-05,3.8808236840746896e-05,0.015370101959107523,0.024053651903520212,0.5996481682397499,0.04254600694309828,LCO,4,93
-163791.13058268462,2.2706700844943115,0.006728037313844874,18445.823637453912,-0.3245402860533808,-1.1754597139466192,-0.5851549681080763,0.22585552342123236,1.2563661948710053e-05,0.0001842808319802129,3.980715262229679e-05,0.00014213674949145263,1.9078036575026152e-05,0.08341128123115461,9.089223150061249e-07,4.9281478217489464e-05,0.01435968363275816,0.019089378451599796,0.2215367712347831,0.10421888220554076,LCO,4,34
-164196.0040776755,2.5413809209168337,0.017966404707662354,14577.639444436132,-0.421441252669819,-1.078558747330181,-0.34754942000543465,0.22614850985848087,2.6604434598736347e-05,0.00014734544824852305,8.653615263134738e-05,4.003035613512099e-05,2.6027538652853014e-05,0.055473404491008904,4.2094803791645e-06,3.390774868209677e-05,0.01828621635058456,0.11714626035538334,0.0688083689524661,0.396495950686716,LCO,4,29
-660794.4015506365,2.2836765917099338,0.03215044514488837,82665.97181862462,-0.38826654191467114,-1.1117334580853289,-0.6679953354187798,1.5922453294751095,2.7330039108826425e-05,7.542895591524531e-05,2.631284056881146e-05,5.5145233656311416e-05,1.306542333460376e-05,0.08409631954932814,4.2980602726192364e-06,4.6421012460302404e-05,0.0242918182024617,0.018255077725374567,0.1575362196976975,0.08621336715814819,LCO,4,58
-88638.11800840693,2.0984895133231154,0.033889132924555546,1938.9959998218096,-0.33524975999471884,-1.1647502400052812,-0.13642451651173249,0.34514171802478794,2.2289732418846864e-05,5.082706278759577e-05,1.2724309746435724e-05,5.4818259053037935e-05,1.2956690149534133e-05,0.07858248370104808,1.1921385013751058e-05,3.2730252090340024e-05,0.00841293063271311,0.027819936539013546,0.19750879235804797,0.5682467545912061,LCO,4,15
-233235.70978158285,2.369582321188462,0.00415412510794701,40008.04849288144,-0.3296855866880044,-1.1703144133119956,-0.18016921014578724,0.31671633716159675,1.2201988688754294e-05,0.00019403979923714035,1.0396925253269247e-05,0.00010840422322695022,2.3163675120650466e-05,0.07448326126162186,1.2756330831734441e-06,3.51541417691942e-05,0.016607825345928254,0.048856877595203546,0.27814671372675603,0.42282719853225326,LCO,4,73
-390278.3207583666,2.462736479148843,0.0822640121570043,9678.54832871078,-0.5591278837580713,-0.9408721162419287,-0.1537547501795562,0.49541837960541935,1.5598838458548853e-05,0.0001778644497955964,1.9895951012408653e-05,9.958101737310838e-05,2.9546619751947585e-05,0.094996305913046,5.275571912597987e-06,4.89940623387821e-05,0.02379787186505596,0.018716828765812397,0.2023675972711329,0.5551608237834985,LFP,4,7
-276021.43843132566,2.3887981817507065,0.002818230032738275,66839.39411221999,-0.3360434065821032,-1.1639565934178968,-0.7378582503686609,0.2558208306402981,1.664672488088196e-05,0.0002468019506750167,4.228850900209717e-05,9.175129606991915e-05,1.2601053610314635e-05,0.07624578275108287,3.4495802135274615e-06,4.6444269516214384e-05,0.016706514438623858,0.027965498855179537,0.1169195597755449,0.04725669100061472,LCO,4,94
-227592.10326127047,2.4385683165871432,0.010309817661101858,18299.828273600164,-0.253078495404214,-1.246921504595786,-0.6360292935859974,0.2659184901689538,2.9474170220683817e-05,0.00010951720295616484,4.251442141478503e-05,5.0250496795642664e-05,1.3787582457028435e-05,0.04723953204444112,1.0848251846725809e-06,3.948546902482633e-05,0.021375276848687643,0.02155265627669528,0.23862666800154295,0.033791382135764464,LCO,4,29
-143870.9875436357,2.123188921843849,0.0033612021623383413,52175.74507396543,-0.34576306186557204,-1.154236938134428,-0.28805396798140337,0.2116962210338361,1.358692506341067e-05,6.355013960305612e-05,9.406362504366552e-05,0.00011712513983962763,1.9062134477965047e-05,0.06801044694039148,1.317478324942718e-05,3.704153396214421e-05,0.019719993750568977,0.056057861641595874,0.4346355111376933,0.15125265923930753,LFP,4,71
-325274.65754716704,2.4406200691043294,0.0063225203007215075,67247.1890254726,-0.3209404544020025,-1.1790595455979975,-0.8723601607840816,0.20234721610843678,1.5836660431368284e-05,4.716838008587051e-05,1.3802689800442692e-05,0.0001497873040283729,2.336998128817876e-05,0.08231210750608631,2.60275429112737e-06,6.107771963037711e-06,0.024764315911752426,0.014410081403715594,0.010980118430952708,0.03224963938125017,LFP,4,41
-456886.2519938889,2.118243619382076,0.0025595751331592064,117924.07806524531,-0.2903381873465172,-1.2096618126534828,-0.200489483435078,0.20928783793107247,1.3589071570147922e-05,8.50833916106292e-05,1.3697005273682367e-05,0.00011576447047091732,1.954377844950629e-05,0.07579364515199695,1.7129957961397116e-05,4.602674085819929e-05,0.024968684987137134,0.1510150511843704,0.43462222909855575,0.1438732362819959,LCO,4,95
-21977.836065910265,2.4210374641169037,0.010843248187786052,4269.705215915696,-0.33561594396479144,-1.1643840560352086,-0.4056368799458949,0.8984681025543199,1.8242792969198116e-05,0.00010621111283653355,3.3517537305735695e-05,4.096802412543205e-05,1.4296469794697666e-05,0.07629740362277611,8.238443236109279e-06,4.960602186099711e-05,0.0047687154502002605,0.022470562238116967,0.018468265874516592,0.4834242919414715,LCO,4,89
-363631.2736259603,2.071054224761532,0.002750826994909198,113040.84107386251,-0.29084075927940134,-1.2091592407205987,-0.2540520136187219,0.20000072435778252,1.3568728041400959e-05,4.981200266386113e-05,1.3649888082067948e-05,0.00010623397491328753,2.0376615652753345e-05,0.07637420767370255,1.6428477220963842e-05,4.604021427108637e-05,0.024968037557425982,0.20782720362668222,0.4414774017728446,0.026643380981751355,LCO,4,91
-301383.12573021767,2.2379278273023413,0.007966657623247365,73370.75753448054,-0.3262396062215007,-1.1737603937784993,-0.4850295672124448,0.621026046160003,1.2258592596193745e-05,0.00017552274655017325,1.9838572216818978e-05,9.997198239116761e-05,2.9798473305239387e-05,0.09492444207070432,1.6903100172898287e-05,4.9038000206177754e-05,0.0184643706162189,0.024104825220233314,0.024555833706152663,0.3963097738611693,LFP,4,77
-289888.5050087057,2.4087942465326777,0.006018119549231732,53184.87512923022,-0.30221656609016634,-1.1977834339098337,-0.17143738447337242,0.2093539378195239,1.3579703325733123e-05,4.6856230471198346e-05,1.3850133865384197e-05,0.00013461720035332962,1.940040770113452e-05,0.0852871290031546,2.567168014817059e-06,5.901430281997674e-06,0.02476276454841772,0.151337789062839,0.5653520865898571,0.041872739873931517,LFP,4,40
-578290.5519892618,2.567076952418452,0.021594433289908857,40205.018602844866,-0.3572054459449614,-1.1427945540550386,-0.18565430437135388,0.7705418945639861,2.5594384445731542e-05,0.00019071799842707577,2.2596762286857634e-05,6.0152306913264256e-05,1.2899445646138855e-05,0.07624286260951409,2.139319461907321e-06,3.1076120331994056e-05,0.021775191291468116,0.11217677191353297,0.04451237339008479,0.5876565503250284,LFP,4,43
-381624.97847555793,2.2661655462430406,0.014093898216397765,79389.24649053885,-0.32651543398453065,-1.1734845660154694,-0.2365516426125842,1.2012402537666422,2.7037230941853317e-05,0.00010552541321006404,1.9508948015166582e-05,7.43061262093529e-05,2.915847886694456e-05,0.0709271821009134,1.804903856771381e-05,4.960371573609601e-05,0.02199493999768134,0.02237529217189534,0.07754045860937056,0.5935326066061499,LCO,4,94
-351728.5658829894,2.137420686728546,0.0025554745716107703,88320.90045746685,-0.29049401437619693,-1.209505985623803,-0.241623047185886,0.2044053841191223,1.356202248639567e-05,0.0001054928448387604,1.3158211996773223e-05,0.00011655936133718642,2.9042103061361932e-05,0.0540974855799661,2.3744997966701534e-06,4.920064769495216e-05,0.02494616722766941,0.0737831999350127,0.05135414910773864,0.5632396037713627,LCO,4,99
-177099.20685628854,2.4713103436994066,0.0032642110315400322,43140.19256093674,-0.33755056987438614,-1.1624494301256139,-0.4095277660251404,0.21918468789422,2.8095814041099612e-05,0.00024784366598763486,8.447682836024492e-05,7.587650825031334e-05,1.92366963050675e-05,0.06830668417437673,1.6915762107726637e-05,3.87802048044649e-05,0.015339972612842569,0.03570223788833453,0.4444522769197754,0.04031771916674968,LFP,4,93
-570455.8315393094,2.1917665499208048,0.016739508380869034,125988.24359969646,-0.31323975251003944,-1.1867602474899606,-0.6727499469048684,1.5932434430138573,1.427640054917065e-05,7.200495573380363e-05,1.1123447068660993e-05,5.4900065112610595e-05,1.2820905145173138e-05,0.07616889192552526,1.3247435164256978e-05,4.691660669836705e-05,0.023691859067597378,0.018398702858271266,0.15479837415410355,0.0840529760827568,LFP,4,98
-163194.92278717988,2.1797961627894766,0.00319037718349814,39435.705738976045,-0.3117420148526975,-1.1882579851473025,-0.2395530736715058,0.2902170068828224,2.9929528112600093e-05,0.0001273023197650713,1.5932942204849934e-05,0.00014065753740880653,1.968636496890853e-05,0.04654224695714513,8.999149922208755e-06,4.1083245857494485e-05,0.018949004504566096,0.0929529203074328,0.3524890039340767,0.2450050020869848,LFP,4,91
-134294.9382508169,2.386950541704709,0.0022462937933760067,29676.941129528805,-0.33340973709892374,-1.1665902629010763,-0.48082478602645085,0.26172000012452007,2.8710694328482727e-05,0.000232234918923608,1.1573672790774883e-05,8.225779636454838e-05,1.3172775068985442e-05,0.04820908451524256,1.5092388028210278e-05,4.999894990296935e-05,0.014998904595345162,0.06797911136478911,0.18092682446167663,0.20026927814708348,LCO,4,93
-199836.06395025592,2.3119679843110315,0.011409721621666733,18426.961171206036,-0.3395401248413208,-1.1604598751586792,-0.22733043775069806,0.2358718616676107,1.398591933706445e-05,0.00021451000815700988,1.307702847142637e-05,0.00014250368188475554,2.6222826256807982e-05,0.05354763350269831,3.3906044011139174e-07,4.931412863689072e-05,0.020087286296558482,0.0981950491462757,0.030554555580515324,0.5739199575225109,LCO,4,31
-159450.07734082345,2.064910520966457,0.0076782024113850895,41963.66848001146,-0.2179007582403365,-1.2820992417596635,-0.06683942754000383,0.693119393698598,1.3491505315044951e-05,4.752018115249846e-05,1.2701886924520608e-05,0.0001057215868113718,2.0534231333926377e-05,0.07664469137793165,3.1178004224717055e-06,4.6658449882671514e-05,0.01592750928282782,0.208279274315844,0.44367551037269864,0.21120578777145357,LFP,4,90
-197133.9613530159,2.473451109640008,0.03174782988271219,8058.388353397405,-0.30956184912462525,-1.1904381508753747,-0.7384314452195546,0.22044024575078774,1.6034358266424176e-05,8.798024062769836e-05,3.0015984718708e-05,7.368494987990979e-05,1.2907374953424832e-05,0.049525428013807604,3.844171374508046e-06,3.582232892757085e-05,0.020689595796009777,0.028386391105038628,0.020574303616713252,0.14260786005869355,LFP,4,12
-542941.5290802951,2.613518780585792,0.019885397464322,28487.447835353465,-0.3713546589003158,-1.1286453410996842,-0.7932938926062999,0.20252392571598551,1.5393441004643732e-05,0.00021298769554452038,1.527478985265632e-05,7.135421997094866e-05,2.1202683709282554e-05,0.08240450559110632,1.9977583565804622e-06,4.970010875018031e-05,0.02482313779320093,0.06747572891945713,0.03708421870003906,0.032146159774203945,LFP,4,17
-141284.56334179547,2.0654292045604077,0.01168726714608651,26663.833283979777,-0.3255459251674946,-1.1744540748325054,-0.31403034958945486,0.7055715453048295,1.3628580675555327e-05,4.106194887230723e-05,1.2621130451039944e-05,0.00011724766340152875,1.7934613748770608e-05,0.08023713542988258,1.760768607502097e-05,4.6694140183866336e-05,0.01415729955084592,0.035095526425128934,0.430655675043668,0.15021844894174832,LFP,4,62
-179705.67704369297,2.3368312541338683,0.0042819070161311664,36882.359542127866,-0.31626706321220865,-1.1837329367877913,-0.13908901483968672,0.31748790817498107,1.2185564002406238e-05,0.00021471257826452008,1.3129001218270765e-05,0.00014277825650684762,2.62503296160501e-05,0.08446692978682992,1.2886871233604227e-06,4.426733082622594e-05,0.015061616683880608,0.048224762143809094,0.3893098156950024,0.3533764073215018,LCO,4,73
-141600.28716205974,2.226760916530353,0.004485765747081552,49240.54110297655,-0.30925420339068843,-1.1907457966093116,-0.7532353608691973,0.20233457713229586,1.3547177321217013e-05,7.932073040202564e-05,8.840339025409637e-05,7.030783101178822e-05,2.6337200013775516e-05,0.04733134323064604,3.097388978991669e-06,4.226188495371326e-05,0.01941904006241767,0.06779813481159651,0.035792856179975296,0.07317364813923101,LFP,4,87
-141701.53749045992,3.090331807886656,2.153162925131474,1324.2371890847446,-0.6280469270600868,-0.8719530729399132,-0.6642886687529481,0.23766377135914857,2.956748376338271e-05,0.00011948658393229797,1.4311774278258517e-05,4.904195172562991e-05,1.2573011454199595e-05,0.046885716649141346,1.8971550487925357e-05,4.805785720944555e-05,0.022041524812031508,0.02067680095325291,0.21189380353699536,0.03314072675680371,LFP,4,2
-90766.85379648468,3.099008049426141,1.1368010443996805,928.640325366966,-0.7946119446726847,-0.7053880553273153,-0.216152965407717,0.2026769300624575,1.4174653548938028e-05,0.00024218553593428335,1.3192148326613712e-05,0.00010478810517082093,2.904265168511512e-05,0.054112244714137885,2.8356902342940705e-07,4.936294274921269e-05,0.01779446746955637,0.07374761422480941,0.061147902665882575,0.578951517701591,LCO,4,2
-78294.41179189253,2.7357651869557698,0.7640252765962513,1373.2113384492163,-0.46148254259948374,-1.0385174574005163,-0.8273215522469677,0.25198022628198785,1.58417566573693e-05,0.00024742793650623995,4.2370848116511525e-05,7.69749014417201e-05,1.2979174462396975e-05,0.07245327589584152,3.542091090309545e-06,3.523390638781181e-05,0.011750126189017754,0.025489163746399653,0.05857785183654972,0.018611432170082928,LFP,4,4
-533738.6607307398,2.3659017544345224,0.0029394128710364294,106882.43727115043,-0.34174173872635194,-1.158258261273648,-0.4333033332379924,0.2683086255568547,1.3285273158411605e-05,0.00010996399420762237,4.283481797357402e-05,5.4953305413872314e-05,2.337627099706412e-05,0.07641090205783121,1.6489057139772268e-05,4.607077610019864e-05,0.023317193756592938,0.02021146057438472,0.4426695818548054,0.03381562433281749,LCO,4,91
-651846.5193366894,2.1734845565301724,0.0063706951382437186,106925.49168810516,-0.2971383876550817,-1.2028616123449183,-0.28950528084360916,0.4739330313847817,2.8617247946245276e-05,4.940378433808302e-05,3.426818557526845e-05,6.263998469182078e-05,1.2034063872686393e-05,0.09793342800505475,3.3667219792008087e-06,3.486347125951151e-05,0.022389378799306164,0.022832887173707333,0.5970740672262009,0.020587764756482635,LFP,4,88
-100330.73996623022,2.27572174397577,0.0050389494668289835,16099.529469058863,-0.2874538851820265,-1.2125461148179735,-0.05823053634486819,0.36604766550680296,1.3625046863704677e-05,0.00020405148942189756,1.3280628040323664e-05,0.0001427846722632792,2.6261269392550207e-05,0.043072381770806537,1.507563446590998e-05,4.957114882602015e-05,0.013951776595817263,0.013009025289304432,0.435024235143443,0.42373620322238437,LCO,4,76
-114832.57111472436,2.4859283767218914,0.015065028068773722,7758.775273208514,-0.35145731506990785,-1.1485426849300922,-0.01947172950830367,0.3668883542340069,1.628602252541987e-05,0.0002045458500501113,3.950558529553874e-05,8.491626627679033e-05,2.6027185427111762e-05,0.05386687446096207,4.1936398162952075e-06,2.8159763428320732e-05,0.014421065852109234,0.08106705514477283,0.44503549508045853,0.38442572026646504,LCO,4,28
-203838.0277627424,2.371717326929007,0.0030826640148896014,58978.26393027355,-0.332920508322621,-1.167079491677379,-0.7142025452345226,0.27094875635646054,1.6657173909865722e-05,0.00024999522020391384,2.9992729117380055e-05,9.1860816006018e-05,1.2579818075144521e-05,0.08665653155609657,3.2950734850468992e-06,4.8865107134473324e-05,0.01480628965482313,0.027768708576358228,0.045096276593981605,0.14293246959513756,LFP,4,94
-526446.7964097168,2.1178734181265093,0.05187214282424086,136297.45701929703,-0.20874897634523926,-1.2912510236547607,-0.8427251388508497,3.5388465062621544,1.5204436422435702e-05,6.503341241994002e-05,1.2507294838089802e-05,8.940933032748665e-05,1.2202605423536136e-05,0.09374374299745909,1.5350924697564553e-05,4.782802879356237e-05,0.022936306950141688,0.02453637797045722,0.010303467889252075,0.0524350152894411,LCO,4,85
-141325.02139951874,2.059430755824641,0.009613867233920473,62184.79440811869,-0.29295094831001833,-1.2070490516899817,-0.6378882473742657,0.7190729545044201,2.6308877558861556e-05,4.040084323095725e-05,4.8635049703644816e-05,0.0001291473058187674,2.9268642741667152e-05,0.07043789147187063,1.294055841907696e-05,4.986117101276152e-05,0.019331581499413202,0.012025539467134812,0.24419639479709745,0.03588981836150207,LCO,4,82
-494924.4344875264,2.1802798584993948,0.03035649952468376,11800.048719030367,-0.16305056098341275,-1.3369494390165872,-0.520024580971749,0.2628134415437113,2.2636913956414996e-05,4.932481784713488e-05,1.2977123408909112e-05,5.0398400483294816e-05,2.538488903561373e-05,0.09992926898782302,1.5208148252078895e-05,4.8321180063281404e-05,0.022756787705685413,0.08963149053496933,0.24491728686433958,0.07542664162894222,LCO,4,9
-455406.60902436764,2.142928824268976,0.005940721881569623,55975.91315814017,-0.30695806703714723,-1.1930419329628528,-0.3696840601664001,0.32302775189847466,1.481072550133288e-05,4.111783500196233e-05,1.843118595828255e-05,6.607657791814369e-05,1.3452725115411301e-05,0.08263705021917137,1.0302247730293851e-05,3.2525868716446093e-05,0.020704922687672583,0.11236267888757975,0.13595570296952716,0.31199755797649303,LCO,4,59
-122526.40617333112,2.0581486253445167,0.005742942108345114,29157.831377709157,-0.23279468521610092,-1.267205314783899,-0.0810594434137143,0.21747735380799915,1.203725176305409e-05,4.1970496351548654e-05,4.9926681195485716e-05,8.268295214764476e-05,2.3356989883676558e-05,0.06116816371383237,1.0504041983810952e-05,4.88490457815362e-05,0.020739186135413895,0.3343837337806538,0.4478660880229026,0.06669073478272938,LCO,4,45
-132730.1070270994,2.1870856161563705,0.0035895788352567713,31771.498633097217,-0.2991410776006429,-1.200858922399357,-0.4556753127874631,0.31750559110222293,1.3385166222648355e-05,0.00010924745437972317,1.4476853769065382e-05,0.00010923959250937429,2.3452044739815766e-05,0.07105708421866981,2.415304515167042e-06,4.2185892002045365e-05,0.013499459435142656,0.013803365167688122,0.01707652868608676,0.4434447933587621,LFP,4,85
-188799.99274938018,2.276044974659678,1.219967983325706,2477.114915526764,-0.43085296230477965,-1.0691470376952203,-0.228037823997846,0.4325619092205071,2.66424713883114e-05,4.0222330618178324e-05,1.2630076493919954e-05,0.00010789999552746979,2.7996370640241732e-05,0.0531561989866282,7.445626410036667e-06,4.8932702589477935e-05,0.022055476907428116,0.08143136703816875,0.024587483128724826,0.5959433258352604,LFP,4,4
-253251.16065082006,2.1069018216885502,0.005428673646781611,33559.79628282744,-0.33013113201496047,-1.1698688679850395,-0.23886727421167497,0.21047457022233088,1.9460306504616077e-05,6.159070870098254e-05,1.550609343022719e-05,0.00011664141588969997,1.3353469246821806e-05,0.0621403285823402,8.228189748899688e-06,3.465169059189874e-05,0.02356063236246627,0.036280181394012345,0.13276617417306794,0.5220863702212448,LCO,4,37
-12809.035926839239,2.099032344504867,0.04300722253775766,1219.5623293442202,-0.11444170820636757,-1.3855582917936324,-0.3575180787474742,1.0708904836040198,1.577389499457989e-05,4.4367895213429594e-05,1.0072991936851161e-05,0.00011801591226673984,1.46140916548396e-05,0.04637236486741987,1.752477523777018e-06,4.306680985313665e-05,0.00588405464531736,0.03709494483197344,0.5012786874258514,0.03410828899470113,LFP,4,28
-209498.10108639445,2.172480115275783,0.008280312696412875,15768.875627294037,-0.278960330370543,-1.221039669629457,-0.18193704234140506,0.26367051772583605,2.059260064708767e-05,5.768798103582626e-05,3.4109012871046414e-05,6.019265514584887e-05,1.668961542940517e-05,0.043863108517350057,3.7598697162335465e-06,4.7769054602902105e-05,0.02072783998533151,0.13254975076585201,0.5970773352532295,0.018435871639513515,LCO,4,34
-46083.42056668635,2.4615014177962427,0.00664049235288256,7835.286640704288,-0.3666611732200664,-1.1333388267799336,-0.16096338459895532,0.665498370118079,2.2557578418942518e-05,0.0002448130460935621,1.0211023288160132e-05,7.387299250891277e-05,2.8035929246780928e-05,0.09155029155761477,3.4890216585955823e-06,4.272964665974388e-05,0.006241042080981309,0.028826406178779827,0.5907371307487195,0.14947307847354538,LCO,4,86
-37394.352481618684,2.1577872726676026,0.0227411922406462,2517.898391653563,-0.4455342446133983,-1.0544657553866017,-0.18893968621710566,0.26764336839377434,1.2961920149401059e-05,7.541820114435027e-05,6.194656093512026e-05,9.661694245410217e-05,2.0260034644614244e-05,0.08253674245798563,1.1926677127344915e-06,4.430031009101893e-05,0.00879538205750029,0.11516412875793221,0.1272914236098981,0.49860476141506416,LFP,4,15
-183304.15397451204,2.0896977202397675,0.005676544179200236,64199.76007592692,-0.27856208781811276,-1.2214379121818872,-0.3060578494318388,0.36887399287691985,1.2035047820558068e-05,4.2376466455195855e-05,6.258478350053945e-05,9.038316232057346e-05,1.2976267581565503e-05,0.08296568423290002,1.0732110573175561e-05,4.9097773179951244e-05,0.020688817333722347,0.10277319016119292,0.4549711545996157,0.06619780580735272,LCO,4,65
-438467.40352096903,2.2702583272939316,0.3192275513196043,6552.765647806661,-0.3533736946067556,-1.1466263053932444,-0.25862022160306875,1.2461347124170483,1.3293538552283144e-05,4.1310940599923066e-05,3.0071745540672282e-05,4.370991784061258e-05,1.3436971990290867e-05,0.07482369149015036,1.2926244075251935e-05,4.26001726732965e-05,0.020704536289532564,0.04527286435605064,0.1437645081734947,0.48234240586738597,LCO,4,8
-481371.78827879194,2.277977774394473,0.0014173649513535775,46191.23146727008,-0.04022327796453773,-1.4597767220354623,-0.7222255664050703,3.330310276116389,2.8759942852495544e-05,8.854176365114757e-05,2.2290208867114314e-05,6.672542885111183e-05,1.2155161938188748e-05,0.09369801060179565,3.754428329252916e-06,4.1686808193133586e-05,0.021192710235996812,0.012043357158144058,0.160509895141457,0.03522118129532875,LFP,4,37
-370882.541275068,2.3225273344288473,0.29538402682792525,7684.423944141447,-0.2510662249521882,-1.2489337750478118,-0.1848762994787796,1.12361131488705,1.6453460706090844e-05,5.908219854259711e-05,2.2255307348454043e-05,7.762135061215307e-05,1.2099291765486842e-05,0.09369849061883254,1.3222659183339095e-05,4.127578642811541e-05,0.021408081240819932,0.06050051947177865,0.167969654382712,0.5166535266667298,LCO,4,7
-218390.09714589463,2.074663635749416,0.029921435432614045,26592.925513409034,-0.2869543490457289,-1.213045650954271,-0.4046027313617917,1.1897622310497848,1.3499374785489661e-05,4.94893561312018e-05,1.2431981557551042e-05,0.00010895463977839576,2.998938590347399e-05,0.04119541699295268,1.640401923807971e-05,4.9365793202599664e-05,0.02442685132582123,0.07791692583557179,0.021044556941965803,0.42643578586067077,LCO,4,40
-28713.785399520246,2.2780008873619155,0.08545536485484047,1163.0008114008137,-0.4425247649083328,-1.0574752350916672,-0.37262968142498276,0.6547283883396593,1.3045495396578987e-05,7.903584554141558e-05,5.0908648417735034e-05,0.00014639327666574376,2.7346564835070567e-05,0.05212523747994004,2.113645358127388e-06,4.462734752388131e-05,0.0088773767028177,0.012287093689100276,0.031077596637682878,0.5140056282482341,LFP,4,10
-278682.299637169,2.3450229837748067,0.017431567628767526,9002.552057269953,-0.3527362137821335,-1.1472637862178665,-0.0030666677018548194,0.27224220780648084,1.2195581116129246e-05,0.0001377118551682594,2.054091795116455e-05,9.770618888592792e-05,2.0261498500729748e-05,0.047480718687527866,1.1765608582457293e-06,3.979351064079617e-05,0.022727544152779167,0.1583827309913679,0.24729156373518688,0.5212590375715904,LFP,4,15
-685335.1371267175,2.405639196353719,0.0323614044894638,18975.717139116885,-0.2691592197743127,-1.2308407802256873,-0.2998727719833618,0.3087721541457989,2.063325728546296e-05,5.0511727035759305e-05,2.6322077450287303e-05,5.986426702740994e-05,1.404442270735424e-05,0.09099051115043086,5.288496709850714e-06,4.9393352897117385e-05,0.024244913274249498,0.013554156842930157,0.5994244211084485,0.017148650065259535,LFP,4,14
-452022.00088627136,2.154130136734847,0.018230065605164356,33150.994489106,-0.308330693376476,-1.191669306623524,-0.22422510122837658,0.6538661352053504,2.730733785774932e-05,6.147642569470481e-05,1.0520563686667536e-05,7.253663967716403e-05,1.3272634676692528e-05,0.0847356092604989,1.1667770085862947e-05,4.685430343430106e-05,0.020577763609645278,0.08316803213031908,0.1422377083822377,0.4803691582590667,LCO,4,38
-255276.4949173475,2.149891785114489,0.030217346472432096,12393.3410921441,-0.3429838912573615,-1.1570161087426385,-0.5552030991943815,0.22042675479354998,1.4610889426906444e-05,4.867391705902843e-05,5.038968263892872e-05,4.838597158873444e-05,2.737422200205987e-05,0.08813554054526829,4.987699072968732e-07,3.954660627622849e-05,0.019730759186985934,0.011571050647875763,0.20965515153897274,0.15357069861877,LFP,4,13
-29146.779423619075,2.2937401965627946,0.002240597592880091,7134.345089506548,-0.3056337898513313,-1.1943662101486687,-0.35942027934725895,0.20282318079488248,1.4979030127881574e-05,0.00021024937927195808,2.9546469207057246e-05,0.00014254513738627832,1.2303804634967403e-05,0.08210171285704197,2.193923409668823e-07,4.996049492214035e-05,0.0056134827753086276,0.014776835984346943,0.03599124239457109,0.519811642273823,LCO,4,94
-221172.11067058766,2.153380380616793,0.003296266939466678,49477.947340418,-0.311743277512738,-1.188256722487262,-0.38838487634508867,0.3064296426681821,1.545618538058594e-05,4.9493183545612e-05,3.41091009857736e-05,6.596448082933259e-05,1.259257168834729e-05,0.05138605228514413,8.56464551208981e-06,3.251206978713715e-05,0.020702570141594854,0.10209077336974304,0.13146852181259516,0.30805582847257323,LFP,4,82
-639705.917712551,2.242463763119275,0.0682127904332259,66703.56939347624,-0.47221498488312363,-1.0277850151168764,-0.29768868686601513,3.788231100609421,2.8860985739944773e-05,7.767092553500463e-05,2.6069044575434947e-05,5.06531825746433e-05,1.3389546532940922e-05,0.08438821769863494,6.747279278306588e-06,4.9985464072965443e-05,0.022104565524081028,0.011718007843772676,0.13904498424862488,0.4815483210415874,LFP,4,65
-22048.029813864472,2.1617538663516793,0.07639062245566818,720.5177434002541,-0.4951188712007024,-1.0048811287992976,-0.15972542543102797,1.1479367320619553,1.2919380663909087e-05,7.544181567553532e-05,2.20419322755662e-05,9.675599577773898e-05,2.026806309621567e-05,0.07756081416501266,1.3524535265631162e-05,4.111478628513277e-05,0.004921068074936903,0.06030669331172199,0.18549627887053843,0.5244716023867116,LFP,4,15
-112826.63822774737,2.1365475464977033,0.025252065230441764,6927.233916878009,-0.36275461909390927,-1.1372453809060907,-0.14357202866048513,0.2407016355137086,2.6623890834584267e-05,4.00119564827159e-05,6.697878137977789e-05,0.00013904469388773905,2.7404977198043953e-05,0.041184055736089006,4.121865591840533e-06,4.9904403605119597e-05,0.022060571061308647,0.04020262545666972,0.15005973474789214,0.596165611134953,LFP,4,14
-362524.1770901576,2.139311587287573,0.006694377858889902,87019.18395081011,-0.3065576765733429,-1.1934423234266571,-0.3811991175657774,0.6523442337159083,2.9271255137810928e-05,4.0186337124208796e-05,2.7071769997685054e-05,4.7070927918096204e-05,1.7510340905768763e-05,0.0966900049800371,1.6407074990209223e-05,4.7205999595203776e-05,0.020627973448993878,0.355590219076251,0.017349329965512583,0.17586133339245907,LCO,4,87
-68646.90187075837,2.3929748086748233,0.011005362621063147,3065.0479968592686,-0.35563740291118506,-1.144362597088815,-0.05525481192777537,0.22302698606235288,2.1092487901971145e-05,0.00015980305262823857,2.569001734171527e-05,6.111871489334559e-05,1.3683013494559842e-05,0.09408552400557832,4.054080238629626e-06,4.550420118358398e-05,0.007416756179701882,0.07341899606179025,0.5767933305495332,0.2245328614609012,LCO,4,24
-55576.62370876661,2.4485767901589757,0.006931300914628364,3778.2303066563995,-0.3218527858121316,-1.1781472141878684,-0.16957339488211887,0.2640994603642366,2.0584235975818165e-05,0.00015408001382461866,3.441715863871407e-05,5.9794753350808545e-05,1.675919930017365e-05,0.08203985229146346,4.19212390044891e-06,4.8804038819514005e-05,0.0068509921968453,0.07137443066050081,0.5971582377528625,0.091893936704518,LCO,4,38
-151090.03766305634,2.1670411474661395,0.022835757317044385,14009.85270201291,-0.3737869225612762,-1.1262130774387238,-0.342048753466365,0.4816006810179567,2.0498094299046655e-05,7.00551314684973e-05,4.066946660507981e-05,0.00011780562877850599,2.7356691556227303e-05,0.045960053370602195,1.730645980729062e-05,4.306875402232139e-05,0.022289211646365895,0.02339966154311227,0.49624708715707894,0.06830449783344386,LFP,4,23
-544912.8477821869,2.2297556290628626,0.00596478250596909,97892.68462422918,-0.31877154501872873,-1.1812284549812713,-0.3863169572944456,0.4813216701078891,2.2574543364267156e-05,8.387375247018141e-05,2.4029923300436506e-05,7.324612945857885e-05,2.804519184911448e-05,0.08805876971252977,1.735722026601397e-05,4.2569213401120056e-05,0.022414934171620896,0.023274929163018883,0.45214720992366847,0.06826090361886708,LCO,4,85
-393552.10190313647,2.1599717436497494,0.02068796284892124,19421.786358345016,-0.3162811563729999,-1.183718843627,-0.3679717455962428,0.21215249871978162,2.234062469680492e-05,7.743681912073071e-05,1.0713850741017869e-05,0.00013783483934943995,1.2092284328196164e-05,0.08131176651798876,3.110584400665753e-06,4.383064951557283e-05,0.024745860824814895,0.03674707433755081,0.01723391109523592,0.5080472689709705,LFP,4,14
-618518.0165125214,2.196960860182385,0.015528653477361392,44221.16689060469,-0.3864622750737965,-1.1135377249262035,-0.3265852384042853,0.5978829378518851,1.5430850783407706e-05,4.825647487927777e-05,1.4835666751900696e-05,4.246305884588892e-05,1.394600236030096e-05,0.0984060586350707,8.35270357770673e-06,3.496188241697392e-05,0.02183850462663869,0.04253670962846909,0.12850042119544486,0.4323776307718008,LCO,4,37
-317776.13102537405,2.3190402263726315,0.041469348483397214,9372.190258405722,-0.27966889828811325,-1.2203311017118867,-0.7044226869956806,0.2543462939783229,1.5518923746569406e-05,4.301770472319232e-05,2.3198977485169037e-05,0.00010929647800577867,2.5384241268112727e-05,0.09018685699730664,1.5213158844061561e-05,4.7808508163764676e-05,0.022238274159229555,0.07319025993391473,0.07432445337944531,0.07806259969095945,LCO,4,7
-383258.97374339466,2.1432630173567815,0.02698424482712345,18102.877590141823,-0.3369345657254197,-1.1630654342745803,-0.6052283359273575,0.22020080621720828,1.4536998737640173e-05,4.690223777454628e-05,5.121591427750386e-05,4.7580617373407613e-05,2.735224025372527e-05,0.08817175674083053,1.5104963785828709e-05,3.825604711095681e-05,0.023670934078703784,0.02338474532761676,0.10892001367135426,0.1924669050736716,LFP,4,13
-425019.56885788834,2.149891785114489,0.030217346472432096,17649.748895654495,-0.3429838912573615,-1.1570161087426385,-0.5229239894962465,0.2204310582408729,1.4536874971222438e-05,4.6172492020841514e-05,5.037643824775835e-05,4.8387798054060156e-05,2.7342219332195764e-05,0.08818804698025057,4.110561185368351e-07,4.207973274043771e-05,0.023687729712334973,0.013900728502804435,0.2562787183222262,0.13689656367872283,LFP,4,13
-308186.432614052,2.175036031065443,0.005118105966762324,25048.64192979865,-0.33755306785788797,-1.162446932142112,-0.2768361237993334,0.2003839089154751,1.614149888150667e-05,6.164494526074012e-05,1.1841104671836815e-05,7.226282506619716e-05,1.327118687625902e-05,0.061455753314677494,6.6565344352168745e-06,2.887345612364773e-05,0.020534404038846425,0.035996503229100626,0.15537111930613512,0.4617962536654309,LCO,4,37
-216556.57897055094,2.2534074259497086,1.1254198486143512,6375.730426544818,-0.7309113688648239,-0.7690886311351761,-0.5744892518636431,0.20460367426490786,1.596648882973441e-05,4.289569327571141e-05,6.457745385453543e-05,0.00010940913193050903,2.4312626862254833e-05,0.09104982940228779,1.5059332909768725e-05,4.793279515199578e-05,0.024328976999430846,0.07329652389389536,0.058021526784080055,0.22419269745838152,LCO,4,4
-49121.55108070988,2.4015666846368395,0.4455087867311742,684.361013847083,-0.6492654698708975,-0.8507345301291025,-0.232086017582677,0.47457156310192766,2.5093677496515667e-05,6.9615661643609e-05,1.3077339641049945e-05,0.0001484644803079485,1.842227701217216e-05,0.060238178148185335,1.5195846256131701e-05,3.202919385868825e-05,0.012085044621332757,0.011003230610782445,0.15009294933881162,0.536817802467729,LCO,4,3
