SpecificEnergy,SEIGrouth,TempIncrease,Price,UpperViolation,LowerViolation,VolFracViolation,C,la,lp,lo,ln,lz,Lh,Rp,Rn,Rcell,efp,efo,efn,mat,Ns,Np
-229333.85980626196,2.1898558806192634,0.011218944645738572,144887.17744808414,-0.33414819184995537,-4.465851808150056,-0.26921500211305005,0.20053353175152416,1.7196888013929923e-05,8.065310007920157e-05,1.9424597382805528e-05,9.232985130147548e-05,1.59901971893511e-05,0.04167711890807039,1.2263530220793896e-05,4.929193986231485e-05,0.024179595737030567,0.12265776887400853,0.5219544816684009,0.016172747344540564,LCO,13,69
-67865.51074661365,2.5191954198623936,0.010349400567423863,32796.9292446944,-4.196844538304212,-0.603155461695799,-0.2810367834677956,0.22290174533846063,1.5551935941347232e-05,0.0002355215335138731,3.4655484955833154e-05,6.0285405675376954e-05,2.988874103803278e-05,0.04044736503342973,2.2595771900156417e-06,4.270268671512045e-05,0.011996243846487356,0.11307601608357776,0.4853663866588188,0.050520813789807856,LFP,12,69
-58372.58347748264,2.272948028359813,0.012185620360938348,34930.25433046631,-4.4087475415349004,-0.3912524584651109,-0.15893182090208324,0.2790791624339513,2.737487249049315e-05,9.777737398430496e-05,1.0654101951420203e-05,6.39390670733308e-05,1.2670038158117542e-05,0.09211416311946044,1.030407867623066e-05,4.7849489785404395e-05,0.007329499455941347,0.1165716875682474,0.592386930619415,0.062109560910254324,LFP,12,98
-27553.506105572247,2.127914544200523,0.013882207874180897,17864.346835751494,-4.222731419558848,-0.5772685804411637,-0.21359535201918722,0.2792365989075684,1.4025979504078965e-05,5.418715381861487e-05,1.9916341784073696e-05,6.549545529991198e-05,1.235469122821906e-05,0.0653216244223015,1.314182466901626e-05,4.7865215481561065e-05,0.00724968441248286,0.11300243777944419,0.5577594337998322,0.0456427764015365,LFP,12,68
-61580.267457296744,2.37137383376574,0.02048834513897271,38111.86958609779,-0.39157176347458744,-4.408428236525424,-0.6589444797230227,0.32038122040658146,1.448805974701727e-05,0.00021800019453576232,1.562622028699657e-05,0.00014058219646778826,1.434279663548886e-05,0.04123740865514018,3.90076502234708e-06,4.794127251569132e-05,0.011698432192964608,0.04876608454341406,0.14119521027571028,0.08109422545785298,LFP,13,64
-10830.507412824814,2.5795495483814412,0.010997567387171812,4539.964353267659,-4.203532737885212,-0.5964672621147997,-0.22044539423902187,0.24081938271432102,1.4122108937221563e-05,0.00023676284367799678,2.48849491324299e-05,4.7787851607522804e-05,1.2146127254082873e-05,0.04137513143301963,2.2637203998833275e-06,4.264893142406088e-05,0.004340490932709644,0.1850451911929494,0.49497819352005307,0.02953122104797563,LFP,12,71
-15401.386285758566,2.2561153280292885,0.009897574340762463,11777.270673619261,-4.20040456678371,-0.5995954332163009,-0.0015846581356767642,0.20374031141661927,1.5690755784694208e-05,9.770303499383046e-05,1.7450469964465978e-05,4.8154735794873584e-05,2.0996320907031536e-05,0.07353756571765092,1.9363118730265736e-05,3.773931024030255e-05,0.005511035611733645,0.3183594751715006,0.5991939636250416,0.010861903067781009,LCO,12,74
-40694.81253632335,2.6932143968913924,0.05172650983619339,7365.470138242549,-0.9193085967022228,-3.8806914032977886,-0.26247158471054843,0.221662196766043,1.2841460080682451e-05,0.00021545330072137055,1.8966283678642853e-05,4.2666758330338724e-05,1.6987589389681573e-05,0.04596823887163184,4.677046507305681e-06,5.232798509718112e-06,0.008488496312909582,0.02327189771162287,0.5203912454119269,0.12386527216590186,LFP,13,25
-281381.1030112041,2.1745486876646245,0.00554612615482415,186839.28834177813,-0.5165523429768655,-4.283447657023146,-0.21388761992487892,0.218012065708251,2.4238936940579985e-05,5.276252398916449e-05,1.0683026254027599e-05,4.3355782579850546e-05,2.199524993382767e-05,0.05994958654981221,8.74390451166611e-06,3.6817245627143526e-05,0.021716200690184997,0.062345926273419734,0.5990871244093434,0.05467932939235802,LFP,13,91
-10202.440330737878,2.2004625381821254,0.01054591033590871,6194.0194910965065,-4.170619241326392,-0.6293807586736193,-0.7911654373930774,0.20930633942434979,2.953092863999409e-05,0.00011690742234220176,2.8752686161719015e-05,0.0001244578968460813,1.244166190907875e-05,0.04849058838304651,1.9120497670586748e-05,3.515750378830708e-05,0.004239130796960278,0.012027929696808687,0.0370529590462928,0.08975367386382116,LCO,12,74
-12815.589520577516,2.5805232410337755,0.08108579238259243,3170.6049883120013,-1.3008695159346146,-3.4991304840653967,-0.20256815535585337,0.29610318210474873,2.7660528161515004e-05,0.00013614225541179223,1.0634669254951662e-05,7.723004531329613e-05,1.21208538639338e-05,0.055402738093886794,1.3502726524289128e-05,4.786044225452396e-05,0.006221699172371282,0.11291927251439482,0.5873162075526035,0.027196364577148358,LFP,13,18
-42738.73493976351,2.217640408496425,0.009293347194189616,24174.717700654426,-4.3877049115363675,-0.4122950884636438,-0.22936470217847738,0.23417018828802072,2.9897047901086633e-05,8.007029428431058e-05,1.9653802649499338e-05,7.676409075272252e-05,1.7753144579472158e-05,0.07773591807465897,8.73202442993011e-06,4.028291186413329e-05,0.006711639430978,0.11567959734535743,0.5746945512087902,0.01026114926737503,LCO,12,94
-129214.09290388285,2.230840382614674,0.008871553942518142,134024.4071224441,-0.567069420624577,-4.232930579375434,-0.24330455521702443,0.20516518756172958,1.3584560384104208e-05,4.822228937974975e-05,4.1587267303365776e-05,0.00011748137592710095,1.356062459084643e-05,0.040190909177317755,1.120884674686216e-05,1.3396157757919207e-05,0.01959794490327567,0.1448054994591633,0.5217259858009975,0.020163959522814814,LCO,13,99
-30187.1465528369,2.1371094456742474,0.0358370791838269,41850.0071846539,-4.519773029663931,-0.2802269703360807,-0.12945176035674189,0.8419003917559638,1.8228551800127552e-05,4.4906733553230745e-05,2.929687089170197e-05,4.185984529146717e-05,2.971046332395756e-05,0.07684982325891536,1.1901968203028683e-05,3.04842790730304e-05,0.009109641473933108,0.12644282983978794,0.5665246141610697,0.10758079564240057,LFP,12,98
-147966.78601963865,2.2503865209689478,0.05855312866401976,42657.062871578666,-0.9894320204979365,-3.810567979502075,-0.36374676326224187,0.2343270263494125,1.5816791237248087e-05,4.7812680944155204e-05,4.207940945643645e-05,0.00014788918317325592,1.3560982235856761e-05,0.06591533161657118,1.1204512306899146e-05,1.2955724741327448e-05,0.017488147272778316,0.1325989868489072,0.22133257734267234,0.21232167254617867,LFP,13,23
-158478.12013176334,2.549816239221921,0.008622896901701465,110108.37172275617,-0.4877223077438302,-4.312277692256181,-0.2752888815969824,0.20293182638915627,2.5600053275749486e-05,0.00023770916992203576,4.581844679411127e-05,6.113516084877377e-05,1.55866874166151e-05,0.040756932696006276,5.671125157769091e-06,4.542846231460972e-05,0.018514062380888128,0.1148824323885401,0.4893626070003661,0.050466079014111494,LFP,13,89
-279017.8075322472,2.738493243517948,0.04731981120932708,60030.25644821364,-0.9365898624908198,-3.8634101375091916,-0.1205815884367244,0.22588323885120395,1.5033115802666833e-05,0.00022075849298739878,2.2233502762038634e-05,4.219830150640447e-05,1.4140767431858486e-05,0.045977161917918764,1.5189070657626722e-05,4.7512084020624e-05,0.024921859819530476,0.13283802239878473,0.5089801856443276,0.16760020352016336,LFP,13,25
-38931.1551854828,2.5783238389761767,0.015722529419842167,19553.28133427596,-4.214426127390368,-0.5855738726096433,-0.28906041089920786,0.2946025490750147,1.816898610068923e-05,0.00024812280481243385,1.9577131162866784e-05,5.718535520794328e-05,2.507087448996569e-05,0.09283796161698103,1.684932157813632e-05,4.279430806592112e-05,0.00605759053018198,0.032180779317654146,0.5840970869116425,0.02466172287149553,LCO,12,70
-127458.537716174,2.576960327354601,0.0743294754697468,34500.61814918247,-0.9670099369277096,-3.8329900630723017,-0.22905948996244951,0.22237628293009135,1.3116946870025242e-05,0.00023456849645736555,1.89661211415346e-05,0.00011643950451061875,1.7423393046684144e-05,0.04587357792915012,4.657020757020045e-06,3.0256246928360737e-05,0.01873697315625171,0.1364507228302673,0.5197873300945557,0.04470245711272754,LFP,13,24
-6140.587816874445,2.0825768863412577,0.009578516785239799,4609.10557015551,-4.297596392593974,-0.5024036074060376,-0.09747583408497096,0.20858478115441512,2.961708779839039e-05,4.384776402574813e-05,4.4703814020404037e-05,0.00012557483001478662,1.4621216054074802e-05,0.0454384715484567,1.8553396897213168e-05,4.946117564294208e-05,0.004051368634344892,0.211187683122575,0.5546902500329512,0.06664623275950293,LFP,12,86
-85422.59373705588,2.50390712835514,0.017715619847542975,39139.608105298124,-4.28250886478348,-0.517491135216531,-0.2628524873293526,0.2342491686968932,1.5415820217691662e-05,0.00019551736694102962,4.144338324036178e-05,5.384751036928107e-05,2.5707755043238106e-05,0.056966732616037886,2.2286070636104702e-06,4.378025210632635e-05,0.012135557415083303,0.11301435992414244,0.4850259867877263,0.0691071659587787,LCO,12,57
-259006.83519231313,2.5860011027002874,0.00888032290255076,139037.77949935728,-0.5195152779997869,-4.2804847220002245,-0.23058997408074366,0.20991775350130248,2.296465721230863e-05,0.00018218533183927716,1.6280222455335856e-05,4.33268000071439e-05,2.2438323943598747e-05,0.05390755470133809,1.7075502082070057e-05,3.3503858958645647e-05,0.01837496595571324,0.062495626603442135,0.5651561422881946,0.07175825702761973,LCO,13,91
-144803.5320377801,2.5298549830051815,0.027172122627697526,43407.93033642345,-4.448121207514745,-0.351878792485266,-0.33082544331571406,0.22199602547992583,1.5362372758829306e-05,0.00023540037160334228,4.527304815876643e-05,7.35299969716031e-05,2.9931761269502862e-05,0.058983434759051094,6.675918902506928e-06,4.5683974327354084e-05,0.014432127180192792,0.04241451977424812,0.48354419091685563,0.07321584599318216,LCO,12,42
-29234.979145456757,2.521089409142102,0.014034342942266482,14089.870520462344,-4.2065988614298675,-0.5934011385701439,-0.2869836418615591,0.27198459297642924,1.8181568935188855e-05,0.0002463996391309412,1.9566841963722313e-05,6.926918852819508e-05,1.7106260956284812e-05,0.06525756691252349,1.2777270635338409e-05,4.265222985401227e-05,0.0060507472909128186,0.02349177887976615,0.595006625123809,0.024517954134865762,LCO,12,71
-433190.4722509119,2.4858531870363882,0.013972006543331899,186650.10543278544,-0.4165301332084823,-4.383469866791529,-0.10589153649380323,0.2127905035828969,2.5194860994064676e-05,0.00021945132643657933,1.945531177059039e-05,6.937182060343759e-05,2.549407240096828e-05,0.06574875996245913,1.1096074434889242e-05,4.9036135917786055e-05,0.024225857753820357,0.16805731392313422,0.5841205694647057,0.07193058011835694,LCO,13,59
-21949.008034477716,2.2952465934510906,0.0071097211263731475,14200.469026684224,-4.1988484558392045,-0.6011515441608068,-0.0014095806561836843,0.20092351393891505,1.92735111853177e-05,9.219921486802573e-05,1.9627830277563363e-05,5.5340226544427046e-05,2.5074658649007057e-05,0.0988941819301711,1.5769221961182928e-05,3.538651114782705e-05,0.0055084231578661725,0.32666213069385674,0.5772084294666295,0.024719859183330077,LCO,12,68
-273524.92061449366,2.1584219513031195,0.009025759443550826,255844.34199827444,-0.5556101556712392,-4.244389844328772,-0.2630774400148601,0.21272281240847904,2.3832313576727733e-05,5.0874791536792465e-05,1.8019069989176047e-05,7.023377224762859e-05,2.6943975074285365e-05,0.05730640411890022,7.671901590396819e-06,3.110944222960909e-05,0.024576256204367878,0.012867112272244213,0.5994785861434246,0.0545768615694711,LFP,13,96
-206938.44972825804,2.1530190026240223,0.015175665852375023,181233.01844866932,-0.44460926793086486,-4.3553907320691465,-0.2467165278124459,0.21283318503601897,2.6509383276336843e-05,4.590994904547871e-05,1.738272031387924e-05,0.00013506404007426894,1.5908860010431763e-05,0.06419024568957528,1.1236816602506564e-05,3.0962394848773855e-05,0.02475778972952403,0.06430044948186203,0.5998387242956257,0.019144298410066363,LCO,13,56
-296371.6818853904,2.524601843314368,0.009135747840969644,313936.64573551924,-0.5666639532874029,-4.233336046712608,-0.23903673908469325,0.20383279031853704,1.2070997052856769e-05,0.00011313661142165836,5.0864539381913916e-05,0.00011511335767013143,1.3556148398327867e-05,0.06259515128198116,1.1201875312660906e-05,1.2979509706195034e-05,0.023690188076652147,0.14908415909781156,0.5216802045135042,0.02019889730399102,LCO,13,99
-138431.35439690592,2.159274747252679,0.012701294692189686,87650.53466692446,-0.34776481457733155,-4.45223518542268,-0.3059305589300271,0.22082630965616937,2.972352751185643e-05,8.947796461157116e-05,1.9945172071415133e-05,0.00014992686529857312,1.3610325804875027e-05,0.04590005659581612,1.4203555026864452e-05,4.6757313560548775e-05,0.01826858890444425,0.052055599393285024,0.4819694634178653,0.09004437825882275,LCO,13,66
-458541.9167314062,2.32915454019308,0.009539236877794312,475429.3178313853,-4.392965643429221,-0.4070343565707901,-0.6185053383811665,0.23003520254853335,2.997303168506109e-05,9.464552745522082e-05,8.527499421941401e-05,4.415924608135843e-05,2.726195171445841e-05,0.09607880385472409,6.080190483962341e-06,4.060576806169582e-05,0.02415525423785049,0.06574349287182678,0.18611659956094256,0.059634569186064176,LFP,12,99
-72314.01153573292,2.216776163086016,0.021303725352090335,39799.15003580425,-4.202706124543148,-0.5972938754568631,-0.3312130606285948,0.22027459623604215,1.5346327927753987e-05,5.570337254254807e-05,5.532885128636891e-05,4.193353009641863e-05,1.3481026758065968e-05,0.040142300526412614,1.7138562712477364e-05,4.724708209389764e-05,0.012688706334341233,0.05224616736213733,0.48122367977519365,0.06531709223407435,LCO,12,76
-10033.006141550824,2.5118500009838836,0.01742568627271995,5244.204793371633,-4.229879513034604,-0.5701204869654077,-0.13219556261787002,0.32279381548937575,1.8387229357137898e-05,0.00024910647399640243,2.5426819655834355e-05,7.944864163250824e-05,1.4083905800231178e-05,0.04920584499391724,1.2914771080902744e-05,4.24097200609012e-05,0.0043242987756445805,0.1861732934785082,0.589429698054982,0.022201445848639773,LCO,12,71
-332531.7728327621,2.5836232888353,0.009052970888265002,203826.41406161684,-0.5674302294591982,-4.232569770540813,-0.22899567662467224,0.21367970620131904,2.3854615152701603e-05,0.0002440245768336462,1.0775636976535687e-05,6.902697741573057e-05,2.6540212890071782e-05,0.0400746521997857,2.870884755718116e-06,3.042283415600387e-05,0.024732200743029092,0.07931487404727959,0.5916897534690458,0.0299996958590024,LCO,13,97
-514125.3473044441,2.27761657845932,0.009171934744402204,362356.1005825614,-4.330555452012035,-0.4694445479879761,-0.232998288850639,0.2159085205469381,2.556251374031698e-05,0.00011123417775765907,1.0090930514672061e-05,7.364397769501672e-05,1.266341951636893e-05,0.08621324752889611,1.0589873727609024e-05,4.703497238028193e-05,0.024926908898503478,0.11856408620525966,0.5160133862340737,0.06242423871002763,LFP,12,89
-313378.5675655263,2.641085518026011,0.008658975577268914,176231.54096070086,-4.393096702859808,-0.4069032971402038,-0.2854775080131028,0.2096981778433119,1.5028848210665358e-05,0.00024146955574282436,3.4657442390981545e-05,4.390107787307513e-05,1.826732935276868e-05,0.04038711598463285,1.849303638398541e-05,4.7965090345111606e-05,0.023124566502139315,0.1139837764218052,0.4802791137348838,0.050259601830208236,LFP,12,98
-364351.4354848199,2.60471017331558,0.008954945207942629,186525.4555265008,-4.367827300010276,-0.43217269998973507,-0.19283132215044074,0.21179634935273428,2.9683188310532248e-05,0.0002026400448348167,1.2099414917073796e-05,6.664423523316065e-05,1.2117408481077828e-05,0.06287774980115168,8.22502139993811e-06,1.8185630426420458e-05,0.020458670594620566,0.021972159684821396,0.5938668137783737,0.12132970438636423,LCO,12,92
-214560.78591586795,2.156967683377733,0.007180844427284498,243069.91412730468,-0.5711933466268277,-4.228806653373184,-0.15260905604159036,0.216067300854423,1.675885218620668e-05,4.038330994721775e-05,1.80356270907383e-05,4.3407367636836846e-05,2.2423340549816058e-05,0.05396045847858157,1.8039020889631646e-05,2.7943996212426398e-05,0.02468033840540368,0.08735432686376601,0.5978447011951441,0.09219191589949964,LCO,13,100
-280614.25556644227,2.133607598678411,0.017641469177432718,186465.51707283125,-4.305897245236821,-0.49410275476319043,-0.13697065651723705,0.2145431355105859,2.9726813595890352e-05,4.4442036519443406e-05,2.93863754314126e-05,4.074960540095004e-05,1.5327152516390123e-05,0.08191860764374725,1.2207183986808643e-05,3.0481018624364293e-05,0.024836210794932024,0.15028154528979992,0.5999962018292684,0.0427515963636947,LFP,12,56
-172935.11863907875,2.139537022395754,0.005217514269915427,219095.25610950458,-4.393984567228358,-0.4060154327716532,-0.41543841264389203,0.21419329599666584,1.23417040991625e-05,4.838617461960844e-05,1.240671542962754e-05,4.3444133388911834e-05,1.658504788345991e-05,0.04615675689213873,1.7037405245059294e-05,4.795036932656965e-05,0.024774310262415333,0.03258305027647369,0.46352327938921956,0.018455257690414756,LFP,12,98
-737175.9918918131,2.5341326456612263,0.009333420013122531,634236.8005408902,-0.5338663293050914,-4.26613367069492,-0.8972941618591881,0.2022558978754812,1.9075153839939163e-05,0.00023035708819635987,1.1206568267110059e-05,5.28960015601668e-05,1.80287816878607e-05,0.09960122767386546,1.1239393288681065e-05,4.805869054913949e-05,0.02464808058624115,0.010155527359397648,0.012084656339300375,0.010465654442113895,LFP,13,95
-54426.080844666845,2.3800777830941113,0.010864669125119856,38963.9151895243,-4.393946332301468,-0.40605366769854356,-0.40040765875112827,0.2480867822855354,2.8549639924595397e-05,0.00023337111682623026,1.6242219939457226e-05,0.00012699403924382204,1.579579637833807e-05,0.06629902516013296,1.9797692877638023e-05,4.8100905637812136e-05,0.008455792043484647,0.047413651765662784,0.4347247611316558,0.04745392835155311,LFP,12,96
-9578.182158934575,2.148371484783648,0.014216377831318645,6901.096843053174,-4.401426501714937,-0.3985734982850744,-0.7561069519168373,0.3082274840647283,1.4629238377600723e-05,5.5578291912602586e-05,1.7828200514000155e-05,4.940264072516914e-05,2.6347589563534145e-05,0.047511292572888636,6.657208072794396e-07,4.594884356600578e-05,0.004203281784605828,0.01568732225618115,0.1029939985909402,0.05521172723604146,LCO,12,95
-626070.7429408325,2.5614845957923853,0.009896331112357562,455176.53256868396,-4.380179673479972,-0.4198203265200391,-0.6223151533082192,0.22719679012048866,2.206937141274327e-05,0.00024590971341281666,1.0128034520754743e-05,5.5026487065545554e-05,1.782426704914906e-05,0.08359166816722016,1.1239281929461878e-05,4.804038098025861e-05,0.024893372639607857,0.011126142691425096,0.19972115399147405,0.09683755000888178,LFP,12,95
-10138.990963574888,2.2263337309130544,0.027867211467405745,8619.625856545093,-4.425827561823979,-0.3741724381760321,-0.4747007068388656,0.4062166754714148,1.2829858587098801e-05,7.461054564165646e-05,4.850245001616046e-05,6.935093883283197e-05,2.90109548590193e-05,0.040913962899112394,1.9441788774810918e-05,4.6905227047409755e-05,0.005102242178781791,0.017261464791544747,0.40622444262073376,0.03181338574885595,LFP,12,96
-70438.69446432858,2.0933653245802852,0.011998484812114185,72381.43795308209,-4.4123136572865675,-0.3876863427134438,-0.2588736810983854,0.28459826585646103,1.649023120634448e-05,4.277037059956117e-05,2.1637075306366414e-05,0.00014047060082908341,2.9420409177086822e-05,0.0555321591448321,1.2698902254195567e-05,4.922355955790452e-05,0.01327824704876059,0.01072214733799394,0.5861548809208709,0.07424929064274986,LCO,12,96
-662388.3960314117,2.6158911825455826,0.010233401559429913,397273.9244639716,-0.4173523662484868,-4.3826476337515246,-0.7888566687481595,0.21998858566098908,1.2685467249701954e-05,0.00023244021042059438,1.587484995436477e-05,4.471891515817464e-05,1.200330660230224e-05,0.07439507985283172,1.4825268754038233e-05,3.9518630538804895e-05,0.024077195197362733,0.018256596167371242,0.08198465259587864,0.0409020824885906,LFP,13,84
-71657.53502165862,2.4977503219257597,0.005171057935228507,116855.58239314386,-4.239338065208699,-0.5606619347913124,-0.4138985203864646,0.21328721101750492,1.4833188830109047e-05,0.00010091231794720837,1.2374052002555005e-05,0.00012845826249988267,2.807141679126958e-05,0.04537371072428049,6.551574144014812e-06,1.4555329611156212e-06,0.019490641022272843,0.0652031091586621,0.4209842536286589,0.029914116826214438,LFP,12,81
-9662.144650011163,2.0744563076977833,0.01713905948583403,3855.425200431581,-0.45660221359733555,-4.343397786402676,-0.7610281884908653,0.2311676299966386,1.466710333162401e-05,4.272079503610299e-05,1.1729508492398242e-05,4.7491257733465154e-05,2.625635531465524e-05,0.047016691542790826,7.558834134479261e-06,4.4140338734171843e-05,0.004094292366990267,0.01217153150488379,0.10117945925255936,0.0556208207516916,LFP,13,54
-312768.1020966906,2.3441882616167846,0.012475897283754164,267382.87580123136,-0.5608844644321778,-4.239115535567834,-0.4675159829754782,0.28001742565702553,1.921005495618656e-05,0.00012050669254290594,1.1193686256356132e-05,5.364475323347488e-05,1.7845862109864775e-05,0.0501127863319984,8.656834312738521e-06,4.464062125623799e-05,0.02490865745564306,0.014708503724717305,0.4229886490334982,0.024786864266306354,LFP,13,95
-5087.927724299361,2.095848716590703,0.02352327781825001,1810.4762478710047,-4.524364947242034,-0.27563505275797695,-0.09033958414056575,0.21866716811525283,2.7903217956365938e-05,4.269706795910999e-05,3.131235299712638e-05,7.03986542644422e-05,1.3302776949702927e-05,0.04103777834219405,1.5824108137362894e-05,4.474858651887105e-05,0.0040712444113312094,0.3607921019524075,0.4306509196052358,0.04821739430179096,LFP,12,39
-31388.58524832282,2.2161233019074893,0.012579639648805385,17138.934289794917,-4.244072225199318,-0.5559277748006934,-0.004273875974886265,0.2223612150664211,1.2815423365204034e-05,0.00018505220417984922,1.589089575076419e-05,0.00012477653348897085,1.4329619652193354e-05,0.045462764771839644,1.4351194743219797e-05,4.454087570751284e-05,0.008944778700694933,0.35660046909809734,0.5209436191558722,0.048182035771144244,LFP,12,63
-10340.500845433533,2.290210099912683,0.011573770409799681,6149.261090505307,-0.3616552407185267,-4.438344759281485,-0.7748181639676216,0.21777231933122654,1.553337126058863e-05,9.171739487339282e-05,1.4979679520923554e-05,4.259547999210449e-05,1.201836645260139e-05,0.044442850125087655,6.095421316722019e-06,3.675551413625873e-05,0.004148573954796904,0.014487998972571636,0.07940338507975639,0.06129045198005044,LFP,13,79
-32747.483894222805,2.5134642421154596,0.014659606813421091,16506.221694464322,-0.350674588305516,-4.449325411694495,-0.4673144286642627,0.25453532634838,1.76687512327385e-05,0.00020956474350785617,1.676132603703275e-05,5.072369329821995e-05,1.9962846636854512e-05,0.05193085968087886,2.0677026964663e-06,1.0729531090375987e-05,0.007069007124346506,0.04023242491306599,0.4011372241807993,0.02131592224187206,LCO,13,67
-37258.08643511582,2.2213450880984675,0.022819105847096142,25964.77632160721,-4.384601636450412,-0.415398363549599,-0.25941306240276774,0.21836490469026787,1.4706739352467451e-05,0.00018559700125029408,1.0182122845615123e-05,0.00012310828057467778,2.907645497624135e-05,0.05059406751535494,1.4449878266018092e-05,4.395325805791243e-05,0.011238599065892267,0.512496731534711,0.11332662095511818,0.04476358510740316,LFP,12,50
-13182.269788467305,2.579471649676363,0.008807830109418954,9339.578505815045,-4.389010722822995,-0.4109892771770163,-0.1013721755073057,0.20198182835579928,1.2693876016850694e-05,0.0002031986395309133,1.202452720170865e-05,5.953857786145193e-05,2.0849155983646806e-05,0.0630492539426944,1.1583604190082084e-05,2.315577111153675e-05,0.004479673078123276,0.1488853743155495,0.58255194470294,0.09719050547420488,LCO,12,95
-407984.90681036835,2.5781714951922456,0.01126505946939948,206327.46276411135,-4.262137683150129,-0.537862316849882,-0.3434179589021068,0.2551960402506252,2.466715548668469e-05,0.00021573906576833566,1.0660259983584082e-05,4.1647707012137084e-05,2.2283168319570728e-05,0.058459306565409846,1.7518052920900745e-05,4.439341722418939e-05,0.02307239469259075,0.010469215792561066,0.4668802389842453,0.10923258632108687,LFP,12,82
-43592.73556570384,2.532348100140131,0.014659606813421091,29222.506657632737,-0.34245428781955667,-4.457545712180455,-0.7446262161940939,0.25926876159634543,1.7665606338527795e-05,0.00023070881209406353,1.2962789265343713e-05,4.54481669747172e-05,1.9640563917684177e-05,0.09968294225407477,1.8717124336525139e-06,8.87657209360725e-06,0.006507176238308699,0.0103250462226585,0.14891863108311912,0.026130106500128543,LCO,13,66
-276832.10107555764,2.2749530930170137,0.011392890394667765,152269.27006485776,-4.192409455852683,-0.6075905441473282,-0.3351888055664376,0.21417853513404503,1.2377294775012573e-05,0.00010688803801185108,1.2543636960238987e-05,4.345501588049734e-05,2.198318904216536e-05,0.04595688435804899,7.457599380592229e-06,4.958666469319248e-05,0.02454945156343104,0.057692785392070366,0.5169682181249459,0.0201501909165462,LFP,12,69
-38997.249649613535,2.6004672602063974,0.013474014213480937,21929.63361313595,-4.220082289086996,-0.5799177109130156,-0.32074799176934,0.270291514359666,1.721780347862633e-05,0.00022318299217475855,1.0235816444388934e-05,4.164414746746063e-05,1.9313943840937128e-05,0.0638368478994012,1.753031126869095e-05,4.939266594355876e-05,0.007402421586260359,0.01078564689882383,0.4884165954915958,0.11004976584024051,LFP,12,76
-379381.2042022544,2.5261167982856123,0.00955413551355167,154475.5265137941,-4.1903076119992875,-0.6096923880007239,-0.4665419786156726,0.20038350489210513,1.2433284328091005e-05,0.00017933180688596085,1.5514923834400168e-05,4.199828426677592e-05,2.4097508918238866e-05,0.04059403336961239,4.199119026550131e-06,4.312320027401039e-05,0.02421152921533699,0.01645113295043516,0.42222155755512564,0.024785330878766644,LFP,12,75
-58443.7456767086,2.5205165915397965,0.02382148184661175,21472.579982231782,-4.470728702814775,-0.32927129718523673,-0.15070199307863252,0.2386588269501635,1.2687724449325393e-05,0.00023570766273545767,1.5856361681763558e-05,7.812110713264777e-05,1.681590140676304e-05,0.05998518205052921,1.971358634530186e-05,3.9362192093387624e-05,0.010108952381065734,0.3020249200979889,0.4358805769131877,0.041392509910190785,LFP,12,44
-101361.34606643445,2.523399936004402,0.01161088952687425,77352.69310425485,-4.21686927780442,-0.583130722195591,-0.03414079343082077,0.22940990440875822,2.001541850387062e-05,0.00023748880706051846,1.2946054651877826e-05,4.941848169475236e-05,1.6624390284188274e-05,0.09966390522955525,1.835037477128985e-06,8.488029108821877e-06,0.011742312692206304,0.4387207274885335,0.4382857577940845,0.01885272128656121,LFP,12,76
-43213.10007508245,2.621449670226067,0.02257798448971319,21667.735004774157,-4.264443077863717,-0.5355569221362941,-0.6870577788038034,0.2739845082519155,1.3550887612718217e-05,0.0002306933280031037,1.1628492711365752e-05,4.016168562864134e-05,1.5381286577481686e-05,0.09131214985395539,4.5273500715605485e-06,4.6125564687241794e-05,0.006452716356098834,0.02298866469448281,0.17751495623904856,0.0424386002626653,LFP,12,59
-85826.7827452856,2.3834087438704104,0.02191154771911181,51029.11624155194,-0.5167013749034339,-4.283298625096577,-0.6966151214932641,0.26694320609892747,1.5343113246029015e-05,0.0002190276133224816,1.802050003290712e-05,0.00014557361434066075,1.4596314159184968e-05,0.04238171724605329,3.6848798233275877e-07,4.081198022521661e-05,0.014864277314366906,0.048533816392635445,0.08488176446995148,0.09996929764414898,LFP,13,51
-86553.7754545717,2.5259590112170263,0.008419812244137011,49957.50288057331,-4.387409027496922,-0.4125909725030894,-0.2635405887817418,0.2020638384895867,1.6370436065184434e-05,0.00021999328947854433,1.0225352440346875e-05,5.825632099967364e-05,1.9849587219053882e-05,0.08490211131548077,1.7538026650098964e-05,4.999605396993273e-05,0.00869564152991937,0.010131128933622901,0.5046839451041614,0.15164433718047393,LFP,12,96
-58534.73930527241,2.55119098459618,0.01196806017661536,34722.69037783579,-4.201018723297153,-0.5989812767028582,-0.26831820496755643,0.2501619007052446,1.558933653551785e-05,0.00020076583459495824,1.4791379063205454e-05,4.91198622328305e-05,2.859283690980856e-05,0.07890740050853362,3.343133522722876e-06,4.8264950133323e-05,0.008720271529346861,0.08233867996537728,0.5672532261477445,0.012089888919321869,LCO,12,72
-37432.62754249737,2.25949317991942,0.012847516014407628,23386.57789884598,-4.215897862010749,-0.5841021379892624,-0.506465536516147,0.21658382718158345,1.4711981823864526e-05,0.00018479545702863306,1.0157079084345483e-05,0.0001223193091311135,1.4021727175832971e-05,0.05081691481878738,1.4305793626229053e-05,4.3948712829745385e-05,0.008936065032596106,0.28378414298913823,0.09155313815162701,0.04819718234308774,LFP,12,63
-275570.95324845717,2.085751642054459,0.02255861479933287,130878.65116004925,-4.286369261435482,-0.5136307385645296,-0.32351555253145503,0.22796866989161074,1.2131718944352322e-05,4.384459588112706e-05,1.0175907781056966e-05,4.865733017637977e-05,1.5738545190345235e-05,0.09224338812190021,1.9895523903721063e-05,3.742033359740899e-05,0.01804341153262836,0.017823200892538957,0.5273020851965448,0.06135916137946128,LFP,12,57
-130287.79581451125,2.554870099216777,0.010844737328805736,68248.1763979654,-4.186383486655728,-0.613616513344283,-0.4718734018367974,0.20201459396005805,1.2427462738828524e-05,0.00020367997951349653,1.1956056243739331e-05,4.53760476215124e-05,2.5625914484747838e-05,0.06323746170000802,4.0035229250604425e-06,2.2848676977863513e-05,0.01293512774088267,0.013941376992630206,0.4204667679136772,0.02371845325689524,LFP,12,74
-252580.80611449984,2.8309733168385516,0.681660512517132,68070.32126438203,-1.0143286851487119,-3.7856713148512995,-0.4635430911104936,0.2749509727439165,1.2698034057117292e-05,0.0002408883253875294,3.683221654287112e-05,4.038054915292693e-05,2.2509054754322594e-05,0.08592441366461526,2.8152611969570763e-06,4.044479946983668e-05,0.018905634790065202,0.031672508731793086,0.4127690109778357,0.02201538917987772,LFP,13,23
-193259.59799839312,2.425163584755592,0.02092574460360764,128753.76157603312,-4.251881056807875,-0.5481189431921365,-0.304530509581619,0.3477916285717618,1.7627011819598888e-05,0.0002477772343806152,3.5302493723101636e-05,0.00013186447895742313,1.4507387854412585e-05,0.054685857854282656,6.122383435777043e-06,2.842786224958334e-05,0.020469615020690633,0.07175039419860837,0.474462042157194,0.07925705406257867,LFP,12,66
-296353.36663946754,2.4386531592328646,0.02398831523300172,103708.77526793987,-4.453216471435326,-0.34678352856468564,-0.3299796590879599,0.23881850044270542,1.267495612521455e-05,0.00023576532361415585,1.594578588014654e-05,9.383920531964294e-05,1.2070992707236756e-05,0.05969013899273874,1.9670484728369547e-05,3.95832826817152e-05,0.021384894736277228,0.12358943392422785,0.43503999052852865,0.04139091645928356,LFP,12,44
-438179.04549829464,2.5721082867243306,0.028955184045652577,115370.69173156904,-4.424531557317039,-0.37546844268297264,-0.6997211486334605,0.21486149668307764,1.27159193606816e-05,0.00023249573989603107,1.5941594407187823e-05,4.505367385964052e-05,1.2686323454998171e-05,0.09135327116055118,1.8538418739069207e-05,4.457681840388033e-05,0.017308049842679363,0.026668492987824886,0.16152729051246048,0.042083067866254265,LFP,12,43
-144314.05431521247,2.1266918282443386,0.007796069593719658,87929.23092913534,-4.259783816718681,-0.5402161832813306,-0.2793632589362588,0.27076489309716556,1.3294543213770855e-05,5.49767252406972e-05,1.5465038774719125e-05,5.5569258551093807e-05,1.2245359756665981e-05,0.040492029129334986,1.3761135153334283e-05,3.672160103505618e-05,0.01854649071908461,0.014384410930025428,0.575661038973399,0.060591291160316835,LCO,12,81
-70979.05268736789,2.205588185251938,0.022749253766377167,73190.99690409288,-4.448734523104591,-0.35126547689542065,-0.4699543579318166,0.5033803722166476,1.283221557817831e-05,6.627133217111419e-05,6.379488772931818e-05,6.96523980197376e-05,2.9401350155350914e-05,0.04963239515728994,3.7550204512950332e-06,4.1783594183520463e-05,0.01340560555287202,0.018817365612567825,0.4057248919872359,0.035503384468379764,LFP,12,97
-653405.7519022487,2.55824886986004,0.012108608116497223,323598.50960216223,-0.32101578882711124,-4.4789842111729,-0.7943458975801018,0.2038194360341281,1.2647493194609648e-05,0.00020033617495563794,1.58717607692275e-05,4.4552076319614524e-05,1.2186977153074836e-05,0.07504306613889794,1.4890282469305451e-05,1.0636471369195391e-05,0.024293336456513548,0.040439457602487267,0.05411877652263168,0.041095868294779334,LFP,13,67
-34158.0304427517,2.6288254878673127,0.013701546632092467,17595.066838156457,-4.2163833015533,-0.5836166984467113,-0.536375217654304,0.27771957083446985,1.788056546013655e-05,0.0002236942082779851,1.0229116860607997e-05,5.133016681491807e-05,1.900420915651698e-05,0.051645961359150075,1.4409740868405477e-06,3.2640294457878e-05,0.0070669262417783225,0.013671338079815933,0.35984167539900846,0.020111768866871736,LFP,12,76
-13301.04288261836,2.589105841006713,0.009667444648466353,7520.461046931184,-0.44169964481359614,-4.358300355186415,-0.8004699981965708,0.21772744253469634,1.6845877642293772e-05,0.0002091390208367064,1.4562795402824275e-05,4.4736582474273106e-05,1.2025515888884542e-05,0.04930775965201492,1.4826805753110763e-05,4.078806675082507e-05,0.00404899683506838,0.018323035557001047,0.07940296072116025,0.0318040055252679,LFP,13,86
-609738.0387272278,2.542467808077464,0.01296271146612785,416841.7497412074,-0.5650350824708568,-4.234964917529155,-0.4273360605545531,0.27441141474369324,1.4777092900932599e-05,0.00024254771517699664,1.8554643173277338e-05,6.103275167097771e-05,1.8798245488124696e-05,0.07343079401770806,1.9988075883136264e-05,4.975315910630063e-05,0.02493484714991103,0.04839318077118267,0.44027249746606145,0.013998261208202887,LFP,13,96
-748117.5129006117,2.673441368043153,0.08602057091615996,131364.3475096651,-4.700425780515133,-0.09957421948487877,-0.25473841521575935,0.2822887803184234,1.2865842175997088e-05,0.00021711574833635237,1.8315065546819115e-05,5.454659113684667e-05,2.7694608383214252e-05,0.09884762196078434,9.552344726215417e-06,3.977081568124071e-05,0.02462880809609001,0.059760502939118776,0.45840318917714973,0.15709789266797225,LCO,12,27
-18583.992996251545,2.312070939707333,0.009049105743412514,12483.837751362815,-4.33197589873771,-0.46802410126230143,-0.07739981186491007,0.20802012923242844,1.216705434272208e-05,0.00018119820448081974,1.3819069671523907e-05,0.00011145791146085319,1.4596858839057731e-05,0.07282586171401795,8.552178984294202e-06,4.071303492721915e-05,0.005001549241642197,0.08769169024968324,0.5916031993339409,0.17330529855146584,LFP,12,89
-184251.12319744358,2.102435794612556,0.012889827343644456,122821.41787271606,-4.215847214612012,-0.5841527853879995,-0.04555429864368532,0.20709990416012555,2.338578322029704e-05,5.279225896738411e-05,1.1850692661225631e-05,6.575559095535111e-05,1.791124065371258e-05,0.042295132705468974,1.2279773498327614e-05,4.2773349830237775e-05,0.023644312194842167,0.04632836188859129,0.3879970092583422,0.45012033020938125,LFP,12,78
-200323.6252970482,2.1227139824441843,0.005233736697949869,189629.88403970638,-4.402533850326321,-0.39746614967369,-0.16753905202949793,0.21592789047414432,1.869880726422361e-05,4.381443114175455e-05,1.2457763924078346e-05,4.314075612062805e-05,2.5630057728991357e-05,0.04860963668289355,1.8269268714263322e-05,4.725015770514988e-05,0.024564651505841317,0.07977971365329097,0.5968283533113031,0.085852881005908,LCO,12,97
-216063.99767147462,2.486002337675954,0.027486035462762504,45171.09498098791,-4.501465645638035,-0.2985343543619763,-0.06213048986674985,0.2004131647574921,1.4127638640574396e-05,0.0001627349584983375,1.2219507397980761e-05,4.245938808227621e-05,1.339627941615723e-05,0.051078127253309666,1.5527300529723227e-05,4.9801012301144776e-05,0.017699329189307562,0.012931552481390418,0.5812376779774207,0.2737002796744391,LFP,12,38
-272360.7268574393,2.1199940943848063,0.011036599272484184,176344.56512735412,-4.192657321510346,-0.6073426784896654,-0.37343291698058,0.2056681541974827,2.3386000084313886e-05,4.5156995106711746e-05,1.0354049811501553e-05,4.238844303379928e-05,1.793943216576359e-05,0.0685892910894719,1.2378585163851982e-05,4.3893513130252564e-05,0.021925709414156443,0.044482012168029855,0.38799730697191587,0.12408776387947423,LFP,12,75
-14254.55311183659,2.13559173191843,0.02484820902831884,7023.268666419556,-4.292867244757758,-0.5071327552422531,-0.3160888327223048,0.49644793929951647,1.4015274812321969e-05,5.590643532272794e-05,1.3900776470690668e-05,5.0932341756640314e-05,2.70314066188736e-05,0.0771509096790308,1.9530216377969983e-05,4.93804422467362e-05,0.004247035660199307,0.06258731122985736,0.4438296551093498,0.10749420093848805,LFP,12,68
-223607.24789224868,2.092104051512937,0.016805822164346344,154398.06464314435,-4.188266528338389,-0.6117334716616227,-0.2485636759784573,0.21190927659060085,2.739273296444572e-05,4.41326436621332e-05,1.2100264858365252e-05,6.696684046410915e-05,1.4484810739863626e-05,0.06278783828245028,8.177675549139767e-06,4.5152761656697745e-05,0.022624694533718563,0.045074055629915136,0.5162551434465025,0.12010712494512513,LCO,12,68
-353421.0630330992,2.5722823357735485,0.009002667893575043,191653.17621176664,-4.3655951180206,-0.4344048819794111,-0.27457423499726363,0.2117457059199465,1.9757574094000173e-05,0.00019065440647676068,1.4196608073093449e-05,4.001653583986566e-05,1.2116839296601999e-05,0.06080944667643548,8.223561030004525e-06,1.8184003392532736e-05,0.02054740709620144,0.034721385895265064,0.49961002420697853,0.12109435490049278,LCO,12,92
-260432.6637135651,2.578182396918262,0.008990953365526539,156260.541882559,-4.37478980825172,-0.4252101917482918,-0.0037364732461120376,0.22413343732526136,1.3013773998716208e-05,0.00010776460702151084,1.539623507281161e-05,5.355464380872006e-05,1.406564109565897e-05,0.05428583353850961,7.978544575994608e-06,1.752082572767604e-05,0.02078405390246836,0.05873751196766687,0.49968701233993074,0.3678390024462904,LFP,12,93
-241878.56346758507,2.3630376026691797,0.017143450602449362,102449.16266805616,-4.452952808950002,-0.3470471910500095,-0.25687176025690917,0.21208185794075007,1.3020463120823782e-05,8.095041890940822e-05,1.2214293730371432e-05,4.870917615883276e-05,1.335093377807371e-05,0.0509386057138262,1.1891400889601168e-05,2.2050808261153117e-05,0.024499489807406353,0.049309720843680765,0.5752397839598281,0.048578734939582036,LFP,12,43
-492360.5002856953,2.6363339004688884,0.008808443677957464,280976.58024059416,-4.361588457717097,-0.438411542282914,-0.4175190792132517,0.21130802276841634,2.746054359824082e-05,0.00023200205922833614,1.4182993906793116e-05,4.378229072404857e-05,1.2004877506820985e-05,0.08304190982842544,4.564948564299391e-06,4.523449282928988e-05,0.020709134223700805,0.07625950111444726,0.3630902679904162,0.07313115168188493,LCO,12,92
-139313.58128859458,2.379271812588525,0.22611374404787016,18573.073781854997,-1.7894308843242044,-3.010569115675807,-0.5705016047803055,0.35577025151992864,1.704660079942239e-05,0.00012519845359101306,2.5204391315642177e-05,4.3986968608648125e-05,1.2404254447304322e-05,0.04378018110176879,1.8234967500275853e-05,4.884866252055784e-05,0.019099619719296537,0.012751555527615602,0.26581166260564415,0.0809351770864347,LFP,13,12
-428278.5107676592,2.421239340813145,0.01056319212312007,142436.218253731,-4.195822944134896,-0.6041770558651152,-0.0041697940150213775,0.206096837136702,1.2018172617474152e-05,0.0001368003100141125,1.20761566292997e-05,5.348725667578613e-05,1.386619487151284e-05,0.06683137019062328,7.973757375256894e-06,4.5251555473850637e-05,0.020771303550884076,0.03855753655458443,0.5162746022094206,0.3709980672209737,LFP,12,68
-16618.42808602589,2.106112904179002,0.010614833853066798,19661.46677462759,-4.397240651917585,-0.4027593480824265,-0.3266095294708381,0.25260479430816213,1.919106396196959e-05,5.4832126624135744e-05,1.203026401457974e-05,9.857694523254275e-05,2.880422314537338e-05,0.057678752949480244,1.6127268649485897e-05,4.881119330035232e-05,0.00684287648306039,0.025941062082585477,0.5672136748817508,0.01023573356482567,LFP,12,96
-46420.39708538985,2.314982981628608,0.038902587289705234,10729.672760766804,-4.5709907386706305,-0.22900926132938082,-0.34919783146130623,0.21880688898273512,2.2741383306620837e-05,0.00017164883497857385,1.190944474103672e-05,0.00012079642689699733,1.3429697202469055e-05,0.05814557572975511,1.803031831783521e-05,4.537154084904679e-05,0.0081612884249013,0.12397172626554574,0.41304967728044284,0.04378076499270518,LFP,12,33
-429485.4552494567,2.570379719049583,0.013822763819410758,257418.41818124376,-4.2124067687471864,-0.5875932312528249,-0.3729642323211789,0.26918180871775066,2.3374159833251066e-05,0.00021511899543097396,1.3369349275337622e-05,7.656473198365817e-05,2.971926165477765e-05,0.06859073410431316,1.0887942105419487e-05,1.395370609575773e-05,0.024662134560893497,0.050000703382949395,0.38555641855031975,0.12147864574555203,LFP,12,75
-365765.8862402669,2.5554226891935814,0.008808443677957464,207482.98360919967,-4.364780146651661,-0.4352198533483502,-0.2960118635061698,0.2106341980770055,1.2788605060334377e-05,0.0002321718952609518,1.4191525680697452e-05,5.361017381212201e-05,1.4980509487591622e-05,0.0640078013441087,7.776203935041302e-06,4.526248562519877e-05,0.02041253527902165,0.058783864021129034,0.5031455098239962,0.07205876264870503,LCO,12,92
-166187.4145772431,2.5252248998207256,0.00989565976509479,81856.14155886782,-4.269184502117199,-0.5308154978828128,-0.13557699790283884,0.22523358952722808,1.6920004321245456e-05,0.00016551277880019448,1.4637250370643084e-05,4.071296188329769e-05,2.4485989126128063e-05,0.09452620596049144,1.544303858998128e-05,4.5814613388172305e-05,0.011842407030633837,0.10566725863510647,0.5736822751298964,0.11507346833215822,LFP,12,83
-62999.45869136553,2.6117810813493962,0.06793606798335336,15664.367066144294,-4.7275170079799835,-0.07248299202002784,-0.24972333934990798,0.2941202255918199,1.6964466109914858e-05,0.00021849894221891698,1.3987943659942976e-05,5.82866184848832e-05,2.8592555605910418e-05,0.09546504299427842,7.147647468382667e-06,4.828132142587714e-05,0.008749735615132865,0.05916269406297615,0.5637160258362509,0.05739794075086496,LFP,12,27
-152234.78523385254,2.6000537612482417,0.02005169331418505,51855.05978229255,-4.3062898970323005,-0.4937101029677109,-0.32187044482807237,0.2964644354609838,2.839132284224884e-05,0.00021112871064702244,2.071604987710399e-05,4.324325092651454e-05,2.590485909285531e-05,0.06025685277052596,1.859935421695806e-05,4.273909861544502e-05,0.01368343993443638,0.04990808434634349,0.5373483703595532,0.020873100466030994,LFP,12,58
-374677.21164130734,2.6187280054336237,0.009972510131279644,173088.97195317186,-4.330258800308229,-0.4697411996917822,-0.3029588278830255,0.21630215231233876,1.5335785389506382e-05,0.00023423002983398474,1.0803095853413776e-05,4.715180631623813e-05,1.5965399457660018e-05,0.043100421360786456,7.69926078407418e-06,4.913661320671427e-05,0.023275996818380836,0.058789219576836214,0.5033555143677122,0.06489643817242612,LFP,12,89
-105137.0731435188,2.506608895536337,0.009042481535267715,64611.38626808244,-4.348919911224272,-0.4510800887757398,-0.29629913402957175,0.2119509432401992,2.103213305308748e-05,0.00016447558188173247,1.3639890538519842e-05,4.232364696026967e-05,2.6199469636049038e-05,0.0679029397194834,1.6366299227832036e-05,4.962078467501995e-05,0.011576536647054571,0.08526188698107189,0.42970969764617,0.11872928134318639,LFP,12,91
-242510.8556474716,2.5176816392394743,0.1420714333818382,31050.961350450878,-1.5970860440247918,-3.2029139559752196,-0.5742237391442571,0.20335513508203437,2.4520956452981793e-05,0.00013537783306615474,1.4318241519922916e-05,4.182724855297304e-05,2.6731932655009746e-05,0.07008611531515678,1.539018474726016e-05,3.2707126835793886e-05,0.01939013909681589,0.06447182596982162,0.2604396599982036,0.030864774887717744,LFP,13,13
-56708.7438564558,2.5228073097967956,0.014685443867560521,18923.00596060386,-4.249753057006814,-0.5502469429931978,-0.1536050454927187,0.2213520601451369,1.2746908836951341e-05,0.00016583909082983777,1.3871603576338306e-05,4.066837430266319e-05,2.8192476228695558e-05,0.0763680569360645,1.958902326513646e-05,4.941654753039391e-05,0.007340486797375594,0.10630767488715433,0.5661344840010663,0.1039527956190608,LFP,12,61
-30460.468894170044,2.0940399559453944,0.011644591516363777,20837.255876144744,-4.203387198813061,-0.59661280118695,-0.34011775871270655,0.2523801647699039,1.6033558992192673e-05,4.4556171006237015e-05,1.1992910420625536e-05,0.0001163322142523834,2.8513391044123883e-05,0.04064070736114966,3.4191151773939613e-06,4.826531305051461e-05,0.009638351488200364,0.010550207177299264,0.5672244328109627,0.012107601299031538,LFP,12,71
-45979.92768923045,2.1096839705710897,0.008615107107148448,34555.871164778386,-4.218369628262209,-0.581630371737802,-0.30084365906803656,0.27327559108505856,1.6004690198400302e-05,4.427317754455698e-05,1.0330649520606188e-05,4.2282307186434777e-05,1.687542449848958e-05,0.06866122134730335,1.6405816935428508e-05,4.832807248824267e-05,0.009597350260846058,0.010543792310803175,0.5577565063943822,0.060856042226778054,LFP,12,75
-230138.24742318824,2.135083111152879,0.020691262849256827,127423.31006328212,-4.29929262670948,-0.5007073732905312,-0.14906858499106335,0.211847909587985,1.654851984915025e-05,4.9991722427985777e-05,1.4085043869789601e-05,4.6727126746812103e-05,1.2220656398570731e-05,0.058265664625152286,3.0549136047512403e-06,4.059784255747013e-05,0.023557510117837924,0.0627410833309032,0.595149959190233,0.1230403724878005,LCO,12,55
-220365.4765413346,2.560599134375559,0.008959779080708276,155575.292499255,-0.5364856703214969,-4.2635143296785145,-0.03972905920670833,0.2109828220928592,1.9749259269198274e-05,0.00024341642109845416,2.2053502802676848e-05,7.905158416144265e-05,2.00231671735633e-05,0.04935745351433292,1.5562216002904735e-05,3.617890533261846e-05,0.020528665699734515,0.02832266754859053,0.5297469940564346,0.3322012791882666,LFP,13,93
-13836.20819319673,2.249257128392073,0.01024382150204001,9635.189720464585,-4.202884958547607,-0.5971150414524047,-0.19574365750147749,0.21575104857798247,1.5478459386537887e-05,4.4143743721916206e-05,1.2075130185874129e-05,7.346690248923423e-05,1.4038614564111959e-05,0.0696604806403362,1.9862254931449662e-05,1.549198323141083e-05,0.0049850535893207655,0.06589112160819921,0.5580956186948911,0.11026960219543225,LFP,12,75
-44423.553278012085,2.2345455589329553,0.0058635058704200795,31942.099986560916,-4.203202529218984,-0.5967974707810271,-0.1466542874847534,0.2214358907225558,1.2306023937336241e-05,8.781786982972323e-05,1.206563242030557e-05,5.4704042313836656e-05,1.6585987481713937e-05,0.07936177911180325,1.99894882583742e-05,4.969876920327367e-05,0.008423955299578557,0.123144415348168,0.5592450240238028,0.1009562731432758,LCO,12,75
-512935.00223589095,2.30977864874889,0.6647647618830981,94012.90945632284,-1.0007183529455759,-3.7992816470544355,-0.19737569221977636,0.21667701509740395,1.292820571480777e-05,8.907416193034188e-05,1.1936259476544867e-05,4.1500534511822436e-05,1.624288303643145e-05,0.08166318702430789,3.7887443400141e-07,1.3446624649969228e-05,0.024740997062414075,0.11536115782088312,0.5687456767125723,0.04851747324676834,LFP,13,23
-5338.917034020005,2.0697479833496613,0.009019483172502802,4512.71518446781,-4.391995410252058,-0.4080045897479536,-0.10327576679136419,0.20899989213755787,2.967060159158024e-05,4.049727623838941e-05,4.4660509364607096e-05,0.00012585716206741626,2.9984831122471267e-05,0.04029360141048641,1.5365747714819144e-05,4.946643237714083e-05,0.004031354779225604,0.29690591046584913,0.5173742242101932,0.012444098532593515,LFP,12,99
-332441.5579027006,2.5554226891935814,0.008807618869112419,229738.10936728117,-4.3593159450271415,-0.4406840549728699,-0.46757515980551084,0.20408607219868355,1.2561425769378838e-05,0.000247078504193983,1.432254020217287e-05,5.392663665694905e-05,1.4819881230860436e-05,0.07211388997471764,1.7059146197134064e-05,4.525467089611645e-05,0.019531229398878282,0.05759412596123309,0.33224531490529075,0.07258539932796539,LCO,12,92
-12678.995655085104,2.073195310505463,0.012077897791568466,15424.93264912981,-4.410537349838364,-0.38946265016164716,-0.33385986830971204,0.2713907979441772,1.3757286281081117e-05,4.525045859274118e-05,1.5475888034714703e-05,0.00013450347133870435,2.9757521073252187e-05,0.05238006331352145,1.7498664135170237e-05,4.8182480671275136e-05,0.006172329290051058,0.06763981310432157,0.41601558872990707,0.11248472985605942,LCO,12,97
-178892.9449845017,2.291261941289865,0.009592372857510426,93022.96782186937,-4.3215054068616325,-0.47849459313837883,-0.14489674998071755,0.20199008350675393,1.4745409018049954e-05,0.00010302560241890637,1.504712056114186e-05,5.952643048559239e-05,1.663497099945266e-05,0.07941598053140445,1.999518842896037e-05,4.599086449743434e-05,0.013242341109524505,0.12393513026989805,0.5593383568935479,0.10182976285583645,LCO,12,88
-31610.476454606745,2.081430239885724,0.014702131306292807,25354.8132368878,-4.24081649121166,-0.559183508788351,-0.2862755745769823,0.25328410213330865,1.596532085877632e-05,4.018320425003534e-05,1.1348469136786783e-05,0.0001491354915695992,1.912776929822773e-05,0.0731124960714466,1.969158435336098e-05,4.6367057992474645e-05,0.008328466660047667,0.06258375843773278,0.5672008618302627,0.013939805155022241,LFP,12,63
-144638.47133658134,2.259421615136149,0.00897004923766018,83009.25016599645,-4.340360438796026,-0.45963956120398564,-0.31163089259874166,0.21204868841260693,1.2980025179300012e-05,5.296702506667008e-05,1.221620720349085e-05,7.4829578448162e-05,1.4041379333638838e-05,0.07836490378988259,1.1754551439149812e-05,2.2088041970023983e-05,0.012181378500737958,0.048771574328489144,0.5499111760634836,0.019686357009285685,LFP,12,90
-14834.949346859526,2.1812896025156614,0.012498867270125655,9439.988291971618,-4.201480803781223,-0.5985191962187884,-0.0702003188678928,0.20230079588769262,1.485538828167166e-05,7.397449442501449e-05,1.3935063226851698e-05,5.747102442029558e-05,2.7496816112705605e-05,0.07109051384258727,1.555466332143654e-05,4.721293789805159e-05,0.005360401374443028,0.08812400742305532,0.5955208677537439,0.17615480595530805,LFP,12,67
-194852.1736767073,2.2528752893133066,0.026954591893143264,90057.38761992205,-4.451273757713025,-0.3487262422869861,-0.29837108706663873,0.2148571600976114,2.3846496016102193e-05,5.193797991521209e-05,1.0314597929592086e-05,4.8732954857628635e-05,2.004516733075722e-05,0.06868597307987966,1.1890731487448536e-05,1.1650582963407469e-05,0.020820373677129043,0.04441862239747988,0.5364452126008264,0.05076507793505505,LFP,12,43
-678870.6003888496,2.6778582537542017,0.04779132968684339,139006.15626417418,-4.576490004440629,-0.22350999555938245,-0.4944303416122244,0.25600160422978013,1.7353395178287847e-05,0.00020523299153066515,2.069661176079589e-05,4.546529469117604e-05,1.7603690167215225e-05,0.08223504905371662,1.4691793318160003e-05,4.870879435898599e-05,0.02405886105944917,0.03835207028864965,0.3302135360993731,0.06700405199975296,LFP,12,33
-454037.83725296316,2.3512419249156613,0.012216547521019118,468097.3579347566,-4.4084079410467325,-0.39159205895327887,-0.8077992446560918,0.2790689823826157,1.731431173738251e-05,0.0002442830707471695,2.4104586166332366e-05,0.00012746464314713249,1.914819797935393e-05,0.0795335029441586,1.4482645319265097e-05,4.917006159420808e-05,0.024069351832557602,0.019262779176806844,0.03420087417303988,0.06873710199406162,LCO,12,100
-111433.16113672103,2.0939729743234663,0.010710867979626375,107004.72979277927,-4.190836883931944,-0.6091631160680677,-0.39272824369272086,0.20553547128056998,1.4781248132757291e-05,6.220623696225885e-05,5.0475008732655705e-05,0.00012856415599531493,2.8284248291194322e-05,0.044866500793181545,6.369309708563888e-06,3.9209691655717505e-05,0.019488659452651342,0.11343192569466717,0.39845344060337473,0.02538639000923724,LCO,12,75
-180837.97981182492,2.639234006170229,0.04149718576837083,37031.378324895566,-4.68339084669288,-0.11660915330713095,-0.4285962765844443,0.28858308977837416,1.4316776772345264e-05,0.00018868932142262985,3.8021046501144156e-05,4.455415805463976e-05,2.0618524646349376e-05,0.041692102171899295,1.7550465540714265e-05,4.812348923558934e-05,0.018937356633576624,0.17980987862436829,0.3084604717689921,0.013133373022195333,LCO,12,28
-296899.37039031927,2.2648479316941366,0.013481038159018974,184622.03987322407,-4.206353728352788,-0.5936462716472235,-0.46473574995243255,0.25359161155562215,2.1902164772553123e-05,8.000161754894587e-05,1.4615964511045442e-05,4.920777877946396e-05,2.6676488557309897e-05,0.08152949113334844,1.921149147999689e-05,3.8930490519992525e-05,0.019723015039930254,0.040251592091383334,0.3943450110866538,0.030667646869530323,LFP,12,75
-55136.5749685355,2.4998896363230103,0.013701321341602879,37504.666520249644,-4.24315201572135,-0.5568479842786616,-0.09881565934490577,0.21806906115759928,1.7935002897949462e-05,0.00012837499278261716,6.090587511247379e-05,4.3700163726656166e-05,1.3193147831828893e-05,0.08487744476211599,1.828036175696671e-05,4.5836151378517814e-05,0.009854283393900726,0.015917209704764578,0.5375038242916194,0.27776330665871035,LCO,12,60
-169196.7496847931,2.403682883550116,0.012350670798225355,122652.10094214093,-4.20551463950288,-0.5944853604971314,-0.02792689261679593,0.20564289320788934,1.4733817426030131e-05,0.00015071535052073716,2.4448437925674436e-05,4.911650770570687e-05,1.5458443946945588e-05,0.0568068116735093,1.5327231192735885e-05,3.959544531065191e-05,0.01978437806307768,0.4897888494236746,0.39534411190233976,0.01694014605718978,LFP,12,75
-402638.1041577233,2.59425117706975,0.014857734377985302,127290.13275122573,-4.270372975166637,-0.5296270248333741,-0.2639100025676049,0.21178120782402668,2.740179995315327e-05,0.00013687320092185668,1.543856571549427e-05,7.332211671680938e-05,1.4059287780018396e-05,0.06633061957812643,8.26185128767858e-06,1.6109056669990418e-05,0.02075946286530246,0.06509915354183839,0.49182225642245037,0.10916858746810645,LCO,12,57
-26212.617674103334,2.17754108062389,0.029093556715158408,7235.5753978849825,-4.525650869148464,-0.27434913085154733,-0.19902256233303828,0.24332802379168106,1.7197617880231515e-05,7.845308416451316e-05,2.21497315171232e-05,4.9080760050078766e-05,1.4380518467953848e-05,0.04624945770502142,1.9808197442855848e-05,4.0741819352145676e-05,0.007406347540277275,0.0412244395157706,0.5801045416921455,0.10964845645904567,LFP,12,38
-203015.6904715366,2.559047829474634,0.008128370921434728,209218.72444960824,-4.395887796371966,-0.40411220362804556,-0.35995773603727044,0.2011519219802356,2.9159519610189907e-05,0.00017818818314159225,8.229609439522302e-05,4.5951793919574404e-05,2.722412985138348e-05,0.09569245147792269,1.588289266844466e-05,4.0899702201685913e-05,0.016254061244588308,0.181501188996099,0.19101297033131107,0.1975281046353196,LCO,12,100
-10441.069268308183,2.223959207684337,0.025722649799752327,4683.636783540489,-4.488768450813012,-0.31123154918699925,-0.21385191367383838,0.20264210060248775,1.8546912125434253e-05,0.00011710664449787429,2.8959519376253294e-05,0.00014508842775632087,1.7489913358016004e-05,0.04526446261499043,1.9119693179117812e-05,4.3135818369752416e-05,0.005837378076326269,0.041226884207213516,0.5838211290165847,0.09110007310236345,LCO,12,38
-43734.29897342182,2.4433193718078585,-0.00223129951598669,91243.00511877333,-0.5370134411844347,-4.262986558815577,-0.30173174070654196,0.20961594703736772,2.4929048935453357e-05,0.00011664215862771017,1.0306513369887266e-05,4.08664536006952e-05,2.8176759439005066e-05,0.0405032459390704,1.3798599500295984e-06,1.0623126291513817e-06,0.017325330898729657,0.09116993810489252,0.4243766683474152,0.11272165284115032,LCO,13,93
-510812.1383899542,2.609388464181677,0.02049739793955218,272364.35981829185,-4.274808221766563,-0.5251917782334488,-0.5002359554470999,0.2279932116240843,1.3996982606886519e-05,0.00015317902514289228,8.551869694469417e-05,4.439971321691141e-05,1.2734773115732922e-05,0.08677721018379958,1.7178378927889995e-05,3.1774244315667826e-05,0.02473289240810986,0.07295793377694144,0.2355153449760079,0.12129076579995088,LCO,12,56
-363426.65644469816,2.243218801904203,0.01516490589760812,145814.09344110632,-4.217509041392262,-0.5824909586077496,-0.29179489818449955,0.2727882414475493,1.7046732616907694e-05,0.00010135528870278163,1.369173710012434e-05,4.402916264449245e-05,1.5393836860525823e-05,0.09400276450350029,7.95340692063068e-06,4.836505064970878e-05,0.017342996826791517,0.016931792586576566,0.5537143412439629,0.067558967984961,LCO,12,66
-23158.270402565155,2.1244091490570653,0.15794945919313563,5449.724859960068,-4.729152624704149,-0.07084737529586249,-0.2931231831770822,0.2566547376905162,1.7857255133873747e-05,5.5415651935035135e-05,1.3863289436202169e-05,5.351053198218876e-05,2.5157223177983374e-05,0.04206213643529152,1.9312447197662948e-05,3.875128127710748e-05,0.008281338105365707,0.03983095768060127,0.5798998998677378,0.017145959274578765,LFP,12,26
-29059.45830197962,2.1376474056406822,0.07586900311805192,8276.019294773436,-4.568425715304485,-0.231574284695526,-0.258960165955167,0.21852958428237182,1.4562885820867962e-05,7.743549917218603e-05,2.2276060292710266e-05,5.98950154449215e-05,1.2867834799272248e-05,0.05814653439084565,1.934507481488002e-05,3.893141642943374e-05,0.007399971702187674,0.018034423576715194,0.5407817709878373,0.11222363948028054,LFP,12,33
-7886.457802262075,2.184893470199876,0.019662302234842523,4436.269864028884,-0.5399132071856485,-4.260086792814363,-0.7032955633252458,0.20579145866015933,2.9989671933241503e-05,0.00010215244611063458,5.0897184548608475e-05,0.00012864112546305127,1.8178770360492243e-05,0.055021939632141324,3.3400219721963535e-06,3.9131909889605726e-05,0.004167519298055063,0.15952753639738404,0.023083213729315738,0.04409368654805447,LCO,13,46
-189586.95974533915,2.4596091252271894,0.02741871040918158,66295.16656319743,-0.6670705804459232,-4.132929419554088,-0.2579705217662124,0.24813802466120222,1.6122971572718802e-05,8.973951972215609e-05,4.1639787820265525e-05,5.348478603729659e-05,1.5315238475129792e-05,0.04775149869978615,1.4851606696972624e-05,1.293714494212383e-05,0.020036369655888873,0.11233721794197983,0.537319179405355,0.022373080886452814,LCO,13,40
-176276.6119985532,2.308007700110991,0.015491903237049414,83726.4350495237,-4.218336145536298,-0.5816638544637129,-0.26377587143980363,0.2728963422424841,1.2598761897454534e-05,0.00010136611239119564,5.006330132074582e-05,4.5704946274239415e-05,1.5521839920555662e-05,0.058817627268028846,7.944458543007586e-06,3.857049964410061e-05,0.016308788019153725,0.01665161867884933,0.562086959846624,0.08748555003472305,LCO,12,66
-221360.13960589934,2.348524412372038,0.05525342993484052,51163.5108154821,-4.680915206989617,-0.11908479301039421,-0.2970143991938491,0.21927501742609667,2.2746868694516205e-05,0.0001701703924591065,1.2930453465509e-05,0.0001210237924273867,1.9157274252638486e-05,0.05807894574577629,1.9153169703377162e-05,4.993594765782957e-05,0.02001110503392899,0.12380263814093631,0.4051974890604958,0.10398547360471885,LFP,12,27
-129876.73500655517,2.217773832151751,0.005760910415323085,150029.6115617814,-4.276938036445422,-0.5230619635545892,-0.02760968815078202,0.216528746255382,1.76908864943498e-05,8.110309520406203e-05,2.5744565726344334e-05,4.089454943428473e-05,2.0852077415269985e-05,0.07402847858081422,1.2225626804949589e-05,3.762613653605436e-05,0.018763617985115826,0.35669837399579074,0.4525713917113964,0.0931205461420309,LFP,12,84
-278531.96905166504,3.0652233799030895,0.605783017379683,15740.803209534184,-2.510673498558468,-2.2893265014415434,-0.4220112598023036,0.2560758973861919,1.7352204068131767e-05,0.00020598225859751196,1.2689000534521246e-05,4.6733343717397895e-05,2.1140564800304966e-05,0.08222333405607866,1.2620725188342901e-05,4.870872491890717e-05,0.01857152272002853,0.11029779299868671,0.3303241567893313,0.0673667904096785,LFP,13,6
-8097.786266624418,2.1128571718995657,0.028996718221089873,4563.535191690322,-4.508160208473576,-0.291839791526435,-0.2944889719650655,0.21336836799834474,2.2040707454791606e-05,6.103355451746679e-05,3.216965822492884e-05,0.00011182104994758552,1.263671225826701e-05,0.046661452340057086,1.9118818477513784e-05,3.970231344609255e-05,0.005683839138103767,0.041193033773759824,0.5794095110506609,0.014908483210513836,LFP,12,38
-196456.5271325178,2.4365510169862508,0.023657258023648355,83360.01650974948,-4.390105379765842,-0.40989462023416934,-0.26052206217469354,0.23809532831634672,1.4797928575029197e-05,0.00019137188920169518,3.4380815342863686e-05,0.00013123129906349656,1.26848229080719e-05,0.05469291047665313,1.802852616311845e-05,2.8470381653108676e-05,0.019411109948175378,0.0724553377826416,0.4752449800927486,0.12177761994991629,LCO,12,48
-102536.02265923537,2.315037466411081,0.010019305623636557,98821.144848549,-0.4380647208082493,-4.361935279191762,-0.5522100398602399,0.23354854335793404,2.943503670626355e-05,0.00012124937540351706,5.407006335050616e-05,6.897692720278292e-05,1.799627265718578e-05,0.04205031965996138,1.777876054426085e-05,4.797200536771115e-05,0.01702099171663682,0.28390167543973654,0.029651118549682443,0.06423716615034114,LCO,13,85
-163165.87272664078,2.5635832004158403,0.008592128381531006,105547.39675238352,-4.386618581577984,-0.413381418422027,-0.3061139826749839,0.21341313719658622,1.345720970715897e-05,0.0002482025398673167,2.5958007205942333e-05,7.01488464395334e-05,1.4569511562388608e-05,0.040029075902506935,1.5082233604383185e-05,2.953766220709569e-05,0.01796462181724711,0.14107174122607133,0.46390553631707093,0.0189087397818739,LFP,12,96
-190971.1588330287,2.1774038760571024,0.021856066269842763,88615.68222082169,-4.410410037462093,-0.38958996253791867,-0.21387657320307052,0.24566015159853016,1.707630934651708e-05,7.804345467877054e-05,4.017601013250845e-05,0.00013045005051192136,1.2619583166330004e-05,0.06122534736532697,1.7207005147485228e-05,4.20524412620185e-05,0.01941270160418828,0.07251924951157929,0.5217598758841255,0.12184430140122468,LFP,12,48
-13731.226311925522,2.6563770619816034,0.05182247413789278,5302.603811309516,-0.7352163975702979,-4.0647836024297135,-0.46345918263184954,0.5161047359220836,1.748814072530247e-05,0.00019762567780263682,1.2826533171432164e-05,4.4005876250185044e-05,1.777901352459451e-05,0.0546954538925518,3.070142752809381e-06,3.492911263692566e-05,0.004727542361160925,0.11483314643292708,0.24927024235435993,0.10243742858086352,LFP,13,46
-142241.9228217272,2.7330264435071197,0.5872090521870819,25833.519799054826,-4.585659122500239,-0.21434087749977238,-0.2632700840077763,0.21678462240482252,1.2779855253415891e-05,0.00024209747133632656,1.1461756099026589e-05,4.0861602012943565e-05,1.7449772837713237e-05,0.07423015487130266,1.2099190357493518e-05,2.645284103122267e-05,0.01149480376419935,0.04057069992189305,0.5655265084841057,0.06063270758622491,LFP,12,32
-12526.63919262798,2.084141833988582,0.014666933982425611,14808.413206440911,-0.37318570230752357,-4.426814297692488,-0.7663373850275113,0.20746058739652026,1.823451963618358e-05,4.027393451588748e-05,2.311792718348154e-05,4.3896143581861e-05,1.2071870693931906e-05,0.08678920759012254,1.9197258355558842e-05,3.1693349472694316e-05,0.005507730450199859,0.01094174814895459,0.08438852276752168,0.06833234405601252,LCO,13,59
-171067.54265914188,2.2116078426933647,0.03534238259156697,80653.39737635489,-0.5264083126948549,-4.2735916873051565,-0.17009329317855792,0.6289641083016042,1.7613898214902252e-05,6.378834500459e-05,1.2052984849793147e-05,4.398748373298847e-05,1.4499534213010953e-05,0.05882629384026573,9.799470237021955e-06,3.321637800829869e-05,0.016361618425697753,0.11607761016436012,0.5633666602669859,0.08046243639009612,LFP,13,66
-532617.4996974053,2.229358714896172,0.016854186004496702,109459.71785817928,-0.9647655616716548,-3.8352344383283565,-0.7249572038861708,0.24337512848783335,2.7320698466706953e-05,6.654286008206485e-05,1.3103299076620863e-05,4.2247267334739236e-05,1.3038516745729665e-05,0.09616224366849958,5.277014650674073e-06,4.902861382576256e-05,0.023339848135633914,0.027874336019856626,0.02518386811969327,0.15198459197427935,LFP,13,23
-192086.50432810845,2.20132794684861,0.01339304399272718,160327.559813993,-4.21248549917631,-0.5875145008237013,-0.45867002711190097,0.2727329477694846,2.2051493982885785e-05,7.534309447251244e-05,1.4568032082145886e-05,0.00012902345972382907,1.716884000712381e-05,0.044849576528554674,1.8528924373208084e-05,2.9558991795559312e-05,0.02377930473837057,0.03927199780964263,0.3932903811757859,0.03876759390267051,LFP,12,75
-10150.763168489833,2.1644234386167036,0.024077110582941715,6447.855841188096,-4.414135854996111,-0.3858641450039002,-0.24697521247421417,0.24576112282794765,2.203104018611123e-05,7.803615897203391e-05,4.0443466195056184e-05,0.00013580601746968518,2.5348577394855488e-05,0.06174191837033074,1.7506835388122645e-05,4.071931379912325e-05,0.005282530922401251,0.0867195486496224,0.5821404075954533,0.014164831280710173,LFP,12,48
-9261.12971781946,2.5023324634818542,0.037402180381845444,4344.116830216844,-4.35037558434685,-0.4496244156531617,-0.3213867428457219,0.5175034520229902,1.729056241966306e-05,0.00012352022944783113,6.091140002632767e-05,4.3696805354678376e-05,1.9955947507673983e-05,0.04066784151372352,4.379221536281915e-06,4.9461583935270796e-05,0.004671034809211548,0.015544826807263955,0.23696523235667055,0.3561031979903436,LCO,12,60
-31829.562220566244,2.509839847362804,0.07022641663258353,9212.58686217171,-4.547770413452341,-0.2522295865476707,-0.6009883260606981,0.24277285393215497,1.735091628744955e-05,0.00024657020627013795,1.5175590324576558e-05,0.0001288907426984126,1.9148179310744394e-05,0.04012982709776558,1.4416462045484147e-05,4.756508278569141e-05,0.008459597721170012,0.049770737093766185,0.19870411896440796,0.08053681788112785,LFP,12,34
-394206.7202537892,2.456453358354338,0.033802884248922235,99434.14254648595,-4.534138650011627,-0.2658613499883842,-0.19873314624294536,0.21851819236423828,2.2787226642946083e-05,0.00017034457963147084,1.5133586151564034e-05,5.912992215267048e-05,1.4001149338294852e-05,0.058078236124504495,1.9345903830608493e-05,4.9902405304150584e-05,0.024806674150142368,0.02081498026239263,0.5944723332030847,0.11597954029157738,LFP,12,36
-405439.6100860884,2.525412030886253,0.009976755769422422,173226.62976135046,-0.37007596017814137,-4.42992403982187,-0.4254246638090228,0.22542857043820663,1.6851963368947233e-05,0.00016557982102853298,1.4979675242735792e-05,4.126452619632739e-05,1.2013236728144257e-05,0.044910496233550326,1.5096791630338815e-05,4.789279123340044e-05,0.023060673175833168,0.014529908360121,0.47925591483341234,0.010789512997443962,LFP,13,78
-308646.9839553761,2.756379956149357,0.5982588232211115,51933.34527813382,-4.616997590168296,-0.18300240983171534,-0.2987660976886586,0.21604985537188037,2.7484311995411863e-05,0.00022539434789812336,1.5277802431674983e-05,4.080948624337121e-05,1.3940689533659653e-05,0.0578967051864622,8.679557338240774e-06,3.9229364681774375e-05,0.019271326643432615,0.04067350797978241,0.5546099797804828,0.035950414551076254,LFP,12,30
-169596.99799514486,2.5200032724188017,0.03822423613526525,42629.90122020107,-4.639187342319325,-0.16081265768068675,-0.4562922822848706,0.27445626533951323,1.951906621126459e-05,0.00022540776394464849,1.4565112758028031e-05,0.00014104586852210608,1.8403567938007668e-05,0.04482493736709772,9.10841029084238e-06,2.9535429296315897e-05,0.018888656800034584,0.04068619045386028,0.39301188742638565,0.04000963983488348,LFP,12,30
-635455.1884643531,2.2497554244940043,0.014268879815974026,109410.28444223576,-0.9529722473288729,-3.8470277526711385,-0.33667521899456143,0.22394235203027704,1.800778679363111e-05,8.95191160035715e-05,1.149655579937448e-05,4.493256835955097e-05,1.2458348667614393e-05,0.09612598631994866,4.589586334254271e-06,4.9029072500569934e-05,0.024019931678311,0.01030336037037509,0.21032508226086336,0.3726963383742002,LCO,13,23
-606034.3569512626,2.7146310812289,0.06019336566827854,86934.20639822354,-4.776459589139662,-0.02354041086034897,-0.038379148102813176,0.20642445310785026,1.9745102638721593e-05,0.0002492415265133671,1.3629040169745176e-05,4.494940934327708e-05,1.2841404810652802e-05,0.0896087238715874,4.590940168572074e-06,4.161077314427053e-05,0.023730261016761983,0.05939104488147236,0.4591856132498735,0.373044193765841,LCO,12,23
-442195.72560891847,2.2664141105782583,0.05025248205836719,90876.84405030841,-1.150721606979296,-3.6492783930207153,-0.31111303834623216,0.2032964613115105,2.7262737087249195e-05,7.943557983024702e-05,1.1335784431077607e-05,5.434396313287644e-05,1.2414262726926877e-05,0.09615598398876037,1.641970468585779e-05,4.976875346397029e-05,0.0247901773314285,0.010517429933518823,0.5453811890068984,0.06298834271335076,LCO,13,19
-635455.1884643531,2.182727978393011,0.03305823032341243,105379.20471236514,-0.9599760657948835,-3.840023934205128,-0.31372622094722036,0.2022434270302298,1.7457225018756577e-05,8.745334340697562e-05,1.2977492479742374e-05,4.151287675584888e-05,1.283351162337036e-05,0.09581678316907927,2.897863941216119e-06,4.154162219422028e-05,0.02371932753822189,0.04822017556979827,0.45669260437562836,0.11136099910735311,LCO,13,23
-5939.5986542552255,2.2048756996543433,0.02798516409907174,1842.2556243268418,-4.5133925454602135,-0.28660745453979786,-0.05084518149874373,0.2062572452809439,2.7416911369396345e-05,6.0005032183897615e-05,5.5291113742239886e-05,5.4223494609572814e-05,1.4556575966017504e-05,0.04165707238003316,1.7526906410999542e-05,4.432452993443471e-05,0.004048369955643155,0.2393283300246071,0.5511195544482159,0.08870693402843333,LFP,12,39
-5692.912559987921,2.0919175818386537,0.020694208844600517,2574.699982358072,-4.2991742134486515,-0.5008257865513599,-0.22493759415498038,0.2595436631159385,2.7327440824456546e-05,4.0855587690301034e-05,4.4098811315048486e-05,4.0511965590197255e-05,2.8587557289801738e-05,0.04072375582977616,1.239082370079794e-05,3.6251451875618625e-05,0.004013079250697806,0.2906446870174085,0.38575845539021586,0.02865926343739535,LFP,12,58
-660064.7153843748,2.4990972772312374,0.060236453308182135,103828.9472971966,-4.79001319990126,-0.009986800098751303,-0.44457936104096885,0.2392316325176084,2.733984643731405e-05,0.0001268918991498297,1.0030849397664723e-05,4.116476869660882e-05,1.2453923134714235e-05,0.09612622344517933,1.774645544350613e-05,4.9025172219880696e-05,0.02389687548815457,0.13489724622805965,0.29843597658223353,0.05208741614873802,LCO,12,23
-539301.5358535914,2.1957599258603,0.015818813296468757,117925.60964180318,-0.9629385757106874,-3.837061424289324,-0.7244830005930087,0.24041955244113905,1.433572452893142e-05,6.645896011813045e-05,1.3103301479338325e-05,4.224720472799099e-05,1.2405454980092917e-05,0.09601431600128839,1.4810649212233433e-06,4.9028271791693724e-05,0.023339537326403276,0.02847046529193589,0.02524972680013743,0.15179680731491796,LFP,13,23
-734249.505717534,2.521031172000553,0.05273493879805409,183015.60013582004,-4.4560338556450105,-0.34396614435500084,-0.40910710211079526,0.20013835095881743,2.8812902077821906e-05,0.00016696496557814123,1.309016358487832e-05,4.124193816880256e-05,1.5310059257010862e-05,0.0924265045334185,3.3140018741237504e-06,4.672390338964646e-05,0.024358844230763718,0.09430069761093625,0.30201081639897165,0.12458138387929694,LFP,12,41
-6161.407056212186,2.113113984108264,0.02898166068066072,1860.5334635787337,-4.511633385798298,-0.2883666142017134,-0.12480330522263083,0.20860931324340135,2.951267910856294e-05,4.4896636145193785e-05,2.559616997981476e-05,9.798203679898921e-05,1.5976392745650174e-05,0.041580326055645475,1.7588412879936002e-05,4.6037386759111025e-05,0.004052645316491127,0.22711931108086134,0.5342794924006403,0.04379789129586748,LFP,12,39
-620340.4163420856,2.3508990804668053,0.029608333712972244,91938.1107093436,-4.778812731452916,-0.021187268547095073,-0.29765957329574333,0.20202745820625767,2.881515957553281e-05,0.00011593020489548745,1.428729114759636e-05,4.150523896382e-05,1.298680927373483e-05,0.09611530327316874,1.6054423331419106e-05,4.9974516467485945e-05,0.02344802998485608,0.010752635625373274,0.4696449555665573,0.1519428355123262,LFP,12,23
-5893.837437785886,2.071101152591208,0.013626762571228749,3590.2827226693394,-4.226039441321753,-0.5739605586782588,-0.020737872018770087,0.27953846345827166,2.7646830382588583e-05,4.067254942614428e-05,4.211015075533938e-05,0.0001252540439994864,1.3060756821339678e-05,0.04082752808516392,1.38690343150672e-05,4.564034012226756e-05,0.004121681140288767,0.2450332642695579,0.5864815450545648,0.07774731865710731,LFP,12,74
-6064.183146680987,2.101826969913434,0.04254195651082411,1549.7305637151837,-4.660501092360853,-0.13949890763915818,-0.10319530668969434,0.2261228923478847,2.7977460290559482e-05,4.059066718772416e-05,4.251866648342732e-05,0.00012779193342725878,1.3245834508130915e-05,0.040581597259372715,1.7311343100376998e-05,4.603698893897205e-05,0.0042618775903985025,0.20445236154210605,0.5352961479967753,0.08705618377142438,LFP,12,29
-6278.322869276037,2.1395814083149336,0.024788212177525255,1852.1787982286705,-4.543551431672505,-0.2564485683275066,-0.30082377490192125,0.2921840205227255,2.9754565272418985e-05,4.056374497864142e-05,3.135743307508978e-05,4.739001007460348e-05,1.4074336266487753e-05,0.04075716766589024,1.5839562038726207e-05,4.60465609794661e-05,0.004052531641206973,0.2006685623175039,0.3856213645769365,0.04288629820363844,LFP,12,39
-72481.48316650743,2.5003269553699945,0.013329418727310027,36544.87780984449,-0.3421545425017527,-4.457845457498259,-0.3537856539418137,0.20601257489513866,1.4571669408430834e-05,0.0002158834147144106,1.7535595252540534e-05,6.727356256448014e-05,1.4677206282477558e-05,0.044148335721595953,6.644405307646983e-06,4.273930367685726e-05,0.011704710301377708,0.04854970021889639,0.1450786235356432,0.3825860223036467,LFP,13,65
-6140.587816874445,2.0924978245931363,0.009829699040646933,3767.867177661576,-4.214618636820845,-0.5853813631791667,-0.08381223116521885,0.20873483413568725,2.958177502783658e-05,4.8511694821942695e-05,4.292973500190514e-05,0.0001269227725828641,1.4579329406349048e-05,0.041658577602714464,1.7140089887555168e-05,4.427853644038414e-05,0.004049521657507358,0.220337580556336,0.5354123856180276,0.09043780266041751,LFP,12,77
-6211.61019444376,2.122191293009333,0.02159558932698588,2354.1968328824832,-4.449163497742482,-0.35083650225752905,-0.1916295657152819,0.20841382903721722,2.9416156084685786e-05,4.4226508286599814e-05,3.248025951550946e-05,6.064766195805103e-05,1.2377008395974537e-05,0.04074051496328133,1.7049599271610148e-06,4.602741398292928e-05,0.004321250441774632,0.17583772987007812,0.5334241971664097,0.029108507248230484,LFP,12,44
-110891.34209031814,2.221266683772945,0.009104817334302653,133067.58114787887,-4.355351745026688,-0.4446482549733233,-0.39263803816724197,0.20620068372775077,1.3566473133268168e-05,6.178435385849425e-05,6.81688522789138e-05,4.1635813084158166e-05,2.0994391270588208e-05,0.053003485183062346,6.305829102165971e-06,4.761482439767915e-05,0.0181824787527141,0.11345994618140998,0.3988132016544128,0.025088813996935293,LFP,12,92
-4774.667228757711,2.0839222046389994,0.0372041760636989,1657.0654614657733,-4.596685431624181,-0.20331456837583062,-0.08175189269113814,0.21824271233479042,2.894202288527142e-05,4.175376701361008e-05,2.655832471352747e-05,0.0001388275066501221,1.6433644277430997e-05,0.04185788667805643,1.2638256744237002e-05,4.563578331783019e-05,0.004118998206750015,0.33185886095468636,0.43204901889164105,0.08434022746253443,LFP,12,33
-6211.445296295549,2.077060196264124,0.012592310381621109,3513.830312132588,-4.201130225823704,-0.5988697741763076,-0.31538020673781264,0.20660560208526352,2.694797993908292e-05,4.051966501363594e-05,3.1321249455424627e-05,0.00012629640484365006,1.4787636717361497e-05,0.04161728418246986,1.464113461886065e-05,4.604412980009901e-05,0.004045676277500944,0.18883144799886442,0.3836639888844498,0.04212435637887326,LFP,12,66
-511012.4341893365,2.1826245677425136,0.03339054554496315,105047.81204090387,-0.9696618728455348,-3.8303381271544765,-0.7234578622366021,0.24970218470931196,2.7553693571542787e-05,4.535882001355502e-05,1.2537584131396592e-05,4.2248300270377606e-05,1.2398210285273095e-05,0.09601431571198539,1.562206354388875e-05,4.943073291745401e-05,0.023344538109002798,0.039439175993963474,0.015160018959790234,0.1519429428096442,LFP,13,23
-6246.312035096423,2.0761025342379282,0.011523029306738906,3923.5393328982914,-4.2016958832785605,-0.5983041167214509,-0.14015278424386501,0.21827248334188804,2.2624359676251933e-05,4.3487784358511774e-05,2.4957387285612094e-05,0.00014089791837434255,1.2284328514855113e-05,0.044182864478995346,1.761420080912499e-05,4.948733974569866e-05,0.004005849555782842,0.32787919360823725,0.39951547469013776,0.062452547457760105,LFP,12,74
-5249.099217578789,2.0694585623808273,0.009651124798813568,4222.500385299912,-4.2767010993561385,-0.5232989006438729,-0.06005051866138866,0.20923531877360949,2.819546315683768e-05,4.477217448934894e-05,2.023207513292384e-05,0.00012570766219120887,1.2036261621797698e-05,0.044816163782417415,1.8507040481157747e-05,4.949724503760795e-05,0.004004394797108365,0.2925663933371926,0.5671316044662156,0.010251483535203169,LFP,12,84
-5752.751199613821,2.0734869438618895,0.00981100939469431,4106.203177463427,-4.286214090884229,-0.5137859091157821,-0.07025777900159458,0.20476245062660245,2.7894973910600404e-05,4.177284618774215e-05,3.140716191285815e-05,0.00014933797768725148,1.379724429092665e-05,0.040718734548807485,1.58161291755467e-05,4.8276262282683944e-05,0.004071391519957891,0.26253385266166873,0.5718689431304862,0.025339425206250526,LFP,12,85
-5341.038794911304,2.0707980019097274,0.00987362866507159,4174.281712503036,-4.266477218758631,-0.5335227812413805,-0.08343456064964005,0.21409010936647882,1.9373953771131605e-05,4.870156605674904e-05,4.454030567935054e-05,0.00012575047929065547,2.867349896712552e-05,0.043606495550699606,1.8672585960371685e-05,4.470760306274609e-05,0.004004832953442641,0.2919572407463418,0.5200713502964958,0.03453684830752241,LFP,12,83
-6140.587816874445,2.0833862591397616,0.009829699040646933,4151.768198067235,-4.214300679276747,-0.5856993207232648,-0.11825704538142434,0.20867748548468384,2.9602595513890566e-05,4.342187395353836e-05,4.308012591204214e-05,0.00012645027452510635,1.4595271175556118e-05,0.04538801588803297,1.7838868422956038e-05,4.8044216721138136e-05,0.0040508917981981985,0.21910971696918985,0.5429292547793915,0.04970398286999428,LFP,12,77
-637863.7575167783,2.3508990804668053,0.029608333712972244,99133.99781786984,-0.9722843552728619,-3.8277156447271494,-0.2828680925778496,0.2019284548583439,2.8875493118107797e-05,0.00011614911083637135,1.4372475325862574e-05,4.1505195202272284e-05,1.2988408826506106e-05,0.09624797335750299,1.8111154037381757e-05,4.99879636118202e-05,0.02344268758971334,0.0247732980816396,0.4696807580298099,0.15267785131070094,LFP,13,23
-5926.517981021931,2.1367480692968917,0.03494082924853087,1755.4429043379305,-4.523966600247434,-0.2760333997525777,-0.11289468585264517,0.2300888850944765,2.990627502050762e-05,4.056179380945485e-05,3.534131839144166e-05,5.5375023739568224e-05,1.456064901470211e-05,0.0407672882264318,1.6653309258505108e-05,4.571555308476248e-05,0.004055755432306253,0.20166984638844365,0.5887246667440301,0.026710801014881068,LFP,12,39
-507247.03928130784,2.2051862987129924,0.1438497337179012,89730.82737982958,-1.0469289991623114,-3.7530710008377,-0.19944400599119638,0.32711409400159974,2.7634030642880784e-05,4.101300349486989e-05,1.3635047835142886e-05,4.5953733293927274e-05,1.3048196889926891e-05,0.09891142508659229,1.9168843183422657e-05,4.945569021372765e-05,0.023331498044137634,0.03930087583788679,0.5451789101353172,0.14607620803559976,LCO,13,23
-6140.587816874445,2.0878217824054195,0.009829699040646933,3788.7203344314407,-4.21446657231138,-0.585533427688631,-0.11438145324352555,0.20867745740116114,2.9581621402046705e-05,4.123592952356762e-05,4.285994202357098e-05,0.00012623281137621946,1.4579294324303511e-05,0.04157658512226761,1.711609742202573e-05,4.250018338073646e-05,0.0040495097025165985,0.22003872107844893,0.5464961541617164,0.04908367151630921,LFP,12,77
-16000.367616605397,2.2588477639179554,0.007617570892373511,8187.887850179773,-4.198284814638939,-0.6017151853610727,-0.24343105042924895,0.2146192204198279,2.2142183809100755e-05,9.456876709315715e-05,3.105458568292546e-05,4.876341239369518e-05,2.3392385688983527e-05,0.07267013913872601,1.640607765556204e-05,4.292786091760985e-05,0.004777562909838556,0.03628139752350422,0.5750814841572549,0.075206067889992,LCO,12,66
-5183.680069482389,2.073190905622483,0.00903965364446857,4431.629509994482,-4.37458990553629,-0.4254100944637216,-0.07931060146322821,0.20860572184334678,2.801310107540239e-05,4.878082458075043e-05,4.460304984208893e-05,0.0001258575516701165,2.425068404930048e-05,0.04086437700626097,1.636068767860207e-05,4.4690248463143805e-05,0.004046621958128981,0.29538901712887744,0.5200257123736689,0.03527466903422553,LFP,12,94
-242340.73393723305,2.1112834094140354,0.012374572245949973,201625.09961618867,-4.197453385767886,-0.602546614232125,-0.4515140976426116,0.2248288898477191,1.2563746813686641e-05,4.426721100724069e-05,1.031972073760432e-05,4.243571098628767e-05,1.7953018689521758e-05,0.06855799740684497,1.810500917335675e-05,4.9813663109439245e-05,0.022355134581936276,0.04505033322408658,0.38290345829183137,0.05053211084147054,LFP,12,75
-5221.065914114529,2.1367848532199667,0.005403033025909352,4003.6877765700365,-4.265070909833298,-0.5349290901667132,-0.07423708062471301,0.20517329316401056,2.7456833197721472e-05,5.7487854987077766e-05,4.0982041179860515e-05,5.7351574400503616e-05,1.3803253315393873e-05,0.04199297324998263,1.543976449876489e-05,4.469149789075545e-05,0.004083282088054985,0.27994802337594,0.5657195903678303,0.010095305631516869,LFP,12,83
-5092.166654931446,2.066763851573222,0.009774240907535519,4498.30059736429,-4.398971163723644,-0.40102883627636743,-0.028320972219061602,0.23859843041549744,2.9558250943374496e-05,4.049667955208411e-05,4.893139877558369e-05,0.0001446795223541541,2.971441434181556e-05,0.04029207607851789,1.5279097267690464e-05,4.393359021302688e-05,0.004056156501533406,0.30014607923647685,0.5893115129283683,0.012221435616093354,LFP,12,99
-5393.81856279483,2.1343763008215317,0.035564563990070866,1840.3552832505052,-4.581327447979213,-0.2186725520207986,-0.08627349635555748,0.3272585613387089,2.5694751177887384e-05,4.876662945729787e-05,4.457716040989612e-05,6.75256468958256e-05,1.397568333954264e-05,0.04055887952035062,1.582018575926889e-05,4.606067265498431e-05,0.004075187562315742,0.2925275158476235,0.5205963759433143,0.03060261185350474,LFP,12,39
-448879.7617651046,2.2318884986172187,0.05171423988766817,86067.17556283736,-1.2757517690910731,-3.5242482309089382,-0.2604252584630622,0.20223302708448204,1.2900075992093052e-05,7.933845954110935e-05,1.3023578377920956e-05,5.434837007366808e-05,1.3028599617814676e-05,0.09670762586789342,1.733771576473306e-05,4.1509057718358384e-05,0.024798823196763204,0.01181145124629155,0.5454761348572627,0.11228715543338366,LCO,13,17
-654779.4450578575,2.2950272086617955,0.05738914560752155,112920.17727788803,-0.9870634675242158,-3.8129365324757956,-0.25566477271507115,0.23363709993470416,1.2912291323770355e-05,0.0001170506350214368,1.569553163462261e-05,4.149079263278713e-05,1.298907231576204e-05,0.0962481586537365,1.7016535454718872e-06,4.865103469094621e-05,0.02428026876422107,0.024793566653269945,0.5927626797448389,0.056778980886820124,LCO,13,23
-5752.751199613821,2.0684737899378938,0.009368736547590163,4423.890173392278,-4.3829872289186085,-0.4170127710814029,-0.07396656214489172,0.21096430678244776,2.897381597623459e-05,4.18025756098053e-05,3.111577021915797e-05,0.00012681008574018948,1.6860927059205327e-05,0.04015730771804637,1.5356970982341e-05,4.9872721572466335e-05,0.004072737750464882,0.24646685782264224,0.5972762174637024,0.012290362568763709,LCO,12,94
-7229.391117891818,2.0674296152219815,0.009049358036498908,4953.935520346451,-4.368409834197216,-0.4315901658027954,-0.06291135664749625,0.22358772906533642,2.761554619451563e-05,4.3880507249956895e-05,4.199036072393423e-05,0.00012572527921067038,1.3027101228368296e-05,0.04562128511089197,1.9329038706705346e-05,4.878538244713969e-05,0.004048715598871989,0.2602291295958207,0.5419222014423932,0.06493731231428992,LCO,12,92
