SpecificEnergy,SEIGrouth,TempIncrease,Price,UpperViolation,LowerViolation,VolFracViolation,C,la,lp,lo,ln,lz,Lh,Rp,Rn,Rcell,efp,efo,efn,mat,Ns,Np
-24574.154737810502,2.4803701333561627,0.1253282481610621,4401.584594311435,-1.5190248117761769,-3.2809751882238345,-0.1880921988883187,0.3021165108227616,2.6717842809197224e-05,0.0001647337666816,1.1823529260242247e-05,0.0001068124831353,1.2018693062409072e-05,0.0945054016011338,3.744811914749999e-06,4.318899362026629e-05,0.006074822310326,0.1986921786977933,0.428821400251723,0.114394222162165,LFP,13,15
-432962.00448444654,2.1805660531002777,0.0094185606907913,293699.4257113674,-4.310967087564499,-0.4890329124355119,-0.0661169035244036,0.2161811762241922,1.6646360615216056e-05,9.752825705382886e-05,1.2168030431654956e-05,0.0001298328628597,2.9466236064341244e-05,0.0845423713604728,1.4587253982415007e-05,4.385828938365572e-05,0.0234655304606795,0.0575140982336358,0.5093967892742144,0.296972208967746,LFP,12,87
-327522.47347862285,2.300227243527688,0.0129371376092657,199433.3896435234,-0.3858693906014068,-4.414130609398605,-0.0560166394650496,0.2517398826300428,1.4563644617396877e-05,8.246902403404808e-05,1.4517958487196208e-05,4.3685265989817695e-05,2.537738643479017e-05,0.097887487322542,5.935310117901333e-06,4.217131900211622e-05,0.0185607575686191,0.0294771197798387,0.2563206742672755,0.5881855664878362,LCO,13,79
-275353.204149204,2.21933010533333,0.0103590872855389,245288.3470220493,-0.481682367463236,-4.318317632536775,-0.3441689361687392,0.248826358674364,2.4510554617314308e-05,0.0001244866885442,1.1442893118908812e-05,0.0001064812966266,1.3317349329122567e-05,0.0930486940438459,1.683411536087631e-05,4.651263059089952e-05,0.0183448063109303,0.03597819175082,0.102828290667133,0.4470245814133077,LFP,13,88
-733062.4035231086,2.3375621780137683,0.0084829645389316,517878.5794920969,-0.5458062170756506,-4.254193782924361,-0.5921647584781122,0.2111707484219061,1.6499958347763335e-05,0.0001148108731233,1.141807519270444e-05,4.272269383066036e-05,2.1663797651837385e-05,0.0965954879991094,1.4037510027795664e-05,4.149568576417876e-05,0.0244002596101539,0.0450885862806581,0.0505146930827728,0.2422319621584568,LFP,13,96
-18396.1332709526,2.1477393319689217,0.0430173038980292,5626.0182156875735,-4.731074507883477,-0.0689254921165343,-0.6129181727208977,0.2994055101048493,2.451902904523033e-05,5.50802895104973e-05,1.4083733089259672e-05,5.4287149567588434e-05,2.785007801179901e-05,0.0597122371558396,1.830975368280498e-05,2.9556193080918464e-05,0.0069312681830797,0.0405507169188027,0.0169789578578042,0.2595521525024953,LCO,12,25
-238584.1533461493,2.326652403822352,0.0168727838227469,150431.6390916051,-0.5087667406260579,-4.2912332593739535,-0.4695380660797912,0.3649449502448196,1.3045790552908348e-05,0.0001049475349936,1.24160712875899e-05,5.1993356146173217e-05,2.2646421466216385e-05,0.0847405592684473,1.4753559129913634e-05,2.7944287768701665e-05,0.0148836788252637,0.056375345653228,0.0184769799726304,0.3856096082943503,LFP,13,88
-624492.7770848423,2.757107923852525,0.0808354024051923,102551.19856199244,-0.8854709435400139,-3.9145290564599975,-0.0678561739041058,0.3455120097974972,2.6686087821200485e-05,0.0002159434513598,2.620988492587652e-05,4.347743896942885e-05,2.6251886415437335e-05,0.0800743992621078,1.591866025720123e-05,3.955708848076489e-05,0.0237500441189341,0.0295338976662367,0.5645649775035398,0.2680449509261176,LCO,13,29
-16753.443643419403,2.121817021117032,0.0086691353558293,23691.346676470053,-0.5544513850947368,-4.245548614905275,-0.2762630687088592,0.2027931718293615,2.9223797591818994e-05,4.669798933467517e-05,1.2009760155593177e-05,0.0001326142752859,1.5628705275480887e-05,0.0890377461906154,1.319594101968131e-05,2.676291605228484e-05,0.0057265705472124,0.1990302094982321,0.3854225383348185,0.0692841834580901,LFP,13,99
-511495.4063346696,2.276021309388617,0.0758955725593196,188267.0712465892,-0.8440841584289132,-3.955915841571098,-0.3199141642258568,0.5195710469585759,1.844179942997502e-05,0.000129249707808,1.1233678073351397e-05,0.0001072772670103,1.242929048886437e-05,0.0972015320167801,1.9290088075445307e-06,4.269741731862454e-05,0.0235354011223612,0.0949803425848368,0.4241601243799571,0.0909453688093492,LFP,13,39
-501840.91081968526,2.278167319896692,0.0689940767753378,182959.8962314012,-0.8285400349281673,-3.971459965071844,-0.3198591557187,0.4929592677710028,1.8439302117148567e-05,0.000129257170983,1.1235223393529444e-05,0.0001063205604181,1.2021216534537395e-05,0.0944176272787751,3.84539408678403e-06,4.301019878764973e-05,0.0235345702771904,0.0949367487972251,0.42417451254611,0.0910295829379648,LFP,13,39
-220809.9021601941,2.23728416479298,0.0152775099594583,163736.04276785647,-0.5700998949672922,-4.229900105032719,-0.6487377946725513,0.250885967214902,2.9271551606685172e-05,7.644088299818853e-05,1.3510885229342468e-05,6.489198260033337e-05,2.5468548831229928e-05,0.0847847544078385,5.696189027604657e-06,3.976536621107523e-05,0.0149098895908526,0.0562347831015849,0.1500530519953992,0.0749743702304645,LCO,13,98
-564303.0005791541,2.368635077378357,0.0098984498001894,364675.6785611237,-0.3468935923337852,-4.453106407666226,-0.715158801087889,0.2017085908234768,2.731872728365868e-05,0.0001210986769944,1.3458944824962306e-05,5.31305702180212e-05,1.3302552146704698e-05,0.0962351596524363,2.6516610659906834e-06,3.085576926784221e-05,0.0222245894712864,0.1271738523187854,0.0215180893423068,0.0661492572510188,LCO,13,78
-40223.31753613697,2.56616086080504,0.0112831974258378,23135.90398212971,-0.3332188022911779,-4.466781197708833,-0.6146947441176578,0.228546166655316,1.238613798042467e-05,0.0002416031532512,1.0414808711079676e-05,4.228140684668766e-05,2.5907799130849823e-05,0.0978784333556367,3.838010661804357e-06,2.034135033483607e-05,0.0057143060142192,0.03792758715496,0.2565015140499525,0.0208761546774297,LFP,13,72
-48966.741550964725,2.088941368257365,0.0245667459560598,57092.09738137997,-0.6307970116965649,-4.169202988303447,-0.115829528123436,0.5647170584537684,1.4398154937294186e-05,4.078841207672217e-05,1.092631333666468e-05,0.0001450582120512,1.5720279765067638e-05,0.094491259480007,1.006042181244456e-05,2.67558213333132e-05,0.0086603544090233,0.2852177175582727,0.4280575393528636,0.1008952149654277,LFP,13,99
-486567.7127270096,2.5038710615532325,0.0727009856104843,129628.37238191572,-0.9453728427018008,-3.8546271572982103,-0.7780054753003319,0.2069038926106419,1.856689601107476e-05,0.000222530641663,1.1404715520140804e-05,0.0001091758373886,1.2220769432539546e-05,0.0892469633186728,1.390203558898781e-05,4.7522667641397486e-05,0.0241076414896848,0.0334799362262109,0.0893599600958946,0.0291546283775625,LFP,13,23
-344594.1924119911,2.086043136762101,0.0536304686270616,72428.54912843367,-4.793131481539994,-0.006868518460017,-0.2840937813987765,0.2167852205456949,2.787838842907831e-05,4.933692824271955e-05,1.2725706443675745e-05,0.0001366977919804,1.216092933386225e-05,0.0906547647808086,1.909294109882455e-05,4.271925729977717e-05,0.0211925770838983,0.0495112260381548,0.4854805797548225,0.1109144128082461,LFP,12,23
-739364.407619209,2.2665011015850163,0.0275359940480404,555682.812089178,-0.636049082207407,-4.163950917792604,-0.7762119108825023,0.6203777889961175,1.4330291587514156e-05,0.0001178490723545,1.0856246672232854e-05,5.287808317852312e-05,1.3307729665559629e-05,0.0943956896786861,3.864444730809631e-06,4.3333637929550696e-05,0.0241285110938487,0.082548337589339,0.0159661436784189,0.0552736078497398,LFP,13,97
-69424.74576867936,3.3880397013277017,11.508230981327566,4282.776001274977,-3.37326192996472,-1.4267380700352916,-0.6803293179444054,0.2186923238313361,1.7111203051363666e-05,0.0002211482606006,1.50564708224696e-05,0.0001191126451104,1.319898758040268e-05,0.0892514407771805,1.3901075713933085e-05,4.590427635321826e-05,0.021316192416892,0.1349136001164186,0.089323076396316,0.0254340055428599,LFP,13,1
-416858.66953501326,2.22994124094777,0.0244088806889381,205460.07362116087,-0.5991091449875299,-4.2008908550124815,-0.6763348300200891,0.2673648390822232,1.8677277596838275e-05,0.0001296954984184,1.0339407189696542e-05,0.0001071830143924,1.2018764031843728e-05,0.0804659284743377,1.8305810458555595e-05,4.284182314478919e-05,0.023534934959827,0.0869972941696369,0.0978149720585925,0.0688529037516814,LFP,13,45
-597525.0922865759,2.62967444758028,0.0242123134765908,297217.92273550923,-0.4299008632220165,-4.370099136777995,-0.3224692134948473,0.4516857871667806,1.896801971737322e-05,0.0002182815844534,1.154163702441036e-05,4.208164222886896e-05,1.3577581406738528e-05,0.0714732630681136,1.1165262265224644e-05,4.77458325166979e-05,0.0244714860515613,0.1163092536239449,0.4207846444953197,0.0704368883858881,LCO,13,76
-572971.9227386401,2.305566087350684,0.0510193444759623,177076.115468783,-0.8208308904126014,-3.97916910958741,-0.7693275167888622,0.3401252760347684,1.5784790509170588e-05,0.0001033482534197,1.10886661895997e-05,7.659572198655899e-05,2.7882680559873893e-05,0.0997606484445428,4.807966944514837e-06,4.104390951269616e-05,0.0243388785148713,0.0292687895227463,0.0764087875696383,0.0549949061187531,LCO,13,30
-19057.57513703612,2.09038009732845,0.0370058275482251,21595.85759963966,-0.4726232514800088,-4.3273767485200025,-0.4022229144603202,0.598917880373641,1.8468789139968286e-05,4.035927313843627e-05,1.078066388580366e-05,0.000145164621158,1.7468727597118456e-05,0.0945259744837092,9.24882076394625e-07,4.96088109297653e-05,0.0059134310480897,0.0143993212143992,0.422358648756179,0.0910191155691015,LFP,13,73
-226507.8050409577,2.1171947637303923,0.0309632011790185,76911.91639933678,-0.9128655771871904,-3.887134422812821,-0.7548521454905708,0.2369524950237604,1.416294696616988e-05,4.563865109542503e-05,1.1102183702089396e-05,5.272350070635319e-05,1.8887578426598235e-05,0.0960582035635508,5.913347271417015e-06,4.082393922736408e-05,0.0187428425854105,0.031039399865568,0.0732881856292786,0.0708202690145826,LCO,13,24
-42046.674742854506,2.305911175363886,0.0101425139909345,34127.03122617339,-0.3581763653506016,-4.44182363464941,-0.816031771552757,0.2425937262314118,1.568183542556426e-05,0.0002106506915236,1.0293295078561564e-05,0.0001406468841421,1.522459778513586e-05,0.0743293208545379,5.802080535125387e-06,4.702402092964591e-05,0.0072911361117624,0.0110135101872392,0.0697807385521251,0.0331739797078786,LCO,13,78
-58363.20879615768,2.4619114444197177,0.0087579477072782,57993.96554861203,-0.4556559565640796,-4.344344043435932,-0.2269207361152457,0.225342808307504,1.4398719654304116e-05,0.0001234160539306,1.10871946087586e-05,0.0001450433588043,1.2199943531350616e-05,0.0995151562960705,1.6032594055034336e-05,6.737481217794504e-06,0.0086553284990396,0.2881650866241735,0.2050645139169254,0.2098496633436552,LCO,13,86
-77091.0185667877,2.334796207484697,0.0124026518979126,47043.0207018557,-0.3576026856763121,-4.442397314323699,-0.1753842274487472,0.2492811257338384,2.4661794108327672e-05,0.0001845840954305,1.2513716469965975e-05,0.0001333782381976,1.564225752805989e-05,0.0889780542243326,3.701140523338599e-06,2.67366197075102e-05,0.0093770873422622,0.2009874591565451,0.4648366254987174,0.0887916878959902,LFP,13,71
-111287.79530247564,2.575791080562853,0.0270104333067002,61258.178302874425,-0.4506499120022482,-4.349350087997763,-0.1318760002192196,0.4915293658405569,2.1430403384334385e-05,0.0002199454502157,1.2429873464458284e-05,5.6418917203656586e-05,2.280766241518262e-05,0.0907496031134326,1.1040803459551298e-05,4.410059823292681e-05,0.010328129927967,0.143895217363458,0.5872729234361697,0.0669558589811527,LCO,13,76
-54334.05879719796,2.129577523476301,0.0111259041714414,69510.16952113407,-0.3296710579879729,-4.470328942012039,-0.6218345880192758,0.2257169837645193,1.4242504828372878e-05,7.683387470783183e-05,1.1544373417638595e-05,0.0001375463776162,2.8338213516686e-05,0.0969583746419736,4.723336557849981e-06,4.3137166614215606e-05,0.0101134651322631,0.0378515014037821,0.1767669243274659,0.0935469862494761,LFP,13,72
-168623.9473424678,2.6905642865655213,0.5333598354820468,14116.388219906896,-2.3611066257762943,-2.438893374223717,-0.6782397574164598,0.2863694074745755,1.626221517430246e-05,0.0002035259290962,1.0719257747048482e-05,0.0001125464702922,1.236185622802834e-05,0.0506612809971254,1.1120463186679907e-05,4.77533291092564e-05,0.019438385383162,0.1083033079319784,0.0825428805143082,0.0609140541372536,LFP,13,7
-171245.0506066419,2.108418909932085,0.0099425214585563,227664.15159950175,-0.3777568664375152,-4.422243133562496,-0.7881049434685397,0.2403879063521861,1.5831775844864138e-05,5.254687690259697e-05,1.1465044139240388e-05,0.0001297637895682,1.4768994609098843e-05,0.0742582820552481,5.824993308331967e-06,4.100312132323105e-05,0.0191683901182776,0.0294738889838725,0.0794870723948791,0.0329340951527086,LCO,13,80
-26739.520730849115,2.335096248007771,0.0121649549022436,20135.654361636494,-0.328392517001177,-4.471607482998834,-0.6680941842829002,0.2427330419981463,1.4591700019967885e-05,0.0002303500621545,1.0234821584157686e-05,0.0001430448940756,1.4599133209626108e-05,0.0737479412454722,1.1023489997455428e-05,4.756651616337622e-05,0.0059553257530899,0.09573416359213,0.0624772493519635,0.1036944027730062,LCO,13,72
-296871.7828055639,2.1102596553674298,0.0351877002721861,183913.3918894501,-0.6422673543270037,-4.157732645673008,-0.3102544159998993,0.2014447895488366,1.8339092522605295e-05,5.236034312180222e-05,1.1208387459785004e-05,0.0001074159060166,1.2429327817235431e-05,0.0971866096322575,1.7660927328894932e-06,4.270163298586835e-05,0.0236686127946929,0.0950126834020722,0.4243843821310832,0.1003485184669451,LCO,13,39
-332904.97726293525,2.4227789796417936,0.0350561699391037,100230.08817224404,-0.774883412435365,-4.025116587564646,-0.4105935142846956,0.242714650750958,1.925558737129532e-05,0.0002364531981391,1.0325366479617485e-05,0.0001141258752146,2.5164506698862432e-05,0.0971848139082989,1.97113476612606e-06,4.767931193796053e-05,0.018791320840142,0.0965140096536563,0.403501881542143,0.019390594519505,LCO,13,31
-330502.66801323585,2.135690700368002,0.0282838994102454,211970.2952295388,-0.6068666891224197,-4.193133310877592,-0.6710091879376785,0.2673765502367689,1.409314794231729e-05,7.109396002092443e-05,1.1147618700255123e-05,0.0001081100239484,1.2436362200337408e-05,0.0848394325188277,5.601622118509955e-06,4.28429040821934e-05,0.0239139136767415,0.0419947000664664,0.1510007510765351,0.0659953609193198,LCO,13,43
-3772.7012453310185,2.2090701282798504,0.0037667051510318,8321.938775066388,-0.4589482977078205,-4.341051702292191,-0.3039695405019498,0.2029851985310128,2.2756148310757664e-05,4.0970626717183415e-05,9.39964696289732e-05,6.140608836479693e-05,2.7632819678170705e-05,0.0491764485404019,7.500349603839924e-06,1.5056660452175854e-05,0.0048058305196326,0.4786872211688684,0.1097033207055205,0.0376399176236613,LCO,13,87
-18000.30829979867,2.1162629465891056,0.7339414933986155,11952.896340068131,-0.7162588675916055,-4.083741132408406,-0.3449994914500337,0.3021299727298673,2.7141031964857644e-05,6.843027656343109e-05,1.1704119247328697e-05,0.0001068109816068,1.242761213697838e-05,0.0998746922004069,3.691870398989129e-06,4.342118255154578e-05,0.0060005067889591,0.0934350593943504,0.4213375091354767,0.0702279400201391,LFP,13,39
-260180.86677747316,2.0875025991834515,0.011704842577331,288232.6763260696,-0.4148845600089217,-4.38511543999109,-0.7651176578871228,0.2137180015761834,1.2513436483881e-05,4.493921560416243e-05,1.2956544030754486e-05,5.2731149324344536e-05,1.870046961479508e-05,0.084298474760683,1.8927128975383064e-05,4.6767740771691446e-05,0.0205519791418108,0.0679563953622212,0.0273882693531352,0.0695376773975207,LFP,13,84
-21190.136990251925,2.1613282677080314,0.0129560193024784,17138.027080688476,-4.178160586887522,-0.6218394131124896,-0.7028503775134036,0.2438379978939688,1.4588714890950318e-05,0.0001024297706966,1.034637413055694e-05,0.0001430469344531,1.4769380168276048e-05,0.0742608257595067,4.086574142147016e-06,4.7592632942797554e-05,0.0059258246231533,0.0294050353750225,0.0615036086970086,0.1362409784145651,LCO,12,68
-259655.82302981368,2.2183703949521574,0.037074710004144,75966.12890923813,-0.680698418146406,-4.119301581853605,-0.03017976923737,0.2476802920666009,2.457118073284488e-05,0.0001141152276252,1.1151228771344476e-05,0.0001064843008299,1.2546803318641983e-05,0.0930047655541227,2.396262810657125e-06,4.2992852844198336e-05,0.0164062841121309,0.0100427176019379,0.4272604166597429,0.4625170965009491,LFP,13,39
-714787.0883225951,2.445915920735609,0.0093990571273244,484937.5972394173,-0.5248120976012203,-4.275187902398791,-0.4440621186807822,0.2013869657539808,1.3932780467370104e-05,0.0001676316067595,1.2208837402033968e-05,7.354394500856237e-05,1.3990091885779137e-05,0.0998168625865292,3.775536931854207e-07,4.338124050054207e-05,0.0234026903078666,0.0417039879035676,0.197339170228265,0.2468947231873851,LFP,13,93
-294093.06201776594,2.087175656848678,0.0084941950122881,540043.9138927617,-0.5611671680442001,-4.238832831955811,-0.5086487114081087,0.2233794267535116,1.2566461046698255e-05,6.311446986658065e-05,2.0517291280347156e-05,0.0001041835481648,2.8422671714253437e-05,0.0996190203167909,1.9901719719872222e-05,4.613899869829688e-05,0.0243663080079781,0.2633471564087283,0.1240495028780746,0.0339546293050883,LCO,13,98
-632107.0094318048,2.58378182835607,0.0591287436280791,103870.71266749511,-0.9075965145878796,-3.892403485412132,-0.1471048441398084,0.2151379249223165,1.973683248014463e-05,0.0001881917940204,1.728780958976495e-05,4.694678797506784e-05,2.894017264850614e-05,0.0962188892906149,1.6435011195921202e-05,3.830550153743924e-05,0.0226633338219601,0.1727904073528748,0.5598478232279032,0.0502569252794135,LFP,13,26
-291098.2504489705,2.106023780508312,0.0094605371379763,272256.32713551447,-0.3842897972685577,-4.415710202731454,-0.5819947533558419,0.213724294962561,1.9090501120667303e-05,7.23780833697405e-05,2.0522211450644257e-05,0.0001051160974943,1.2162795328869916e-05,0.0781855416357173,1.996442485406974e-05,4.672642861854307e-05,0.0210704851873711,0.2659845792905594,0.049105350129892,0.0329153172237066,LFP,13,81
-252842.34936271748,2.486111770633572,0.0115410557510665,161753.32225624175,-0.4842726371201493,-4.315727362879862,-0.7246467117393107,0.2640827190474253,1.6780471089430837e-05,0.0002069695122348,1.4613457344092924e-05,6.459584635546575e-05,2.0642374446736865e-05,0.0568894819966512,2.7768814015729333e-06,4.291341086478056e-05,0.0175735613902451,0.0536947733082521,0.10576396707672,0.0458945478757171,LCO,13,88
-550091.8983050484,2.200883323809502,0.0112902282696701,420340.669072452,-0.4652429412819217,-4.33475705871809,-0.3447692077353516,0.261729325235545,2.3678004078192705e-05,9.417065591513876e-05,1.2328942257045727e-05,8.207915465103305e-05,1.8108245853662674e-05,0.0924770778847821,9.0498452237644e-07,4.514360843354821e-05,0.0246845608136219,0.2165363095000229,0.2710088551479281,0.0976856276166973,LCO,13,86
-504520.3345651882,2.7132965501974198,0.0363958324426953,81929.02822242143,-0.8060523889833746,-3.9939476110166368,-0.4350909252108972,0.2096795027876855,1.5852752124922364e-05,0.0002116342541144,1.6010869257783064e-05,4.6824366406877845e-05,1.6884243455060734e-05,0.0664200788251736,1.6813984841905753e-05,3.7098739260303136e-05,0.021221684107179,0.1073617434708184,0.3536926421270779,0.0338546891912064,LFP,13,29
-17049.645552158134,2.1782366193861376,0.013935748309996,13093.595552742472,-0.3994443498304107,-4.400555650169601,-0.2847610337076329,0.2137838713303926,2.434332613645225e-05,6.90238417282796e-05,1.070632689044706e-05,0.0001247247713014,1.4177988570229408e-05,0.0846865585219572,6.836737735719589e-06,2.783234944292812e-05,0.0055049852405799,0.123858170463433,0.3057585525421932,0.2156222432867408,LFP,13,60
-209957.72072888003,2.066414791683345,0.0092898052766008,231241.68627420807,-0.4351836971301992,-4.364816302869812,-0.3616245062490982,0.2102287617434096,2.1335851276012567e-05,5.636638921872185e-05,1.717346243141375e-05,8.16469786391853e-05,2.763241264721034e-05,0.0757079100405863,6.240805162284394e-06,3.930073764808448e-05,0.0206838111012668,0.4263762176819659,0.0998763853320707,0.0421228907368651,LCO,13,85
-155959.21192414413,2.2645238139866963,0.0098738791010333,107211.19830697298,-0.5043601153136095,-4.295639884686402,-0.4956130907185754,0.2425134127135402,1.2499436465998657e-05,0.0001147474631566,1.5146500135886792e-05,7.098204784630293e-05,2.7970479036414185e-05,0.0471726791284623,7.205379348685022e-06,3.924981736026852e-05,0.0165299079238998,0.0436486586343729,0.3042764533111844,0.0864617973358673,LFP,13,90
-23296.081397493497,2.10321501591782,0.0224632261932231,20415.409930110265,-0.5014610528109245,-4.298538947189087,-0.3638358062217979,0.4551649708831418,2.8442336168282986e-05,6.226597785874455e-05,7.706302447802825e-05,9.70750750291403e-05,2.8912321406763844e-05,0.0426425783847004,1.6888873896486836e-06,4.938232991753503e-05,0.0081167595254549,0.2489632343141256,0.1389201265035953,0.1782808329604811,LFP,13,85
-181830.45758257477,2.4356779282626047,0.0520888274552553,27717.278451264425,-1.3156438120080267,-3.4843561879919847,-0.0631330000647673,0.2471399433037241,1.737003419055093e-05,7.981485151325926e-05,1.8783973351810592e-05,4.366257297946405e-05,2.6761088058369865e-05,0.0527274441518252,8.876591912312534e-07,9.971562577593282e-06,0.0204758908588581,0.0879756708198123,0.328633335005621,0.4502579941097993,LFP,13,17
-366465.8277240605,2.13942269892632,0.0131550424444417,415632.9346214433,-0.5373409652174388,-4.262659034782573,-0.2387412574884596,0.2331583079115508,1.256066757626822e-05,6.171990289933307e-05,1.1680540539427744e-05,5.916923205715744e-05,2.5279257487507817e-05,0.0995347173369627,1.2238649435109952e-05,4.335963177645495e-05,0.023394002126464,0.2549377939969914,0.0907223375219808,0.3455986109925682,LCO,13,93
-26444.57537660377,2.16849506673199,0.0111886586135379,23720.00738398625,-0.5094474178806863,-4.290552582119325,-0.674555870868354,0.261316168367261,2.602124032948285e-05,8.41354036523556e-05,3.354848071899511e-05,0.0001124255757753,2.82309312143112e-05,0.0440229820829064,1.6565218734543817e-06,3.983600391057492e-05,0.0078986113705017,0.0520225561302312,0.1395147291807519,0.0639068438206628,LCO,13,90
-74027.6201399423,2.0600112585329686,0.0175265811756738,82854.02385419652,-0.4775405068469283,-4.322459493153083,-0.4307564500720398,0.3709293062720834,2.986865508341914e-05,4.4097268402116906e-05,1.7181688977963115e-05,4.838135322703072e-05,2.4800534246707992e-05,0.0457970026978937,7.196258490913405e-06,4.0424889206755006e-05,0.0165240812751159,0.426742138976673,0.0306233879905932,0.041878022960694,LCO,13,85
-343251.73418401234,2.580168103660004,0.0101969262944465,205267.2005823929,-0.4708937222805716,-4.32910627771944,-0.5655743711379548,0.2466562946077619,1.742403513243193e-05,0.0001611866321956,1.0939890986837434e-05,7.388845966628956e-05,2.040465620544496e-05,0.0619774581534296,8.743404643042505e-07,2.132585827953421e-05,0.0197537898267405,0.071219104148256,0.2318364817576703,0.0613700429561188,LCO,13,87
-240250.0142162621,2.337480177539674,0.4021930474780332,26815.850267446112,-2.3186689035115435,-2.481331096488468,-0.5514793871385597,0.2024901827258318,1.4999133907947991e-05,8.269120841586586e-05,1.041377045506944e-05,0.0001161526623845,2.428790143178014e-05,0.0877197056477244,1.519122718963476e-05,4.953930084553091e-05,0.0214672411012572,0.1385664909615266,0.1869574898548217,0.052996632045092,LFP,13,7
-243804.0367238277,2.5387596479604064,0.0186395063822428,153233.29597090778,-0.4806669215453354,-4.319333078454676,-0.5418215145682381,0.384517172285473,1.6315279652846096e-05,0.0001753587209073,1.1490309368182171e-05,4.80818176184844e-05,2.922870303682688e-05,0.0946515353196379,7.46013086898059e-06,4.6601728553908605e-05,0.014221962741338,0.0765316707179293,0.2059935866152212,0.1056532280986113,LFP,13,85
-319149.4679284134,2.3452953231111167,0.081272641220978,92282.2188906386,-1.1088025927574705,-3.691197407242541,-0.7992678317317842,0.2597653715496972,1.219431613613496e-05,5.143637791017428e-05,1.0269276945997147e-05,0.0001044857378507,2.761520588401648e-05,0.0850705044394351,8.803130411296312e-07,4.130732352806901e-05,0.0232506057804314,0.0146242339821295,0.0554815563747191,0.0606263779113671,LFP,13,20
-87712.25557881234,2.106201618372152,0.0164742454206786,77030.43743604525,-0.4364431680094114,-4.3635568319906,-0.2671540248928851,0.32205863892892,2.445931781762108e-05,5.266021053659992e-05,1.599762738218431e-05,5.183243009886161e-05,1.6918965744368996e-05,0.049813107013092,2.1752901942991995e-06,4.364361823109546e-05,0.0156231921028868,0.2584589163160764,0.3025361444274669,0.1018509143635716,LFP,13,82
-167611.75176022982,2.2800676695676927,0.0131393663032855,94772.0745481422,-0.3411110981911918,-4.45888890180882,-0.7369503665586669,0.251256295055034,1.4973699297412332e-05,9.730334472571304e-05,1.7893061090031782e-05,4.233142365877313e-05,2.5495786109666107e-05,0.0730707012599328,1.917483840416859e-05,4.808513902512797e-05,0.0141284580113393,0.014367022863091,0.1014778971614256,0.0772047134168164,LFP,13,67
-10860.130311176164,2.453205565813124,0.0101695499704785,10472.111520719744,-0.470915735778874,-4.329084264221137,-0.5563634936072319,0.2462603212789517,1.738877581105563e-05,9.843565154883712e-05,1.9854482214120952e-05,0.0001251181243544,2.0347224001164063e-05,0.0444580102176875,8.38285963072627e-07,1.2977593711476522e-05,0.0052811065722478,0.0796345769844821,0.2327621405909775,0.0612397888173085,LCO,13,87
-89525.98766117709,2.595050676710103,0.0103050056197719,46594.193552964745,-4.168275742681814,-0.6317242573181971,-0.3249147946018449,0.2107908448160601,1.5295855059064997e-05,0.000247229608216,1.53010731403571e-05,5.371871703137013e-05,2.99251344650792e-05,0.0716118959833236,1.5979802832855894e-05,3.705845893600039e-05,0.0106643070886224,0.019471869651671,0.0157184943379857,0.5698948414084983,LCO,12,69
-329926.5305519764,2.085041223720489,0.0087018184254096,531701.544305217,-0.5512733006962449,-4.248726699303767,-0.4975405655400201,0.2005980395543755,1.2178017712995154e-05,6.231750051020111e-05,2.265677668707506e-05,0.0001129050685177,1.2905172780749676e-05,0.0969079396267536,1.9703774611160592e-05,4.61992235642933e-05,0.0242638457545267,0.1610498497298704,0.1717878824308978,0.0996217022992116,LCO,13,96
-334152.01255153224,2.374787703776493,0.0111411068471353,197691.30602654943,-0.4660490890163729,-4.333950910983639,-0.3146071695110596,0.2432785102678574,1.713406428439415e-05,0.0001321804344298,1.7070562451233995e-05,5.237026437679064e-05,2.800956865321757e-05,0.0457722210605007,3.294519909642103e-07,3.955941844358322e-05,0.0242467477772172,0.057272586452986,0.5462705947445071,0.0118496492914473,LCO,13,86
-198609.48532213716,2.4898493247693065,0.0161703921581678,139992.6872768657,-0.4873610682810536,-4.312638931718958,-0.1691927996053813,0.3304417957329935,2.686972750388892e-05,0.0002395570764028,1.1370823006716928e-05,6.458703847914988e-05,1.6975113247221038e-05,0.0906010409287186,8.458964608565406e-07,4.520057440983912e-05,0.0143950120556643,0.2887705930663842,0.3500756462559754,0.1219609610722589,LCO,13,86
-188101.67077974795,2.535233154528595,0.0205567984721044,90912.95065594904,-0.3815319577875939,-4.418468042212417,-0.7947329403420933,0.2040785386569315,1.4381287915465647e-05,0.0001757960811662,1.8031680942252225e-05,4.812917948179907e-05,2.40142749042176e-05,0.0726571633939124,1.94534859180454e-05,4.9396950446511526e-05,0.0142229255162727,0.0133371330038559,0.0582361770619186,0.0636937495921322,LFP,13,59
-36655.25775331933,2.184986091106093,0.0123247345909876,31909.127203262124,-0.473684080488006,-4.326315919512005,-0.6754349573406497,0.2677822594011284,2.9972630519784943e-05,0.0001050172170947,3.357861623738642e-05,0.0001253971726886,2.00765379912581e-05,0.0446634534727813,8.311465482567169e-07,4.0254224461575504e-05,0.0091406678767015,0.0516020689251961,0.1390449346224157,0.0639180391117383,LCO,13,87
-122682.19852672383,2.1724499334412704,0.0094815530951258,111466.4630887744,-0.5562659211499721,-4.243734078850039,-0.3448799787902162,0.2428179571602445,2.949927243273816e-05,0.0001089663939826,1.7162663009695647e-05,0.0001242130665422,2.824018710777636e-05,0.0507573623805674,1.6945986068097385e-05,3.9141995667116026e-05,0.0164030526858018,0.171962450232379,0.3855889688013223,0.0275686021760824,LFP,13,96
-451965.1917064244,2.319721760710575,0.0109625771926558,257239.00608944465,-0.3740170770844031,-4.425982922915608,-0.2110444801729272,0.2431963861133879,1.8481523240504477e-05,0.0001326968960914,1.7076571516294868e-05,7.398827248918303e-05,2.0090909737161548e-05,0.0677160336728322,2.825027626672708e-07,4.585606596958577e-05,0.0242894423922938,0.0580870915443776,0.5572793421526692,0.103589086130026,LFP,13,77
-179553.78205313574,2.18138931386664,0.0087264385404055,195055.45179338809,-0.551041831881399,-4.248958168118612,-0.3416301313408779,0.2137230508155786,2.8338224000887987e-05,7.834466010930182e-05,1.7901779109915093e-05,8.289957890247651e-05,1.2271744837354922e-05,0.0477000759521477,3.099541718424872e-06,4.677508749600968e-05,0.0224525418839648,0.1706295970050149,0.2865709826268274,0.1311692890272796,LCO,13,95
-40185.51147704459,2.2657411946753454,0.0130234093131618,43720.88943512592,-0.5337165527200369,-4.266283447279974,-0.5111454727567298,0.2258052115002194,1.5051035898568632e-05,8.003829797903388e-05,1.2534290654908608e-05,6.843924004901844e-05,2.8249890765132533e-05,0.0848827525948599,6.90866772206293e-07,3.778984702488884e-05,0.0078243214151144,0.1635820833790453,0.1399133736637438,0.1153590702004809,LCO,13,93
-201320.4888087521,2.0953501652470736,0.0099481693539908,170921.37805853764,-0.460121985519045,-4.339878014480966,-0.3556406183123763,0.2457464869799255,2.4882231362866687e-05,6.541259515849309e-05,1.7139644955338918e-05,9.89534742235979e-05,1.811439019390025e-05,0.0933927519708675,8.356823031947216e-07,4.649532129085071e-05,0.0157323508641619,0.237787055246034,0.2386053229337914,0.0979670035077982,LCO,13,86
-84100.25226476861,2.2128901673557566,0.0202814857244944,70796.6311078874,-0.6058681129076859,-4.194131887092325,-0.3057616011963321,0.4497811975060051,1.600007199085716e-05,7.90915971033209e-05,1.717771119847188e-05,6.803321881385262e-05,2.8239413585659794e-05,0.049581377265946,7.37868650827891e-06,4.778315827132166e-05,0.0131945497361089,0.2101852230603377,0.3874982258414371,0.0265549499018931,LFP,13,99
-8639.44804658246,2.182340151024317,0.0118805917987441,7211.2468523779,-0.4903400924773109,-4.3096599075227005,-0.2976074886906221,0.2772607106192997,2.9976449176053983e-05,0.0001154188509528,1.268646871026972e-05,0.0001258125028652,2.679898434606809e-05,0.0480627029564735,8.296437169483636e-07,4.535351019898427e-05,0.0044941210225852,0.0344223765190512,0.1333124626760017,0.4646576721143249,LFP,13,88
-183149.92644812475,2.188304716305445,0.011787008104072,168626.12241181376,-0.348487490975657,-4.451512509024354,-0.3705245038251216,0.2096760373743092,1.2297349199426183e-05,6.380034313723479e-05,1.7902517277288185e-05,4.9667567974299615e-05,1.20296343809491e-05,0.0476405694108948,3.669652933867272e-06,3.326433696176304e-05,0.0229371403083761,0.1708653121280544,0.2571987411310742,0.1314114429157498,LFP,13,76
-181464.3453486841,2.083872153337886,0.0158648462894134,230541.0696104096,-0.5990301488609262,-4.200969851139085,-0.3476114558279349,0.3731140779765574,2.83552403373328e-05,4.0513193089239344e-05,1.5957871463172936e-05,8.42487938450112e-05,1.3866292132732046e-05,0.0476837316365837,2.171779186574594e-06,4.8237740183317605e-05,0.0244499215855307,0.1702404402686597,0.2796913393330287,0.1324567645703765,LCO,13,99
-260888.30575547597,2.621847033371071,0.0114381839820465,146336.14422094115,-0.4508203853479458,-4.349179614652066,-0.3670502277539108,0.2516891702936734,2.3465688596226077e-05,0.0002268051272882,1.0804617940040204e-05,4.352169695407152e-05,1.7996081350387637e-05,0.094855144392944,1.060628152293596e-05,4.399843708828834e-05,0.0142048544471684,0.0789003550166348,0.4560999661605202,0.0279494510689341,LFP,13,85
-8065.636609557657,2.08659669917395,0.0094959729456914,10421.330780161938,-0.4893016323925394,-4.310698367607472,-0.1944978983019404,0.2176545456388861,2.9772244040570652e-05,5.55139483865053e-05,1.7194154771396052e-05,0.0001270933988164,2.7986098393393835e-05,0.0763081465584819,8.805204003560292e-06,4.536318194475143e-05,0.0043983221732399,0.4271735955239988,0.1336977837173724,0.1746307224566883,LCO,13,89
-151929.96445108746,2.157310299772664,0.0091592575979001,156092.9609630446,-0.5666402338165071,-4.233359766183504,-0.7078464469206339,0.2280007357709082,1.2019641218064426e-05,8.416672017299754e-05,3.464446158415233e-05,0.0001124243417222,2.4880225876405734e-05,0.0432637913010177,1.596300667473545e-06,4.620042654198856e-05,0.0188861614922754,0.0195444587742781,0.138944678587708,0.06366441571738,LCO,13,99
-368425.4516948841,2.380173658760818,0.0111500441020619,221026.5673188174,-0.3742251976700217,-4.42577480232999,-0.3862172018362092,0.2460437328425643,2.729429786391696e-05,0.000121145494002,1.0965390455856736e-05,4.868959552361908e-05,2.1766883425309493e-05,0.0962012922420756,4.889014122126784e-06,3.141042091604245e-05,0.0187072642708917,0.1269752180784453,0.3109839690454687,0.1058236110398767,LFP,13,78
-30158.915577883094,2.34017247374061,1.1521040617791876,1551.3600903247543,-2.68381465047316,-2.116185349526852,-0.0858903509972136,0.2454683513040229,2.805986313741188e-05,7.283540581977408e-05,1.0202594552671617e-05,0.0001467584307715,2.4782271906635185e-05,0.0796591463808971,1.3323080918057796e-05,4.834961726089805e-05,0.0070766579829272,0.2531272322303627,0.4116682479740372,0.1793141687983864,LCO,13,5
-35615.505344384874,2.184911362546283,0.0864027782615569,8767.174463186146,-1.178585335611153,-3.6214146643888574,-0.5031859233595013,0.2912994344418408,2.5678074260791435e-05,6.314498067423307e-05,1.2509394647740958e-05,0.0001296948558984,2.9290217041445294e-05,0.0735728642861412,1.262959647845742e-05,3.622231546526075e-05,0.0083809505665973,0.055372484344935,0.0419571592272755,0.3294844330682882,LCO,13,19
-26446.304653143798,2.104930314178385,0.0130026500383564,13768.325393041096,-0.3312556228631678,-4.468744377136844,-0.6011521734487439,0.2317155468916652,2.663436021159594e-05,4.987828559881825e-05,1.0750945842564046e-05,8.205246529173463e-05,2.7839758209974588e-05,0.0417604389044383,1.3141523901693364e-06,4.752639465093388e-05,0.0075309484923733,0.1696719854595538,0.0227297048936126,0.1364461361980896,LCO,13,67
-279223.06251812633,2.200324922707973,0.0087047058714052,307559.7965454434,-0.5604149677296562,-4.239585032270355,-0.6071514064324193,0.2138898100194899,2.939522965362484e-05,0.0001275321078043,1.086959174115449e-05,0.0001438923406374,1.4892505726979136e-05,0.0506498941034647,1.812184759963616e-05,4.965865076472622e-05,0.024822770097391,0.1706022137492883,0.1303462846547725,0.0219000951635198,LCO,13,100
-70573.58228648003,2.098656167410476,0.0139898326055228,65481.82332265922,-4.303605044452276,-0.4963949555477356,-0.6310553215198613,0.3213069818602158,2.8913169888759523e-05,5.453276076273641e-05,1.1629918644576226e-05,0.0001439840118479,2.795661319699174e-05,0.0470548306307436,2.234275730983416e-06,4.513159704847847e-05,0.0138791581151795,0.0201423348251005,0.248358088796672,0.030444254858366,LFP,12,85
-104656.26241990892,2.478877290092899,0.0170170821547167,50062.342392994135,-4.218178085315024,-0.581821914684987,-0.7780902184600402,0.2406215179582328,1.2227801069655342e-05,0.0001667124371903,1.2281696171476293e-05,5.9779612848529626e-05,2.918279543525839e-05,0.0429027822775264,7.364076153289819e-07,4.47263878652907e-05,0.0140267794606351,0.0498341964619391,0.0630385469662243,0.0390370381117964,LFP,12,62
-356199.82156658155,2.502676784118349,1.4677809282171477,26548.02536135964,-2.700572242443528,-2.099427757556484,-0.6638322207260208,0.3472182005992942,2.696171250758261e-05,8.11027423512091e-05,2.6909446446911902e-05,0.0001163044569621,2.4282483837834024e-05,0.0912670598752805,1.613701856752272e-05,3.485183545894369e-05,0.0246536591790603,0.0412424132610596,0.1707397829544782,0.0541855830584413,LCO,13,5
-342949.2471613664,2.3724393776496884,0.0239776287873759,158659.0913161345,-4.262069078652544,-0.537930921347467,-0.5722782685843286,0.3259295705819454,1.210212601752856e-05,0.0001325223559475,1.2877184763038196e-05,5.44366157189518e-05,2.9238323707438493e-05,0.0497656287782086,7.588618672983071e-07,4.472181139139827e-05,0.0242598664906582,0.0174575211970615,0.3011094633798893,0.0391547468387205,LFP,12,62
-185833.02721019005,2.070250818252852,0.0140574294767473,251101.9587897468,-0.5908224804512159,-4.209177519548796,-0.4035916772146762,0.3532952162878947,2.9364059255598663e-05,5.802662730737285e-05,1.1362081120513358e-05,0.0001041583315021,2.780668300468345e-05,0.0902249231329889,1.1976726716406668e-05,4.718138397574883e-05,0.0182629183774094,0.1949040911504713,0.0539290711593683,0.277575160475484,LCO,13,100
-194795.7836648726,2.185548830023074,0.0179818601257736,165332.33975410895,-0.3734149057494278,-4.426585094250584,-0.1944109616935349,0.3026910320092211,1.2705033022478995e-05,7.122103022365793e-05,1.183978719306896e-05,0.0001042294187208,2.172220097915643e-05,0.0918196064691403,4.7452270246871547e-07,2.776439703567365e-05,0.0177081718000287,0.2438048786423151,0.3027787891311801,0.1890053705329699,LCO,13,68
-672229.213726109,2.551665494327062,0.0155929719372581,265612.6101921549,-4.212584283041991,-0.5874157169580201,-0.0978847319922223,0.2749859168553234,2.8942429445677128e-05,0.0001772285492743,1.8696477086004317e-05,4.826087149098368e-05,2.2270750523624885e-05,0.091809082951187,7.741810041496773e-07,2.8202113358479188e-05,0.0239813065020356,0.2382866782759797,0.3218148485608016,0.2720137411709961,LCO,12,68
-43696.43957765935,2.5250377093832634,0.1480400304010899,7917.678458693132,-1.2314779642874996,-3.568522035712512,-0.2280035317192382,0.3398099307931816,1.2053620942795743e-05,0.0001641230243521,1.3046963797413228e-05,0.0001381607169134,2.9312401985903227e-05,0.0723452480436599,1.8084723634151507e-05,4.85546512470681e-05,0.0081060488135245,0.0554015265863796,0.313404938435428,0.333190003258954,LCO,13,19
-24462.98034449792,2.862965282135349,0.1177825680322263,4133.179161398556,-1.1283607961295132,-3.671639203870498,-0.5929725071052087,0.2156100443696185,2.5700818613718354e-05,0.0002398821105862,9.070943878637296e-05,6.094667570119309e-05,2.8743074108263548e-05,0.0418993612236287,1.0880326913887992e-05,4.992475148079823e-05,0.0072267765901442,0.060140858773065,0.0369367648856469,0.2399498692360794,LCO,13,19
-161279.619123238,2.978953880392074,0.7156653997294635,12865.045757056318,-2.380622038241569,-2.4193779617584426,-0.378533160531379,0.3127786855812633,2.669503145233982e-05,0.0002117305723878,2.6292350693788447e-05,7.621118532414804e-05,2.892310407515011e-05,0.0820397415123252,1.754770282799805e-05,4.74069386571819e-05,0.015782403749486,0.0828639672061892,0.2467169782472031,0.2218858940152287,LCO,13,7
-252003.8090698268,2.091537174768204,0.0313756142282492,171337.5646250147,-0.6295666369087556,-4.170433363091256,-0.1286319129085225,0.3337310620552238,2.5754998914605276e-05,4.747394293948473e-05,1.0506026055665943e-05,0.0001488585129368,2.1928186913626182e-05,0.0999188599950079,2.870002384350289e-06,4.978787790255704e-05,0.0215179291270531,0.1766988436937433,0.1868211843656008,0.4378480590321333,LFP,13,47
-389822.5995687324,2.3162681179604308,0.0151384307904411,291182.1871530208,-0.4079528696842871,-4.392047130315724,-0.0965230222182437,0.2996554785094366,2.837877337459929e-05,8.265571880621927e-05,4.29069349619193e-05,4.110770131667303e-05,2.615653524767135e-05,0.088340554919297,1.0622244398861694e-05,3.938158556959595e-05,0.0238101885741889,0.0643316414429872,0.5336197638814537,0.2355255724573153,LFP,13,79
-157849.64006501026,2.434944580762407,0.0100551619762763,112614.40549639132,-4.2288519269579865,-0.5711480730420249,-0.585602395585969,0.2053384652249643,1.3448102027736116e-05,0.0001426897497147,1.4399175585947214e-05,6.160636723571492e-05,2.166535195969317e-05,0.0406491994587253,1.007925819753573e-06,4.5413823687386696e-05,0.0192840002516637,0.2219142948897593,0.0746432373663986,0.0478400721578729,LCO,12,81
-92050.91469260704,2.219130331139202,0.0479031536991331,37571.67244316058,-0.8196825766506777,-3.9803174233493337,-0.1295739954874202,0.3129484934322356,2.8389806706232768e-05,6.206741153139849e-05,9.61046200371882e-05,5.598757807496252e-05,1.7445781350506092e-05,0.0400216766382056,3.056167418911686e-06,4.6451165739999104e-05,0.0191370861621933,0.1757078831172401,0.4864594330280878,0.1382586883672518,LCO,13,32
-27786.872130481217,2.268570928708593,0.0127077749163765,25464.922375755727,-4.26327216234084,-0.5367278376591713,-0.53558862711482,0.2019062281373765,1.690055281635174e-05,7.899522839107149e-05,1.4476716049291006e-05,6.148262973593423e-05,2.1792995352747385e-05,0.0540848448092999,1.3432763423162024e-05,3.780103511010855e-05,0.008138481005397,0.1557484663866563,0.1783259490610069,0.0603369574375167,LCO,12,84
-134155.81525394038,2.080568148124528,0.0209927043318033,169463.32697919518,-0.4921095181872275,-4.307890481812784,-0.5765598329335455,0.4389792375296154,2.8145153503099635e-05,5.621162260716912e-05,1.0616774754981312e-05,0.0001331446693978,2.961535380187717e-05,0.0659848300018832,1.609576066889752e-05,4.734330144695091e-05,0.0183080501147711,0.0519688792060662,0.0119094218005704,0.2895618660598179,LFP,13,85
-159690.571601786,2.0543076504057582,0.0241646518266414,199363.3900567056,-0.4409008392004168,-4.359099160799595,-0.3795049716703859,0.4774748246416276,2.8133184528283312e-05,5.5383711125585706e-05,1.02904794050085e-05,0.0001338543757938,2.95277018411594e-05,0.0902869742158201,9.233297948675636e-06,4.741939888474522e-05,0.0182627502419171,0.2615193537072461,0.0114712695850872,0.2775044050372808,LCO,13,78
-232207.55880291417,2.3605638713336368,0.6283103842884254,14067.673864916618,-2.680379212939904,-2.119620787060107,-0.600472010499688,0.3039972900716722,2.593148639502084e-05,8.182211450581083e-05,1.0646732834833593e-05,0.0001152652427244,2.9502529970752697e-05,0.0911246447011007,1.6189247753765962e-05,2.8909266462499347e-05,0.0183509182047641,0.0364578554915697,0.1751330479449058,0.1179370860638364,LFP,13,5
-70661.31751673295,2.5394970496475144,0.0105438754413528,31446.32288172587,-0.3324621971061745,-4.467537802893837,-0.1945953726126289,0.2031630601863029,1.4525202836562072e-05,0.000203107289441,1.011045176466136e-05,6.221659616929445e-05,2.7613146224222585e-05,0.0484169327799636,1.1957509009961871e-05,3.5255094509310494e-05,0.0105523542532979,0.0203898022998115,0.5154031412903278,0.1996116837972316,LCO,13,69
-220006.4623889622,2.081495628557493,0.068887435749227,92300.106689358,-0.8752864583417761,-3.9247135416582353,-0.4840794880427704,0.3901044628385093,2.584751095255197e-05,4.556491960825582e-05,1.451923895241847e-05,0.0001103436590465,2.204866614410968e-05,0.0735442959138431,3.706873421999142e-06,4.539608765263717e-05,0.0215657036577657,0.2236874936109568,0.0744197609512484,0.1478132573950243,LFP,13,31
-561451.4092322935,2.496305893836245,0.0110021996174888,463594.5952898542,-0.4677387603238969,-4.332261239676114,-0.7621560230749966,0.2569696449005215,1.281938397333119e-05,0.0001907875367694,1.2586770373212995e-05,6.672624388963192e-05,2.804121661454804e-05,0.0889072695084736,1.3459898243074575e-05,3.731731270087025e-05,0.0238934597622375,0.0528756703567567,0.0268498246317788,0.0881184819364677,LCO,13,87
-368791.0471857399,2.3322085754635067,0.0273740713237083,246383.2254288637,-0.5072774254130223,-4.292722574586989,-0.5495267121820646,0.5239067259365837,1.816677111053708e-05,8.787940302452261e-05,1.0594791131035014e-05,4.279337100320332e-05,2.729792476655972e-05,0.0992670912866716,1.2259019405603623e-05,3.730269696120381e-05,0.0183006625845429,0.0519520403453731,0.0320617615221314,0.2964594859504309,LCO,13,84
-318043.997966515,2.24661280566696,0.0328679739897433,245371.87742673387,-0.5469179807556301,-4.253082019244381,-0.6019457048253364,0.6661264733871439,2.5778586978155412e-05,7.582092280417205e-05,1.2116136299454423e-05,6.146078063288219e-05,2.7219831881490303e-05,0.0612469350081277,1.2904509617489452e-05,4.99464245394461e-05,0.0233245915174207,0.0504962893835523,0.0389906105765014,0.2385673952146099,LCO,13,84
-94324.77748189644,2.064886464093184,0.015815865892664,86473.26520525655,-4.327901309253555,-0.4720986907464564,-0.1429699117820938,0.3538597124869785,2.797270765501457e-05,5.44908216105231e-05,1.0458363086199269e-05,0.000146810577678,2.472506096832089e-05,0.0467069522140146,3.4149719246352206e-06,4.5066537371129255e-05,0.0173090686982724,0.3602205401055688,0.2453238885878634,0.1814856595244738,LFP,12,86
-377961.8502989632,2.559395006330919,0.0403732528839412,82340.82131638158,-0.8301781725687505,-3.969821827431261,-0.1444890113678215,0.2403520539284782,2.1308871222989168e-05,0.0001426525970679,1.058913172661268e-05,4.667081879009115e-05,2.615563191977704e-05,0.0654176992408257,1.874806080907009e-05,8.710039538137673e-06,0.0233673084889274,0.1168976693818991,0.590082809810769,0.0785305094395103,LCO,13,29
-44097.0584696388,2.1205755154835586,0.029918251678011,48381.58016365973,-0.5148570713595433,-4.285142928640468,-0.5489228381881468,0.5505427849675263,2.6815241829146318e-05,5.047765034241376e-05,4.00114088197844e-05,6.089200665558023e-05,2.737930026227651e-05,0.0997726816665691,1.2493270576210924e-05,4.713958060917247e-05,0.0082000748202194,0.0459265532676179,0.0373523584267551,0.29779825011748,LCO,13,84
-223487.6546512905,2.118721833385352,0.0231999672984704,249764.2186869085,-0.4874830802457666,-4.312516919754245,-0.3233566195546118,0.4816787963654108,2.952865546499775e-05,6.528599038369883e-05,1.9773413515875613e-05,0.0001434638764212,1.4476250893877778e-05,0.0997890085000662,8.893503749949379e-06,3.0341294946282533e-05,0.0185917105961853,0.2568766445442886,0.0111455735697796,0.33862116233132,LCO,13,83
-342645.2963779061,2.276115693552784,0.0212043010776441,199567.54070282844,-0.4112616600295311,-4.38873833997048,-0.5626232744130386,0.3223793696787301,1.211168983559567e-05,0.0001687699016218,1.0357606793403306e-05,0.00014905336772,1.854944328449718e-05,0.0775961577959187,3.8559953795146406e-06,4.4707601761819015e-05,0.0202583328572436,0.010388638081083,0.1856306690418752,0.171357418464003,LFP,13,62
-11809.002788805568,2.147437074947046,0.0131549674425559,13107.145993792396,-0.4389023894428661,-4.361097610557145,-0.3860283813821626,0.3081607405257031,2.5697418575287148e-05,7.462559982737412e-05,1.2450903658956052e-05,0.000138559866958,1.593799079388501e-05,0.0600114176407018,1.448978320220753e-06,3.321813457530976e-05,0.0054288979101816,0.0569668285596738,0.1442163290394741,0.3427884610186895,LCO,13,83
-154210.99744608154,3.061996130812845,2.299091150157284,4338.0815009183225,-2.8317406298218586,-1.9682593701781528,-0.2655346253035727,0.2385242232316657,1.2475548906298734e-05,0.0002115482013032,1.232578956735348e-05,5.945239714868903e-05,2.8797734063572062e-05,0.042701448540845,7.191132430582847e-07,4.992521169249592e-05,0.017011578655679,0.0471648765510747,0.5761033363089912,0.0411971618363612,LCO,13,4
-172865.53697291214,2.2554038267588536,0.0132199525379595,120440.36248710664,-0.3721455460741154,-4.427854453925896,-0.4016915023636097,0.2468543485938111,2.6006022383149656e-05,8.184768330779474e-05,1.0597393580624564e-05,4.365217115328175e-05,1.853090233120268e-05,0.0537862531549405,1.6216138366374167e-05,4.090216563236594e-05,0.0187100052163711,0.2118514206744071,0.1718039978911388,0.1446530790708443,LFP,13,78
-31247.31805049581,2.5666754444980118,0.281847716898873,7274.733352962472,-1.3836792601680727,-3.416320739831938,-0.418238937630199,0.5785293372982201,2.4463650664372783e-05,0.000165083037529,5.748951512852022e-05,0.0001162687781587,2.9652794810763165e-05,0.0755486090704382,1.809785638972649e-05,4.865142945594716e-05,0.0074169537398326,0.0461612929489232,0.3129900257536124,0.1526097436672653,LCO,13,19
-416422.67525512073,2.2033241543253643,0.5858226739619876,141796.10913544268,-0.8181381627642992,-3.981861837235712,-0.3010516663683953,0.2778303639683115,2.628567413693689e-05,8.33301370529894e-05,2.6773340974157132e-05,4.0366716017529616e-05,2.346237976461764e-05,0.0926636733776592,1.6250279640223753e-05,4.139119974467688e-05,0.0249576492393348,0.0747074182626312,0.5080226746514861,0.0462182407174873,LFP,13,31
-269932.0866697235,2.102889104956048,0.0361704610524447,100600.4874315773,-0.8582711215428915,-3.94172887845712,-0.4681459756240307,0.3929488033246189,2.4712054091885884e-05,4.5428823794734535e-05,1.449396295904942e-05,5.491577755813398e-05,1.5335227723085853e-05,0.0740664940898121,2.7485008204465075e-06,4.645563534505789e-05,0.0226381945663973,0.1755346497731065,0.1383671922511141,0.1479521823517485,LFP,13,32
-231285.55243145133,2.131778675170426,0.0895421848175841,49098.36027443729,-1.437750866437412,-3.3622491335625995,-0.1974882937481304,0.2909830272193376,1.3144450964646685e-05,4.269340878877991e-05,1.4610737726429144e-05,0.0001110763214333,1.7110166038663518e-05,0.0788951466711356,3.703967433094499e-06,4.447257285303005e-05,0.0216096638409229,0.3233926561733197,0.23748094199837,0.1716381080801798,LFP,13,16
-659692.8032061454,2.7352896927270733,0.0759704912739073,118598.05167611664,-4.672933204554859,-0.1270667954451525,-0.5597025480131865,0.2765255702418698,2.4813902060521617e-05,0.0002414492102688,1.7707964115099928e-05,5.506557675115383e-05,2.390746988482117e-05,0.0802540888279687,1.7613522366215396e-05,4.955258585464023e-05,0.0247513552975803,0.0315593648639036,0.1674260726828805,0.1713120144400293,LCO,12,27
-210260.9721099034,2.169955849994849,0.0082858267215373,271053.5518902738,-4.384648271494889,-0.4153517285051222,-0.5236814957451578,0.2097854457821948,2.5195191529836707e-05,9.15305070947704e-05,8.04802034983481e-05,0.0001411658095409,2.8652536202752107e-05,0.0779189780790232,7.587508914318068e-07,4.903601091299606e-05,0.0202520692065868,0.113541220881605,0.0209266361589579,0.2718506472142793,LFP,12,97
-59564.46387120198,2.2553940729614337,0.0086394965488066,53245.65193195215,-0.5656573899289015,-4.23434261007111,-0.6921167167458899,0.2269499343075854,1.4308968811081864e-05,9.692651491768996e-05,1.0713724849594224e-05,0.0001459109926107,2.4572068093149288e-05,0.0482614317832386,1.808515736051856e-05,2.321072256530149e-05,0.0104430471602713,0.0336518238467964,0.0158878516004922,0.1883436078068214,LCO,13,99
-59201.65297567375,2.123274309548747,0.0105507490768866,74771.09907431528,-0.4280605779738522,-4.371939422026159,-0.8201130216271871,0.2546415149754676,1.5431679766373645e-05,6.768205745335389e-05,1.0774020345304763e-05,0.0001144144662101,2.5727455186402825e-05,0.0899107702059844,6.559609842837911e-07,3.751476148268119e-05,0.0098370422062767,0.0314966809305334,0.0628645526885529,0.0155257447537265,LCO,13,84
-476363.30084773374,2.5650240917560803,0.0749328473528742,103109.12963146195,-0.8799824936300169,-3.9200175063699945,-0.5126205943723597,0.2703009736560338,2.911721800723697e-05,0.0002422552498527,1.4679455780763237e-05,6.843147220693703e-05,2.3913260982284703e-05,0.0684823114727326,1.5618670735918286e-05,4.457306649361636e-05,0.0247554910580696,0.0274993487750111,0.1649897202883141,0.2248903365643151,LCO,13,26
-339460.82976465614,2.4829056596725025,0.0128405185676058,230804.24475451044,-0.4479353412409921,-4.352064658759019,-0.0626175389125215,0.2598310864956669,2.8626637719739128e-05,0.0001482951632376,8.056289881505532e-05,5.113965644899479e-05,1.3877107040120912e-05,0.0832585574894966,6.087244449528947e-06,4.903878096826097e-05,0.0202556262344145,0.1190750949813145,0.4744666900991419,0.273840676007022,LCO,13,84
-182663.3006892863,2.2565131570057027,0.0103101945928637,169989.43664479713,-0.5336856891496211,-4.26631431085039,-0.3004288088138799,0.2361445921919573,2.511097688340812e-05,9.258856357128804e-05,2.674099244120992e-05,5.7197751511814816e-05,2.782872541147717e-05,0.0456685930593146,5.20236765367801e-06,4.425257315052323e-05,0.022242781649836,0.1527899722204275,0.221855847642548,0.2549253713231444,LFP,13,93
-303513.5915241098,2.239353908087081,0.0118192647330894,245580.6614838249,-0.430991635548331,-4.36900836445168,-0.3136411809321688,0.2790557362446584,1.7594239740873652e-05,0.0001508984132046,1.1144745362894803e-05,0.0001471491695783,2.3042544528830545e-05,0.0999920952207796,1.6351919873175258e-05,4.921826636624722e-05,0.0180864271929963,0.0466834773667782,0.119696191076959,0.4499791506240939,LCO,13,83
-416104.6075808205,2.9430554690605657,1.090919107971431,33804.91343877023,-2.4754864605566667,-2.3245135394433447,-0.728646692478836,0.2520041224143446,2.485626936579514e-05,0.0001987791187747,1.4431544971574449e-05,7.170251771816796e-05,2.3945793308724747e-05,0.0900248900904067,1.705994709801157e-05,4.892945184762658e-05,0.0248397581419842,0.0254357231087752,0.1617152492673005,0.0142023351450883,LCO,13,6
-158970.40063887252,2.200712103106604,0.0545969784146115,43972.79817278127,-4.675328514961272,-0.1246714850387391,-0.7129340731267197,0.2335403401953239,1.2342302761607426e-05,0.0001012098974367,1.4567197478088725e-05,0.0001050039452858,2.824313406689677e-05,0.0700359593679866,1.6666051163399542e-05,4.423521150358574e-05,0.0160996066185843,0.024506553854668,0.0217283310253269,0.1708310419932853,LFP,12,26
-423829.0873335413,2.490625278990765,0.0252435591938847,209450.13652310948,-4.329638846282492,-0.4703611537175192,-0.8864584836820101,0.2357878379841181,1.635138406319476e-05,7.826237477875532e-05,2.1402916085967503e-05,6.604587203292431e-05,2.817072274408125e-05,0.0812554516419718,2.1044939043703667e-06,1.0966803362408587e-05,0.0235024549277274,0.0135340385081229,0.010351000817912,0.019656476991955,LCO,12,50
-53818.45376367848,2.3699974335440013,0.0128122118840637,26691.022683945164,-4.16958999274123,-0.6304100072587815,-0.3184681770998726,0.2107303032649931,1.4434551463199684e-05,9.346097063324774e-05,1.4036278177940366e-05,5.4408461329522535e-05,2.9275345300710964e-05,0.0412654498556235,1.5053523285732664e-05,3.0198901165770263e-05,0.0109908746167415,0.0553678889207616,0.0169673098150794,0.5391966241642864,LCO,12,69
-299868.8870156202,2.4446858157334077,0.0117274391524867,165712.00594030015,-0.5484949737941207,-4.251505026205891,-0.0128920542732088,0.2709218926337275,2.972780053865713e-05,0.0001489326144981,2.5747021663945942e-05,6.288612153050966e-05,2.783430394719434e-05,0.047205659058401,5.192806431622983e-06,4.9129632593230006e-05,0.0225882360299648,0.1527996078350874,0.481721747172516,0.2825865907191877,LFP,13,93
-244809.1551273012,2.122910060226308,0.0100134929636853,226753.6840663708,-0.3898349170731308,-4.410165082926881,-0.4800366677082086,0.2461720715202787,1.4284380219686035e-05,5.1325826402883016e-05,1.6252575394806484e-05,7.393811273437206e-05,2.0432600396294605e-05,0.0676115224826873,2.827375181106111e-07,4.394502050758433e-05,0.0216676097224171,0.0173587427749207,0.3300759100606966,0.1025286794561739,LFP,13,80
-81036.70723882396,2.499255995990634,0.0501914409439263,22482.45050347108,-4.695551719510476,-0.1044482804895352,-0.7107931202331523,0.2433054095714855,1.2226494245113868e-05,0.0001130009268842,1.4422028365554489e-05,0.0001253779503547,2.8757053019215414e-05,0.0617699232049581,1.67287031526061e-05,3.9960213809476e-06,0.0124111988849878,0.0254128529559237,0.0250218729571547,0.1687721538537692,LCO,12,25
-402225.8291165469,2.3424605032305004,0.8857720338365628,37688.43227300619,-2.3152485590287384,-2.484751440971273,-0.7992886257288985,0.2547367034857516,1.2281588772614892e-05,6.28032968093928e-05,2.192425937278355e-05,0.0001051582080812,2.8784591411402087e-05,0.0894930227198215,1.66714048287654e-05,4.4449097982233696e-05,0.0243037353558783,0.0144933659989283,0.0216547102388878,0.0945632980332853,LCO,13,7
-412842.92285888514,2.3255791297138053,0.0093485955189481,400736.71563808434,-4.393309579356199,-0.4066904206438124,-0.4044121597496285,0.2093950439537226,2.479512274128027e-05,0.0002450170122068,1.5019241447629373e-05,0.0001412374576636,2.17284998962698e-05,0.076859568987129,6.326950441147324e-07,4.955326292406564e-05,0.0247517986088884,0.1483672318904993,0.0657567453654797,0.3114638629943924,LCO,12,97
-71393.58743855389,2.1782843879215954,0.0154301506429394,64498.70773711122,-0.3414266516372066,-4.458573348362805,-0.512326975411988,0.2494724335485432,2.928617566986705e-05,0.0001060172117855,5.764834714736506e-05,0.000149798360042,2.867196827388832e-05,0.0788450416142513,5.837864925802109e-07,4.149658193184662e-05,0.0114835809153528,0.1120449711182546,0.0189859285184754,0.2866421249512819,LCO,13,66
-72659.55917196552,2.2499694998245663,0.0107878242438705,63479.01457581626,-4.347765715316804,-0.4522342846832075,-0.2220275390398772,0.258075449416601,1.3125043588053825e-05,0.000202507822197,1.7771390793966892e-05,0.0001461884820601,2.8765792018078668e-05,0.0564749830561486,9.64318692286587e-07,4.294918615832176e-05,0.0124238118790409,0.2829384461661151,0.3833066508387329,0.0417273639552747,LFP,12,90
-444454.9586762608,2.371024970403198,0.0108263197190706,359347.0006322226,-0.5631630682790174,-4.236836931720994,-0.2395732753201367,0.2539354195818168,1.4413451750474914e-05,9.45236586061137e-05,2.881416052518396e-05,5.686758220045327e-05,2.781500996779377e-05,0.0906408030372699,1.4519641554114596e-05,2.877323448504877e-05,0.0222421900753079,0.1539651001362831,0.2120127370495773,0.3244488874940028,LFP,13,97
-387846.0269646144,2.357104450397134,0.0215414615641113,244793.91945912127,-4.289925979916603,-0.5100740200834082,-0.7634335785123992,0.2595937275910924,1.4460342122884964e-05,6.402812013236601e-05,1.063579472867057e-05,5.962621951160387e-05,2.813494560662656e-05,0.0826174910047536,2.686899769472702e-06,1.0689798072764692e-05,0.0247667620686498,0.0691801423191906,0.0845942699462444,0.0127920092221657,LCO,12,55
-264192.2109504024,2.1639935840450635,0.0089278424621125,433480.075033608,-0.5503850050075982,-4.249614994992413,-0.7866532222927596,0.2167099899700476,2.8573870956712776e-05,8.139549158200747e-05,3.6625206977583926e-05,0.0001410899629131,1.3649407513601408e-05,0.0717527911917293,5.954075495887565e-07,4.470624374953404e-05,0.0244354043292731,0.0958895155777489,0.0159996515423278,0.0314576105871636,LFP,13,98
-174047.88580077133,2.184392186498628,0.0259028040481829,74469.18095836329,-4.301357999075435,-0.4986420009245762,-0.6485369701403505,0.2492367674081416,2.815070209650823e-05,6.448099135819766e-05,1.8360378667862813e-05,5.9713994287450126e-05,2.827532499420283e-05,0.0845991233154189,3.0222689389740765e-06,4.890966688205304e-05,0.0141496294760416,0.0288481372148984,0.2026021391136636,0.0500127535310874,LFP,12,55
-208862.8836641042,2.306259598650283,0.0524063803379188,60858.86389481955,-0.9162088374832892,-3.8837911625167214,-0.7372897580500797,0.2713414482746674,1.9512600459535205e-05,0.0001497761837612,3.077700245372886e-05,0.0001222685832096,2.764069931640705e-05,0.0458306370603941,4.872990147288149e-06,4.422714661840972e-05,0.0227023430988655,0.0515915561508212,0.0235697856360328,0.1175489001630662,LFP,13,25
-52587.8693879843,2.1676053046479025,0.0086394965488066,76164.95169955872,-0.5688215825184244,-4.231178417481587,-0.4370919213513399,0.2271582523564481,1.529920908117493e-05,9.63852321919861e-05,1.0576264976325504e-05,0.0001493554565572,2.7810999308884892e-05,0.0719548569597439,1.5009283881602692e-05,3.720204538812861e-05,0.0106691829641628,0.0194642347267574,0.0158968398217897,0.4575470041001129,LCO,13,100
-243895.18465223853,2.534969421952871,0.0114080257474175,146622.71528859384,-4.34958005655924,-0.4504199434407709,-0.3282621451665934,0.2567905874973224,1.2746794776865404e-05,0.000239233407634,1.871594914012568e-05,5.923670843665167e-05,2.7306789189472696e-05,0.0847554549903304,2.781858135025176e-06,4.871744000731536e-05,0.015164280741491,0.027519406314866,0.4644335452726877,0.1097849032458527,LFP,12,90
-42439.44393464697,2.081591848599237,0.0066807854070579,49215.77395541342,-4.392861230271066,-0.4071387697289452,-0.6205101147314739,0.2577876656524894,1.270371218906742e-05,4.295387696136658e-05,1.322855364162576e-05,5.910345174374143e-05,2.7811685776175516e-05,0.0853541681934263,1.9760633979440147e-05,4.9084204193310616e-05,0.0085832602447267,0.0277265897205466,0.1792027246707893,0.1025605708771901,LCO,12,95
-555386.3613932971,2.634703775181934,0.0480477488916312,248213.16092470352,-4.327615877457703,-0.4723841225423086,-0.0980472246950806,0.6400111140613678,1.5312903655884894e-05,0.0002492772434985,1.5305610597921457e-05,6.686365350667824e-05,2.709885084604189e-05,0.0877873804628874,1.8630285308800612e-05,3.763293472182195e-05,0.023107200528763,0.0716935985565283,0.1894235657503891,0.570835610998002,LCO,12,69
-539205.7073041251,2.560528561231344,0.0123711201729479,334726.82713028113,-4.329128140590655,-0.4708718594093568,-0.6267929184140901,0.2812168440824034,1.2269671227381235e-05,0.0002003333442086,1.1326877443696909e-05,5.9794346317068586e-05,2.7813768903371836e-05,0.0918624751800454,1.903806197464657e-05,1.4586121760248506e-05,0.0211557123018654,0.027824571376417,0.1423662401098181,0.1330162700996747,LCO,12,88
-28310.74104733738,2.0888514513394014,0.0070805145972412,23597.16313103686,-0.4394570016314532,-4.360542998368558,-0.7950575961574058,0.2565005314849234,1.200081582707947e-05,4.273398461564888e-05,1.3134372422162154e-05,5.857047316124045e-05,2.7659824795835797e-05,0.0417023279248611,1.978906221668159e-05,3.344694203229224e-05,0.0083918670756524,0.0284039940580005,0.0566810451555789,0.0498573646290148,LFP,13,85
-562323.2734553562,2.5225188616258256,0.0114687323391111,378724.808776272,-0.4656859527111763,-4.334314047288835,-0.6440625262907275,0.252999555767082,1.2741057664543144e-05,0.0002404305615935,1.412208357085854e-05,5.57566745753363e-05,2.730443620786064e-05,0.0845768650717342,1.4736307675666565e-05,4.871803213834125e-05,0.0224780781455142,0.1562158690583887,0.1178661411075373,0.0118554635433465,LFP,13,87
-35949.20730701719,2.2170851000484464,0.0089529731145958,48742.93485027276,-0.5733027179690993,-4.226697282030912,-0.3460579605316404,0.2269029061640605,1.2598599493238013e-05,4.949437204368804e-05,1.2319013327522844e-05,0.0001459060798261,2.261446025449407e-05,0.0605021981218995,6.7085988040969e-06,2.3051362319626822e-05,0.0095723184867539,0.0156232333106763,0.5236772655863006,0.0446415405713827,LCO,13,99
-146255.70815862063,2.7591788715418,3.695732317526293,14090.374992350737,-2.8034969348873275,-1.996503065112684,-0.5742746999876588,0.2433208512106996,2.4146735403495155e-05,8.138606949152146e-05,3.665049718561837e-05,0.0001182919675909,2.464705619681249e-05,0.0617686818923956,5.900641291944892e-07,4.5168673078233054e-05,0.0245391938872837,0.0963522270266016,0.0250272996067892,0.2343457733789503,LCO,13,4
-352125.2844681782,2.120981235274834,0.0332125418742986,209991.2202055178,-0.6333374694397946,-4.166662530560217,-0.6828460957424658,0.3301328790327223,1.7928424844337954e-05,6.725635933851106e-05,1.314075662588345e-05,0.0001069200588804,1.2105272830665144e-05,0.0849100338471384,1.4168993041373772e-05,4.287765768339513e-05,0.0234200774702008,0.0947707390283756,0.0834415619167111,0.0689416033124473,LFP,13,45
-214540.07226952125,2.0832100881485887,0.027616521204262,232552.9161134252,-0.4497729879582408,-4.3502270120417705,-0.2536781986821758,0.5045425201145504,2.8379403777032772e-05,4.404913641081168e-05,5.736561557956709e-05,0.0001230166380098,2.9650510066598837e-05,0.0654097627554898,1.6164571172322526e-05,3.9372045767134144e-05,0.0239446169353023,0.0462186577998274,0.4196568986644354,0.2104462448535613,LFP,13,76
-9497.167788025165,2.2124888557610864,0.0128891688983695,5561.525212331573,-0.3236449468784883,-4.476355053121523,-0.8192937804560845,0.2257397402536358,1.2519859554869318e-05,4.8937550049495056e-05,1.2895480531521297e-05,0.0001461733281742,2.970824628252325e-05,0.0461808869138721,1.986295806494643e-05,1.955018144252885e-05,0.0042007000911559,0.023409607303102,0.0103151581551948,0.0769814540856186,LCO,13,66
-83485.20583439131,2.468245490763608,0.0092973994634412,98262.15352766289,-4.395340699283615,-0.4046593007163963,-0.6184052057254597,0.2023811090699408,1.270072837640819e-05,0.0001159360378627,1.010657607909012e-05,5.8951260609093305e-05,2.788456657696487e-05,0.0973429480994103,2.1988686469756644e-06,2.0220396528792304e-05,0.0107965908787504,0.0303165741873802,0.1791978776468257,0.1020803424403344,LCO,12,98
-634166.5077277248,2.5691725830894248,0.0694027168223827,286548.4847061569,-4.448982473874054,-0.3510175261259576,-0.6408401018982162,0.803678333827459,1.5344854917284488e-05,0.0002001219102244,1.5364054743892183e-05,6.955186164307071e-05,2.6971442255190623e-05,0.0938084651887591,1.8444373938088588e-05,3.777835741172707e-05,0.023157164919203,0.0919783676499494,0.1218114547342394,0.0753700757175949,LCO,12,61
-3692.0363578240335,2.4982939759257303,0.0067658730158265,3768.7400032674686,-0.3921394441860357,-4.407860555813976,-0.2370140397244543,0.2995810106021953,2.456943275237593e-05,4.335032392852331e-05,9.855407329771218e-05,8.70904877207636e-05,2.672989248666076e-05,0.0416841111003966,1.1727209482056257e-06,7.87254690094328e-07,0.0040831965779742,0.5217241005467449,0.0907608978922308,0.0805009618365699,LCO,13,65
-302146.20942747267,2.11689522040278,0.0113898113682758,284782.68272199575,-4.34573309187838,-0.4542669081216317,-0.2517095769172688,0.25687993848283,1.2725698280449196e-05,5.293849389637269e-05,1.864405273968829e-05,5.649001180121992e-05,2.72983546084459e-05,0.0851027314712947,2.71123907573557e-06,4.424926239072362e-05,0.0224502210515516,0.2050038806501722,0.2101121206971835,0.2631744217353754,LFP,12,90
-3557.486568000032,2.1618015255136984,0.0197496130442979,2832.884921619593,-0.5204301458985512,-4.27956985410146,-0.1299249080625782,0.2559084917251587,2.4595957006132185e-05,4.3557244100680326e-05,6.78095500463855e-05,0.000129424248114,2.661689935372129e-05,0.0400986828432939,5.264142989450756e-06,1.5374934334410387e-05,0.0040682494794176,0.5926632285393623,0.1098849673912422,0.0975268960068173,LCO,13,53
-498588.69906242937,2.72403716719825,0.0367730678631235,80951.08308217686,-0.8588997830412524,-3.941100216958759,-0.1685776748420393,0.2505516763977949,2.4563442314045964e-05,0.000175552509054,2.806600334586608e-05,4.328556459478164e-05,2.5448879844254112e-05,0.0757292933040744,1.981855335273568e-05,2.8616853004181055e-05,0.0215830516792336,0.1218610356761532,0.5862526757047142,0.0533086137770933,LCO,13,28
-641162.1281900818,2.809456460318658,0.6251608012744664,109451.5734897591,-1.0845125405527725,-3.715487459447239,-0.1971830685790098,0.3995889454933697,1.81801782313966e-05,0.0001904894707693,1.719253405016304e-05,4.0573375786614e-05,2.8872748982813813e-05,0.0958237971240664,1.8488169806647587e-05,1.6226191639678946e-05,0.0239919719487041,0.1220415268674112,0.5923890757356165,0.0183863288179624,LFP,13,24
-3461.156868511634,2.2558881500467303,0.0055313543963976,4198.472302817659,-0.3586214288798928,-4.441378571120119,-0.2362634340535032,0.2173976872512937,2.4569770012980307e-05,4.335491257273133e-05,9.88031962621256e-05,4.068456402870749e-05,2.6732801456839507e-05,0.0477721629013892,1.2475030543513732e-06,1.386470349147338e-05,0.004081746347624,0.5202298370774365,0.0908817952200135,0.0826249336490466,LCO,13,65
-305512.99921703606,2.2670178963061587,0.0126449119711038,201709.24718790213,-4.330533796006044,-0.4694662039939672,-0.0767625745798311,0.2513146031539637,1.5003570317074998e-05,8.244404607065929e-05,1.8146927071274026e-05,5.742633257824891e-05,2.5484432647636272e-05,0.0952874006667447,3.909967907084077e-06,4.846185065506921e-05,0.0184357533855905,0.0323182381189816,0.241142605667554,0.5797765816336333,LCO,12,88
-3461.156868511634,2.388987828920229,0.0282731430588809,2181.253808870445,-0.7123453968055813,-4.08765460319443,-0.0921685104088586,0.2416251810403328,2.6483631054551785e-05,4.054425315838097e-05,9.550795093210548e-05,4.307886872105101e-05,2.6545751325596783e-05,0.0410879136115248,1.3871192891973284e-06,6.911677868032423e-06,0.0042843901063994,0.5412420043504745,0.1697940963700085,0.1267953888706583,LCO,13,38
-457698.64715965895,2.520800636075653,0.0790996761906406,124143.03526655072,-0.971419358483466,-3.828580641516545,-0.8130454503195672,0.251350829403919,1.8599308449693426e-05,0.0002259500365386,1.31520236751403e-05,0.0001091811437782,1.2102220058742188e-05,0.0894503856781207,1.390157620631957e-05,4.27587407740742e-05,0.0234171067570771,0.0152823709976859,0.0894743780808407,0.0121978006019061,LFP,13,23
-3265.534454116278,2.6214212193756867,0.0731612166469898,1651.881626149507,-0.8252607786910318,-3.97473922130898,-0.1143034340132451,0.2625260220656613,2.373581850960808e-05,4.045485638714828e-05,6.761550541181816e-05,7.254317395469252e-05,2.6512203876099257e-05,0.0410916682356148,8.162531797681164e-07,2.9172022333943283e-06,0.0040901354486302,0.5167831898338714,0.170943797818708,0.1279695783341754,LCO,13,31
-512662.54540498665,2.5990754326355687,0.0532704072072697,90552.00853936213,-0.8134615290394152,-3.986538470960596,-0.0533554728296163,0.2331279815459243,1.5719218369373565e-05,0.0002162483869548,1.12090291793033e-05,8.406450156174927e-05,2.5928191155904e-05,0.0827868464954795,1.585121069323653e-05,4.940641555518551e-05,0.0216673545485844,0.0105352776516607,0.5780617029092611,0.2880475466094617,LCO,13,29
-3417.649504908031,2.5087007443983844,0.0106443094591024,3509.9583719457,-0.3838690633237149,-4.416130936676296,-0.1516590941211407,0.2172973614902671,2.746428747225641e-05,4.044713228130536e-05,8.591574475676762e-05,0.0001352744012125,2.658173157778352e-05,0.0416873127582029,4.489884640376348e-06,2.394550698052563e-06,0.0040903783022536,0.4881381591601043,0.1115540507689492,0.1786486959498058,LCO,13,62
-413787.8715240914,2.5247100666631765,0.040430594526074,90355.59705599594,-0.8137161877128563,-3.986283812287155,-0.048981404984307,0.2335348295642752,1.600774933223666e-05,0.0001561853132738,3.57286620260558e-05,0.0001035265319746,2.616065330357601e-05,0.0827532859054339,1.842802216456897e-05,1.9064098012836903e-05,0.0216686777090276,0.0100145000132358,0.5780618763152491,0.2929422186872081,LCO,13,29
-421623.3376670783,2.492186063406605,0.0418676161215411,75467.43367046752,-0.8255124137826186,-3.9744875862173927,-0.1848853541199172,0.2096332270382748,2.833136966461176e-05,0.0001367788248977,1.6002879692516484e-05,4.690295183641488e-05,2.7852683641626508e-05,0.0754621703453635,1.733941175726544e-05,4.122450251675133e-05,0.0210752201873528,0.1122560470316019,0.5957879761476665,0.0370706227008144,LFP,13,29
-478973.24509144726,2.627098558352309,0.068285785309629,75504.67743405463,-0.9833291499814294,-3.816670850018582,-0.2448954433382265,0.2335744281380428,1.85805907025701e-05,0.0001559931340814,4.206604517361928e-05,4.188375587909386e-05,2.6150646097475185e-05,0.0826820202083197,1.921473772326533e-05,4.286778731661308e-05,0.0216771327460443,0.0107159322985037,0.3435433739199502,0.3308452504433194,LFP,13,23
-3707.09583636861,2.0625056645406925,0.0105147378386768,4455.964959083778,-4.221026325622852,-0.5789736743771599,-0.109735968167241,0.2103477952998546,2.9483236579050084e-05,4.051660393698655e-05,9.91716722204705e-05,0.0001461830571311,2.9814500473895497e-05,0.04138832837417,1.2009134871963576e-06,4.720202925261313e-05,0.0043024098141646,0.5707512004327331,0.077276107238348,0.1722367241616779,LCO,12,79
-3908.593757344762,2.058740977793048,0.0121664723024295,5690.368415213264,-4.344156148853223,-0.4558438511467884,-0.1832099181198494,0.2481398987536921,2.5113490277926315e-05,4.494123022389484e-05,6.71719854397014e-05,0.0001336269929978,2.534865525405513e-05,0.0516818883107963,9.379776989987905e-06,4.488377477866082e-05,0.0040079365713859,0.5978708144182708,0.1126909282159424,0.0362283392459374,LCO,12,90
-404518.0095918924,2.212992039442405,0.596347805205112,106105.535420094,-0.9299075376207356,-3.870092462379276,-0.2580487772851234,0.4096073461085995,2.3322977406333588e-05,6.759948109328412e-05,1.5948593213719802e-05,4.089431999374738e-05,2.6495686650905768e-05,0.097918425966246,1.5856835549102447e-05,2.6966840877282635e-05,0.0221477430713256,0.1053664114260453,0.5290730209619778,0.0375117903268535,LCO,13,29
-3814.073487801423,2.058740977793048,0.0089691408383699,6601.235911209085,-4.390928663149715,-0.409071336850296,-0.1609338880326628,0.2047280555518811,2.4556693557238425e-05,4.566976187650456e-05,6.677573919185631e-05,0.0001226149445836,2.4735593690964252e-05,0.0517007598006554,2.7147680793220294e-06,4.512440691067393e-05,0.0041362531047351,0.565667468253893,0.120639202956653,0.0827594407567911,LCO,12,99
-3390.348164364352,2.0695525964507104,0.0105147378386768,3807.181117190651,-4.222303182587154,-0.5776968174128569,-0.0823992559519143,0.2115772318623474,2.9589427677458254e-05,4.665603193332776e-05,9.934135219773446e-05,8.46468539927939e-05,2.9153452821159333e-05,0.041725173259296,3.3273177460330666e-06,4.726462809235143e-05,0.0040246254184143,0.5721902488288868,0.102811888252813,0.1725986069663858,LCO,12,79
-3801.616105911949,2.0614763806688394,0.0140895887939506,4286.400361983927,-0.4303997746874444,-4.369600225312567,-0.0468542500473785,0.3005001197298672,2.894986459225093e-05,4.234133968972226e-05,9.768716680606926e-05,0.0001452705409731,2.660415238493552e-05,0.0412055568706071,8.999471485493303e-06,3.9825538888829765e-05,0.0040250309509693,0.5947054063819583,0.0449687895759441,0.243471553994719,LCO,13,82
-3444.0954297729245,2.0859062358952003,0.0193831716411356,2821.7815283029304,-0.5423116021957028,-4.2576883978043085,-0.1287865207564614,0.2014028672407455,2.290358705348965e-05,4.944128560663125e-05,7.246250170935193e-05,0.0001496266887084,2.5091474742808847e-05,0.042172984595474,1.6572147627701867e-06,3.4818609561281324e-05,0.0040755015090355,0.5125765471012067,0.1126145270122036,0.1760224051301282,LCO,13,49
-579558.243496978,2.720948141889013,0.0471338546028547,99635.35355359448,-0.8994704138244742,-3.900529586175537,-0.2011524610140866,0.2150824711654385,1.972964028785592e-05,0.000189006602059,1.5910058953495225e-05,4.697169759339571e-05,2.5824772684723288e-05,0.0962090160709653,1.5618166168033657e-05,2.1576434643605092e-05,0.0219063359310979,0.1045825357743451,0.5737611790949614,0.0505038241166067,LFP,13,26
-3257.465201251646,2.195020199238789,0.0029320883560264,4993.168964019304,-4.288594929170195,-0.5114050708298166,-0.2359667157190358,0.2024968759459459,2.457502904516477e-05,4.168690217548164e-05,5.396455388017798e-05,5.3157780894526674e-05,2.758439360591917e-05,0.0478126075379325,1.2580772735326837e-06,1.752238105597983e-05,0.0040935661195136,0.5205477580866049,0.0908528837285005,0.0826326424658587,LCO,12,86
-535846.4071926408,2.5933975619346428,0.0483907214679198,93764.83118852093,-0.8217737913990106,-3.9782262086010007,-0.2517678538599175,0.2156513809067078,1.960564616575931e-05,0.0001888131767977,1.78899592894027e-05,4.694710474133928e-05,2.733302143721644e-05,0.0701383547280933,1.7753047095088996e-05,4.122454826869921e-05,0.0233464911459848,0.0844296674204039,0.5435189232365758,0.0502835554831028,LFP,13,29
-3707.09583636861,2.0655969212600125,0.0090203899454264,4130.197255997444,-4.257055093427944,-0.5429449065720675,-0.1727606809701157,0.2093434936305435,2.9857245420439944e-05,4.032208513446035e-05,9.93455268493946e-05,0.0001269171075468,2.9259860095776768e-05,0.0410396294798568,3.1631376185596907e-06,3.980734867569439e-05,0.0040244440373371,0.5713897805237923,0.0441227641485614,0.1417267743575306,LCO,12,83
-3908.593757344762,2.058740977793048,0.0105850992937205,6382.6321393854405,-4.39183880936141,-0.4081611906386015,-0.2431611925434524,0.2125143966437428,2.4357106414716696e-05,4.4602660978336345e-05,6.66015361284491e-05,0.0001218421334556,2.473037812121369e-05,0.0517093609128215,9.428590620780627e-06,4.48822919045138e-05,0.0040054901655174,0.5438091866872333,0.1091274244317866,0.0339021963375275,LCO,12,99
-451668.7015233264,2.6974461268120637,0.0387816198166268,95804.96089559435,-0.8278339137372015,-3.97216608626281,-0.4929049555753788,0.2524247821660007,1.2229050012127568e-05,0.0002123151068868,3.365241883193373e-05,4.682541448452789e-05,1.6750782187323972e-05,0.0759163782311961,1.5404377073536827e-05,2.4589899721673837e-05,0.0210569439489126,0.1286926194922182,0.2467251558813231,0.0616772690510799,LFP,13,29
-579978.2518243812,2.779919412702068,0.0685275031961887,78309.19728563551,-0.8844010119708656,-3.9155989880291457,-0.2016786220203933,0.2147897231270432,2.67489628699408e-05,0.000189191809419,1.5858450883118716e-05,4.326550494514505e-05,2.5419917541037535e-05,0.0753416474145089,1.3668307433629022e-05,2.1538251212204667e-05,0.022039805973241,0.1041955216970396,0.5736488335132416,0.0504770227693253,LCO,13,26
-3873.6510088494806,2.058938041502232,0.0105850992937205,5343.856595694589,-0.5367662335650607,-4.263233766434951,-0.2966999078797856,0.2145256843179479,2.53414943548997e-05,4.46606711445895e-05,5.735278174155816e-05,0.0001098939299713,2.445734155773405e-05,0.0413449347366144,1.0841243835485516e-05,4.516690330538254e-05,0.0040290344904349,0.5142626436490383,0.1028069081524269,0.0162305403187492,LCO,13,94
-3801.616105911949,2.5087007443983844,0.0108352058873107,3550.2375935245063,-0.3849346217869893,-4.415065378213022,-0.1464402610407524,0.2171922786935617,2.6773351147272862e-05,4.235016651790554e-05,9.739534467595486e-05,0.000130664817647,2.658111679422277e-05,0.0419140830191778,9.10125137630763e-06,1.8859738046689757e-06,0.0040945259557354,0.5618344839746503,0.0433466477949276,0.1783786071896697,LCO,13,62
-499343.8819408408,2.52404101428933,0.0397803157699945,107107.44606479752,-0.7758255502260027,-4.024174449774009,-0.4956122097699009,0.2336178723716836,1.296991868900872e-05,0.0001803098807709,1.0705968321675012e-05,7.475998538410341e-05,2.785855089450424e-05,0.0825676147293535,1.858131544724078e-05,4.4818104297325886e-05,0.0216674868210961,0.0135617094312869,0.0735703657773781,0.3472557150214341,LCO,13,29
-3670.3076520029817,2.054179246016475,0.0087856035724601,4805.237926760309,-0.5390433684651939,-4.2609566315348175,-0.163384426431054,0.2145276022595555,2.977864852376816e-05,4.373829829567404e-05,5.408375019345548e-05,7.26278160642137e-05,2.915835291741025e-05,0.041344741701571,1.1069292684344084e-05,4.7286422437988826e-05,0.0040290897217723,0.4883854465889613,0.1028068782817843,0.1754232486982003,LCO,13,94
-72022.28706250133,2.2376856932933595,0.0167814209184135,30530.212621272676,-4.181340922464663,-0.618659077535348,-0.0738069627379927,0.2137584905477786,1.4568802270701253e-05,6.753553872570673e-05,1.4119637412084802e-05,5.459170448192986e-05,2.6872821147116178e-05,0.0517524170132816,1.9803610625344224e-05,3.1274619519398346e-05,0.0111089524298474,0.0556918327757598,0.2559751142996561,0.5445260901865914,LCO,12,69
-547937.6407083252,2.3300423677117483,0.0316848440655582,122142.60931918412,-0.7809694214940777,-4.019030578505934,-0.5150790480621064,0.2425754325550782,1.7733636743627562e-05,0.0001035043385742,1.061135029765032e-05,7.552332170294656e-05,2.7863693979570523e-05,0.082572548484345,1.6107979163820114e-06,4.435501130049336e-05,0.0236757348566731,0.0115898059158106,0.0734296068443388,0.3299015391777442,LCO,13,29
-3548.3747276621884,2.5087007443983844,0.01077605151465,3436.866943949702,-0.3889087834188416,-4.41109121658117,-0.0757956811824659,0.2172994677469617,2.678264063116552e-05,4.23997612016819e-05,9.73469947434094e-05,0.0001305190173145,2.658173418266264e-05,0.0416862822742013,1.1291326373777633e-05,2.397116887872369e-06,0.0040963909953211,0.5637509655111632,0.1121959259004921,0.1782574274058787,LCO,13,62
-3824.283028791296,2.1665641177775945,0.037061396991751,2019.9100934848964,-4.542411096363068,-0.2575889036369432,-0.1509128803690317,0.2015706794593056,2.7373766172341263e-05,5.366753411602618e-05,7.23853472211989e-05,0.0001490910799239,2.505395788715162e-05,0.0410140474058667,1.6605684533292333e-06,4.724819937306197e-05,0.0043079306277714,0.4901829144086705,0.1128749910059859,0.1760292142163118,LCO,12,35
-515513.9722603664,2.2868661155456307,0.0502956147837941,150681.99630534154,-0.8293698468703425,-3.970630153129669,-0.5938862557962676,0.2598185911778165,1.462991453957973e-05,0.0001034860670022,3.532104114377031e-05,4.364727141135596e-05,2.705484240910336e-05,0.0979125411182983,1.5382114866298608e-06,4.443871073733391e-05,0.023735201598378,0.2075025252485227,0.0744235891973085,0.054187629757901,LFP,13,29
-3168.9926839707664,2.397675058708588,0.0224503631990711,2569.8986514876915,-0.6036971180212163,-4.196302881978795,-0.0208868330011348,0.2044735418332237,2.3216678039060905e-05,4.172103095948462e-05,9.482931477903682e-05,0.0001225096159042,2.745815763312563e-05,0.0429097073653741,2.7144555477998505e-06,1.823648140784533e-05,0.0041364823268495,0.5670342898345384,0.1206406965493953,0.2214381806149315,LCO,13,45
-509843.4137752928,2.241975218570471,0.0252408711943251,312575.43397934106,-0.4662648505204814,-4.33373514947953,-0.1069083014415094,0.4874862671585859,2.801599122449876e-05,9.53139719286644e-05,2.284474792199329e-05,8.268304476975477e-05,2.9539680967711107e-05,0.0911968251043501,1.0650548954461152e-05,3.9199364665293766e-05,0.0239941265431905,0.0496775305277991,0.5379050128718867,0.2355091551588047,LFP,13,79
-3453.8544581188494,2.0623992071460004,0.0099835037396435,4251.925781811559,-4.30450674185164,-0.4954932581483717,-0.0681929685387389,0.2102849520960874,2.673821153965583e-05,4.327520752723588e-05,9.919676119989088e-05,0.0001296568617921,2.6568737085883167e-05,0.0418248109651102,1.027673900684534e-06,4.7456381679367664e-05,0.0040003813372791,0.5635237740885527,0.1288662768987983,0.16941698047391,LCO,12,87
-558692.3363490071,2.558623608830899,0.0357363719562062,110726.83073397903,-0.7972880654866259,-4.0027119345133855,-0.3184151668056848,0.2147811939583462,2.1563049527637257e-05,0.0001770219546085,1.983865803586033e-05,5.047176778252893e-05,2.581545647453676e-05,0.0983917446116994,1.558982975606691e-05,3.394242124020852e-05,0.0211936595810361,0.0122588834380101,0.5593649496418077,0.0399610001144973,LCO,13,29
